1	2	33	9	3.605	-3	0.000132147
2	3	32	6	34.5	-3	0.000409661
3	4	27	8	0.996395	-3	1.72011e-05
4	5	26	8	0.996195	-3	-0.00202125
5	6	7	3	0.005	-3	-0.000737327
6	0	0	0	0	-1	-0.0119173
7	8	25	6	28.5	-3	0.000270311
8	9	16	1	7.65	-3	0.0013134
9	10	11	2	0.495	-3	0.00442728
10	0	0	0	0	-1	0.0133877
11	12	13	3	0.085	-3	-0.000971956
12	0	0	0	0	-1	0.00514071
13	14	15	11	11	-3	-0.0081034
14	0	0	0	0	-1	-0.000371691
15	0	0	0	0	-1	-0.0167447
16	17	24	7	32	-3	-0.00310973
17	18	19	10	0.515	-3	0.000405555
18	0	0	0	0	-1	-0.0130133
19	20	21	3	0.395	-3	0.00383164
20	0	0	0	0	-1	0.0133238
21	22	23	4	2.05	-3	-0.00206005
22	0	0	0	0	-1	-0.0138819
23	0	0	0	0	-1	0.00416197
24	0	0	0	0	-1	-0.0102615
25	0	0	0	0	-1	-0.0108385
26	0	0	0	0	-1	-0.00926828
27	28	29	8	0.99649	-3	0.00147882
28	0	0	0	0	-1	0.0198501
29	30	31	4	2.75	-3	0.000745807
30	0	0	0	0	-1	0.00239093
31	0	0	0	0	-1	-0.00319971
32	0	0	0	0	-1	0.00542755
33	0	0	0	0	-1	-0.00780271
