1	2	11	9	3.285	-3	-0.000237741
2	3	8	4	2.025	-3	-0.00162058
3	4	7	7	20.5	-3	-0.00322883
4	5	6	9	3.205	-3	-0.00699498
5	0	0	0	0	-1	-0.0112133
6	0	0	0	0	-1	-0.000829797
7	0	0	0	0	-1	-0.00196024
8	9	10	3	0.675	-3	-0.000657145
9	0	0	0	0	-1	-0.000230898
10	0	0	0	0	-1	-0.00776126
11	12	23	7	50	-3	0.000781352
12	13	14	6	3.5	-3	0.0017066
13	0	0	0	0	-1	-0.00508478
14	15	16	5	0.051	-3	0.00206155
15	0	0	0	0	-1	0.00967724
16	17	22	2	0.8325	-3	0.00172923
17	18	21	4	2.85	-3	0.00137305
18	19	20	6	8.5	-3	0.0018688
19	0	0	0	0	-1	-0.000522779
20	0	0	0	0	-1	0.00300405
21	0	0	0	0	-1	-0.00343994
22	0	0	0	0	-1	0.0068147
23	24	29	10	0.695	-3	-0.000987157
24	25	28	2	0.7775	-3	0.000352009
25	26	27	4	2.35	-3	0.00122345
26	0	0	0	0	-1	0.0031396
27	0	0	0	0	-1	-0.00234271
28	0	0	0	0	-1	-0.00655248
29	30	33	5	0.0875	-3	-0.00468581
30	31	32	1	7.15	-3	-0.00701587
31	0	0	0	0	-1	-0.00117193
32	0	0	0	0	-1	-0.0128598
33	0	0	0	0	-1	0.00113937
