1	2	33	2	0.8325	-3	-0.000364017
2	3	20	1	8.15	-3	-0.000686262
3	4	13	5	0.0625	-3	-0.00175682
4	5	6	11	10.1	-3	0.00257779
5	0	0	0	0	-1	0.0117524
6	7	12	3	0.315	-3	0.00070889
7	8	11	1	6.35	-3	0.00387015
8	9	10	3	0.06	-3	-0.00129469
9	0	0	0	0	-1	0.00513416
10	0	0	0	0	-1	-0.00836643
11	0	0	0	0	-1	0.00929324
12	0	0	0	0	-1	-0.00926125
13	14	19	7	35.5	-3	-0.00257349
14	15	16	9	3.235	-3	-0.0046902
15	0	0	0	0	-1	0.00702291
16	17	18	1	7.75	-3	-0.00588136
17	0	0	0	0	-1	-0.00418957
18	0	0	0	0	-1	-0.0174984
19	0	0	0	0	-1	-0.00129361
20	21	22	5	0.057	-3	0.000589694
21	0	0	0	0	-1	-0.00864109
22	23	28	4	1.95	-3	0.000923336
23	24	27	10	0.695	-3	0.00458875
24	25	26	4	1.75	-3	0.0108317
25	0	0	0	0	-1	0.00412973
26	0	0	0	0	-1	0.0192092
27	0	0	0	0	-1	-9.3467e-05
28	29	32	2	0.405	-3	6.48945e-05
29	30	31	2	0.285	-3	0.00285772
30	0	0	0	0	-1	-0.00309724
31	0	0	0	0	-1	0.00486953
32	0	0	0	0	-1	-0.00156152
33	0	0	0	0	-1	0.00503538
