1	2	33	2	0.97	-3	0.000175494
2	3	4	7	9.5	-3	0.000583633
3	0	0	0	0	-1	-0.020057
4	5	6	11	9.05	-3	0.000930311
5	0	0	0	0	-1	-0.0168945
6	7	8	10	0.435	-3	0.00128258
7	0	0	0	0	-1	0.0227023
8	9	12	5	0.0575	-3	0.000996603
9	10	11	8	0.99512	-3	-0.00833174
10	0	0	0	0	-1	0.00112378
11	0	0	0	0	-1	-0.0359103
12	13	24	8	0.99567	-3	0.00162115
13	14	21	8	0.99548	-3	0.00728044
14	15	20	10	0.775	-3	0.00409549
15	16	17	2	0.395	-3	0.00764754
16	0	0	0	0	-1	-0.00539356
17	18	19	2	0.445	-3	0.0123423
18	0	0	0	0	-1	0.0401152
19	0	0	0	0	-1	0.00705226
20	0	0	0	0	-1	-0.01402
21	22	23	2	0.475	-3	0.0216717
22	0	0	0	0	-1	0.0442125
23	0	0	0	0	-1	0.000740926
24	25	32	2	0.8425	-3	9.63144e-05
25	26	27	6	3.5	-3	0.000558516
26	0	0	0	0	-1	0.0308864
27	28	31	1	6.75	-3	-1.15572e-05
28	29	30	10	0.59	-3	-0.0126686
29	0	0	0	0	-1	0.00511592
30	0	0	0	0	-1	-0.0235369
31	0	0	0	0	-1	0.000718171
32	0	0	0	0	-1	-0.0226776
33	0	0	0	0	-1	-0.0265916
