1	2	9	5	0.0675	-3	-0.00234117
2	3	8	7	75.5	-3	-0.0112145
3	4	5	2	0.495	-3	-0.0134871
4	0	0	0	0	-1	-0.0210388
5	6	7	8	0.996295	-3	-0.00465735
6	0	0	0	0	-1	0.00282997
7	0	0	0	0	-1	-0.025798
8	0	0	0	0	-1	0.0154886
9	10	11	4	1.65	-3	-0.00023959
10	0	0	0	0	-1	-0.0190371
11	12	33	5	0.209	-3	0.00106752
12	13	30	5	0.0955	-3	0.000202714
13	14	25	11	11.45	-3	0.00246653
14	15	22	9	3.515	-3	0.000336641
15	16	21	9	3.475	-3	-0.00107568
16	17	20	8	0.998065	-3	8.32984e-05
17	18	19	11	9.25	-3	-0.00329186
18	0	0	0	0	-1	-0.0307143
19	0	0	0	0	-1	-0.00134944
20	0	0	0	0	-1	0.00858737
21	0	0	0	0	-1	-0.0270803
22	23	24	6	15.5	-3	0.0150483
23	0	0	0	0	-1	-0.00155659
24	0	0	0	0	-1	0.0358045
25	26	27	7	15	-3	0.0193008
26	0	0	0	0	-1	0.046376
27	28	29	4	2.575	-3	0.0128544
28	0	0	0	0	-1	0.00134466
29	0	0	0	0	-1	0.0416287
30	31	32	6	5.5	-3	-0.00853184
31	0	0	0	0	-1	-0.0314542
32	0	0	0	0	-1	-0.00394738
33	0	0	0	0	-1	0.0250763
