1	2	19	8	0.997015	-3	-0.000184228
2	3	6	8	0.996125	-3	0.000780396
3	4	5	8	0.996055	-3	-0.000479579
4	0	0	0	0	-1	-2.5257e-05
5	0	0	0	0	-1	-0.0105504
6	7	8	8	0.996165	-3	0.00275934
7	0	0	0	0	-1	0.0120021
8	9	18	7	36	-3	0.00214687
9	10	17	6	11.5	-3	0.00481766
10	11	14	9	3.325	-3	0.00274184
11	12	13	5	0.0745	-3	-0.000720158
12	0	0	0	0	-1	-0.00629713
13	0	0	0	0	-1	0.00387264
14	15	16	1	7.6	-3	0.00721358
15	0	0	0	0	-1	0.00100976
16	0	0	0	0	-1	0.0158989
17	0	0	0	0	-1	0.012429
18	0	0	0	0	-1	0.000199415
19	20	33	7	135.5	-3	-0.00146011
20	21	30	7	68.5	-3	-0.00173533
21	22	29	5	0.146	-3	-0.00104497
22	23	24	7	39.5	-3	-0.00139904
23	0	0	0	0	-1	-0.00278754
24	25	26	11	9.45	-3	0.000448044
25	0	0	0	0	-1	-0.00494796
26	27	28	3	0.35	-3	0.00144513
27	0	0	0	0	-1	0.00461741
28	0	0	0	0	-1	-0.00146279
29	0	0	0	0	-1	0.00644954
30	31	32	5	0.1085	-3	-0.00443585
31	0	0	0	0	-1	-0.00292107
32	0	0	0	0	-1	-0.0108445
33	0	0	0	0	-1	0.00773204
