1	2	3	11	9.05	-3	0.000797764
2	0	0	0	0	-1	0.0164079
3	4	33	11	11.25	-3	0.0004991
4	5	10	8	0.995255	-3	-0.000649981
5	6	7	7	25.5	-3	-0.00947533
6	0	0	0	0	-1	-0.0266206
7	8	9	10	0.575	-3	-0.00147422
8	0	0	0	0	-1	-0.0117684
9	0	0	0	0	-1	0.0102905
10	11	12	5	0.0585	-3	4.96864e-05
11	0	0	0	0	-1	0.0189419
12	13	30	9	3.515	-3	-0.000403449
13	14	27	11	10.85	-3	-0.00106783
14	15	24	7	36	-3	-0.000200185
15	16	17	7	22.5	-3	0.00290571
16	0	0	0	0	-1	-0.00219521
17	18	19	3	0.085	-3	0.00742817
18	0	0	0	0	-1	-0.00193998
19	20	21	8	0.99699	-3	0.0114234
20	0	0	0	0	-1	0.0236197
21	22	23	9	3.325	-3	0.00634161
22	0	0	0	0	-1	0.0114091
23	0	0	0	0	-1	-0.0129147
24	25	26	2	0.8125	-3	-0.00232894
25	0	0	0	0	-1	-0.00148835
26	0	0	0	0	-1	-0.0175197
27	28	29	5	0.089	-3	-0.00768548
28	0	0	0	0	-1	-0.00262586
29	0	0	0	0	-1	-0.022527
30	31	32	5	0.0795	-3	0.00984416
31	0	0	0	0	-1	-0.000913439
32	0	0	0	0	-1	0.0244438
33	0	0	0	0	-1	0.00421964
