1	2	33	2	0.9725	-3	0.000328064
2	3	4	11	9.075	-3	0.000706771
3	0	0	0	0	-1	-0.0232451
4	5	32	3	0.685	-3	0.00110958
5	6	31	1	12.45	-3	0.000789811
6	7	10	8	0.995185	-3	0.00144728
7	8	9	1	8.7	-3	-0.00416533
8	0	0	0	0	-1	-0.00579248
9	0	0	0	0	-1	0.0166622
10	11	12	1	7.95	-3	0.00273389
11	0	0	0	0	-1	0.00597633
12	13	16	3	0.165	-3	-1.1247e-05
13	14	15	7	46	-3	-0.00984846
14	0	0	0	0	-1	-0.0200669
15	0	0	0	0	-1	0.00150533
16	17	18	2	0.295	-3	0.00128672
17	0	0	0	0	-1	-0.00852222
18	19	28	3	0.525	-3	0.00291492
19	20	27	1	11.25	-3	0.000660616
20	21	24	8	0.996255	-3	0.00248398
21	22	23	1	8.95	-3	-0.00948397
22	0	0	0	0	-1	-0.0187202
23	0	0	0	0	-1	0.00714119
24	25	26	1	8.25	-3	0.0046742
25	0	0	0	0	-1	0.0171644
26	0	0	0	0	-1	0.00246439
27	0	0	0	0	-1	-0.0229129
28	29	30	4	2.35	-3	0.0113686
29	0	0	0	0	-1	0.000617697
30	0	0	0	0	-1	0.0198951
31	0	0	0	0	-1	-0.0203634
32	0	0	0	0	-1	0.0255083
33	0	0	0	0	-1	-0.0225691
