1	2	23	9	3.385	-3	-0.000384462
2	3	16	3	0.565	-3	0.000926542
3	4	5	4	1.55	-3	0.00187069
4	0	0	0	0	-1	-0.00774844
5	6	11	2	0.5475	-3	0.00240508
6	7	10	11	9.45	-3	0.00455281
7	8	9	3	0.235	-3	0.0128183
8	0	0	0	0	-1	-0.00244723
9	0	0	0	0	-1	0.0183308
10	0	0	0	0	-1	0.00269497
11	12	13	5	0.0725	-3	-0.000447874
12	0	0	0	0	-1	-0.0111855
13	14	15	5	0.0855	-3	0.00136254
14	0	0	0	0	-1	0.00655212
15	0	0	0	0	-1	-0.00274587
16	17	22	7	44	-3	-0.00740216
17	18	19	8	0.9972	-3	-0.00105485
18	0	0	0	0	-1	-0.015359
19	20	21	2	0.4025	-3	0.00430921
20	0	0	0	0	-1	0.0137755
21	0	0	0	0	-1	-0.00641927
22	0	0	0	0	-1	-0.0306756
23	24	33	2	0.905	-3	-0.00328025
24	25	32	2	0.8	-3	-0.00199636
25	26	31	7	41.5	-3	-0.00284148
26	27	28	7	12.5	-3	-0.00628305
27	0	0	0	0	-1	0.00993508
28	29	30	8	0.99749	-3	-0.00819973
29	0	0	0	0	-1	-0.0108923
30	0	0	0	0	-1	0.000954926
31	0	0	0	0	-1	0.00134974
32	0	0	0	0	-1	0.0152134
33	0	0	0	0	-1	-0.0248314
