1	2	33	2	0.8175	-3	0.000319449
2	3	16	2	0.405	-3	-0.000402186
3	4	15	7	82.5	-3	0.00409339
4	5	14	1	9.2	-3	0.00552767
5	6	7	10	0.535	-3	0.0113854
6	0	0	0	0	-1	0.0362552
7	8	13	6	21.5	-3	0.00854313
8	9	12	1	7.85	-3	0.0134728
9	10	11	10	0.635	-3	0.0259731
10	0	0	0	0	-1	0.00579622
11	0	0	0	0	-1	0.0407694
12	0	0	0	0	-1	0.00710012
13	0	0	0	0	-1	-0.00501348
14	0	0	0	0	-1	-0.00176331
15	0	0	0	0	-1	-0.0191862
16	17	18	11	9.05	-3	-0.00229862
17	0	0	0	0	-1	-0.037233
18	19	28	7	75.5	-3	-0.0016281
19	20	25	4	2.275	-3	-0.00340152
20	21	24	4	1.85	-3	-0.00674402
21	22	23	10	0.815	-3	0.00111907
22	0	0	0	0	-1	0.0053294
23	0	0	0	0	-1	-0.0227395
24	0	0	0	0	-1	-0.0122045
25	26	27	5	0.0815	-3	0.00148212
26	0	0	0	0	-1	-0.00625971
27	0	0	0	0	-1	0.00843217
28	29	32	4	2.45	-3	0.00499806
29	30	31	7	91.5	-3	0.0142678
30	0	0	0	0	-1	0.0343302
31	0	0	0	0	-1	0.00280351
32	0	0	0	0	-1	-0.00427164
33	0	0	0	0	-1	0.0127021
