1	2	33	2	1.015	-3	-0.00020514
2	3	32	10	1.27	-3	-8.02182e-05
3	4	29	11	10.65	-3	-0.000192426
4	5	22	5	0.0755	-3	-0.000994397
5	6	17	3	0.325	-3	0.000787609
6	7	16	6	31.5	-3	0.00276765
7	8	13	7	51	-3	0.00389105
8	9	12	5	0.0725	-3	0.00194122
9	10	11	3	0.025	-3	-3.39928e-05
10	0	0	0	0	-1	0.00742748
11	0	0	0	0	-1	-0.00271247
12	0	0	0	0	-1	0.00809923
13	14	15	5	0.0725	-3	0.00982533
14	0	0	0	0	-1	0.0174761
15	0	0	0	0	-1	0.00147908
16	0	0	0	0	-1	-0.00593867
17	18	21	1	11	-3	-0.0036359
18	19	20	9	3.345	-3	-0.00719398
19	0	0	0	0	-1	-0.0107142
20	0	0	0	0	-1	0.000166574
21	0	0	0	0	-1	0.00566986
22	23	28	8	0.99834	-3	-0.0017683
23	24	25	8	0.99793	-3	-0.00268907
24	0	0	0	0	-1	-0.00178394
25	26	27	9	3.315	-3	-0.00798062
26	0	0	0	0	-1	-0.00361851
27	0	0	0	0	-1	-0.0167048
28	0	0	0	0	-1	0.00119371
29	30	31	9	3.495	-3	0.00126097
30	0	0	0	0	-1	0.000501835
31	0	0	0	0	-1	0.00589362
32	0	0	0	0	-1	0.00866073
33	0	0	0	0	-1	-0.0100614
