1	2	13	8	0.994905	-3	7.86916e-05
2	3	6	1	6.15	-3	-0.00202547
3	4	5	8	0.99367	-3	0.00165673
4	0	0	0	0	-1	-0.00146987
5	0	0	0	0	-1	0.00545331
6	7	12	10	0.615	-3	-0.00348891
7	8	11	11	11.65	-3	-0.00558239
8	9	10	9	3.31	-3	-0.00829378
9	0	0	0	0	-1	-0.00432417
10	0	0	0	0	-1	-0.0122634
11	0	0	0	0	-1	-0.00136467
12	0	0	0	0	-1	-0.000479523
13	14	33	11	12.3	-3	0.000411088
14	15	32	11	11.45	-3	0.000277888
15	16	19	8	0.99567	-3	0.000527539
16	17	18	1	7.65	-3	0.00331505
17	0	0	0	0	-1	0.00179326
18	0	0	0	0	-1	0.00951094
19	20	27	11	9.25	-3	0.000170938
20	21	22	2	0.465	-3	0.00222304
21	0	0	0	0	-1	0.00807065
22	23	26	7	63	-3	0.000202959
23	24	25	5	0.0815	-3	-0.00213838
24	0	0	0	0	-1	0.00126286
25	0	0	0	0	-1	-0.0057522
26	0	0	0	0	-1	0.00371497
27	28	31	2	0.8925	-3	-0.00014477
28	29	30	8	0.998125	-3	-0.000332771
29	0	0	0	0	-1	-0.000842648
30	0	0	0	0	-1	0.00113312
31	0	0	0	0	-1	0.00531903
32	0	0	0	0	-1	-0.00291154
33	0	0	0	0	-1	0.0064051
