1	2	33	10	1.045	-3	0.000772042
2	3	28	8	0.99841	-3	0.00119612
3	4	25	8	0.99777	-3	0.000309583
4	5	14	8	0.996345	-3	0.00126285
5	6	7	6	3.5	-3	-0.00135266
6	0	0	0	0	-1	-0.0203435
7	8	13	4	2.35	-3	-0.00032612
8	9	12	8	0.996195	-3	-0.00222924
9	10	11	8	0.994185	-3	-0.000763548
10	0	0	0	0	-1	-0.0108406
11	0	0	0	0	-1	0.0019039
12	0	0	0	0	-1	-0.0153594
13	0	0	0	0	-1	0.00765363
14	15	22	9	3.515	-3	0.00441356
15	16	19	2	0.355	-3	0.00297002
16	17	18	9	3.29	-3	0.0148176
17	0	0	0	0	-1	0.00235181
18	0	0	0	0	-1	0.027976
19	20	21	5	0.0655	-3	0.000789112
20	0	0	0	0	-1	-0.0166189
21	0	0	0	0	-1	0.00209239
22	23	24	10	0.635	-3	0.0207738
23	0	0	0	0	-1	0.0392794
24	0	0	0	0	-1	0.00395044
25	26	27	9	3.235	-3	-0.00587579
26	0	0	0	0	-1	0.00513754
27	0	0	0	0	-1	-0.0124838
28	29	32	11	10.85	-3	0.0063209
29	30	31	2	0.335	-3	0.0100538
30	0	0	0	0	-1	-0.00832068
31	0	0	0	0	-1	0.012489
32	0	0	0	0	-1	-0.0112237
33	0	0	0	0	-1	-0.011836
