1	2	25	5	0.1075	-3	-9.50448e-05
2	3	6	7	61.5	-3	0.000204688
3	4	5	9	3.705	-3	-0.000351299
4	0	0	0	0	-1	-0.000488157
5	0	0	0	0	-1	0.00641694
6	7	8	7	64.5	-3	0.00194804
7	0	0	0	0	-1	0.00947993
8	9	14	8	0.995965	-3	0.001351
9	10	11	8	0.9933	-3	-0.0020937
10	0	0	0	0	-1	0.00836897
11	12	13	8	0.995055	-3	-0.00484703
12	0	0	0	0	-1	-0.0126263
13	0	0	0	0	-1	-0.000801805
14	15	24	7	125.5	-3	0.00277639
15	16	21	8	0.997455	-3	0.00382811
16	17	20	6	24.5	-3	0.00702913
17	18	19	3	0.23	-3	0.0107442
18	0	0	0	0	-1	0.00516619
19	0	0	0	0	-1	0.0188577
20	0	0	0	0	-1	0.00225257
21	22	23	9	3.25	-3	0.000815392
22	0	0	0	0	-1	0.00744128
23	0	0	0	0	-1	-0.0016917
24	0	0	0	0	-1	-0.00334834
25	26	31	1	9.1	-3	-0.00336974
26	27	28	2	0.54	-3	-0.00068684
27	0	0	0	0	-1	-0.00718148
28	29	30	2	0.7025	-3	0.00153989
29	0	0	0	0	-1	0.00643801
30	0	0	0	0	-1	-0.00308611
31	32	33	2	0.45	-3	-0.00967455
32	0	0	0	0	-1	-0.0028121
33	0	0	0	0	-1	-0.016537
