1	2	19	10	0.685	-3	-0.00052205
2	3	18	6	30.5	-3	-0.00317291
3	4	7	8	0.995765	-3	-0.00438965
4	5	6	8	0.99555	-3	-0.0120398
5	0	0	0	0	-1	-0.00649898
6	0	0	0	0	-1	-0.0471315
7	8	13	10	0.605	-3	-0.00164558
8	9	10	8	0.996405	-3	0.00329065
9	0	0	0	0	-1	0.0142645
10	11	12	2	0.565	-3	-0.00237795
11	0	0	0	0	-1	0.00818719
12	0	0	0	0	-1	-0.00934398
13	14	17	1	11.2	-3	-0.00977793
14	15	16	3	0.425	-3	-0.0137845
15	0	0	0	0	-1	-0.00757122
16	0	0	0	0	-1	-0.036401
17	0	0	0	0	-1	0.0104293
18	0	0	0	0	-1	0.00924285
19	20	31	9	3.425	-3	0.00529923
20	21	28	6	18.5	-3	0.00232234
21	22	23	7	19.5	-3	0.00703825
22	0	0	0	0	-1	-0.0115469
23	24	25	10	0.735	-3	0.0134155
24	0	0	0	0	-1	0.0336904
25	26	27	3	0.39	-3	0.00877423
26	0	0	0	0	-1	-0.00610449
27	0	0	0	0	-1	0.0213385
28	29	30	7	40.5	-3	-0.00665097
29	0	0	0	0	-1	-0.0366767
30	0	0	0	0	-1	-0.00180812
31	32	33	2	0.665	-3	0.0204741
32	0	0	0	0	-1	0.0297314
33	0	0	0	0	-1	-0.00477318
