1	2	31	7	88.5	-3	-0.000211841
2	3	20	7	47.5	-3	-0.000975703
3	4	17	7	44.5	-3	0.000340436
4	5	6	4	2.625	-3	-0.000153301
5	0	0	0	0	-1	-0.00131214
6	7	12	7	23.5	-3	0.00490828
7	8	11	5	0.108	-3	-0.00154879
8	9	10	4	4.1	-3	-0.00542171
9	0	0	0	0	-1	0.00116015
10	0	0	0	0	-1	-0.0152945
11	0	0	0	0	-1	0.0120064
12	13	16	6	14	-3	0.0118266
13	14	15	1	9	-3	0.0176071
14	0	0	0	0	-1	0.0306918
15	0	0	0	0	-1	0.00942913
16	0	0	0	0	-1	0.00243321
17	18	19	11	9.85	-3	0.00994773
18	0	0	0	0	-1	0.0274562
19	0	0	0	0	-1	-0.00486714
20	21	22	5	0.0625	-3	-0.00402393
21	0	0	0	0	-1	0.00604247
22	23	30	10	0.655	-3	-0.005309
23	24	25	10	0.585	-3	-0.00190918
24	0	0	0	0	-1	-0.00729064
25	26	27	4	2.05	-3	0.00546109
26	0	0	0	0	-1	0.0175409
27	28	29	1	8	-3	-0.00162018
28	0	0	0	0	-1	-0.0124078
29	0	0	0	0	-1	0.00844822
30	0	0	0	0	-1	-0.0099999
31	32	33	6	35.5	-3	0.00538186
32	0	0	0	0	-1	0.00766534
33	0	0	0	0	-1	-0.00603556
