1	2	3	10	0.445	-3	0.000943918
2	0	0	0	0	-1	-0.0161355
3	4	25	5	0.0955	-3	0.00129292
4	5	6	8	0.996115	-3	0.00241236
5	0	0	0	0	-1	-0.00079998
6	7	8	8	0.996195	-3	0.00432196
7	0	0	0	0	-1	0.0300268
8	9	24	5	0.0935	-3	0.00352077
9	10	17	5	0.0875	-3	0.00283767
10	11	12	11	9.85	-3	0.00479556
11	0	0	0	0	-1	0.0012539
12	13	14	8	0.99675	-3	0.00874403
13	0	0	0	0	-1	-0.0010774
14	15	16	6	29.5	-3	0.013035
15	0	0	0	0	-1	0.0109704
16	0	0	0	0	-1	0.0322352
17	18	21	7	47.5	-3	-0.00810554
18	19	20	5	0.0905	-3	-0.0177828
19	0	0	0	0	-1	-0.0259243
20	0	0	0	0	-1	-0.00588371
21	22	23	1	8.55	-3	0.0047975
22	0	0	0	0	-1	-0.0122223
23	0	0	0	0	-1	0.0169545
24	0	0	0	0	-1	0.0192749
25	26	33	4	4.45	-3	-0.00343111
26	27	32	10	0.85	-3	-0.00135639
27	28	31	10	0.705	-3	0.00146515
28	29	30	11	10.65	-3	-0.000984678
29	0	0	0	0	-1	0.00275348
30	0	0	0	0	-1	-0.0102553
31	0	0	0	0	-1	0.0147861
32	0	0	0	0	-1	-0.0104382
33	0	0	0	0	-1	-0.0221036
