1	2	21	11	10.75	-3	0.000115016
2	3	4	9	3.025	-3	-0.00471744
3	0	0	0	0	-1	0.0379229
4	5	10	4	1.65	-3	-0.00587659
5	6	9	7	28.5	-3	-0.0271149
6	7	8	2	0.575	-3	-0.0125709
7	0	0	0	0	-1	0.00778349
8	0	0	0	0	-1	-0.0438853
9	0	0	0	0	-1	-0.0571121
10	11	18	3	0.565	-3	-0.00364337
11	12	17	8	0.99689	-3	-0.00181591
12	13	16	8	0.996735	-3	0.00539617
13	14	15	7	18.5	-3	0.00108682
14	0	0	0	0	-1	0.0280611
15	0	0	0	0	-1	-0.00270956
16	0	0	0	0	-1	0.0282803
17	0	0	0	0	-1	-0.00699164
18	19	20	5	0.0825	-3	-0.0322301
19	0	0	0	0	-1	-0.0656685
20	0	0	0	0	-1	-0.0136532
21	22	33	11	12.95	-3	0.00958304
22	23	30	2	0.435	-3	0.0119765
23	24	29	4	3.5	-3	0.0215158
24	25	26	7	17.5	-3	0.0166034
25	0	0	0	0	-1	0.0409315
26	27	28	10	0.795	-3	0.00722394
27	0	0	0	0	-1	-0.00289831
28	0	0	0	0	-1	0.0307076
29	0	0	0	0	-1	0.0591772
30	31	32	6	5.5	-3	0.0021344
31	0	0	0	0	-1	-0.0342968
32	0	0	0	0	-1	0.00820627
33	0	0	0	0	-1	-0.0341833
