1	2	31	7	67.5	-3	0.000647881
2	3	20	5	0.0825	-3	0.001315
3	4	15	3	0.485	-3	0.000290571
4	5	12	3	0.335	-3	0.00127054
5	6	7	4	2.125	-3	0.000130145
6	0	0	0	0	-1	0.0022266
7	8	9	11	9.75	-3	-0.004011
8	0	0	0	0	-1	0.0078592
9	10	11	9	3.525	-3	-0.0062803
10	0	0	0	0	-1	-0.00915475
11	0	0	0	0	-1	0.00387611
12	13	14	10	0.775	-3	0.00439369
13	0	0	0	0	-1	0.00132774
14	0	0	0	0	-1	0.0090364
15	16	17	10	0.725	-3	-0.00526825
16	0	0	0	0	-1	-0.000318588
17	18	19	10	0.885	-3	-0.0113601
18	0	0	0	0	-1	-0.0183429
19	0	0	0	0	-1	-0.00183812
20	21	24	3	0.095	-3	0.00286971
21	22	23	10	0.605	-3	-0.00116829
22	0	0	0	0	-1	0.00261606
23	0	0	0	0	-1	-0.00993205
24	25	30	9	3.425	-3	0.00419468
25	26	27	6	18.5	-3	0.00351937
26	0	0	0	0	-1	0.00490746
27	28	29	7	55.5	-3	-0.00406554
28	0	0	0	0	-1	-0.0114373
29	0	0	0	0	-1	0.0057634
30	0	0	0	0	-1	0.0153066
31	32	33	6	16.5	-3	-0.00208006
32	0	0	0	0	-1	-0.00770593
33	0	0	0	0	-1	-0.000582856
