1	2	33	10	0.775	-3	-0.000145584
2	3	32	5	0.1245	-3	0.000212831
3	4	9	8	0.996295	-3	0.000349778
4	5	8	9	3.555	-3	-0.000524887
5	6	7	2	0.905	-3	-0.000996729
6	0	0	0	0	-1	-0.000671548
7	0	0	0	0	-1	-0.00883358
8	0	0	0	0	-1	0.00386149
9	10	11	3	0.005	-3	0.00102334
10	0	0	0	0	-1	0.00618854
11	12	15	5	0.0665	-3	0.000639027
12	13	14	3	0.27	-3	0.00468952
13	0	0	0	0	-1	-0.00215211
14	0	0	0	0	-1	0.00829037
15	16	27	10	0.595	-3	0.000256407
16	17	26	2	0.6825	-3	-0.00109262
17	18	23	4	2.55	-3	-0.00293419
18	19	20	10	0.51	-3	-0.00510564
19	0	0	0	0	-1	0.00101211
20	21	22	6	11.5	-3	-0.00685357
21	0	0	0	0	-1	-0.0147696
22	0	0	0	0	-1	-0.00368717
23	24	25	9	3.3	-3	0.000485846
24	0	0	0	0	-1	-0.00195122
25	0	0	0	0	-1	0.00691085
26	0	0	0	0	-1	0.00403392
27	28	29	7	70.5	-3	0.00138733
28	0	0	0	0	-1	0.00250285
29	30	31	2	0.455	-3	-0.00267192
30	0	0	0	0	-1	-0.0110016
31	0	0	0	0	-1	0.000993162
32	0	0	0	0	-1	-0.00439291
33	0	0	0	0	-1	-0.00181819
