1	2	33	9	3.645	-3	-0.00011347
2	3	32	7	82.5	-3	-0.000306756
3	4	25	9	3.475	-3	0.000180934
4	5	24	2	0.6425	-3	0.000676885
5	6	21	10	0.625	-3	-5.22068e-05
6	7	8	8	0.99473	-3	-0.00239048
7	0	0	0	0	-1	0.0055269
8	9	14	5	0.0845	-3	-0.0034176
9	10	13	1	7.15	-3	-0.00522804
10	11	12	1	6.85	-3	-0.0111897
11	0	0	0	0	-1	-0.00255216
12	0	0	0	0	-1	-0.0172867
13	0	0	0	0	-1	-0.00338882
14	15	20	4	2.75	-3	0.0001741
15	16	19	5	0.095	-3	0.00330973
16	17	18	11	10.45	-3	0.00966231
17	0	0	0	0	-1	0.019305
18	0	0	0	0	-1	0.000896266
19	0	0	0	0	-1	-0.00202643
20	0	0	0	0	-1	-0.00884084
21	22	23	5	0.1285	-3	0.00180596
22	0	0	0	0	-1	0.00243915
23	0	0	0	0	-1	-0.00796891
24	0	0	0	0	-1	0.0034747
25	26	29	4	1.95	-3	-0.00375361
26	27	28	2	0.61	-3	0.00187862
27	0	0	0	0	-1	-0.00560121
28	0	0	0	0	-1	0.0106051
29	30	31	5	0.0805	-3	-0.00674214
30	0	0	0	0	-1	-0.00322244
31	0	0	0	0	-1	-0.0147201
32	0	0	0	0	-1	-0.00317301
33	0	0	0	0	-1	0.00998899
