1	2	3	1	5.55	-3	-0.00063317
2	0	0	0	0	-1	0.0106442
3	4	7	2	0.565	-3	-0.000848935
4	5	6	8	0.997245	-3	-0.00220591
5	0	0	0	0	-1	-0.00380965
6	0	0	0	0	-1	0.000356498
7	8	29	5	0.0955	-3	0.0011291
8	9	12	11	9.35	-3	-0.000357142
9	10	11	8	0.99695	-3	-0.00800556
10	0	0	0	0	-1	0.00301815
11	0	0	0	0	-1	-0.0206041
12	13	18	1	6.75	-3	0.000671793
13	14	17	6	16.5	-3	-0.00648997
14	15	16	2	0.68	-3	-0.00149578
15	0	0	0	0	-1	-0.00976626
16	0	0	0	0	-1	0.0127896
17	0	0	0	0	-1	-0.0189754
18	19	26	2	0.8125	-3	0.00233364
19	20	21	9	3.145	-3	0.00385521
20	0	0	0	0	-1	-0.008156
21	22	23	5	0.0885	-3	0.00517998
22	0	0	0	0	-1	0.00706039
23	24	25	2	0.665	-3	-0.00359527
24	0	0	0	0	-1	-0.0127337
25	0	0	0	0	-1	0.00720466
26	27	28	8	0.9974	-3	-0.00532496
27	0	0	0	0	-1	-0.0116578
28	0	0	0	0	-1	0.00561357
29	30	33	11	10.35	-3	0.00682635
30	31	32	8	0.99886	-3	0.00385638
31	0	0	0	0	-1	0.00740248
32	0	0	0	0	-1	-0.00760025
33	0	0	0	0	-1	0.0216762
