1	2	19	9	3.465	-3	0.000371171
2	3	6	6	4.5	-3	-0.000480866
3	4	5	5	0.0695	-3	0.00674662
4	0	0	0	0	-1	0.0220422
5	0	0	0	0	-1	-0.000637452
6	7	12	9	3.225	-3	-0.00097417
7	8	9	5	0.1105	-3	0.00159424
8	0	0	0	0	-1	0.00355231
9	10	11	10	0.795	-3	-0.00905995
10	0	0	0	0	-1	-0.0244444
11	0	0	0	0	-1	0.00461509
12	13	18	5	0.0895	-3	-0.00234274
13	14	17	2	0.8075	-3	-0.00403961
14	15	16	1	9.85	-3	-0.00325243
15	0	0	0	0	-1	-0.00235035
16	0	0	0	0	-1	-0.0195463
17	0	0	0	0	-1	-0.0211888
18	0	0	0	0	-1	0.00354095
19	20	33	5	0.0925	-3	0.00492213
20	21	22	4	1.75	-3	0.0074564
21	0	0	0	0	-1	-0.00555212
22	23	28	10	0.625	-3	0.0100295
23	24	27	5	0.0785	-3	0.0166703
24	25	26	9	3.515	-3	0.0100115
25	0	0	0	0	-1	-0.00279179
26	0	0	0	0	-1	0.0194006
27	0	0	0	0	-1	0.0274908
28	29	30	10	0.655	-3	0.00433743
29	0	0	0	0	-1	-0.0185818
30	31	32	4	2.05	-3	0.0109719
31	0	0	0	0	-1	0.0228896
32	0	0	0	0	-1	0.00401993
33	0	0	0	0	-1	-0.011327
