1	2	3	6	946.9	-3	35.7174466019417
2	4	5	1	274	-3	41.10390625
3	6	7	4	175.75	-3	32.5155882352941
4	8	9	3	167.95	-3	27.1896031746032
5	10	11	8	17.5	-3	47.8992635658915
6	12	13	8	5	-3	40.3659558823529
7	14	15	8	10.5	-3	26.8062299465241
8	16	17	4	224.05	-3	28.4434210526316
9	18	19	2	87	-3	15.2783333333333
10	20	21	4	178.5	-3	35.0807462686567
11	22	23	4	168.95	-3	52.3958115183246
12	24	25	5	11.2	-3	17.8936363636364
13	26	27	8	42	-3	44.7027192982456
14	28	29	4	189.15	-3	14.9189473684211
15	30	31	8	42	-3	32.0183461538462
16	32	33	8	17.5	-3	27.1197
17	34	35	2	177	-3	37.8985714285714
18	0	0	0	0	-1	11.7444444444444
19	0	0	0	0	-1	25.88
20	36	37	8	5	-3	39.455
21	38	39	2	20.5	-3	28.6003703703704
22	40	41	5	11.85	-3	65.1601694915254
23	42	43	8	42	-3	46.6905303030303
24	44	45	1	418.6	-3	16.0753333333333
25	46	47	6	977.4	-3	21.79
26	48	49	8	21	-3	39.8857258064516
27	50	51	4	172.65	-3	50.4460576923077
28	52	53	5	4.55	-3	16.6052631578947
29	54	55	6	1051.5	-3	13.2326315789474
30	56	57	6	1121.7	-3	28.2326315789474
31	58	59	7	661.3	-3	39.2920224719101
32	60	61	2	262	-3	10.8813636363636
33	62	63	2	247.85	-3	31.6997435897436
34	0	0	0	0	-1	32.59
35	64	65	1	213.75	-3	40.8477777777778
36	66	67	3	47	-3	34.3704761904762
37	68	69	2	200.85	-3	45.0747368421053
38	70	71	1	434	-3	24.365
39	72	73	1	357.75	-3	34.7609090909091
40	74	75	2	21	-3	69.8903448275862
41	76	77	8	42	-3	60.5876666666667
42	78	79	4	191.65	-3	44.5941758241758
43	80	81	7	632	-3	51.3434146341464
44	82	83	1	203.35	-3	15.1937931034483
45	0	0	0	0	-1	41.64
46	0	0	0	0	-1	26.77
47	84	85	1	247.95	-3	19.798
48	86	87	1	214.3	-3	34.7113333333333
49	88	89	3	87.3	-3	42.833164556962
50	90	91	4	156.2	-3	48.3640909090909
51	92	93	8	73	-3	61.896875
52	94	95	1	288.5	-3	17.2204651162791
53	96	97	1	212.9	-3	14.7157142857143
54	98	99	4	191.9	-3	12.8451923076923
55	0	0	0	0	-1	17.262
56	100	101	1	311.5	-3	27.4760122699386
57	102	103	4	195	-3	43.64875
58	104	105	8	135	-3	56.046
59	106	107	7	862.1	-3	37.1712658227848
60	108	109	4	204.75	-3	8.79
61	0	0	0	0	-1	20.2925
62	110	111	2	103.5	-3	30.7024285714286
63	112	113	8	59	-3	40.42625
64	0	0	0	0	-1	45.542
65	0	0	0	0	-1	34.98
66	114	115	6	945.75	-3	36.4375
67	0	0	0	0	-1	27.756
68	116	117	4	166.45	-3	45.7233333333333
69	0	0	0	0	-1	33.4
70	118	119	7	793.3	-3	20.5044444444444
71	120	121	7	716.6	-3	29.3285714285714
72	0	0	0	0	-1	16.11
73	122	123	5	10	-3	36.626
74	124	125	8	42	-3	59.44
75	126	127	4	154.7	-3	74.593
76	128	129	7	709.5	-3	55.9323076923077
77	130	131	6	941.35	-3	64.1476470588235
78	132	133	5	10.2	-3	50.3906818181818
79	134	135	7	708.4	-3	39.1676595744681
80	0	0	0	0	-1	41.8108333333333
81	136	137	5	7	-3	55.2879310344828
82	138	139	5	8.05	-3	12.319375
83	140	141	1	253.45	-3	18.7315384615385
84	0	0	0	0	-1	25.47
85	142	143	1	250.45	-3	18.38
86	144	145	7	777.1	-3	28.1326086956522
87	146	147	8	10.5	-3	41.5890909090909
88	148	149	5	6.45	-3	53.9807692307692
89	150	151	4	151.55	-3	37.3645283018868
90	152	153	1	190.75	-3	54.5656
91	154	155	3	98.9	-3	45.9031746031746
92	0	0	0	0	-1	55.636
93	156	157	7	679.8	-3	64.7427272727273
94	158	159	4	180.45	-3	13.6176
95	160	161	2	105.35	-3	22.2244444444444
96	0	0	0	0	-1	12.47
97	162	163	4	187.95	-3	15.09
98	0	0	0	0	-1	10.256
99	164	165	7	749.55	-3	13.1206382978723
100	166	167	7	758.15	-3	25.6159375
101	168	169	8	21	-3	34.2785714285714
102	0	0	0	0	-1	49.25
103	0	0	0	0	-1	40.288
104	0	0	0	0	-1	53.7
105	0	0	0	0	-1	58.392
106	170	171	5	6.25	-3	38.4780882352941
107	172	173	5	2.25	-3	29.0927272727273
108	174	175	6	888.9	-3	8.33125
109	0	0	0	0	-1	12.46
110	176	177	1	227.05	-3	23.9288888888889
111	178	179	1	264	-3	31.7018032786885
112	180	181	6	894.3	-3	38.9542857142857
113	0	0	0	0	-1	50.73
114	182	183	7	863.8	-3	35.3615384615385
115	0	0	0	0	-1	41.1
116	184	185	2	94.25	-3	47.9561538461538
117	0	0	0	0	-1	39.918
118	0	0	0	0	-1	23.47
119	186	187	6	905.1	-3	19.6571428571429
120	0	0	0	0	-1	35.9133333333333
121	0	0	0	0	-1	24.39
122	188	189	4	205.5	-3	33.8575
123	0	0	0	0	-1	47.7
124	0	0	0	0	-1	51.1025
125	0	0	0	0	-1	66.11
126	0	0	0	0	-1	72.34
127	190	191	2	101	-3	75.344
128	0	0	0	0	-1	33.69
129	192	193	4	154.6	-3	57.7858333333333
130	194	195	4	156.35	-3	63.194375
131	0	0	0	0	-1	79.4
132	196	197	2	153.15	-3	49.1938461538462
133	0	0	0	0	-1	59.726
134	198	199	6	907	-3	52.4285714285714
135	200	201	6	814.45	-3	36.847
136	202	203	1	337.5	-3	52.485652173913
137	204	205	6	914.8	-3	66.03
138	206	207	3	170.25	-3	14.3836363636364
139	0	0	0	0	-1	7.778
140	208	209	3	121.75	-3	16.8777777777778
141	0	0	0	0	-1	22.9025
142	0	0	0	0	-1	15.36
143	0	0	0	0	-1	21.4
144	210	211	3	146	-3	31.9027272727273
145	212	213	6	1005.95	-3	24.6766666666667
146	214	215	5	4.3	-3	44.5744444444444
147	216	217	5	4.45	-3	39.5223076923077
148	218	219	7	786.5	-3	61.61125
149	220	221	2	12	-3	50.5894444444444
150	222	223	5	8.85	-3	44.48
151	224	225	7	771.95	-3	36.2817391304348
152	0	0	0	0	-1	36.04
153	226	227	1	269.3	-3	58.0942857142857
154	228	229	6	1017.8	-3	53.9622222222222
155	230	231	3	172.95	-3	44.56
156	232	233	5	4.3	-3	69.32125
157	0	0	0	0	-1	52.5333333333333
158	0	0	0	0	-1	20.73
159	234	235	6	1019.5	-3	12.9991304347826
160	236	237	7	751.15	-3	21.9475
161	0	0	0	0	-1	24.44
162	238	239	4	184.55	-3	14.74
163	0	0	0	0	-1	15.58
164	240	241	8	5	-3	15.9376923076923
165	242	243	2	61.3	-3	12.0435294117647
166	244	245	2	240.85	-3	28.9920833333333
167	246	247	5	4.95	-3	23.59025
168	0	0	0	0	-1	22.7775
169	248	249	7	749.5	-3	35.7625806451613
170	250	251	4	195.35	-3	37.9412698412698
171	0	0	0	0	-1	45.242
172	252	253	4	195.5	-3	27.28
173	0	0	0	0	-1	32.265
174	0	0	0	0	-1	6.35
175	254	255	6	931.4	-3	8.99166666666667
176	256	257	8	59	-3	19.32
177	0	0	0	0	-1	33.1466666666667
178	258	259	6	919.3	-3	30.9096296296296
179	260	261	3	84.5	-3	37.8128571428571
180	0	0	0	0	-1	37.92
181	0	0	0	0	-1	39.368
182	262	263	7	822.1	-3	36.39
183	0	0	0	0	-1	31.9333333333333
184	0	0	0	0	-1	43.906
185	264	265	5	11.5	-3	50.4875
186	0	0	0	0	-1	18.795
187	0	0	0	0	-1	20.8066666666667
188	0	0	0	0	-1	35.7975
189	0	0	0	0	-1	31.9175
190	0	0	0	0	-1	73.23
191	266	267	5	11	-3	76.1127272727273
192	268	269	7	863.8	-3	61.6657142857143
193	0	0	0	0	-1	52.354
194	270	271	1	447	-3	65.5076923076923
195	0	0	0	0	-1	53.17
196	272	273	1	369	-3	45.86
197	274	275	7	756.25	-3	57.68
198	276	277	6	850	-3	55.6633333333333
199	0	0	0	0	-1	33.02
200	278	279	2	84.8	-3	48.7433333333333
201	280	281	1	458	-3	34.7476470588235
202	282	283	2	45.5	-3	48.5688888888889
203	284	285	8	73	-3	55.0035714285714
204	0	0	0	0	-1	69.1
205	0	0	0	0	-1	59.89
206	286	287	4	141.95	-3	13.514
207	0	0	0	0	-1	23.08
208	0	0	0	0	-1	14.4375
209	0	0	0	0	-1	18.83
210	0	0	0	0	-1	33.09
211	288	289	4	157	-3	31.2242857142857
212	0	0	0	0	-1	21.538
213	290	291	3	169.7	-3	26.9185714285714
214	0	0	0	0	-1	52.61
215	292	293	4	157.95	-3	43.57
216	0	0	0	0	-1	59.76
217	294	295	6	964.5	-3	37.8358333333333
218	0	0	0	0	-1	66.166
219	0	0	0	0	-1	54.02
220	0	0	0	0	-1	69.84
221	296	297	2	172.95	-3	49.4570588235294
222	0	0	0	0	-1	24.24
223	298	299	4	145.55	-3	47.8533333333333
224	300	301	6	960.15	-3	44.7858333333333
225	302	303	4	161.25	-3	33.2802941176471
226	304	305	8	78	-3	56.1044444444444
227	0	0	0	0	-1	70.0333333333333
228	306	307	4	165.05	-3	52.355
229	0	0	0	0	-1	66.82
230	308	309	7	777.65	-3	42.8506666666667
231	310	311	5	9.1	-3	53.1066666666667
232	0	0	0	0	-1	70.954
233	0	0	0	0	-1	66.6
234	0	0	0	0	-1	18.9133333333333
235	312	313	1	231.5	-3	12.112
236	0	0	0	0	-1	27.916
237	314	315	6	1028	-3	12
238	0	0	0	0	-1	15.108
239	0	0	0	0	-1	13.82
240	0	0	0	0	-1	10.0825
241	316	317	1	185.15	-3	18.54
242	318	319	4	192.45	-3	12.7911538461538
243	320	321	2	137.15	-3	9.61375
244	322	323	1	174.15	-3	26.8805555555556
245	324	325	4	194.6	-3	35.3266666666667
246	326	327	1	263.75	-3	22.5176785714286
247	328	329	3	114.85	-3	26.0929166666667
248	330	331	5	7.5	-3	40.82
249	332	333	7	812.9	-3	33.3542857142857
250	334	335	4	181.95	-3	38.751914893617
251	336	337	8	140	-3	35.56
252	0	0	0	0	-1	24.59
253	0	0	0	0	-1	28.356
254	0	0	0	0	-1	7.99333333333334
255	338	339	4	197.75	-3	9.32444444444445
256	0	0	0	0	-1	17.92
257	0	0	0	0	-1	26.32
258	340	341	3	100.5	-3	31.9205263157895
259	342	343	1	152.7	-3	28.50875
260	0	0	0	0	-1	37.17
261	0	0	0	0	-1	39.42
262	344	345	4	158.15	-3	35.4375
263	0	0	0	0	-1	40.2
264	0	0	0	0	-1	54.1
265	346	347	5	14.05	-3	49.2833333333333
266	0	0	0	0	-1	76.24
267	0	0	0	0	-1	76.1
268	0	0	0	0	-1	63.5
269	0	0	0	0	-1	60.29
270	348	349	5	21	-3	65.075
271	0	0	0	0	-1	70.7
272	350	351	2	124.95	-3	44.5672
273	0	0	0	0	-1	56.6333333333333
274	0	0	0	0	-1	49.9
275	352	353	2	165	-3	59.4088888888889
276	0	0	0	0	-1	57.92
277	0	0	0	0	-1	54.535
278	0	0	0	0	-1	40.87
279	0	0	0	0	-1	56.6166666666667
280	354	355	5	6.1	-3	34.17625
281	0	0	0	0	-1	43.89
282	0	0	0	0	-1	43.5733333333333
283	0	0	0	0	-1	51.0666666666667
284	0	0	0	0	-1	60.3466666666667
285	356	357	6	938.1	-3	53.5463636363636
286	0	0	0	0	-1	7.75
287	358	359	3	112.95	-3	14.1544444444444
288	0	0	0	0	-1	33.715
289	0	0	0	0	-1	30.228
290	0	0	0	0	-1	24.795
291	0	0	0	0	-1	29.75
292	0	0	0	0	-1	47.1
293	360	361	1	379.65	-3	43.0657142857143
294	0	0	0	0	-1	35.23
295	362	363	2	54.2	-3	38.7044444444444
296	364	365	7	753	-3	47.3908333333333
297	0	0	0	0	-1	54.416
298	0	0	0	0	-1	50.66
299	0	0	0	0	-1	45.0466666666667
300	0	0	0	0	-1	27.68
301	366	367	5	16.25	-3	46.3409090909091
302	368	369	1	262.1	-3	36.9106666666667
303	370	371	3	163.75	-3	30.4142105263158
304	372	373	6	1070.15	-3	52.7754545454545
305	374	375	5	11.8	-3	61.3357142857143
306	0	0	0	0	-1	55.214
307	0	0	0	0	-1	47.59
308	0	0	0	0	-1	53.914
309	376	377	3	125	-3	41.46775
310	0	0	0	0	-1	54.5333333333333
311	0	0	0	0	-1	52.3933333333333
312	378	379	1	194.85	-3	9.93888888888889
313	0	0	0	0	-1	13.89
314	0	0	0	0	-1	6.27
315	0	0	0	0	-1	14.865
316	0	0	0	0	-1	13.9633333333333
317	380	381	4	197.75	-3	20.8283333333333
318	382	383	8	5	-3	14.4407142857143
319	384	385	3	106.4	-3	10.8666666666667
320	386	387	2	132.7	-3	10.34
321	0	0	0	0	-1	7.435
322	388	389	7	692.85	-3	22.8342857142857
323	390	391	5	5.95	-3	29.4554545454545
324	392	393	1	210.75	-3	34.056
325	0	0	0	0	-1	41.68
326	394	395	1	223.7	-3	21.2059459459459
327	396	397	4	192.5	-3	25.0721052631579
328	398	399	7	770	-3	29.4715789473684
329	0	0	0	0	-1	13.254
330	0	0	0	0	-1	39.2357142857143
331	0	0	0	0	-1	44.5166666666667
332	0	0	0	0	-1	32.1426315789474
333	0	0	0	0	-1	44.865
334	0	0	0	0	-1	31.085
335	400	401	1	264.2	-3	39.0926666666667
336	402	403	6	965	-3	37.9463636363636
337	0	0	0	0	-1	30.31
338	404	405	2	176	-3	9.78285714285714
339	0	0	0	0	-1	7.72
340	406	407	3	87.65	-3	28.4538461538462
341	408	409	3	131.3	-3	33.7232
342	410	411	2	170.25	-3	31.1345454545455
343	0	0	0	0	-1	22.732
344	0	0	0	0	-1	36.3
345	412	413	1	368.3	-3	35.15
346	0	0	0	0	-1	49.3
347	0	0	0	0	-1	49.2
348	414	415	6	894.05	-3	65.3090909090909
349	0	0	0	0	-1	62.5
350	416	417	4	173.45	-3	42.8364705882353
351	418	419	6	846.05	-3	48.245
352	0	0	0	0	-1	54.825
353	0	0	0	0	-1	63.076
354	420	421	2	66.85	-3	35.8278947368421
355	422	423	7	733.25	-3	31.7623076923077
356	424	425	1	430	-3	54.022
357	0	0	0	0	-1	48.79
358	0	0	0	0	-1	12.315
359	426	427	1	174.2	-3	14.68
360	0	0	0	0	-1	42.8
361	0	0	0	0	-1	43.11
362	428	429	3	99.35	-3	39.0475
363	0	0	0	0	-1	35.96
364	430	431	7	684.5	-3	53.2533333333333
365	432	433	1	298.5	-3	41.5283333333333
366	434	435	5	8	-3	44.2722222222222
367	0	0	0	0	-1	55.65
368	436	437	1	158.45	-3	32.4990909090909
369	0	0	0	0	-1	49.0425
370	438	439	6	1001.8	-3	33.1975
371	0	0	0	0	-1	15.57
372	440	441	3	99.35	-3	51.0988888888889
373	0	0	0	0	-1	60.32
374	0	0	0	0	-1	58.41
375	0	0	0	0	-1	63.53
376	442	443	8	78	-3	43.74375
377	444	445	1	190.5	-3	38.05375
378	446	447	7	749.3	-3	9.47428571428571
379	0	0	0	0	-1	11.565
380	0	0	0	0	-1	20.42
381	0	0	0	0	-1	21.0325
382	448	449	7	827.5	-3	13.46625
383	450	451	7	840	-3	15.74
384	452	453	4	193.5	-3	9.61833333333334
385	454	455	4	195.35	-3	12.115
386	0	0	0	0	-1	10.126
387	0	0	0	0	-1	11.41
388	456	457	2	154	-3	27.2471428571429
389	458	459	2	85.25	-3	18.4214285714286
390	460	461	4	182.8	-3	31.0692857142857
391	462	463	8	21	-3	26.63125
392	464	465	5	5.35	-3	32.645
393	0	0	0	0	-1	39.7
394	466	467	2	206.45	-3	23.4822222222222
395	468	469	3	47.3	-3	19.0494736842105
396	470	471	1	298	-3	24.7829411764706
397	0	0	0	0	-1	27.53
398	0	0	0	0	-1	39.3
399	472	473	4	182.3	-3	28.9255555555556
400	474	475	4	194.05	-3	40.99375
401	476	477	8	270	-3	36.92
402	0	0	0	0	-1	33.19
403	478	479	4	199.5	-3	39.73
404	0	0	0	0	-1	9.90666666666667
405	0	0	0	0	-1	9.69
406	480	481	4	194.15	-3	29.597
407	0	0	0	0	-1	24.6433333333333
408	482	483	5	9.5	-3	36.1358333333333
409	484	485	3	144.6	-3	31.4961538461538
410	486	487	6	930.6	-3	26.7083333333333
411	0	0	0	0	-1	36.446
412	0	0	0	0	-1	35.3
413	0	0	0	0	-1	34.4
414	488	489	5	15.4	-3	64.75
415	0	0	0	0	-1	65.98
416	0	0	0	0	-1	38.46
417	490	491	1	285.5	-3	43.11
418	0	0	0	0	-1	52.83
419	0	0	0	0	-1	45.494
420	492	493	1	303.45	-3	33.5783333333333
421	494	495	2	137	-3	39.6842857142857
422	0	0	0	0	-1	33.42
423	496	497	6	849.4	-3	31.6241666666667
424	0	0	0	0	-1	53.8366666666667
425	0	0	0	0	-1	54.3
426	0	0	0	0	-1	15.1466666666667
427	0	0	0	0	-1	14.33
428	0	0	0	0	-1	42.0233333333333
429	0	0	0	0	-1	37.262
430	0	0	0	0	-1	59
431	0	0	0	0	-1	52.104
432	0	0	0	0	-1	40.93
433	0	0	0	0	-1	44.52
434	0	0	0	0	-1	41.305
435	0	0	0	0	-1	46.646
436	0	0	0	0	-1	17.95
437	498	499	4	158.75	-3	33.954
438	500	501	4	170.85	-3	36.1275
439	502	503	7	791.65	-3	30.2675
440	0	0	0	0	-1	55.83
441	504	505	4	155.2	-3	49.7471428571429
442	506	507	6	1007.1	-3	40.768
443	508	509	5	7.65	-3	45.8692857142857
444	510	511	7	788.35	-3	37.4730769230769
445	0	0	0	0	-1	40.57
446	0	0	0	0	-1	10.064
447	0	0	0	0	-1	8
448	0	0	0	0	-1	14.436
449	0	0	0	0	-1	11.85
450	0	0	0	0	-1	17.24
451	0	0	0	0	-1	14.99
452	0	0	0	0	-1	12.54
453	0	0	0	0	-1	8.1575
454	0	0	0	0	-1	12.532
455	0	0	0	0	-1	10.03
456	0	0	0	0	-1	23.735
457	0	0	0	0	-1	28.652
458	0	0	0	0	-1	15.965
459	0	0	0	0	-1	21.6966666666667
460	0	0	0	0	-1	36.7
461	512	513	6	1013.3	-3	30.1308333333333
462	0	0	0	0	-1	23.9025
463	0	0	0	0	-1	29.36
464	0	0	0	0	-1	29.816
465	0	0	0	0	-1	37.36
466	514	515	1	140.7	-3	22.1228571428571
467	0	0	0	0	-1	28.24
468	516	517	6	1034	-3	18.4525
469	0	0	0	0	-1	22.2333333333333
470	0	0	0	0	-1	24.27
471	0	0	0	0	-1	27.1766666666667
472	518	519	8	21	-3	33.20125
473	520	521	6	951.45	-3	25.505
474	522	523	3	47.85	-3	41.4657142857143
475	0	0	0	0	-1	37.69
476	524	525	7	840	-3	36.18125
477	0	0	0	0	-1	39.284
478	0	0	0	0	-1	31.54
479	526	527	7	721.3	-3	40.9
480	528	529	2	209.7	-3	27.125
481	0	0	0	0	-1	33.305
482	530	531	2	136.2	-3	34.441
483	0	0	0	0	-1	44.61
484	532	533	2	177.05	-3	29.43
485	534	535	1	161	-3	33.2671428571429
486	0	0	0	0	-1	29.07
487	0	0	0	0	-1	25.5275
488	0	0	0	0	-1	66.1
489	0	0	0	0	-1	64.48
490	536	537	1	276.7	-3	43.7985714285714
491	538	539	2	120.75	-3	42.5744444444444
492	0	0	0	0	-1	25.57
493	540	541	7	728.15	-3	36.2477777777778
494	0	0	0	0	-1	46.2433333333333
495	0	0	0	0	-1	34.765
496	0	0	0	0	-1	31.276
497	542	543	6	879.8	-3	31.8728571428571
498	0	0	0	0	-1	31.22
499	0	0	0	0	-1	36.688
500	544	545	5	8.45	-3	35.5828571428571
501	0	0	0	0	-1	39.94
502	0	0	0	0	-1	32.254
503	0	0	0	0	-1	26.9566666666667
504	0	0	0	0	-1	46.5875
505	0	0	0	0	-1	53.96
506	0	0	0	0	-1	37.1033333333333
507	546	547	4	158.9	-3	42.3385714285714
508	0	0	0	0	-1	37.34
509	548	549	3	111.2	-3	47.2908333333333
510	0	0	0	0	-1	38.8366666666667
511	550	551	7	800.75	-3	37.064
512	0	0	0	0	-1	33.0133333333333
513	552	553	2	73.6	-3	29.17
514	0	0	0	0	-1	18.2
515	554	555	2	61.3	-3	24.3022222222222
516	0	0	0	0	-1	15.63
517	556	557	6	1112.3	-3	18.8557142857143
518	0	0	0	0	-1	17.84
519	558	559	6	1027.9	-3	38.3216666666667
520	0	0	0	0	-1	27.21
521	0	0	0	0	-1	23.8
522	560	561	2	132.7	-3	42.2338461538462
523	562	563	7	859.2	-3	40.2175
524	0	0	0	0	-1	37.66
525	564	565	7	853	-3	33.7166666666667
526	0	0	0	0	-1	45.64
527	0	0	0	0	-1	39.004
528	0	0	0	0	-1	24.2075
529	0	0	0	0	-1	32.96
530	566	567	5	6.7	-3	36.81
531	0	0	0	0	-1	24.965
532	0	0	0	0	-1	29.87
533	0	0	0	0	-1	28.99
534	0	0	0	0	-1	33.07
535	0	0	0	0	-1	33.76
536	0	0	0	0	-1	44.28
537	0	0	0	0	-1	43.606
538	0	0	0	0	-1	43.22
539	0	0	0	0	-1	42.058
540	0	0	0	0	-1	23.85
541	568	569	6	935.6	-3	37.7975
542	0	0	0	0	-1	31.88
543	0	0	0	0	-1	31.87
544	0	0	0	0	-1	37.27
545	570	571	7	824.5	-3	35.3016666666667
546	0	0	0	0	-1	37.27
547	572	573	4	164.75	-3	43.1833333333333
548	0	0	0	0	-1	45.33
549	574	575	5	9.75	-3	47.683
550	0	0	0	0	-1	33.56
551	576	577	1	181.35	-3	37.94
552	0	0	0	0	-1	31.21
553	0	0	0	0	-1	26.62
554	0	0	0	0	-1	24.9275
555	0	0	0	0	-1	23.802
556	578	579	7	802.15	-3	19.8675
557	580	581	4	183	-3	17.5066666666667
558	0	0	0	0	-1	32.76
559	0	0	0	0	-1	43.8833333333333
560	0	0	0	0	-1	40.776
561	582	583	7	777.65	-3	43.145
562	584	585	8	78	-3	40.8466666666667
563	0	0	0	0	-1	38.33
564	0	0	0	0	-1	34.68
565	0	0	0	0	-1	31.79
566	0	0	0	0	-1	39.4
567	0	0	0	0	-1	36.44
568	0	0	0	0	-1	36.015
569	0	0	0	0	-1	39.58
570	0	0	0	0	-1	35.8633333333333
571	0	0	0	0	-1	34.74
572	0	0	0	0	-1	42.55
573	0	0	0	0	-1	43.5
574	586	587	7	790.1	-3	48.3057142857143
575	0	0	0	0	-1	46.23
576	0	0	0	0	-1	37.202
577	0	0	0	0	-1	39.17
578	588	589	4	185.35	-3	19.7242857142857
579	0	0	0	0	-1	20.87
580	0	0	0	0	-1	17.34
581	0	0	0	0	-1	17.54
582	0	0	0	0	-1	47.78
583	590	591	1	169.8	-3	42.4828571428571
584	0	0	0	0	-1	38.305
585	0	0	0	0	-1	42.1175
586	0	0	0	0	-1	48.67
587	0	0	0	0	-1	47.82
588	0	0	0	0	-1	19.69
589	0	0	0	0	-1	19.77
590	0	0	0	0	-1	41.9075
591	0	0	0	0	-1	43.25
