1	2	3	8	21	-3	36.2278834951456
2	4	5	1	354.5	-3	23.6124126984127
3	6	7	5	11.05	-3	41.7857482517483
4	8	9	6	930.5	-3	18.5257727272727
5	10	11	4	183.05	-3	35.392
6	12	13	3	176.8	-3	38.9423978685613
7	14	15	1	189.75	-3	52.3173684210526
8	16	17	6	860.5	-3	10.576875
9	18	19	3	95.1	-3	19.1492156862745
10	20	21	1	460.5	-3	40.7503448275862
11	22	23	7	773.5	-3	26.9924324324324
12	24	25	1	355.95	-3	39.3480615942029
13	26	27	3	193.95	-3	18.5854545454545
14	28	29	1	151.4	-3	25.1954838709677
15	30	31	7	763.85	-3	59.2659504132231
16	0	0	0	0	-1	18.765
17	32	33	7	919.2	-3	9.40714285714286
18	34	35	5	7.8	-3	16.6300862068965
19	36	37	8	10.5	-3	22.4698863636364
20	38	39	7	752.9	-3	39.0058
21	40	41	4	159.5	-3	51.65375
22	42	43	5	7.5	-3	29.4178125
23	0	0	0	0	-1	11.47
24	44	45	6	1090.7	-3	36.9397180043384
25	46	47	5	0.95	-3	51.5485714285714
26	48	49	5	7.4	-3	21.84
27	0	0	0	0	-1	14.68
28	50	51	3	66.8	-3	19.5466666666667
29	52	53	2	74.5	-3	28.7631578947368
30	54	55	1	347.8	-3	67.47625
31	56	57	4	156.35	-3	56.3139325842697
32	58	59	1	162.5	-3	11.5525
33	60	61	7	944.05	-3	6.54666666666667
34	62	63	4	191.5	-3	15.3219266055046
35	64	65	1	299.8	-3	37
36	66	67	7	861.1	-3	16.0773170731707
37	68	69	3	137.85	-3	28.0463829787234
38	70	71	8	5	-3	36.1738461538462
39	72	73	8	5	-3	40.0008108108108
40	0	0	0	0	-1	47.622
41	0	0	0	0	-1	58.3733333333333
42	74	75	8	2	-3	28.5570967741935
43	0	0	0	0	-1	56.1
44	76	77	4	175.75	-3	37.5249324324324
45	78	79	1	212.5	-3	21.6552941176471
46	80	81	4	179	-3	45.8365454545455
47	82	83	7	627.1	-3	60.2752777777778
48	0	0	0	0	-1	24.1
49	0	0	0	0	-1	10.54
50	0	0	0	0	-1	32.96
51	84	85	6	1038	-3	15.0755555555556
52	0	0	0	0	-1	15.678
53	86	87	2	163.5	-3	33.4364285714286
54	0	0	0	0	-1	44.26
55	88	89	3	39.5	-3	69.8779310344828
56	90	91	7	888.05	-3	63.7948936170213
57	92	93	3	98.1	-3	47.9423809523809
58	0	0	0	0	-1	9.2275
59	0	0	0	0	-1	13.8775
60	0	0	0	0	-1	6.216
61	0	0	0	0	-1	8.2
62	94	95	8	10.5	-3	16.73
63	96	97	5	2.3	-3	14.331875
64	0	0	0	0	-1	24.4
65	98	99	2	272.5	-3	39.1
66	100	101	4	132.55	-3	15.2551428571429
67	102	103	6	992.9	-3	20.8733333333333
68	104	105	3	117.85	-3	29.4567567567568
69	106	107	7	847.2	-3	22.828
70	108	109	7	731	-3	30.6066666666667
71	110	111	2	23	-3	40.9457142857143
72	112	113	2	94.25	-3	34.302
73	114	115	3	47	-3	43.8863636363636
74	0	0	0	0	-1	12.64
75	116	117	7	705.6	-3	29.6548275862069
76	118	119	7	777.65	-3	45.3221052631579
77	120	121	7	677	-3	34.8313636363636
78	0	0	0	0	-1	49.25
79	122	123	7	779	-3	19.930625
80	0	0	0	0	-1	72.7025
81	124	125	4	187.5	-3	43.7294117647059
82	0	0	0	0	-1	41.755
83	126	127	6	811.5	-3	61.3647058823529
84	128	129	6	996.5	-3	15.5371428571429
85	0	0	0	0	-1	13.46
86	0	0	0	0	-1	27.68
87	130	131	1	164	-3	35.739
88	132	133	1	384.7	-3	73.7608695652174
89	134	135	8	42	-3	54.9933333333333
90	136	137	5	11.55	-3	65.585
91	138	139	6	996.9	-3	56.2366666666667
92	140	141	5	11.7	-3	56.0557142857143
93	142	143	8	42	-3	39.8290476190476
94	144	145	4	183.5	-3	15.7186842105263
95	146	147	3	59.3	-3	22.22
96	148	149	7	800.05	-3	14.3946031746032
97	0	0	0	0	-1	10.38
98	0	0	0	0	-1	35.5666666666667
99	0	0	0	0	-1	42.6333333333333
100	0	0	0	0	-1	7.75
101	150	151	4	159.1	-3	15.71
102	0	0	0	0	-1	22.612
103	0	0	0	0	-1	12.18
104	152	153	4	181.1	-3	31.1561111111111
105	154	155	1	166.95	-3	27.8468421052632
106	156	157	2	46.1	-3	26.7933333333333
107	0	0	0	0	-1	16.88
108	0	0	0	0	-1	29.1033333333333
109	0	0	0	0	-1	32.11
110	0	0	0	0	-1	39.3225
111	0	0	0	0	-1	43.11
112	0	0	0	0	-1	26.5433333333333
113	158	159	1	413.4	-3	36.2416666666667
114	160	161	1	389.25	-3	48.2325
115	162	163	5	14.1	-3	38.671
116	164	165	7	603.5	-3	34.5883333333333
117	166	167	8	5	-3	26.1723529411765
118	168	169	7	648.4	-3	52.8638235294118
119	170	171	1	212.55	-3	42.116875
120	172	173	4	184.75	-3	44.9451063829787
121	174	175	7	862.1	-3	33.1516961130742
122	0	0	0	0	-1	24.2933333333333
123	176	177	6	1112	-3	18.9238461538462
124	178	179	7	773.65	-3	34.819
125	180	181	6	885.2	-3	45.9026829268293
126	0	0	0	0	-1	41.37
127	182	183	4	183.05	-3	62.614375
128	184	185	3	154.3	-3	15.135
129	0	0	0	0	-1	17.95
130	186	187	2	220.05	-3	35.195
131	0	0	0	0	-1	37.915
132	188	189	7	680.4	-3	71.8333333333333
133	190	191	1	414.45	-3	77.375
134	0	0	0	0	-1	53.1875
135	0	0	0	0	-1	58.605
136	192	193	8	42	-3	72.9557142857143
137	194	195	2	80.45	-3	63.9206451612903
138	196	197	1	453.15	-3	57.595
139	0	0	0	0	-1	45.37
140	0	0	0	0	-1	65.038
141	198	199	6	895.05	-3	53.24875
142	200	201	4	161.05	-3	34.8945454545455
143	202	203	3	149.15	-3	45.257
144	204	205	1	213.75	-3	13.74125
145	206	207	1	189.85	-3	16.246
146	208	209	3	12.25	-3	21.6416666666667
147	0	0	0	0	-1	25.69
148	210	211	1	236.75	-3	16.5144827586207
149	212	213	2	158.45	-3	12.5864705882353
150	214	215	7	800.2	-3	19.65625
151	216	217	2	30.55	-3	14.4472
152	218	219	1	250.7	-3	33.6307692307692
153	0	0	0	0	-1	24.722
154	0	0	0	0	-1	33.09
155	220	221	6	1021.2	-3	26.86375
156	0	0	0	0	-1	17.82
157	0	0	0	0	-1	31.28
158	222	223	4	156.15	-3	37.3
159	0	0	0	0	-1	34.125
160	224	225	5	11.85	-3	45.2
161	226	227	4	149.4	-3	51.265
162	228	229	7	823	-3	39.8916666666667
163	0	0	0	0	-1	36.84
164	0	0	0	0	-1	34.265
165	230	231	8	5	-3	34.75
166	0	0	0	0	-1	24.4
167	0	0	0	0	-1	26.4086666666667
168	0	0	0	0	-1	63.2
169	232	233	3	170.85	-3	51.4856666666667
170	234	235	3	172.95	-3	38.51
171	236	237	6	898.15	-3	49.197037037037
172	0	0	0	0	-1	74.7
173	238	239	5	7.5	-3	44.2982608695652
174	240	241	4	192.35	-3	34.2409090909091
175	242	243	3	132.4	-3	23.966
176	244	245	1	251	-3	20.1957142857143
177	246	247	1	231.5	-3	17.44
178	248	249	1	383.75	-3	36.1888888888889
179	0	0	0	0	-1	22.49
180	0	0	0	0	-1	23.85
181	250	251	4	190.5	-3	47.0335897435897
182	252	253	5	8.95	-3	64.4733333333333
183	254	255	4	190.65	-3	57.0375
184	0	0	0	0	-1	13.2
185	0	0	0	0	-1	15.522
186	256	257	3	69.35	-3	34.5871428571429
187	0	0	0	0	-1	39.45
188	0	0	0	0	-1	55.9666666666667
189	258	259	8	42	-3	75.8
190	0	0	0	0	-1	78.72
191	0	0	0	0	-1	75.1333333333333
192	0	0	0	0	-1	68.1
193	0	0	0	0	-1	74.898
194	260	261	8	78	-3	58.755
195	262	263	8	73.5	-3	65.7173913043478
196	0	0	0	0	-1	56.12
197	0	0	0	0	-1	58.48
198	0	0	0	0	-1	55.74
199	264	265	3	95.7	-3	52.1163636363636
200	0	0	0	0	-1	30.43
201	266	267	3	117.7	-3	36.56875
202	268	269	1	234	-3	43.54375
203	0	0	0	0	-1	52.11
204	0	0	0	0	-1	18
205	270	271	1	262.5	-3	13.1328571428571
206	0	0	0	0	-1	9.002
207	272	273	1	262.65	-3	17.6948
208	0	0	0	0	-1	21.26
209	0	0	0	0	-1	22.0233333333333
210	274	275	7	749.55	-3	12.235
211	276	277	2	83.4	-3	20.5086666666667
212	278	279	8	10.5	-3	13.054
213	0	0	0	0	-1	9.08
214	0	0	0	0	-1	18.23
215	0	0	0	0	-1	22.0333333333333
216	280	281	1	196.15	-3	13.5695
217	0	0	0	0	-1	17.958
218	0	0	0	0	-1	25.972
219	282	283	1	283.75	-3	38.4175
220	0	0	0	0	-1	37.1466666666667
221	284	285	1	240.7	-3	24.4907692307692
222	0	0	0	0	-1	40.9333333333333
223	0	0	0	0	-1	35.12
224	0	0	0	0	-1	47.65
225	0	0	0	0	-1	40.3
226	0	0	0	0	-1	56.595
227	0	0	0	0	-1	48.6
228	0	0	0	0	-1	36.7033333333333
229	0	0	0	0	-1	43.08
230	0	0	0	0	-1	25.835
231	286	287	3	61.5	-3	37.7216666666667
232	288	289	6	876.3	-3	52.5980769230769
233	0	0	0	0	-1	44.255
234	290	291	2	171	-3	37.5486
235	0	0	0	0	-1	54.5333333333333
236	292	293	4	165.7	-3	61.84125
237	294	295	8	42	-3	43.8731578947368
238	296	297	2	139.85	-3	45.2640476190476
239	0	0	0	0	-1	34.1575
240	298	299	8	42	-3	36.2670198675497
241	300	301	6	814.45	-3	31.2414705882353
242	302	303	3	120.5	-3	24.9821428571429
243	0	0	0	0	-1	9.74
244	0	0	0	0	-1	20.87
245	0	0	0	0	-1	19.69
246	0	0	0	0	-1	17.34
247	0	0	0	0	-1	17.54
248	0	0	0	0	-1	37.69
249	304	305	6	1003	-3	35.4383333333333
250	0	0	0	0	-1	61.6475
251	306	307	8	59	-3	45.3634285714286
252	308	309	4	169	-3	67.9661538461538
253	310	311	1	410	-3	60.3454545454545
254	0	0	0	0	-1	47.94
255	312	313	2	106.5	-3	60.07
256	0	0	0	0	-1	32.77
257	0	0	0	0	-1	35.314
258	0	0	0	0	-1	71.3
259	314	315	8	73.5	-3	78.05
260	316	317	5	11.8	-3	56.2
261	0	0	0	0	-1	66.42
262	318	319	4	144.6	-3	64.5909090909091
263	320	321	2	111.75	-3	66.75
264	322	323	8	42	-3	51.94
265	0	0	0	0	-1	52.328
266	0	0	0	0	-1	35.8675
267	0	0	0	0	-1	37.27
268	0	0	0	0	-1	42.646
269	0	0	0	0	-1	45.04
270	324	325	3	12.25	-3	12.955
271	0	0	0	0	-1	14.2
272	326	327	7	696.8	-3	16.3235714285714
273	328	329	7	776.5	-3	19.44
274	330	331	6	974.1	-3	13.295
275	0	0	0	0	-1	9.585
276	332	333	1	344.5	-3	21.7944444444444
277	0	0	0	0	-1	18.58
278	334	335	7	850.3	-3	12.68
279	0	0	0	0	-1	15.485
280	0	0	0	0	-1	10.92
281	336	337	7	829.1	-3	14.0370588235294
282	0	0	0	0	-1	42.1566666666667
283	0	0	0	0	-1	36.174
284	338	339	5	6.95	-3	23.409
285	0	0	0	0	-1	28.0966666666667
286	0	0	0	0	-1	37.5233333333333
287	0	0	0	0	-1	37.92
288	0	0	0	0	-1	76.24
289	340	341	7	767.25	-3	51.6524
290	342	343	8	42	-3	38.2270212765957
291	0	0	0	0	-1	26.92
292	0	0	0	0	-1	67.87
293	344	345	1	302.7	-3	59.8316666666667
294	346	347	1	293.05	-3	41.7325
295	348	349	4	157.5	-3	47.5428571428571
296	350	351	6	939	-3	51.0755
297	352	353	7	612	-3	39.9809090909091
298	354	355	2	49.05	-3	34.157
299	356	357	5	6.55	-3	40.4043137254902
300	358	359	6	806.2	-3	44.7014285714286
301	360	361	7	697.75	-3	30.2496842105263
302	362	363	4	196	-3	24.4481481481482
303	0	0	0	0	-1	39.4
304	0	0	0	0	-1	31.35
305	0	0	0	0	-1	36.256
306	364	365	1	436.5	-3	41.225
307	366	367	8	135	-3	46.2196551724138
308	368	369	7	658.5	-3	70.0875
309	0	0	0	0	-1	64.572
310	370	371	4	157	-3	62.78125
311	0	0	0	0	-1	53.85
312	0	0	0	0	-1	58.902
313	0	0	0	0	-1	65.91
314	0	0	0	0	-1	77.3
315	0	0	0	0	-1	79.3
316	0	0	0	0	-1	51.43
317	0	0	0	0	-1	57.154
318	0	0	0	0	-1	66.9
319	372	373	8	42	-3	64.0777777777778
320	374	375	7	845.4	-3	65.4142857142857
321	0	0	0	0	-1	68.62
322	0	0	0	0	-1	46.68
323	0	0	0	0	-1	52.992
324	0	0	0	0	-1	12.73
325	0	0	0	0	-1	13.18
326	0	0	0	0	-1	23.0533333333333
327	376	377	6	1058.4	-3	14.4881818181818
328	378	379	6	987.6	-3	21.0857142857143
329	0	0	0	0	-1	16.56
330	380	381	2	231.15	-3	14.0055555555556
331	0	0	0	0	-1	6.9
332	382	383	8	5	-3	22.2525
333	0	0	0	0	-1	18.13
334	384	385	7	827.75	-3	13.247
335	386	387	8	5	-3	10.79
336	388	389	7	765.25	-3	14.38375
337	0	0	0	0	-1	8.49
338	0	0	0	0	-1	21.06
339	390	391	1	201.15	-3	24.975
340	392	393	2	145.75	-3	50.4072222222222
341	394	395	8	78	-3	54.8542857142857
342	396	397	5	9.85	-3	31.7025
343	398	399	2	42.15	-3	40.464
344	0	0	0	0	-1	52.83
345	0	0	0	0	-1	61.232
346	0	0	0	0	-1	34.235
347	400	401	7	840.7	-3	43.232
348	0	0	0	0	-1	53.96
349	402	403	6	979.45	-3	46.4733333333333
350	404	405	1	281.9	-3	52.3994117647059
351	0	0	0	0	-1	43.5733333333333
352	406	407	2	190	-3	35.664
353	408	409	1	165	-3	43.5783333333333
354	410	411	7	807	-3	29.6332
355	412	413	6	933.7	-3	35.6649333333333
356	414	415	6	1058.1	-3	39.0446666666667
357	416	417	1	225.95	-3	50.6016666666667
358	0	0	0	0	-1	39.936
359	0	0	0	0	-1	56.615
360	418	419	1	158.5	-3	25.5535294117647
361	420	421	8	73	-3	31.2732051282051
362	422	423	3	48.35	-3	23.3434782608696
363	0	0	0	0	-1	30.8
364	0	0	0	0	-1	38.5433333333333
365	0	0	0	0	-1	43.9066666666667
366	0	0	0	0	-1	48.7781818181818
367	424	425	7	632	-3	44.6561111111111
368	0	0	0	0	-1	57.23
369	426	427	5	3.25	-3	71.9242857142857
370	0	0	0	0	-1	66.78
371	428	429	1	365	-3	62.21
372	0	0	0	0	-1	61.8
373	430	431	7	883.75	-3	64.7285714285714
374	0	0	0	0	-1	66.7
375	0	0	0	0	-1	65.2
376	0	0	0	0	-1	17.444
377	432	433	4	185.35	-3	12.025
378	0	0	0	0	-1	24.44
379	434	435	2	187.7	-3	20.5266666666667
380	0	0	0	0	-1	13.57
381	0	0	0	0	-1	14.55
382	0	0	0	0	-1	13.22
383	436	437	6	971	-3	23.5428571428571
384	438	439	1	319	-3	12.591875
385	0	0	0	0	-1	15.8675
386	0	0	0	0	-1	9.59
387	0	0	0	0	-1	11.39
388	440	441	4	195.35	-3	12.8133333333333
389	442	443	1	207.75	-3	15.326
390	0	0	0	0	-1	21.7875
391	0	0	0	0	-1	31.35
392	444	445	1	170.6	-3	51.5425
393	0	0	0	0	-1	41.325
394	0	0	0	0	-1	53.712
395	0	0	0	0	-1	57.71
396	446	447	7	901.35	-3	30.5290909090909
397	0	0	0	0	-1	44.61
398	448	449	1	192.7	-3	39.5573076923077
399	450	451	5	9.5	-3	43.0833333333333
400	452	453	1	313.4	-3	44.055
401	0	0	0	0	-1	39.94
402	0	0	0	0	-1	48.72
403	0	0	0	0	-1	46.024
404	0	0	0	0	-1	50.6383333333333
405	454	455	8	225	-3	53.36
406	456	457	8	59	-3	37.4916666666667
407	0	0	0	0	-1	32.9225
408	0	0	0	0	-1	35.23
409	458	459	1	215.75	-3	44.3372727272727
410	460	461	6	994.7	-3	23.61375
411	462	463	1	334.5	-3	32.4658823529412
412	464	465	7	789.5	-3	41.6825
413	466	467	1	154.35	-3	31.1867441860465
414	468	469	1	205.35	-3	39.9039024390244
415	0	0	0	0	-1	30.2375
416	0	0	0	0	-1	51.862
417	0	0	0	0	-1	44.3
418	470	471	5	7.65	-3	21.408
419	472	473	4	228.3	-3	31.4757142857143
420	474	475	7	768.6	-3	30.1808196721311
421	476	477	6	973.7	-3	35.1929411764706
422	478	479	2	163	-3	22.3284210526316
423	0	0	0	0	-1	28.165
424	0	0	0	0	-1	42.3121428571429
425	0	0	0	0	-1	52.86
426	0	0	0	0	-1	73.9566666666667
427	0	0	0	0	-1	70.4
428	0	0	0	0	-1	59
429	480	481	8	42	-3	62.745
430	0	0	0	0	-1	65.3
431	0	0	0	0	-1	64.3
432	0	0	0	0	-1	13.71
433	0	0	0	0	-1	11.688
434	0	0	0	0	-1	20.26
435	0	0	0	0	-1	21.86
436	0	0	0	0	-1	24.005
437	0	0	0	0	-1	20.77
438	482	483	1	199.3	-3	12.2811111111111
439	484	485	8	5	-3	12.9914285714286
440	0	0	0	0	-1	14.205
441	0	0	0	0	-1	10.03
442	0	0	0	0	-1	15.07
443	486	487	1	222.65	-3	15.4966666666667
444	488	489	4	175.3	-3	52.8111111111111
445	490	491	1	216.85	-3	49.9114285714286
446	492	493	3	123.7	-3	29.6566666666667
447	0	0	0	0	-1	34.455
448	494	495	6	1057.15	-3	37.29625
449	496	497	3	112.65	-3	43.175
450	0	0	0	0	-1	43.5
451	0	0	0	0	-1	42.75
452	498	499	4	147.6	-3	44.8542857142857
453	0	0	0	0	-1	38.46
454	0	0	0	0	-1	51.864
455	0	0	0	0	-1	54.6066666666667
456	0	0	0	0	-1	33.02
457	0	0	0	0	-1	38.386
458	500	501	4	215.75	-3	46.405
459	0	0	0	0	-1	41.856
460	0	0	0	0	-1	13.29
461	502	503	5	5.75	-3	27.055
462	504	505	7	815.55	-3	29.1766666666667
463	0	0	0	0	-1	40.36
464	506	507	6	868	-3	44.0095
465	508	509	3	56.5	-3	37.8041666666667
466	510	511	1	137.65	-3	24.033
467	512	513	4	183.7	-3	33.3545454545455
468	514	515	2	131.1	-3	42.9863636363636
469	516	517	4	179.65	-3	38.7736666666667
470	0	0	0	0	-1	26.86
471	0	0	0	0	-1	15.956
472	0	0	0	0	-1	32.614
473	0	0	0	0	-1	28.63
474	518	519	1	311.45	-3	33.1183870967742
475	520	521	5	7.05	-3	27.1453333333333
476	522	523	7	790.55	-3	36.66
477	0	0	0	0	-1	31.672
478	524	525	6	888.9	-3	21.4566666666667
479	0	0	0	0	-1	25.5975
480	0	0	0	0	-1	61.09
481	0	0	0	0	-1	64.4
482	0	0	0	0	-1	11.885
483	526	527	8	5	-3	12.3942857142857
484	0	0	0	0	-1	14.584
485	0	0	0	0	-1	9.01
486	0	0	0	0	-1	15.61
487	0	0	0	0	-1	15.44
488	0	0	0	0	-1	53.72
489	0	0	0	0	-1	52.5514285714286
490	0	0	0	0	-1	50.94
491	528	529	8	42	-3	49.74
492	0	0	0	0	-1	31.27
493	0	0	0	0	-1	28.366
494	530	531	1	173.2	-3	39.7983333333333
495	532	533	4	162	-3	35.795
496	534	535	7	904.75	-3	42.69875
497	0	0	0	0	-1	45.08
498	0	0	0	0	-1	44.52
499	0	0	0	0	-1	45.3
500	0	0	0	0	-1	51.86
501	0	0	0	0	-1	43.6775
502	0	0	0	0	-1	26.536
503	0	0	0	0	-1	29.65
504	0	0	0	0	-1	42.64
505	536	537	7	818.45	-3	26.484
506	0	0	0	0	-1	33.3033333333333
507	538	539	2	133	-3	45.8988235294118
508	540	541	4	178.25	-3	42.68125
509	0	0	0	0	-1	28.05
510	0	0	0	0	-1	18.2
511	542	543	5	3.55	-3	25.49125
512	544	545	6	1043.9	-3	38.9269230769231
513	546	547	6	1055	-3	29.7325
514	0	0	0	0	-1	49.29
515	548	549	8	135	-3	41.5855555555556
516	0	0	0	0	-1	44.52
517	550	551	8	95	-3	38.5755172413793
518	552	553	6	1036.5	-3	31.4524
519	554	555	4	0	-3	40.06
520	556	557	6	944.5	-3	26.2004347826087
521	558	559	7	825.2	-3	30.25
522	0	0	0	0	-1	39.522
523	560	561	7	806.05	-3	34.6157142857143
524	562	563	1	127.5	-3	21.1028571428571
525	564	565	8	59	-3	21.76625
526	566	567	1	253.5	-3	11.5983333333333
527	0	0	0	0	-1	17.17
528	0	0	0	0	-1	49.296
529	0	0	0	0	-1	51.96
530	0	0	0	0	-1	37.4933333333333
531	0	0	0	0	-1	42.1033333333333
532	0	0	0	0	-1	37.686
533	0	0	0	0	-1	33.904
534	568	569	6	1002.9	-3	43.4642857142857
535	0	0	0	0	-1	37.34
536	0	0	0	0	-1	12.18
537	570	571	5	7.5	-3	28.0733333333333
538	572	573	3	88.5	-3	40.9914285714286
539	574	575	4	191.25	-3	49.334
540	576	577	7	826.75	-3	43.265
541	0	0	0	0	-1	40.93
542	0	0	0	0	-1	28.24
543	0	0	0	0	-1	23.842
544	578	579	7	767.9	-3	37.44
545	0	0	0	0	-1	43.8833333333333
546	580	581	6	1005.3	-3	31.0805555555556
547	0	0	0	0	-1	17.6
548	0	0	0	0	-1	39.352
549	0	0	0	0	-1	44.3775
550	582	583	3	119.95	-3	36.5372727272727
551	584	585	1	264.2	-3	39.8211111111111
552	586	587	3	112.6	-3	31.0334782608696
553	0	0	0	0	-1	36.27
554	0	0	0	0	-1	37.92
555	0	0	0	0	-1	40.06
556	588	589	3	49	-3	24.195
557	590	591	2	166.3	-3	26.9082352941176
558	592	593	2	48.5	-3	31.96
559	0	0	0	0	-1	19.99
560	0	0	0	0	-1	33.19
561	0	0	0	0	-1	35.186
562	0	0	0	0	-1	21.37
563	0	0	0	0	-1	20.7466666666667
564	0	0	0	0	-1	18.42
565	594	595	8	135	-3	22.2442857142857
566	0	0	0	0	-1	11.41
567	0	0	0	0	-1	12.54
568	0	0	0	0	-1	44.0575
569	0	0	0	0	-1	42.6733333333333
570	596	597	3	94.9	-3	29.56
571	0	0	0	0	-1	25.1
572	0	0	0	0	-1	37.5466666666667
573	0	0	0	0	-1	43.575
574	598	599	5	6.5	-3	51.9025
575	0	0	0	0	-1	39.06
576	0	0	0	0	-1	44.39
577	0	0	0	0	-1	42.14
578	600	601	4	179.95	-3	37.96
579	0	0	0	0	-1	32.76
580	602	603	7	793.7	-3	32.5741666666667
581	604	605	2	162.9	-3	28.0933333333333
582	606	607	1	250.7	-3	37.0566666666667
583	0	0	0	0	-1	34.2
584	608	609	3	119.95	-3	42.25
585	610	611	4	191.5	-3	37.878
586	612	613	7	751.5	-3	33.3221428571429
587	614	615	1	194.85	-3	27.4733333333333
588	0	0	0	0	-1	20.59
589	0	0	0	0	-1	24.916
590	616	617	6	963.6	-3	26.498
591	0	0	0	0	-1	29.985
592	0	0	0	0	-1	31.24
593	0	0	0	0	-1	33.4
594	618	619	1	245.5	-3	21.935
595	0	0	0	0	-1	24.1
596	0	0	0	0	-1	30.028
597	0	0	0	0	-1	27.22
598	0	0	0	0	-1	57.2133333333333
599	0	0	0	0	-1	48.716
600	0	0	0	0	-1	39.16
601	620	621	2	243.25	-3	37.36
602	622	623	4	188.85	-3	34.71375
603	0	0	0	0	-1	28.295
604	0	0	0	0	-1	25.73
605	0	0	0	0	-1	30.4566666666667
606	0	0	0	0	-1	38.985
607	624	625	1	304	-3	36.5057142857143
608	626	627	1	250.7	-3	42.6271428571429
609	0	0	0	0	-1	39.61
610	0	0	0	0	-1	32.7866666666667
611	628	629	6	1012.5	-3	40.06
612	630	631	6	927.25	-3	31.917
613	0	0	0	0	-1	36.835
614	0	0	0	0	-1	31.5566666666667
615	632	633	4	195.35	-3	25.4316666666667
616	0	0	0	0	-1	25.252
617	634	635	6	971	-3	27.121
618	0	0	0	0	-1	21.95
619	0	0	0	0	-1	21.86
620	0	0	0	0	-1	37.36
621	0	0	0	0	-1	37.36
622	0	0	0	0	-1	35.7675
623	0	0	0	0	-1	33.66
624	0	0	0	0	-1	35.628
625	0	0	0	0	-1	38.7
626	0	0	0	0	-1	41.755
627	0	0	0	0	-1	43.79
628	0	0	0	0	-1	38.7775
629	0	0	0	0	-1	41.77
630	0	0	0	0	-1	33.23
631	0	0	0	0	-1	30.604
632	0	0	0	0	-1	26.81
633	0	0	0	0	-1	24.0533333333333
634	0	0	0	0	-1	29.0333333333333
635	636	637	7	787.5	-3	26.3014285714286
636	0	0	0	0	-1	28
637	0	0	0	0	-1	24.0366666666667
