1	2	3	8	42	-3	36.2375436893204
2	4	5	4	178.95	-3	31.0934235453315
3	6	7	3	94.05	-3	49.3011340206185
4	8	9	2	94.25	-3	38.1657666666667
5	10	11	8	10.5	-3	26.2603872437358
6	12	13	8	73	-3	50.714
7	14	15	5	7.85	-3	46.6432673267327
8	16	17	1	305.55	-3	33.6866875
9	18	19	6	1099.65	-3	43.2847142857143
10	20	21	1	410.25	-3	18.6477777777778
11	22	23	2	18.5	-3	30.7125270758123
12	24	25	7	765.85	-3	60.6873684210526
13	26	27	4	190	-3	48.2206578947368
14	28	29	2	14.3	-3	40.3986
15	30	31	1	328.1	-3	52.7654901960784
16	32	33	5	11.65	-3	25.7881818181818
17	34	35	6	1016	-3	46.5055737704918
18	36	37	5	8.05	-3	42.5545185185185
19	0	0	0	0	-1	63
20	38	39	1	282.5	-3	15.6046323529412
21	40	41	1	477.5	-3	34.5657692307692
22	42	43	3	142.4	-3	25.9561538461538
23	44	45	1	263.5	-3	34.918843537415
24	46	47	3	39.5	-3	64.03
25	48	49	3	12.25	-3	57.3447368421053
26	50	51	4	174.25	-3	70.3227777777778
27	52	53	2	19	-3	41.3613793103448
28	54	55	5	4.95	-3	37.0244444444444
29	56	57	7	722.9	-3	49.075
30	58	59	3	108.95	-3	50.632
31	60	61	3	136.5	-3	68.7666666666667
32	62	63	6	1057.5	-3	23.3952173913043
33	64	65	5	15.1	-3	31.292
34	66	67	7	849	-3	42.819
35	68	69	7	658.5	-3	63.2627272727273
36	70	71	8	15.5	-3	32.0953125
37	72	73	4	166.2	-3	45.8039805825243
38	74	75	2	236.75	-3	12.9266666666667
39	76	77	7	682.1	-3	19.5485454545455
40	78	79	4	207	-3	42.91
41	80	81	5	1.95	-3	32.0625
42	82	83	6	941	-3	28.4752777777778
43	84	85	5	11.35	-3	13.5895454545455
44	86	87	5	10.4	-3	31.2801785714286
45	88	89	4	184.75	-3	46.5625714285714
46	90	91	4	167.5	-3	69.077
47	0	0	0	0	-1	58.4222222222222
48	92	93	5	4.45	-3	58.3730769230769
49	94	95	7	815.25	-3	55.1166666666667
50	96	97	2	147.65	-3	72.13125
51	98	99	5	8.75	-3	66.7058333333333
52	0	0	0	0	-1	39.193137254902
53	100	101	1	186.95	-3	43.0626153846154
54	102	103	7	826.6	-3	34.0461538461538
55	104	105	6	1057	-3	38.7078260869565
56	0	0	0	0	-1	61.1033333333333
57	106	107	6	1033	-3	45.7945454545455
58	108	109	7	882.3	-3	45.8826666666667
59	110	111	2	49.5	-3	53.0066666666667
60	0	0	0	0	-1	69.164
61	0	0	0	0	-1	66.78
62	112	113	7	882.95	-3	25.6019565217391
63	114	115	1	168.45	-3	18.9817391304348
64	116	117	3	98.1	-3	34.1624
65	0	0	0	0	-1	16.94
66	118	119	5	16.1	-3	40.7541463414634
67	120	121	6	853.55	-3	52.2255555555556
68	0	0	0	0	-1	55.888
69	0	0	0	0	-1	69.4083333333333
70	0	0	0	0	-1	14.94
71	122	123	4	169.5	-3	33.239
72	124	125	6	940.35	-3	49.5958490566038
73	126	127	6	882.3	-3	41.7846
74	128	129	1	127.8	-3	12.4877027027027
75	130	131	7	678.45	-3	17.5671428571429
76	0	0	0	0	-1	44.14
77	132	133	2	7.5	-3	18.1298076923077
78	0	0	0	0	-1	46.825
79	0	0	0	0	-1	35.08
80	134	135	8	2	-3	31.3166666666667
81	0	0	0	0	-1	33.18125
82	136	137	1	275.5	-3	35.82125
83	138	139	7	755.95	-3	26.3764285714286
84	140	141	3	186.95	-3	11.5461538461538
85	142	143	1	164.4	-3	16.5411111111111
86	144	145	1	156.1	-3	30.5482653061224
87	146	147	3	73	-3	36.4035714285714
88	148	149	6	861.05	-3	61.36
89	150	151	7	622.1	-3	43.5010344827586
90	152	153	4	149.9	-3	74.6166666666667
91	0	0	0	0	-1	60.7675
92	0	0	0	0	-1	29.98
93	154	155	5	11.65	-3	63.5354545454545
94	0	0	0	0	-1	47.13
95	0	0	0	0	-1	56.714
96	156	157	4	166.85	-3	69.1916666666667
97	158	159	4	155.4	-3	80.95
98	160	161	8	135.5	-3	65.298
99	0	0	0	0	-1	73.745
100	162	163	7	848	-3	35.6735294117647
101	164	165	7	632	-3	45.6795833333333
102	0	0	0	0	-1	30.1
103	166	167	7	854.3	-3	36.5125
104	168	169	6	1036	-3	39.2015789473684
105	0	0	0	0	-1	36.3625
106	170	171	6	924.1	-3	51.3685714285714
107	0	0	0	0	-1	36.04
108	0	0	0	0	-1	50.14
109	172	173	6	1006.9	-3	43.754
110	174	175	1	232.85	-3	51.1905263157895
111	176	177	4	148.2	-3	56.1436363636364
112	178	179	6	1007.25	-3	28.77
113	180	181	3	100.45	-3	20.6738888888889
114	182	183	3	163.55	-3	13.9442857142857
115	184	185	8	8.5	-3	21.185625
116	0	0	0	0	-1	44.02
117	186	187	1	252.05	-3	32.8181818181818
118	188	189	5	14.1	-3	40.0213157894737
119	0	0	0	0	-1	50.0366666666667
120	0	0	0	0	-1	39.0666666666667
121	190	191	5	12.7	-3	58.805
122	192	193	6	1015.35	-3	44.8333333333333
123	194	195	7	828.75	-3	30.3404166666667
124	196	197	8	5	-3	45.1053846153846
125	198	199	7	706.4	-3	53.92
126	200	201	7	849	-3	53.715
127	202	203	6	940	-3	40.1577272727273
128	204	205	8	5	-3	7.18111111111111
129	206	207	5	2.65	-3	13.2224615384615
130	0	0	0	0	-1	20.064
131	0	0	0	0	-1	11.325
132	208	209	1	349.5	-3	17.7127272727273
133	210	211	4	188.85	-3	20.42375
134	0	0	0	0	-1	12.64
135	212	213	7	662.6	-3	33.0145454545455
136	0	0	0	0	-1	18.75
137	214	215	3	53.35	-3	38.26
138	216	217	7	659.1	-3	38.6576470588235
139	218	219	6	1107.8	-3	23.2602985074627
140	220	221	1	140.2	-3	12.0927272727273
141	0	0	0	0	-1	8.54
142	0	0	0	0	-1	15.35
143	0	0	0	0	-1	18.03
144	222	223	6	919.5	-3	27.1304255319149
145	224	225	6	1114.2	-3	33.6980392156863
146	226	227	4	181.65	-3	37.582
147	0	0	0	0	-1	33.4575
148	0	0	0	0	-1	68.3
149	0	0	0	0	-1	54.42
150	228	229	7	603.6	-3	37.3557142857143
151	230	231	1	313.15	-3	45.4563636363636
152	0	0	0	0	-1	79.4
153	0	0	0	0	-1	69.8333333333333
154	0	0	0	0	-1	72.645
155	232	233	7	890.4	-3	61.5111111111111
156	234	235	5	23.4	-3	66.5666666666667
157	236	237	8	225	-3	71.8166666666667
158	0	0	0	0	-1	82.6
159	0	0	0	0	-1	79.3
160	0	0	0	0	-1	66.6
161	0	0	0	0	-1	63.996
162	238	239	4	197.75	-3	39.4736363636364
163	240	241	6	898.9	-3	28.7066666666667
164	242	243	1	285	-3	40.9346666666667
165	244	245	1	258.1	-3	47.8363636363636
166	0	0	0	0	-1	34.56
167	246	247	1	168.7	-3	37.1633333333333
168	248	249	6	953.4	-3	37.95
169	250	251	4	183.45	-3	40.5922222222222
170	0	0	0	0	-1	44.52
171	0	0	0	0	-1	54.108
172	0	0	0	0	-1	44.736
173	0	0	0	0	-1	42.772
174	252	253	8	78	-3	44.489
175	254	255	4	151.4	-3	58.6366666666667
176	0	0	0	0	-1	62.76
177	256	257	8	78	-3	54.6733333333333
178	258	259	3	95.9	-3	25.3014285714286
179	260	261	3	170.85	-3	32.2385714285714
180	262	263	7	903.7	-3	21.7955555555556
181	264	265	4	164.7	-3	19.5522222222222
182	0	0	0	0	-1	16.15
183	0	0	0	0	-1	13.062
184	0	0	0	0	-1	10.002
185	266	267	3	125	-3	26.2690909090909
186	268	269	6	1081.25	-3	31.23375
187	270	271	8	8.5	-3	37.0433333333333
188	272	273	6	852	-3	40.4881081081081
189	0	0	0	0	-1	22.75
190	0	0	0	0	-1	61.76
191	0	0	0	0	-1	44.03
192	0	0	0	0	-1	43.084
193	0	0	0	0	-1	53.58
194	274	275	1	160.25	-3	29.2681818181818
195	0	0	0	0	-1	42.135
196	276	277	4	154.6	-3	33.5777777777778
197	278	279	3	60	-3	51.2082352941176
198	0	0	0	0	-1	59
199	280	281	1	376.25	-3	53.7246153846154
200	0	0	0	0	-1	57.866
201	0	0	0	0	-1	32.96
202	282	283	1	311.45	-3	43.3369565217391
203	284	285	5	8.35	-3	36.6757142857143
204	0	0	0	0	-1	4.685
205	0	0	0	0	-1	9.178
206	286	287	5	0.85	-3	12.4079166666667
207	288	289	6	1017.7	-3	15.5223529411765
208	290	291	1	302	-3	15.9562068965517
209	0	0	0	0	-1	21.1086666666667
210	0	0	0	0	-1	21.53
211	0	0	0	0	-1	18.58
212	292	293	4	194.5	-3	33.7988888888889
213	0	0	0	0	-1	29.485
214	294	295	4	188.5	-3	41.4485714285714
215	296	297	4	204.35	-3	36.6657142857143
216	0	0	0	0	-1	48.27
217	298	299	5	8.5	-3	34.6525
218	300	301	3	103.8	-3	24.3653571428571
219	302	303	7	839	-3	17.6345454545455
220	0	0	0	0	-1	13.29
221	304	305	7	782.35	-3	11.4085714285714
222	306	307	1	146.25	-3	29.722962962963
223	308	309	1	153.3	-3	23.6305
224	310	311	6	1071	-3	32.7260416666667
225	0	0	0	0	-1	49.25
226	0	0	0	0	-1	37.36
227	0	0	0	0	-1	37.915
228	0	0	0	0	-1	35.8375
229	0	0	0	0	-1	39.38
230	312	313	1	303.8	-3	41.858125
231	314	315	5	6.5	-3	55.0516666666667
232	0	0	0	0	-1	64.75
233	0	0	0	0	-1	58.92
234	316	317	2	96.25	-3	67.4875
235	0	0	0	0	-1	59.2
236	0	0	0	0	-1	70.64
237	0	0	0	0	-1	74.17
238	318	319	1	136.3	-3	42.8833333333333
239	0	0	0	0	-1	35.382
240	0	0	0	0	-1	26.0333333333333
241	0	0	0	0	-1	31.38
242	0	0	0	0	-1	38.705
243	320	321	8	317.5	-3	41.2776923076923
244	322	323	7	733.05	-3	44.5635294117647
245	324	325	4	210	-3	51.31375
246	0	0	0	0	-1	37.96
247	0	0	0	0	-1	36.765
248	0	0	0	0	-1	41.1766666666667
249	326	327	6	1017.25	-3	36.5671428571429
250	0	0	0	0	-1	41.585
251	0	0	0	0	-1	39.798
252	328	329	1	201.9	-3	41.6814285714286
253	0	0	0	0	-1	51.04
254	0	0	0	0	-1	63.37
255	0	0	0	0	-1	54.85
256	0	0	0	0	-1	53.716
257	0	0	0	0	-1	55.87
258	0	0	0	0	-1	39.94
259	330	331	7	782.85	-3	24.1753846153846
260	332	333	8	8.5	-3	33.3669230769231
261	0	0	0	0	-1	17.57
262	0	0	0	0	-1	22.85375
263	0	0	0	0	-1	13.33
264	0	0	0	0	-1	20.3
265	334	335	4	167.9	-3	19.3385714285714
266	336	337	3	124.2	-3	27.74625
267	0	0	0	0	-1	22.33
268	338	339	8	8.5	-3	30.1369230769231
269	0	0	0	0	-1	35.9866666666667
270	0	0	0	0	-1	21.78
271	0	0	0	0	-1	40.096
272	340	341	4	173	-3	42.699
273	342	343	3	103.5	-3	39.6692592592593
274	344	345	4	178.7	-3	25.8152941176471
275	0	0	0	0	-1	41.008
276	346	347	7	863.8	-3	37.2833333333333
277	0	0	0	0	-1	26.1666666666667
278	348	349	4	152.45	-3	49.64375
279	0	0	0	0	-1	76.24
280	350	351	2	194.95	-3	51.60875
281	352	353	6	945.75	-3	57.11
282	354	355	1	139.15	-3	39.9811764705882
283	356	357	8	17.5	-3	52.845
284	0	0	0	0	-1	41.9566666666667
285	358	359	6	1018.25	-3	35.7955555555556
286	360	361	4	193	-3	12.3464444444444
287	0	0	0	0	-1	13.33
288	362	363	5	4.55	-3	18.2933333333333
289	364	365	7	757.65	-3	14.0109090909091
290	366	367	7	749.5	-3	19.9933333333333
291	368	369	8	5	-3	14.9030434782609
292	0	0	0	0	-1	38.11
293	0	0	0	0	-1	30.35
294	0	0	0	0	-1	56.83
295	370	371	6	931.6	-3	38.885
296	372	373	4	184.25	-3	40.3525
297	374	375	5	7.95	-3	31.75
298	376	377	7	749.5	-3	35.0645454545455
299	0	0	0	0	-1	30.12
300	378	379	1	237.05	-3	25.6197777777778
301	380	381	4	186.45	-3	19.2336363636364
302	382	383	1	245.05	-3	18.173
303	0	0	0	0	-1	12.25
304	0	0	0	0	-1	12.46
305	0	0	0	0	-1	10.0066666666667
306	384	385	7	768.2	-3	31.8094736842105
307	386	387	7	739.5	-3	24.7675
308	388	389	5	1.5	-3	25.30125
309	0	0	0	0	-1	16.9475
310	390	391	5	6.95	-3	33.6226666666667
311	0	0	0	0	-1	19.2766666666667
312	392	393	1	289.6	-3	40.3609090909091
313	0	0	0	0	-1	45.152
314	0	0	0	0	-1	57.6833333333333
315	0	0	0	0	-1	52.42
316	0	0	0	0	-1	75.5
317	394	395	2	102.05	-3	66.3428571428571
318	0	0	0	0	-1	36.59
319	0	0	0	0	-1	44.142
320	396	397	2	71.25	-3	41.0844444444444
321	0	0	0	0	-1	41.7125
322	398	399	8	272.5	-3	48.14
323	400	401	8	270	-3	41.3844444444444
324	0	0	0	0	-1	50.53
325	0	0	0	0	-1	51.4257142857143
326	0	0	0	0	-1	37.835
327	0	0	0	0	-1	34.8766666666667
328	0	0	0	0	-1	38.1233333333333
329	0	0	0	0	-1	44.35
330	0	0	0	0	-1	18.516
331	402	403	5	5.3	-3	27.7125
332	0	0	0	0	-1	19.3166666666667
333	404	405	5	7.3	-3	37.582
334	0	0	0	0	-1	19.085
335	0	0	0	0	-1	19.44
336	0	0	0	0	-1	26.2175
337	0	0	0	0	-1	29.275
338	0	0	0	0	-1	20.355
339	406	407	4	158.65	-3	34.4844444444444
340	408	409	1	470	-3	40.5488888888889
341	0	0	0	0	-1	62.05
342	410	411	8	5	-3	42.2766666666667
343	412	413	8	5	-3	34.4544444444444
344	414	415	5	7.75	-3	24.2092857142857
345	0	0	0	0	-1	33.31
346	0	0	0	0	-1	39.225
347	0	0	0	0	-1	33.4
348	0	0	0	0	-1	54.6
349	416	417	5	13.2	-3	47.9916666666667
350	418	419	6	1003.2	-3	51.4314285714286
351	0	0	0	0	-1	52.85
352	0	0	0	0	-1	63.2
353	0	0	0	0	-1	54.5
354	0	0	0	0	-1	29.07
355	420	421	3	82.5	-3	41.436
356	0	0	0	0	-1	46.2
357	0	0	0	0	-1	54.174
358	422	423	2	163.5	-3	34.6333333333333
359	424	425	5	12.1	-3	38.12
360	426	427	6	908.6	-3	12.7581081081081
361	428	429	8	5	-3	10.4425
362	0	0	0	0	-1	20.73
363	0	0	0	0	-1	15.8566666666667
364	0	0	0	0	-1	12.44
365	430	431	6	1061.7	-3	14.6
366	0	0	0	0	-1	30.96
367	0	0	0	0	-1	14.51
368	432	433	4	192.5	-3	13.1433333333333
369	0	0	0	0	-1	16.8227272727273
370	0	0	0	0	-1	31.97
371	0	0	0	0	-1	40.268
372	0	0	0	0	-1	37.265
373	434	435	6	840.05	-3	41.3816666666667
374	0	0	0	0	-1	40.06
375	0	0	0	0	-1	30.088
376	0	0	0	0	-1	37.5666666666667
377	0	0	0	0	-1	32.062
378	436	437	6	957.5	-3	20.58
379	438	439	7	760.2	-3	26.5481578947368
380	440	441	3	116.8	-3	15.8142857142857
381	0	0	0	0	-1	25.2175
382	442	443	6	1115.5	-3	17.5228571428571
383	0	0	0	0	-1	19.69
384	444	445	1	135.85	-3	35.20125
385	446	447	6	878.4	-3	29.3427272727273
386	0	0	0	0	-1	28.99
387	0	0	0	0	-1	22.234
388	448	449	7	779.7	-3	21.52875
389	450	451	6	984.6	-3	29.07375
390	452	453	1	192.75	-3	34.5996875
391	454	455	5	8.15	-3	31.2176923076923
392	456	457	1	288.5	-3	41.9455555555556
393	0	0	0	0	-1	33.23
394	0	0	0	0	-1	66.95
395	0	0	0	0	-1	66.1
396	0	0	0	0	-1	41.64
397	458	459	2	118.75	-3	40.8066666666667
398	460	461	4	215.75	-3	46.29
399	0	0	0	0	-1	53.69
400	462	463	6	969.4	-3	40.5514285714286
401	0	0	0	0	-1	44.3
402	0	0	0	0	-1	31.72
403	464	465	8	8.5	-3	26.3766666666667
404	0	0	0	0	-1	28.51
405	466	467	6	1033.95	-3	43.63
406	468	469	6	996.9	-3	33.215
407	0	0	0	0	-1	44.64
408	0	0	0	0	-1	40.1383333333333
409	0	0	0	0	-1	41.37
410	0	0	0	0	-1	29.254
411	470	471	7	778.5	-3	47.2853846153846
412	0	0	0	0	-1	26.988
413	0	0	0	0	-1	43.7875
414	472	473	2	155.65	-3	26.6633333333333
415	474	475	7	755.5	-3	22.36875
416	0	0	0	0	-1	45.4333333333333
417	476	477	1	371.9	-3	48.8444444444444
418	478	479	8	17.5	-3	51.56
419	0	0	0	0	-1	51.11
420	0	0	0	0	-1	46.4175
421	480	481	6	896.35	-3	39.6245454545455
422	0	0	0	0	-1	27.68
423	482	483	6	967.15	-3	35.2654545454545
424	0	0	0	0	-1	37.852
425	0	0	0	0	-1	39.46
426	0	0	0	0	-1	8.79
427	484	485	7	754.2	-3	13.2390909090909
428	0	0	0	0	-1	7.975
429	0	0	0	0	-1	12.91
430	486	487	6	1043	-3	14.27
431	0	0	0	0	-1	15.59
432	488	489	1	320.5	-3	13.2688888888889
433	0	0	0	0	-1	12.7666666666667
434	0	0	0	0	-1	40.1233333333333
435	0	0	0	0	-1	42.64
436	0	0	0	0	-1	22.56
437	0	0	0	0	-1	15.63
438	0	0	0	0	-1	38.21
439	490	491	1	244.05	-3	26.232972972973
440	0	0	0	0	-1	12.18
441	0	0	0	0	-1	24.9
442	0	0	0	0	-1	17.34
443	492	493	6	1118.4	-3	17.5533333333333
444	0	0	0	0	-1	33.3
445	494	495	7	704.5	-3	35.835
446	496	497	1	145.45	-3	30.042
447	0	0	0	0	-1	22.35
448	0	0	0	0	-1	18.2
449	0	0	0	0	-1	23.526
450	498	499	1	133.05	-3	29.8116666666667
451	0	0	0	0	-1	26.86
452	500	501	7	681.3	-3	38.51
453	502	503	3	47.75	-3	33.0695652173913
454	0	0	0	0	-1	26.4725
455	504	505	1	207.05	-3	33.3266666666667
456	506	507	5	8	-3	41.4075
457	0	0	0	0	-1	46.25
458	0	0	0	0	-1	40.914
459	0	0	0	0	-1	40.27
460	0	0	0	0	-1	48.7166666666667
461	0	0	0	0	-1	43.8633333333333
462	0	0	0	0	-1	43.25
463	508	509	7	787.75	-3	40.1016666666667
464	0	0	0	0	-1	22.645
465	0	0	0	0	-1	33.84
466	0	0	0	0	-1	44.602
467	0	0	0	0	-1	38.77
468	0	0	0	0	-1	30.85
469	510	511	7	846.25	-3	34.0033333333333
470	0	0	0	0	-1	49.3471428571429
471	512	513	8	17.5	-3	44.88
472	0	0	0	0	-1	26.15
473	0	0	0	0	-1	26.92
474	0	0	0	0	-1	25.56
475	0	0	0	0	-1	20.454
476	0	0	0	0	-1	48.1333333333333
477	0	0	0	0	-1	49.2
478	0	0	0	0	-1	46.625
479	0	0	0	0	-1	71.3
480	0	0	0	0	-1	44.61
481	514	515	5	16.2	-3	38.5166666666667
482	516	517	3	69.35	-3	35.515
483	0	0	0	0	-1	32.77
484	518	519	6	999.6	-3	18.2183333333333
485	520	521	6	1107.5	-3	12.1325925925926
486	0	0	0	0	-1	15.17
487	0	0	0	0	-1	12.47
488	0	0	0	0	-1	10.86
489	522	523	6	1012.5	-3	13.9571428571429
490	0	0	0	0	-1	30.23
491	524	525	4	191.4	-3	25.7484848484848
492	0	0	0	0	-1	17.54
493	0	0	0	0	-1	17.58
494	0	0	0	0	-1	35.23
495	0	0	0	0	-1	36.44
496	526	527	3	108.5	-3	29.33
497	0	0	0	0	-1	32.89
498	0	0	0	0	-1	31.03
499	0	0	0	0	-1	29.568
500	0	0	0	0	-1	40.86
501	528	529	8	21	-3	37.8385714285714
502	530	531	2	151.6	-3	34.02
503	0	0	0	0	-1	29.648
504	0	0	0	0	-1	34.5133333333333
505	532	533	6	849.75	-3	32.7333333333333
506	534	535	1	282.5	-3	42.82
507	0	0	0	0	-1	37.17
508	0	0	0	0	-1	39.7
509	0	0	0	0	-1	40.5033333333333
510	0	0	0	0	-1	34.4533333333333
511	0	0	0	0	-1	33.5533333333333
512	0	0	0	0	-1	43.08
513	0	0	0	0	-1	46.68
514	536	537	4	177.95	-3	39.42
515	0	0	0	0	-1	36.71
516	0	0	0	0	-1	35.1571428571429
517	0	0	0	0	-1	36.35
518	0	0	0	0	-1	18.7075
519	0	0	0	0	-1	17.24
520	538	539	7	793.7	-3	12.6183333333333
521	540	541	6	1115.2	-3	11.1611111111111
522	0	0	0	0	-1	13.52
523	0	0	0	0	-1	15.05
524	542	543	4	184.5	-3	25.1338888888889
525	544	545	3	47.85	-3	26.486
526	0	0	0	0	-1	26.97
527	546	547	2	143	-3	29.6671428571429
528	0	0	0	0	-1	34.24
529	548	549	4	197.75	-3	38.4383333333333
530	550	551	6	1060.4	-3	31.47125
531	0	0	0	0	-1	36.059
532	0	0	0	0	-1	33.4
533	0	0	0	0	-1	32.4
534	0	0	0	0	-1	43.624
535	0	0	0	0	-1	38.8
536	0	0	0	0	-1	39.42
537	0	0	0	0	-1	39.42
538	0	0	0	0	-1	11.46
539	0	0	0	0	-1	12.9492857142857
540	0	0	0	0	-1	11.476
541	0	0	0	0	-1	10.7675
542	0	0	0	0	-1	27.535
543	552	553	6	1097	-3	24.83375
544	554	555	7	804.5	-3	26.57
545	0	0	0	0	-1	25.94
546	0	0	0	0	-1	29.16
547	0	0	0	0	-1	29.87
548	0	0	0	0	-1	39.336
549	0	0	0	0	-1	33.95
550	556	557	1	216.4	-3	29.2783333333333
551	0	0	0	0	-1	38.05
552	558	559	8	21	-3	25.1721428571429
553	0	0	0	0	-1	22.465
554	560	561	8	21	-3	25.135
555	0	0	0	0	-1	28.866
556	0	0	0	0	-1	29.984
557	0	0	0	0	-1	25.75
558	0	0	0	0	-1	22.48
559	562	563	6	962.45	-3	25.9063636363636
560	0	0	0	0	-1	23.195
561	0	0	0	0	-1	27.075
562	0	0	0	0	-1	29.22
563	564	565	4	188.5	-3	25.575
564	0	0	0	0	-1	25.18
565	0	0	0	0	-1	25.97
