1	2	3	1	312.8	-3	34.5838446601942
2	4	5	8	10.5	-3	29.4670190895742
3	6	7	4	183.9	-3	44.5682521489971
4	8	9	1	155	-3	14.5607926829268
5	10	11	3	174.85	-3	34.1954932301741
6	12	13	2	18.1	-3	52.4169942196532
7	14	15	8	21	-3	36.8532954545455
8	16	17	6	918.6	-3	7.40105263157895
9	18	19	7	795.6	-3	15.4989655172414
10	20	21	7	804.45	-3	34.944245472837
11	22	23	1	165.5	-3	15.589
12	24	25	5	6.15	-3	58.1162857142857
13	26	27	3	39.5	-3	50.9715217391304
14	28	29	6	936	-3	23.9584745762712
15	30	31	2	145.75	-3	43.355811965812
16	32	33	8	5	-3	6.69125
17	34	35	8	5	-3	7.91727272727273
18	36	37	1	264.15	-3	16.9489361702128
19	38	39	7	800.5	-3	12.8264705882353
20	40	41	1	168.45	-3	36.6260122699386
21	42	43	4	174.1	-3	31.7380701754386
22	44	45	7	650.5	-3	14.1805882352941
23	0	0	0	0	-1	23.57
24	46	47	6	1122.5	-3	62.0552380952381
25	48	49	7	773.85	-3	52.2078571428571
26	50	51	6	974.35	-3	53.1657608695652
27	52	53	3	114.5	-3	46.5830434782609
28	54	55	2	13	-3	31.8925
29	56	57	1	395	-3	21.9327659574468
30	58	59	5	3.45	-3	40.6781
31	60	61	6	917.95	-3	59.1070588235294
32	0	0	0	0	-1	5.53
33	0	0	0	0	-1	7.8525
34	0	0	0	0	-1	6.032
35	0	0	0	0	-1	9.48833333333333
36	62	63	7	612	-3	15.516338028169
37	64	65	5	4.75	-3	21.3713043478261
38	0	0	0	0	-1	6.93
39	66	67	4	158.05	-3	13.4673913043478
40	68	69	6	1022.5	-3	31.2027777777778
41	70	71	4	154.7	-3	38.6941949152542
42	72	73	3	99.35	-3	39.1577358490566
43	74	75	2	191.7	-3	28.4055084745763
44	0	0	0	0	-1	24.46
45	76	77	7	742.5	-3	12.81
46	78	79	7	835	-3	59.1025
47	0	0	0	0	-1	65.9922222222222
48	0	0	0	0	-1	59.042
49	80	81	7	847.85	-3	48.4111111111111
50	82	83	7	866.25	-3	54.6327160493827
51	84	85	4	164.7	-3	42.3636363636364
52	86	87	2	22	-3	44.3742857142857
53	88	89	6	852	-3	50.0188888888889
54	0	0	0	0	-1	24.73
55	90	91	2	136	-3	35.47375
56	0	0	0	0	-1	18.7537142857143
57	92	93	1	512.5	-3	31.205
58	94	95	4	187.5	-3	40.2459782608696
59	96	97	7	725.2	-3	45.6475
60	98	99	5	9.6	-3	61.52
61	0	0	0	0	-1	47.8466666666667
62	0	0	0	0	-1	26.26
63	100	101	3	121.75	-3	14.8749253731343
64	102	103	7	749.5	-3	19.2823076923077
65	104	105	7	780	-3	24.087
66	106	107	2	107.25	-3	21.89
67	108	109	6	969	-3	12.204
68	110	111	6	1003.85	-3	34.4145161290323
69	112	113	7	692.45	-3	24.0910714285714
70	114	115	1	266.55	-3	60.1528571428571
71	116	117	7	679.65	-3	37.3409459459459
72	118	119	5	5	-3	45.039375
73	120	121	1	265.8	-3	36.6143243243243
74	122	123	8	42	-3	26.7807368421053
75	124	125	2	247.85	-3	35.1165217391304
76	126	127	6	959.5	-3	10.4933333333333
77	128	129	3	180.5	-3	14.3544444444444
78	130	131	6	1020.5	-3	52.2416666666667
79	132	133	7	874.5	-3	65.9633333333333
80	0	0	0	0	-1	39.0333333333333
81	0	0	0	0	-1	53.1
82	134	135	8	17.5	-3	56.0371739130435
83	136	137	4	154.6	-3	52.7868571428571
84	0	0	0	0	-1	44.6142857142857
85	0	0	0	0	-1	38.425
86	138	139	6	952.5	-3	43.4864285714286
87	0	0	0	0	-1	45.2621428571429
88	0	0	0	0	-1	52.1477777777778
89	140	141	6	912	-3	47.89
90	142	143	4	205.5	-3	34.1983333333333
91	0	0	0	0	-1	39.3
92	144	145	1	398.5	-3	28.364
93	0	0	0	0	-1	45.41
94	146	147	7	783.65	-3	32.6376470588235
95	148	149	8	73	-3	41.9705333333333
96	0	0	0	0	-1	55.9766666666667
97	0	0	0	0	-1	39.45
98	150	151	1	348.5	-3	59.2618181818182
99	0	0	0	0	-1	69.8
100	152	153	1	212.9	-3	13.6069387755102
101	154	155	7	786.65	-3	18.3266666666667
102	156	157	2	90.95	-3	21.2344444444444
103	0	0	0	0	-1	14.89
104	158	159	5	9.7	-3	23.38
105	0	0	0	0	-1	30.45
106	0	0	0	0	-1	21.388
107	0	0	0	0	-1	24.4
108	160	161	8	5	-3	10.9394117647059
109	162	163	1	206.25	-3	13.1386956521739
110	164	165	8	59	-3	31.755
111	166	167	3	130.35	-3	45.4958333333333
112	0	0	0	0	-1	39.4533333333333
113	168	169	1	165.55	-3	22.2476
114	170	171	7	796.8	-3	57.6958333333333
115	0	0	0	0	-1	74.895
116	172	173	7	612	-3	45.8776923076923
117	174	175	5	6.45	-3	36.2085204081633
118	0	0	0	0	-1	26.92
119	176	177	8	21	-3	46.2473333333333
120	178	179	3	118.55	-3	35.1841176470588
121	0	0	0	0	-1	52.8233333333333
122	180	181	4	181.45	-3	23.2622580645161
123	182	183	2	124.2	-3	33.3912121212121
124	184	185	8	59	-3	34.6965
125	0	0	0	0	-1	37.9166666666667
126	0	0	0	0	-1	8.54
127	0	0	0	0	-1	14.4
128	0	0	0	0	-1	12.98
129	0	0	0	0	-1	15.454
130	0	0	0	0	-1	44.865
131	0	0	0	0	-1	55.93
132	0	0	0	0	-1	67.57
133	0	0	0	0	-1	62.75
134	186	187	7	756.25	-3	36.3
135	188	189	4	167.5	-3	69.9262962962963
136	190	191	1	400	-3	55.1391666666667
137	192	193	1	353.7	-3	47.6545454545455
138	0	0	0	0	-1	43.4446153846154
139	0	0	0	0	-1	44.03
140	0	0	0	0	-1	32.01
141	194	195	8	17.5	-3	49.875
142	0	0	0	0	-1	35.13
143	0	0	0	0	-1	33.2666666666667
144	0	0	0	0	-1	25.45
145	196	197	4	193.5	-3	28.6877777777778
146	198	199	7	760.5	-3	34.8121428571429
147	0	0	0	0	-1	22.49
148	200	201	8	42	-3	35.6903846153846
149	202	203	6	1090.5	-3	45.3028571428571
150	204	205	4	192.7	-3	56.76875
151	0	0	0	0	-1	65.91
152	206	207	3	59.3	-3	12.3173913043478
153	208	209	7	684.2	-3	14.7476923076923
154	210	211	3	170.6	-3	15.8307692307692
155	0	0	0	0	-1	24.816
156	0	0	0	0	-1	30.96
157	212	213	1	296.65	-3	18.4557142857143
158	0	0	0	0	-1	21.91
159	0	0	0	0	-1	23.8
160	214	215	4	193	-3	10.0090909090909
161	216	217	6	944.4	-3	12.645
162	218	219	4	175.1	-3	11.86125
163	220	221	8	5	-3	13.82
164	222	223	3	127	-3	30.8508888888889
165	0	0	0	0	-1	39.892
166	0	0	0	0	-1	39.28
167	224	225	2	101.95	-3	46.739
168	226	227	3	71.4	-3	18.1583333333333
169	228	229	2	21.05	-3	26.0223076923077
170	230	231	2	27.3	-3	60.8433333333333
171	0	0	0	0	-1	48.2533333333333
172	0	0	0	0	-1	33.15
173	232	233	5	14.5	-3	47.5378260869565
174	234	235	7	762.55	-3	31.8053333333333
175	236	237	3	123.05	-3	39.9470754716981
176	0	0	0	0	-1	40.525
177	238	239	5	11.8	-3	48.3281818181818
178	240	241	4	167.9	-3	36.8504761904762
179	242	243	7	843.25	-3	32.4923076923077
180	244	245	6	914.1	-3	18.6983333333333
181	246	247	3	115.5	-3	24.3576
182	248	249	5	4.95	-3	32.4051724137931
183	0	0	0	0	-1	40.54
184	250	251	6	887.2	-3	31.4546153846154
185	252	253	8	135	-3	40.7171428571429
186	254	255	4	155.4	-3	35.28
187	0	0	0	0	-1	40.125
188	256	257	6	940.35	-3	75.0733333333333
189	258	259	7	707.85	-3	63.4925
190	0	0	0	0	-1	54.2166666666667
191	260	261	8	17.5	-3	55.4466666666667
192	262	263	8	17.5	-3	48.1714285714286
193	0	0	0	0	-1	46.75
194	0	0	0	0	-1	33.4375
195	0	0	0	0	-1	66.3125
196	0	0	0	0	-1	30.14
197	0	0	0	0	-1	28.2728571428571
198	264	265	1	357.1	-3	35.8422222222222
199	0	0	0	0	-1	32.958
200	266	267	4	201.5	-3	36.16625
201	0	0	0	0	-1	29.98
202	268	269	8	225	-3	43.4107142857143
203	270	271	1	512.5	-3	56.6557142857143
204	0	0	0	0	-1	57.22
205	0	0	0	0	-1	56.6183333333333
206	0	0	0	0	-1	11.8505263157895
207	0	0	0	0	-1	14.535
208	0	0	0	0	-1	21.92
209	272	273	7	787.35	-3	14.4608
210	274	275	5	7.7	-3	14.9285714285714
211	276	277	5	10.95	-3	16.8833333333333
212	278	279	7	716.05	-3	19.175
213	0	0	0	0	-1	14.14
214	280	281	7	920.15	-3	10.975
215	0	0	0	0	-1	8.85
216	0	0	0	0	-1	13.6225
217	0	0	0	0	-1	10.69
218	0	0	0	0	-1	12.914
219	0	0	0	0	-1	10.1066666666667
220	282	283	1	261.3	-3	12.33
221	284	285	6	1050	-3	14.8133333333333
222	286	287	6	966.9	-3	28.8876666666667
223	288	289	5	10.45	-3	34.7773333333333
224	0	0	0	0	-1	49.11
225	0	0	0	0	-1	46.14625
226	290	291	2	210.8	-3	19.215
227	292	293	5	10.4	-3	17.1016666666667
228	0	0	0	0	-1	27.3783333333333
229	0	0	0	0	-1	24.86
230	0	0	0	0	-1	59.3
231	0	0	0	0	-1	61.2842857142857
232	294	295	1	287.4	-3	48.1672727272727
233	0	0	0	0	-1	33.69
234	296	297	7	759.3	-3	35.8436065573771
235	298	299	5	5.85	-3	23.3110344827586
236	300	301	8	42	-3	43.243275862069
237	302	303	8	42	-3	35.9641666666667
238	304	305	4	147.7	-3	46.8225
239	0	0	0	0	-1	52.3433333333333
240	306	307	5	9.55	-3	35.7605555555556
241	0	0	0	0	-1	43.39
242	0	0	0	0	-1	17.96
243	308	309	8	42	-3	33.7033333333333
244	0	0	0	0	-1	26.23
245	310	311	7	816.75	-3	17.192
246	312	313	7	815.5	-3	23.296511627907
247	314	315	4	192.5	-3	30.8757142857143
248	316	317	7	859.9	-3	30.2821739130435
249	318	319	8	78	-3	40.5433333333333
250	320	321	5	3.2	-3	32.9244444444444
251	0	0	0	0	-1	28.1475
252	0	0	0	0	-1	37.975
253	0	0	0	0	-1	44.3733333333333
254	0	0	0	0	-1	40.6
255	322	323	1	350.25	-3	34.4615384615385
256	0	0	0	0	-1	66.7
257	324	325	2	141.85	-3	75.6714285714286
258	0	0	0	0	-1	80.2
259	326	327	1	355.95	-3	57.9233333333333
260	328	329	8	5	-3	41.3
261	0	0	0	0	-1	62.52
262	0	0	0	0	-1	30.6666666666667
263	0	0	0	0	-1	61.3
264	0	0	0	0	-1	31.775
265	0	0	0	0	-1	37.0042857142857
266	330	331	4	196	-3	39.0864285714286
267	332	333	7	768.7	-3	32.078
268	334	335	1	477.5	-3	41.5120689655172
269	336	337	7	632	-3	47.6461538461539
270	0	0	0	0	-1	53.512
271	0	0	0	0	-1	64.515
272	338	339	7	709.2	-3	14.8191304347826
273	0	0	0	0	-1	10.34
274	0	0	0	0	-1	12.19
275	0	0	0	0	-1	16.024
276	0	0	0	0	-1	17.57
277	0	0	0	0	-1	16.1966666666667
278	0	0	0	0	-1	19.77
279	0	0	0	0	-1	18.58
280	0	0	0	0	-1	11.53
281	0	0	0	0	-1	8.2
282	0	0	0	0	-1	13.47
283	0	0	0	0	-1	11.19
284	0	0	0	0	-1	15.365
285	0	0	0	0	-1	13.71
286	340	341	6	923.1	-3	27.737619047619
287	342	343	6	995.9	-3	31.5711111111111
288	344	345	6	918	-3	32.9390909090909
289	0	0	0	0	-1	39.8325
290	0	0	0	0	-1	18.2875
291	0	0	0	0	-1	21.07
292	0	0	0	0	-1	12.46
293	0	0	0	0	-1	18.03
294	346	347	1	234.75	-3	47.4293333333333
295	348	349	5	3	-3	49.7485714285714
296	350	351	5	4.1	-3	34.7522222222222
297	352	353	5	5.7	-3	44.2628571428571
298	354	355	7	792.15	-3	22.66
299	0	0	0	0	-1	41.54
300	356	357	4	180.85	-3	40.32
301	358	359	5	9.75	-3	52.4307142857143
302	360	361	3	170.25	-3	30.3406896551724
303	362	363	6	1054.55	-3	44.5473684210526
304	0	0	0	0	-1	44.52
305	364	365	6	958.15	-3	47.59
306	0	0	0	0	-1	33.104
307	366	367	8	42	-3	36.7823076923077
308	0	0	0	0	-1	29.118
309	368	369	5	2.05	-3	36.9785714285714
310	0	0	0	0	-1	13.272
311	0	0	0	0	-1	21.112
312	0	0	0	0	-1	29.7925
313	370	371	3	104.35	-3	22.6302564102564
314	372	373	6	828.5	-3	34.3983333333333
315	0	0	0	0	-1	9.74
316	374	375	6	972	-3	33.1858333333333
317	376	377	3	48.35	-3	27.1145454545455
318	0	0	0	0	-1	39.64
319	0	0	0	0	-1	42.35
320	0	0	0	0	-1	33.06
321	0	0	0	0	-1	32.816
322	0	0	0	0	-1	33.12
323	0	0	0	0	-1	35.3
324	0	0	0	0	-1	72
325	378	379	1	376.25	-3	76.2833333333333
326	380	381	2	163.7	-3	55.6585714285714
327	0	0	0	0	-1	65.85
328	0	0	0	0	-1	33.4
329	0	0	0	0	-1	49.2
330	382	383	7	765	-3	36.50625
331	384	385	1	475.05	-3	42.5266666666667
332	386	387	6	967.75	-3	34.7257142857143
333	0	0	0	0	-1	25.9
334	388	389	1	340.5	-3	40.5662962962963
335	0	0	0	0	-1	54.28
336	0	0	0	0	-1	41.9183333333333
337	390	391	7	725.5	-3	52.5557142857143
338	0	0	0	0	-1	12.9366666666667
339	392	393	6	999.6	-3	15.4835294117647
340	394	395	5	6.55	-3	29.986
341	396	397	4	211.8	-3	25.6936363636364
342	398	399	4	189.75	-3	33.1028571428571
343	0	0	0	0	-1	26.21
344	400	401	3	168	-3	33.6544444444444
345	0	0	0	0	-1	29.72
346	402	403	6	947.7	-3	48.21
347	0	0	0	0	-1	45.868
348	404	405	2	139.75	-3	49.12
349	0	0	0	0	-1	53.52
350	406	407	4	188.85	-3	38.7283333333333
351	408	409	4	195.1	-3	31.5713333333333
352	0	0	0	0	-1	46.25
353	0	0	0	0	-1	41.6133333333333
354	410	411	7	781.65	-3	21.9616666666667
355	0	0	0	0	-1	26.85
356	412	413	3	101	-3	44.7306896551724
357	414	415	1	213.75	-3	31.7926666666667
358	416	417	5	8.9	-3	49.138
359	0	0	0	0	-1	60.6625
360	418	419	6	1031.4	-3	27.5915789473684
361	420	421	4	162	-3	35.564
362	422	423	6	1006.7	-3	50.9483333333333
363	424	425	3	125	-3	41.5930769230769
364	0	0	0	0	-1	48.72
365	0	0	0	0	-1	47.025
366	426	427	8	21	-3	32.5466666666667
367	0	0	0	0	-1	46.3125
368	0	0	0	0	-1	36.91
369	0	0	0	0	-1	37.07
370	428	429	3	91.7	-3	23.1951351351351
371	0	0	0	0	-1	12.18
372	0	0	0	0	-1	37.0175
373	0	0	0	0	-1	29.16
374	430	431	8	73	-3	33.573
375	0	0	0	0	-1	31.25
376	432	433	7	890.15	-3	26.881
377	0	0	0	0	-1	29.45
378	434	435	8	42	-3	75.55
379	0	0	0	0	-1	77.75
380	0	0	0	0	-1	52.4466666666667
381	0	0	0	0	-1	58.0675
382	0	0	0	0	-1	43.9233333333333
383	0	0	0	0	-1	32.056
384	0	0	0	0	-1	39.38
385	0	0	0	0	-1	44.1
386	0	0	0	0	-1	36.7925
387	0	0	0	0	-1	31.97
388	436	437	2	71.25	-3	37.9171428571429
389	438	439	6	989.5	-3	43.4192307692308
390	0	0	0	0	-1	54.8333333333333
391	0	0	0	0	-1	38.89
392	0	0	0	0	-1	20.42
393	440	441	2	49.05	-3	14.8253333333333
394	0	0	0	0	-1	25.006
395	0	0	0	0	-1	34.966
396	442	443	2	196.95	-3	26.613
397	0	0	0	0	-1	16.5
398	0	0	0	0	-1	32.764
399	0	0	0	0	-1	33.95
400	444	445	6	857.45	-3	32.88125
401	0	0	0	0	-1	39.84
402	0	0	0	0	-1	47.64
403	0	0	0	0	-1	48.78
404	0	0	0	0	-1	49.38
405	0	0	0	0	-1	48.99
406	446	447	1	215.75	-3	34.21
407	448	449	6	973	-3	43.2466666666667
408	450	451	8	42	-3	34.50625
409	452	453	2	115.8	-3	28.2171428571429
410	454	455	8	42	-3	24.1606666666667
411	456	457	1	245.05	-3	18.2966666666667
412	458	459	5	10.8	-3	47.6035294117647
413	460	461	5	8.9	-3	40.6608333333333
414	0	0	0	0	-1	45.71
415	462	463	6	1012.7	-3	30.7985714285714
416	464	465	7	783.05	-3	48.6022222222222
417	0	0	0	0	-1	53.96
418	0	0	0	0	-1	33.68
419	466	467	8	21	-3	25.968
420	468	469	8	21	-3	34.905
421	0	0	0	0	-1	38.2
422	0	0	0	0	-1	53.77
423	0	0	0	0	-1	49.5375
424	470	471	4	158.75	-3	44.1114285714286
425	472	473	7	788.35	-3	38.655
426	474	475	4	152.75	-3	30.6966666666667
427	0	0	0	0	-1	36.2466666666667
428	476	477	4	193.9	-3	22.6575
429	478	479	8	21	-3	24.8677777777778
430	0	0	0	0	-1	27.66
431	480	481	6	946.9	-3	34.23
432	482	483	1	245	-3	25.58375
433	0	0	0	0	-1	32.07
434	0	0	0	0	-1	71.3
435	0	0	0	0	-1	78.1
436	484	485	8	150	-3	37.7836363636364
437	0	0	0	0	-1	38.4066666666667
438	486	487	7	632	-3	45.1425
439	0	0	0	0	-1	40.662
440	488	489	3	118.25	-3	14.095
441	0	0	0	0	-1	17.7466666666667
442	490	491	3	99	-3	26.1222222222222
443	0	0	0	0	-1	31.03
444	0	0	0	0	-1	31.5266666666667
445	0	0	0	0	-1	33.694
446	492	493	1	185.75	-3	38.9683333333333
447	494	495	6	1033.6	-3	29.4516666666667
448	496	497	8	59	-3	45.4777777777778
449	0	0	0	0	-1	36.5533333333333
450	498	499	5	6.2	-3	32.5263636363636
451	0	0	0	0	-1	38.862
452	500	501	4	221.2	-3	26.136
453	0	0	0	0	-1	33.42
454	502	503	4	182.65	-3	22.9861538461538
455	0	0	0	0	-1	31.795
456	504	505	7	789.15	-3	17.5733333333333
457	0	0	0	0	-1	19.7433333333333
458	506	507	7	797	-3	45.532
459	0	0	0	0	-1	63.14
460	0	0	0	0	-1	31.27
461	508	509	1	286.55	-3	41.5145454545455
462	510	511	7	700.55	-3	32.9583333333333
463	0	0	0	0	-1	17.84
464	0	0	0	0	-1	46.504
465	0	0	0	0	-1	51.225
466	512	513	3	125	-3	23.1142857142857
467	514	515	6	1078.85	-3	28.465
468	516	517	6	1048.55	-3	31.66
469	0	0	0	0	-1	44.64
470	0	0	0	0	-1	42.7
471	0	0	0	0	-1	45.9933333333333
472	0	0	0	0	-1	42.1033333333333
473	0	0	0	0	-1	35.2066666666667
474	0	0	0	0	-1	33.36
475	0	0	0	0	-1	25.37
476	518	519	7	918.65	-3	24.0504761904762
477	520	521	8	21	-3	18.4785714285714
478	522	523	6	947.95	-3	24.1975
479	0	0	0	0	-1	30.23
480	0	0	0	0	-1	32.1
481	524	525	8	232.5	-3	34.8385714285714
482	0	0	0	0	-1	24.062
483	0	0	0	0	-1	28.12
484	526	527	7	831.8	-3	38.8225
485	0	0	0	0	-1	35.0133333333333
486	0	0	0	0	-1	41.288
487	0	0	0	0	-1	51.5666666666667
488	528	529	8	5	-3	12.7333333333333
489	530	531	7	756	-3	15.4566666666667
490	0	0	0	0	-1	24.0333333333333
491	532	533	3	111	-3	27.1666666666667
492	0	0	0	0	-1	43.875
493	0	0	0	0	-1	36.515
494	0	0	0	0	-1	32.38
495	0	0	0	0	-1	26.5233333333333
496	0	0	0	0	-1	38.9733333333333
497	534	535	1	214	-3	48.73
498	536	537	6	981.3	-3	33.6257142857143
499	0	0	0	0	-1	30.6025
500	538	539	5	5.35	-3	24.4733333333333
501	0	0	0	0	-1	28.63
502	0	0	0	0	-1	22.2466666666667
503	540	541	6	1097.7	-3	23.62
504	0	0	0	0	-1	17.54
505	0	0	0	0	-1	17.58
506	542	543	2	106.3	-3	42.91375
507	544	545	2	161.5	-3	48.5242857142857
508	546	547	3	121.65	-3	43.63375
509	0	0	0	0	-1	35.8633333333333
510	0	0	0	0	-1	43.8
511	548	549	1	284.3	-3	31.9727272727273
512	0	0	0	0	-1	27.43
513	0	0	0	0	-1	21.388
514	0	0	0	0	-1	29.6075
515	0	0	0	0	-1	27.3225
516	0	0	0	0	-1	29.59
517	0	0	0	0	-1	33.73
518	550	551	7	843	-3	25.1033333333333
519	0	0	0	0	-1	17.7333333333333
520	0	0	0	0	-1	15.485
521	0	0	0	0	-1	19.676
522	0	0	0	0	-1	22.14
523	552	553	4	187.05	-3	24.8833333333333
524	554	555	6	958.5	-3	34.62
525	0	0	0	0	-1	36.15
526	0	0	0	0	-1	37.108
527	0	0	0	0	-1	41.68
528	0	0	0	0	-1	13.36
529	0	0	0	0	-1	11.48
530	0	0	0	0	-1	11.98
531	0	0	0	0	-1	16.152
532	0	0	0	0	-1	26.14
533	0	0	0	0	-1	27.68
534	0	0	0	0	-1	50.73
535	0	0	0	0	-1	48.33
536	0	0	0	0	-1	33.768
537	0	0	0	0	-1	33.27
538	0	0	0	0	-1	24.995
539	0	0	0	0	-1	23.43
540	0	0	0	0	-1	25.1933333333333
541	0	0	0	0	-1	22.44
542	0	0	0	0	-1	49.77
543	556	557	4	178.8	-3	41.9342857142857
544	558	559	2	0	-3	45.3
545	0	0	0	0	-1	67.87
546	0	0	0	0	-1	42.9566666666667
547	0	0	0	0	-1	44.04
548	560	561	4	193.65	-3	32.7916666666667
549	0	0	0	0	-1	30.99
550	562	563	6	982.1	-3	26.3755555555556
551	564	565	8	21	-3	23.8311111111111
552	0	0	0	0	-1	25.69
553	0	0	0	0	-1	24.722
554	0	0	0	0	-1	34.56
555	0	0	0	0	-1	34.68
556	0	0	0	0	-1	40.175
557	0	0	0	0	-1	44.28
558	0	0	0	0	-1	46.25
559	0	0	0	0	-1	45.3
560	0	0	0	0	-1	33.8
561	0	0	0	0	-1	32.2875
562	0	0	0	0	-1	29.365
563	0	0	0	0	-1	23.984
564	0	0	0	0	-1	21.26
565	566	567	2	58	-3	24.5657142857143
566	0	0	0	0	-1	25.77
567	0	0	0	0	-1	24.084
