1	2	3	4	175.55	-3	35.5750291262136
2	4	5	3	78.7	-3	44.8385
3	6	7	6	946.65	-3	30.1594615384615
4	8	9	8	21	-3	55.5204026845637
5	10	11	1	252.05	-3	37.9484415584416
6	12	13	7	824.5	-3	36.6007782101167
7	14	15	6	1121.7	-3	25.9472010178117
8	16	17	5	4.3	-3	40.9772549019608
9	18	19	4	166.5	-3	63.0887755102041
10	20	21	2	47.65	-3	34.2018300653595
11	22	23	5	21.4	-3	45.2975641025641
12	24	25	6	942.35	-3	40.172077294686
13	26	27	8	17.5	-3	21.8156
14	28	29	8	10.5	-3	25.2578167115903
15	30	31	1	500.05	-3	37.5727272727273
16	32	33	7	754.5	-3	49.795
17	34	35	5	15.1	-3	39.8015555555556
18	36	37	4	163.45	-3	66.2858904109589
19	38	39	6	1087.15	-3	53.7532
20	40	41	3	174.85	-3	31.8718965517241
21	42	43	3	105.5	-3	41.5064864864865
22	44	45	3	118.75	-3	46.092602739726
23	0	0	0	0	-1	33.69
24	46	47	3	35.5	-3	39.4551515151515
25	48	49	3	45.5	-3	55.9444444444444
26	50	51	1	272	-3	9.29
27	52	53	3	132.5	-3	26.2164864864865
28	54	55	1	254	-3	13.8833628318584
29	56	57	8	42	-3	30.2396511627907
30	58	59	4	185	-3	25.3454545454545
31	60	61	5	1.5	-3	49.8
32	0	0	0	0	-1	49.652
33	0	0	0	0	-1	50.51
34	62	63	8	5	-3	37.1988461538462
35	64	65	5	20.3	-3	43.3631578947368
36	66	67	6	1132.15	-3	62.5730188679245
37	68	69	4	164.95	-3	76.125
38	70	71	4	172.6	-3	50.2004761904762
39	0	0	0	0	-1	72.405
40	72	73	1	203.35	-3	32.326017699115
41	0	0	0	0	-1	14.7666666666667
42	0	0	0	0	-1	67.87
43	74	75	8	42	-3	40.7741666666667
44	76	77	5	10.2	-3	43.1990566037736
45	78	79	1	275.05	-3	53.7605
46	80	81	2	191	-3	43.5171962616822
47	82	83	1	290.9	-3	34.6789010989011
48	0	0	0	0	-1	65.84
49	0	0	0	0	-1	43.575
50	84	85	1	105.15	-3	7.998
51	0	0	0	0	-1	13.5966666666667
52	86	87	7	918.65	-3	27.8763636363636
53	0	0	0	0	-1	12.5225
54	88	89	1	193.1	-3	11.594647887324
55	90	91	1	391	-3	17.752380952381
56	92	93	3	130.8	-3	27.2176271186441
57	94	95	7	860.1	-3	36.8433333333333
58	0	0	0	0	-1	9.31
59	96	97	2	25	-3	31.35875
60	0	0	0	0	-1	50.367
61	0	0	0	0	-1	44.13
62	98	99	4	162.8	-3	29.9954545454545
63	100	101	5	11.5	-3	42.4813333333333
64	102	103	8	5	-3	45.2909090909091
65	104	105	1	429.45	-3	40.7125
66	106	107	5	6.95	-3	63.4514583333333
67	0	0	0	0	-1	54.14
68	0	0	0	0	-1	75.6529411764706
69	0	0	0	0	-1	78.8
70	108	109	5	4.7	-3	42.9046153846154
71	110	111	1	319.65	-3	62.05625
72	112	113	7	800.75	-3	27.7998305084746
73	114	115	8	8.5	-3	37.2712962962963
74	116	117	2	157.75	-3	31.7785714285714
75	118	119	5	9.65	-3	53.368
76	120	121	7	862.1	-3	39.436875
77	122	123	5	14.05	-3	44.8259459459459
78	0	0	0	0	-1	76.24
79	124	125	2	20.5	-3	51.2627777777778
80	126	127	8	17.5	-3	46.4658888888889
81	128	129	8	17.5	-3	27.9064705882353
82	130	131	3	104.75	-3	30.513275862069
83	132	133	2	11	-3	42.000303030303
84	0	0	0	0	-1	6.125
85	134	135	6	888.9	-3	8.46625
86	136	137	8	59	-3	30.3177272727273
87	138	139	7	944.05	-3	22.9936363636364
88	140	141	8	5	-3	9.31965517241379
89	142	143	6	966.25	-3	13.1654761904762
90	144	145	8	5	-3	16.9197435897436
91	0	0	0	0	-1	28.5766666666667
92	146	147	1	312.85	-3	28.1396178343949
93	148	149	2	8.8	-3	19.98
94	150	151	4	192.95	-3	37.8194594594595
95	152	153	1	245	-3	26.5242857142857
96	0	0	0	0	-1	27.04
97	0	0	0	0	-1	44.315
98	154	155	2	95.9	-3	28.00625
99	0	0	0	0	-1	35.3
100	156	157	2	143.4	-3	44.5563636363636
101	0	0	0	0	-1	36.775
102	0	0	0	0	-1	31
103	0	0	0	0	-1	48.4666666666667
104	158	159	2	141.4	-3	38.4333333333333
105	0	0	0	0	-1	47.55
106	0	0	0	0	-1	69.618
107	160	161	5	8.5	-3	62.7344186046512
108	0	0	0	0	-1	26.92
109	162	163	6	930.9	-3	47.7
110	0	0	0	0	-1	65.4666666666667
111	0	0	0	0	-1	60.01
112	164	165	4	168.1	-3	23.4635
113	166	167	6	1089.05	-3	30.0235897435897
114	168	169	5	11.65	-3	18.772
115	170	171	7	773.7	-3	41.4756818181818
116	172	173	7	786.65	-3	29.7311764705882
117	0	0	0	0	-1	40.48
118	174	175	7	758.35	-3	54.6054545454545
119	0	0	0	0	-1	49.965
120	176	177	1	305.5	-3	40.1583333333333
121	0	0	0	0	-1	37.2725
122	178	179	4	161.3	-3	46.297
123	180	181	8	17.5	-3	38.5214285714286
124	182	183	1	317.05	-3	53.2942857142857
125	0	0	0	0	-1	44.1525
126	184	185	2	106.9	-3	34.784
127	186	187	7	632	-3	48.8022666666667
128	188	189	8	5	-3	18.535
129	190	191	4	188.85	-3	36.2366666666667
130	192	193	3	79.9	-3	35.5278947368421
131	194	195	8	17.5	-3	28.0702564102564
132	196	197	6	809.7	-3	37.8177272727273
133	198	199	8	17.5	-3	50.3654545454545
134	0	0	0	0	-1	4.78
135	200	201	7	844.1	-3	8.99285714285714
136	202	203	6	853.4	-3	28.6094444444444
137	0	0	0	0	-1	38.005
138	204	205	2	127.5	-3	23.418
139	0	0	0	0	-1	18.75
140	206	207	5	2.25	-3	6.34
141	208	209	6	1061.6	-3	10.6605
142	210	211	8	5	-3	16.55625
143	212	213	7	749.55	-3	12.3676470588235
144	214	215	6	990.75	-3	13.9733333333333
145	0	0	0	0	-1	18.76125
146	216	217	6	1065.9	-3	25.9508928571429
147	218	219	5	1.7	-3	33.5871111111111
148	220	221	4	178.25	-3	16.2786666666667
149	0	0	0	0	-1	31.084
150	222	223	1	264.2	-3	40.0213953488372
151	224	225	4	203.25	-3	34.7651612903226
152	0	0	0	0	-1	23.025
153	0	0	0	0	-1	27.924
154	0	0	0	0	-1	41.1
155	226	227	2	149.35	-3	26.1357142857143
156	0	0	0	0	-1	49.84
157	228	229	2	189.1	-3	42.575
158	0	0	0	0	-1	37.35
159	0	0	0	0	-1	40.6
160	0	0	0	0	-1	44.52
161	230	231	6	940.35	-3	64.1005
162	0	0	0	0	-1	62.995
163	232	233	6	953.2	-3	43.87625
164	234	235	6	1068.85	-3	20.765
165	236	237	6	1057.5	-3	27.51125
166	238	239	1	168.7	-3	30.9566666666667
167	0	0	0	0	-1	18.8266666666667
168	0	0	0	0	-1	15.024
169	0	0	0	0	-1	22.52
170	0	0	0	0	-1	45.942
171	240	241	8	42	-3	40.9030769230769
172	242	243	4	159.8	-3	27.9584615384615
173	0	0	0	0	-1	35.4925
174	244	245	8	78	-3	53.5857142857143
175	0	0	0	0	-1	56.39
176	246	247	3	106.55	-3	40.7244444444444
177	0	0	0	0	-1	38.46
178	248	249	6	952.5	-3	47.3207142857143
179	250	251	5	10.95	-3	45.40125
180	0	0	0	0	-1	29.5525
181	0	0	0	0	-1	50.48
182	0	0	0	0	-1	50.95
183	252	253	8	15.5	-3	54.232
184	254	255	8	5	-3	30.118
185	0	0	0	0	-1	44.116
186	0	0	0	0	-1	41.1905
187	256	257	2	162.6	-3	51.5701818181818
188	0	0	0	0	-1	12.9
189	0	0	0	0	-1	24.17
190	0	0	0	0	-1	39.44
191	258	259	1	174.5	-3	35.3214285714286
192	260	261	3	73.3	-3	32.4328571428571
193	262	263	7	765.15	-3	37.3333333333333
194	0	0	0	0	-1	16.5
195	264	265	5	5.9	-3	29.3925714285714
196	266	267	4	196.15	-3	40.5425
197	268	269	4	209.85	-3	36.2607142857143
198	0	0	0	0	-1	31.3866666666667
199	270	271	1	369	-3	57.4825
200	0	0	0	0	-1	10.27
201	0	0	0	0	-1	8.482
202	272	273	6	825.5	-3	33.1688888888889
203	274	275	4	197.6	-3	24.05
204	0	0	0	0	-1	24.648
205	0	0	0	0	-1	22.188
206	276	277	6	1009.4	-3	5.7875
207	0	0	0	0	-1	10.76
208	278	279	6	973.7	-3	11.9057142857143
209	0	0	0	0	-1	7.755
210	0	0	0	0	-1	9.97
211	280	281	6	964.4	-3	18.7516666666667
212	282	283	8	5	-3	15.6933333333333
213	284	285	1	237	-3	11.1704
214	286	287	2	101.75	-3	12.0371428571429
215	0	0	0	0	-1	15.6675
216	288	289	6	1061.7	-3	27.6609411764706
217	290	291	7	787.25	-3	20.5674074074074
218	292	293	7	659.65	-3	31.6385294117647
219	294	295	7	819.4	-3	39.61
220	0	0	0	0	-1	24.1666666666667
221	296	297	3	146.5	-3	14.3066666666667
222	298	299	8	73	-3	41.7596296296296
223	300	301	7	827.5	-3	37.088125
224	302	303	5	2.3	-3	33.4352173913043
225	304	305	6	966.3	-3	38.58875
226	0	0	0	0	-1	29.275
227	0	0	0	0	-1	24.88
228	0	0	0	0	-1	35.1
229	306	307	6	986.5	-3	45.0666666666667
230	308	309	4	154.6	-3	61.1916666666667
231	310	311	7	708.9	-3	68.46375
232	0	0	0	0	-1	49.77
233	0	0	0	0	-1	40.34
234	0	0	0	0	-1	19.7425
235	0	0	0	0	-1	21.27625
236	0	0	0	0	-1	26.2583333333333
237	0	0	0	0	-1	31.27
238	312	313	4	160.95	-3	25
239	314	315	8	21	-3	32.148
240	316	317	6	1052.9	-3	36.2588888888889
241	318	319	1	216.3	-3	44.8838095238095
242	0	0	0	0	-1	18.02
243	320	321	1	166	-3	28.7866666666667
244	0	0	0	0	-1	52.72
245	0	0	0	0	-1	53.932
246	0	0	0	0	-1	40.718
247	0	0	0	0	-1	40.7325
248	0	0	0	0	-1	46.3555555555556
249	0	0	0	0	-1	49.058
250	0	0	0	0	-1	54.08
251	0	0	0	0	-1	44.1614285714286
252	0	0	0	0	-1	24.38
253	322	323	7	717	-3	61.695
254	0	0	0	0	-1	22.6633333333333
255	324	325	6	938.4	-3	33.3128571428571
256	326	327	7	691.1	-3	47.72425
257	328	329	2	188.5	-3	61.826
258	0	0	0	0	-1	33.66
259	0	0	0	0	-1	35.986
260	0	0	0	0	-1	28.63
261	330	331	5	8.65	-3	33.0666666666667
262	332	333	7	757.7	-3	36.218
263	0	0	0	0	-1	42.91
264	334	335	4	192.5	-3	34.88125
265	336	337	2	158.5	-3	27.7662962962963
266	0	0	0	0	-1	40.87
267	0	0	0	0	-1	39.9966666666667
268	0	0	0	0	-1	38.9181818181818
269	0	0	0	0	-1	26.5166666666667
270	0	0	0	0	-1	49.875
271	338	339	6	852	-3	60.0183333333333
272	0	0	0	0	-1	39.4
273	340	341	7	876	-3	32.39
274	342	343	6	920.3	-3	25.21
275	0	0	0	0	-1	19.99
276	344	345	1	178.45	-3	5.46285714285714
277	0	0	0	0	-1	8.06
278	346	347	1	157.15	-3	10.61
279	348	349	6	994	-3	12.8775
280	0	0	0	0	-1	20.3333333333333
281	0	0	0	0	-1	17.17
282	0	0	0	0	-1	13.57
283	350	351	1	228.4	-3	16.755
284	352	353	6	1000.75	-3	10.5325
285	354	355	5	6.1	-3	12.3044444444444
286	356	357	8	2	-3	11.6866666666667
287	0	0	0	0	-1	14.14
288	358	359	2	185.3	-3	27.0006097560976
289	0	0	0	0	-1	45.71
290	360	361	2	169.6	-3	21.4233333333333
291	362	363	6	1106.5	-3	19.4975
292	0	0	0	0	-1	64.02
293	364	365	6	1086.8	-3	30.6572727272727
294	366	367	7	699	-3	42.8344444444444
295	0	0	0	0	-1	25.1
296	368	369	3	138.4	-3	12.9533333333333
297	370	371	6	992	-3	15.66
298	372	373	7	768.5	-3	36.7885714285714
299	374	375	4	178.2	-3	43.4995
300	376	377	6	1070.5	-3	39.1525
301	378	379	1	293.5	-3	35.02375
302	380	381	6	971	-3	32.4421428571429
303	382	383	1	229.85	-3	34.98
304	0	0	0	0	-1	32.53
305	0	0	0	0	-1	42.224
306	0	0	0	0	-1	46.2
307	0	0	0	0	-1	42.8
308	384	385	2	100.05	-3	62.8235294117647
309	386	387	1	353.7	-3	57.2285714285714
310	0	0	0	0	-1	64.3
311	388	389	4	146.65	-3	69.8516666666667
312	0	0	0	0	-1	17.96
313	0	0	0	0	-1	26.408
314	390	391	7	829.5	-3	18.1942857142857
315	392	393	4	163.75	-3	36.3947826086957
316	394	395	4	158.7	-3	30.0733333333333
317	396	397	5	11.65	-3	39.3516666666667
318	398	399	1	213.15	-3	46.0909090909091
319	400	401	8	78	-3	43.556
320	402	403	3	124.05	-3	27.205
321	404	405	7	758.35	-3	30.3683333333333
322	0	0	0	0	-1	55.65
323	0	0	0	0	-1	63.71
324	406	407	4	210	-3	34.2416666666667
325	0	0	0	0	-1	27.74
326	408	409	8	135	-3	51.5818181818182
327	410	411	5	8.45	-3	46.2610344827586
328	412	413	5	9.6	-3	64.0646153846154
329	0	0	0	0	-1	47.275
330	0	0	0	0	-1	33.4
331	0	0	0	0	-1	32.4
332	414	415	6	899.6	-3	36.66
333	0	0	0	0	-1	32.24
334	0	0	0	0	-1	39.72
335	0	0	0	0	-1	26.8166666666667
336	416	417	5	9	-3	21.7036363636364
337	418	419	7	773.2	-3	31.934375
338	0	0	0	0	-1	63.14
339	0	0	0	0	-1	56.8966666666667
340	420	421	2	230.25	-3	32.8333333333333
341	0	0	0	0	-1	31.06
342	0	0	0	0	-1	24.146
343	0	0	0	0	-1	27.87
344	0	0	0	0	-1	5.885
345	0	0	0	0	-1	4.9
346	0	0	0	0	-1	10.37
347	0	0	0	0	-1	11.09
348	0	0	0	0	-1	15.75
349	422	423	6	1043.8	-3	11.92
350	0	0	0	0	-1	13.09
351	0	0	0	0	-1	20.42
352	424	425	6	967.55	-3	8.70375
353	426	427	4	195.35	-3	12.36125
354	428	429	6	1111.3	-3	12.2025
355	0	0	0	0	-1	13.12
356	0	0	0	0	-1	6.27
357	0	0	0	0	-1	12.77
358	430	431	1	159.5	-3	25.5246153846154
359	0	0	0	0	-1	32.6441176470588
360	432	433	7	784.75	-3	21.9192307692308
361	0	0	0	0	-1	18.2
362	434	435	6	1094	-3	21.475
363	0	0	0	0	-1	17.52
364	436	437	8	21	-3	31.474
365	0	0	0	0	-1	22.49
366	0	0	0	0	-1	39.35
367	0	0	0	0	-1	47.19
368	0	0	0	0	-1	13.2
369	0	0	0	0	-1	12.46
370	0	0	0	0	-1	13.29
371	0	0	0	0	-1	18.03
372	0	0	0	0	-1	37.824
373	0	0	0	0	-1	34.2
374	0	0	0	0	-1	33.54
375	438	439	2	49.05	-3	44.0236842105263
376	440	441	1	340	-3	40.5471428571429
377	0	0	0	0	-1	29.39
378	0	0	0	0	-1	32.475
379	442	443	7	840	-3	35.8733333333333
380	444	445	7	796.5	-3	35.21
381	0	0	0	0	-1	28.7516666666667
382	0	0	0	0	-1	34.52
383	446	447	6	988.2	-3	35.21
384	448	449	8	42	-3	58.8571428571429
385	450	451	2	111.75	-3	65.6
386	0	0	0	0	-1	58.15
387	0	0	0	0	-1	56
388	0	0	0	0	-1	79.3966666666667
389	452	453	5	11.3	-3	66.67
390	0	0	0	0	-1	16.085
391	0	0	0	0	-1	19.038
392	454	455	6	1047.2	-3	37.4890909090909
393	456	457	7	903.85	-3	35.3916666666667
394	0	0	0	0	-1	32.19
395	0	0	0	0	-1	25.84
396	458	459	5	10.75	-3	37.2533333333333
397	0	0	0	0	-1	45.6466666666667
398	460	461	1	212.25	-3	45.025
399	0	0	0	0	-1	48.9333333333333
400	462	463	3	122.85	-3	41.8428571428571
401	0	0	0	0	-1	47.5533333333333
402	0	0	0	0	-1	27.68
403	0	0	0	0	-1	26.255
404	0	0	0	0	-1	29.862
405	0	0	0	0	-1	32.9
406	0	0	0	0	-1	34.57
407	0	0	0	0	-1	34.176
408	464	465	2	38	-3	49.71
409	0	0	0	0	-1	53.828
410	466	467	2	136.95	-3	44.0032
411	0	0	0	0	-1	60.3725
412	468	469	5	5.6	-3	60.9488888888889
413	0	0	0	0	-1	71.075
414	0	0	0	0	-1	33.72
415	470	471	1	203	-3	37.5
416	472	473	7	802	-3	24.65
417	0	0	0	0	-1	13.8466666666667
418	474	475	6	861.5	-3	32.4107692307692
419	0	0	0	0	-1	29.87
420	0	0	0	0	-1	33.06
421	0	0	0	0	-1	32.72
422	0	0	0	0	-1	10.585
423	0	0	0	0	-1	14.59
424	0	0	0	0	-1	11.58
425	476	477	8	5	-3	8.29285714285714
426	478	479	5	5.9	-3	12.6942857142857
427	0	0	0	0	-1	10.03
428	480	481	5	2.9	-3	12.3483333333333
429	0	0	0	0	-1	11.765
430	482	483	7	808	-3	20.519375
431	484	485	2	64.9	-3	27.1589795918367
432	486	487	1	266.5	-3	21.2444444444444
433	0	0	0	0	-1	23.4375
434	0	0	0	0	-1	24.5
435	0	0	0	0	-1	20.87
436	488	489	1	330.5	-3	26.0055555555556
437	0	0	0	0	-1	33.817619047619
438	490	491	5	5.75	-3	41.9214285714286
439	492	493	5	1.8	-3	45.25
440	0	0	0	0	-1	39.2833333333333
441	0	0	0	0	-1	41.495
442	0	0	0	0	-1	35.76
443	0	0	0	0	-1	35.896
444	0	0	0	0	-1	36.45
445	0	0	0	0	-1	34.7966666666667
446	0	0	0	0	-1	34.56
447	0	0	0	0	-1	35.34
448	0	0	0	0	-1	56.7
449	0	0	0	0	-1	59.72
450	0	0	0	0	-1	64.325
451	0	0	0	0	-1	70.7
452	494	495	8	42	-3	66.44125
453	0	0	0	0	-1	68.5
454	0	0	0	0	-1	36.765
455	0	0	0	0	-1	37.9028571428571
456	0	0	0	0	-1	37.27
457	496	497	8	64	-3	35.016
458	498	499	4	166.5	-3	38.1325
459	0	0	0	0	-1	30.22
460	0	0	0	0	-1	47.82
461	500	501	5	9.55	-3	44.0933333333333
462	502	503	3	99.35	-3	42.605
463	0	0	0	0	-1	37.27
464	0	0	0	0	-1	52.91
465	0	0	0	0	-1	48.11
466	504	505	2	66.85	-3	46.8094117647059
467	506	507	6	881.1	-3	38.04
468	0	0	0	0	-1	57.22
469	508	509	4	193.1	-3	62.8133333333333
470	0	0	0	0	-1	36.44
471	0	0	0	0	-1	38.295
472	510	511	3	107.4	-3	24.1233333333333
473	0	0	0	0	-1	26.23
474	512	513	6	843.05	-3	32.1758333333333
475	0	0	0	0	-1	35.23
476	0	0	0	0	-1	6.606
477	0	0	0	0	-1	12.51
478	0	0	0	0	-1	11.8666666666667
479	0	0	0	0	-1	13.315
480	0	0	0	0	-1	12.422
481	0	0	0	0	-1	11.98
482	514	515	1	154.05	-3	22.791
483	516	517	5	7.95	-3	16.7333333333333
484	518	519	5	5.75	-3	25.828125
485	520	521	8	21	-3	29.6641176470588
486	522	523	1	194.85	-3	20.3216666666667
487	0	0	0	0	-1	23.09
488	0	0	0	0	-1	20.77
489	524	525	6	985.75	-3	26.66
490	0	0	0	0	-1	40.6433333333333
491	0	0	0	0	-1	42.88
492	526	527	6	1012.7	-3	43.2377777777778
493	0	0	0	0	-1	51.2866666666667
494	0	0	0	0	-1	63.14
495	528	529	8	78	-3	66.9128571428571
496	0	0	0	0	-1	25.72
497	0	0	0	0	-1	37.34
498	530	531	4	156.9	-3	38.7614285714286
499	0	0	0	0	-1	33.73
500	0	0	0	0	-1	42.6733333333333
501	0	0	0	0	-1	45.5133333333333
502	0	0	0	0	-1	42.03
503	0	0	0	0	-1	43.18
504	532	533	7	716.6	-3	46.9307142857143
505	0	0	0	0	-1	46.2433333333333
506	0	0	0	0	-1	42.66
507	0	0	0	0	-1	33.42
508	0	0	0	0	-1	65.91
509	0	0	0	0	-1	56.62
510	0	0	0	0	-1	26.15
511	0	0	0	0	-1	23.718
512	534	535	4	189.4	-3	33.0075
513	0	0	0	0	-1	30.5125
514	536	537	5	7.5	-3	24.7242857142857
515	0	0	0	0	-1	18.28
516	0	0	0	0	-1	12.18
517	0	0	0	0	-1	19.01
518	538	539	5	4.95	-3	23.7088888888889
519	540	541	7	789.95	-3	28.5528571428571
520	0	0	0	0	-1	34.24
521	542	543	6	1040.8	-3	29.054
522	0	0	0	0	-1	17.6
523	0	0	0	0	-1	20.866
524	0	0	0	0	-1	27.7
525	0	0	0	0	-1	25.62
526	0	0	0	0	-1	42.8675
527	0	0	0	0	-1	43.534
528	0	0	0	0	-1	66.82
529	0	0	0	0	-1	66.95
530	0	0	0	0	-1	38.866
531	0	0	0	0	-1	38.5
532	0	0	0	0	-1	43.94
533	544	545	7	771.8	-3	48.127
534	0	0	0	0	-1	33.76
535	546	547	7	707	-3	32.9
536	0	0	0	0	-1	24.0975
537	0	0	0	0	-1	25.56
538	548	549	1	304.5	-3	23.0630769230769
539	0	0	0	0	-1	25.388
540	550	551	5	6.25	-3	29.63875
541	552	553	8	21	-3	27.105
542	554	555	2	155.75	-3	29.88
543	0	0	0	0	-1	25.75
544	0	0	0	0	-1	51.104
545	0	0	0	0	-1	45.15
546	0	0	0	0	-1	33.05
547	0	0	0	0	-1	32.84
548	556	557	1	234.9	-3	21.654
549	0	0	0	0	-1	27.76
550	0	0	0	0	-1	27.8875
551	0	0	0	0	-1	31.39
552	0	0	0	0	-1	25.69
553	0	0	0	0	-1	28.52
554	0	0	0	0	-1	27.588
555	558	559	3	64	-3	31.5171428571429
556	0	0	0	0	-1	23.26
557	0	0	0	0	-1	20.048
558	0	0	0	0	-1	33.232
559	0	0	0	0	-1	27.23
