1	2	3	4	165.3	-3	36.601932038835
2	4	5	8	21	-3	48.2647183098591
3	6	7	6	945.75	-3	32.1619436997319
4	8	9	1	214.3	-3	31.8669318181818
5	10	11	7	767.55	-3	55.6269897959184
6	12	13	1	293.4	-3	36.8646101694915
7	14	15	8	10.5	-3	29.0859201773836
8	16	17	3	170.25	-3	17.5266666666667
9	18	19	5	15.1	-3	35.5544285714286
10	20	21	7	728.5	-3	70.3428888888889
11	22	23	8	42	-3	51.2414569536424
12	24	25	6	928.6	-3	28.6851655629139
13	26	27	2	153.15	-3	45.4416666666667
14	28	29	7	621.5	-3	15.5477966101695
15	30	31	1	502.5	-3	33.8832132132132
16	32	33	4	141.85	-3	13.336
17	34	35	7	775.95	-3	22.765
18	36	37	8	5	-3	33.3184
19	38	39	8	5	-3	41.1445
20	40	41	2	12	-3	60.5368421052632
21	42	43	2	158.5	-3	77.5088461538462
22	44	45	3	99.35	-3	45.7621739130435
23	46	47	2	48.4	-3	55.8520731707317
24	48	49	8	17.5	-3	26.3169444444445
25	50	51	8	17.5	-3	34.6332558139535
26	52	53	6	857.75	-3	42.4595652173913
27	54	55	4	180.9	-3	57.2672413793103
28	56	57	4	194.5	-3	34.05625
29	58	59	8	5	-3	14.2017272727273
30	60	61	7	638	-3	33.1932923076923
31	62	63	1	532.5	-3	61.91125
32	0	0	0	0	-1	7.75
33	64	65	3	125.3	-3	14.7325
34	0	0	0	0	-1	23.5783333333333
35	0	0	0	0	-1	20.325
36	66	67	6	970.45	-3	25.3975
37	68	69	5	12.05	-3	40.63
38	70	71	7	704.35	-3	33.89
39	72	73	2	170.1	-3	48.399
40	74	75	6	1047.5	-3	66.7355555555555
41	76	77	8	42	-3	54.958
42	0	0	0	0	-1	79.5375
43	78	79	7	760.4	-3	77.14
44	80	81	5	6	-3	58.0632432432432
45	82	83	3	174.8	-3	31.5390625
46	84	85	5	10.85	-3	49.418
47	86	87	6	941.4	-3	65.9053125
48	88	89	1	269.5	-3	11.7745833333333
49	90	91	6	901.2	-3	30.4719047619048
50	92	93	7	749.5	-3	15.93875
51	94	95	8	135	-3	38.9062857142857
52	96	97	8	42	-3	51.5926923076923
53	98	99	7	721.5	-3	39.7914606741573
54	100	101	4	172.5	-3	51.7466666666667
55	102	103	8	17.5	-3	63.1821428571429
56	0	0	0	0	-1	44.222
57	0	0	0	0	-1	17.1133333333333
58	104	105	4	193.5	-3	11.2123076923077
59	106	107	6	1072.7	-3	16.8818965517241
60	108	109	7	612.4	-3	51.7942857142857
61	110	111	7	758.95	-3	32.3559485530547
62	0	0	0	0	-1	58.85
63	0	0	0	0	-1	67.0133333333333
64	0	0	0	0	-1	13.8733333333333
65	0	0	0	0	-1	15.248
66	112	113	6	895.05	-3	28.8309090909091
67	114	115	4	145.4	-3	22.4923076923077
68	116	117	4	163.45	-3	42.6994444444444
69	118	119	7	894.4	-3	35.97375
70	0	0	0	0	-1	28.6
71	120	121	1	447	-3	35.2125
72	122	123	7	890.4	-3	47.2111111111111
73	0	0	0	0	-1	59.09
74	0	0	0	0	-1	77.4525
75	0	0	0	0	-1	58.162
76	124	125	5	13.75	-3	53.435
77	0	0	0	0	-1	57.2425
78	0	0	0	0	-1	77.23
79	0	0	0	0	-1	76.24
80	126	127	7	874.5	-3	70.2011111111111
81	128	129	4	161.35	-3	54.1617857142857
82	130	131	6	947.5	-3	33.8417857142857
83	0	0	0	0	-1	15.42
84	132	133	1	201.35	-3	43.9048
85	134	135	7	896.75	-3	54.9312
86	136	137	8	73.5	-3	63.7238095238095
87	138	139	3	12.25	-3	70.07
88	140	141	8	5	-3	8.41333333333333
89	142	143	4	185.5	-3	17.3766666666667
90	144	145	6	896.35	-3	28.7135384615385
91	146	147	5	2.75	-3	36.4873684210526
92	0	0	0	0	-1	23.4733333333333
93	0	0	0	0	-1	11.418
94	148	149	4	174.35	-3	34.0861904761905
95	150	151	7	632	-3	46.1364285714286
96	152	153	8	17.5	-3	45.3563157894737
97	154	155	6	837.05	-3	68.52
98	156	157	4	173.45	-3	43.9684615384615
99	158	159	8	17.5	-3	33.9210810810811
100	0	0	0	0	-1	53.8971428571429
101	160	161	7	757.4	-3	49.865
102	0	0	0	0	-1	48.4
103	162	163	2	173.5	-3	67.2136363636364
104	164	165	2	131.1	-3	13.5368965517241
105	166	167	1	193.7	-3	8.28130434782609
106	168	169	2	61.3	-3	17.6160416666667
107	0	0	0	0	-1	13.358
108	0	0	0	0	-1	61.075
109	170	171	6	1046	-3	48.082
110	172	173	1	165.9	-3	35.348
111	174	175	5	9.95	-3	31.04
112	0	0	0	0	-1	25.2
113	176	177	7	733.9	-3	30.9057142857143
114	178	179	6	1081.25	-3	25.7633333333333
115	180	181	4	159.35	-3	19.6885714285714
116	182	183	3	51.75	-3	41.049375
117	0	0	0	0	-1	55.9
118	0	0	0	0	-1	38.2025
119	0	0	0	0	-1	33.745
120	0	0	0	0	-1	32.22
121	0	0	0	0	-1	40.2
122	0	0	0	0	-1	47.94
123	0	0	0	0	-1	46.3
124	0	0	0	0	-1	53.682
125	0	0	0	0	-1	52.2
126	184	185	4	143	-3	68.8328571428571
127	0	0	0	0	-1	74.99
128	186	187	7	812.85	-3	55.6968
129	0	0	0	0	-1	41.37
130	0	0	0	0	-1	62.94
131	188	189	4	133.95	-3	32.7640740740741
132	190	191	5	10.35	-3	39.7286666666667
133	192	193	3	123.1	-3	50.169
134	194	195	1	250.7	-3	56.2909090909091
135	0	0	0	0	-1	44.96
136	196	197	2	101.7	-3	63.6538461538462
137	198	199	4	155.7	-3	63.8375
138	200	201	7	827.9	-3	74.915
139	0	0	0	0	-1	64.256
140	0	0	0	0	-1	5.91999999999999
141	0	0	0	0	-1	9.66
142	0	0	0	0	-1	18.765
143	0	0	0	0	-1	14.6
144	202	203	1	263.25	-3	30.0363934426229
145	0	0	0	0	-1	8.54
146	204	205	6	911.5	-3	27.7916666666667
147	206	207	2	147.8	-3	40.5007692307692
148	0	0	0	0	-1	39.705
149	208	209	3	98.1	-3	32.7641176470588
150	0	0	0	0	-1	38.764
151	210	211	2	152	-3	50.2322222222222
152	212	213	6	837.05	-3	38.5975
153	214	215	1	400.75	-3	50.2718181818182
154	0	0	0	0	-1	64.74
155	0	0	0	0	-1	73.56
156	0	0	0	0	-1	35.955
157	216	217	5	4.95	-3	44.289
158	218	219	2	11	-3	21.7133333333333
159	220	221	5	10.55	-3	37.845
160	0	0	0	0	-1	48.32
161	0	0	0	0	-1	52.44
162	0	0	0	0	-1	56.6133333333333
163	222	223	7	683.9	-3	71.18875
164	224	225	6	956	-3	14.265
165	0	0	0	0	-1	10.042
166	0	0	0	0	-1	5.59777777777777
167	226	227	1	279.65	-3	10.0064285714286
168	228	229	7	782	-3	19.3652380952381
169	230	231	1	188.7	-3	16.2555555555555
170	232	233	1	365.5	-3	49.8214285714286
171	0	0	0	0	-1	44.0233333333333
172	234	235	3	142.75	-3	26.198
173	236	237	3	117.85	-3	37.788
174	238	239	6	1065.9	-3	31.5154285714286
175	240	241	4	173.5	-3	14.4
176	0	0	0	0	-1	30.19
177	0	0	0	0	-1	31.86
178	0	0	0	0	-1	26.212
179	0	0	0	0	-1	23.52
180	0	0	0	0	-1	18.308
181	0	0	0	0	-1	23.14
182	0	0	0	0	-1	49.11
183	242	243	5	11.25	-3	39.8978571428571
184	0	0	0	0	-1	67.57
185	0	0	0	0	-1	71.99
186	0	0	0	0	-1	66.856
187	244	245	1	406.8	-3	52.907
188	0	0	0	0	-1	24.24
189	246	247	3	125	-3	33.446
190	248	249	7	791.35	-3	38.4330769230769
191	0	0	0	0	-1	48.15
192	0	0	0	0	-1	52.538
193	0	0	0	0	-1	47.8
194	250	251	8	78	-3	52.7816666666667
195	252	253	7	823	-3	60.502
196	0	0	0	0	-1	57.7
197	254	255	4	154.6	-3	64.7363636363636
198	256	257	6	894.05	-3	65.9166666666667
199	0	0	0	0	-1	57.6
200	0	0	0	0	-1	75.53
201	0	0	0	0	-1	74.3
202	258	259	3	193.5	-3	28.805
203	0	0	0	0	-1	43.828
204	0	0	0	0	-1	26.685
205	0	0	0	0	-1	28.345
206	260	261	1	276.65	-3	42.5790909090909
207	0	0	0	0	-1	29.07
208	262	263	6	936.8	-3	34.2935714285714
209	0	0	0	0	-1	25.6266666666667
210	0	0	0	0	-1	50.805
211	0	0	0	0	-1	49.774
212	0	0	0	0	-1	35.516
213	0	0	0	0	-1	43.7333333333333
214	0	0	0	0	-1	36.47
215	264	265	2	72.4	-3	61.7733333333333
216	266	267	6	936.1	-3	43.4520454545455
217	268	269	6	873.55	-3	50.4266666666667
218	270	271	6	909.5	-3	18.7714285714286
219	0	0	0	0	-1	32.01
220	272	273	4	210.6	-3	38.6158333333333
221	0	0	0	0	-1	33.22
222	0	0	0	0	-1	77.45
223	274	275	7	732.45	-3	69.1016666666667
224	0	0	0	0	-1	21.44
225	276	277	6	1057.9	-3	13.6127272727273
226	278	279	3	106.4	-3	9.39416666666667
227	0	0	0	0	-1	13.68
228	280	281	7	764	-3	22.5261538461538
229	282	283	1	273	-3	14.22875
230	0	0	0	0	-1	11.145
231	284	285	2	152.1	-3	17.7157142857143
232	286	287	5	7.65	-3	48.85
233	0	0	0	0	-1	55.65
234	288	289	1	162.5	-3	35.194
235	290	291	3	167.7	-3	17.202
236	292	293	6	955	-3	39.215
237	294	295	7	755.95	-3	35.5244827586207
238	296	297	4	175.25	-3	33.3713714285714
239	298	299	6	1107.8	-3	22.2357142857143
240	0	0	0	0	-1	15.57
241	0	0	0	0	-1	13.23
242	0	0	0	0	-1	37.9325
243	300	301	1	232.5	-3	40.684
244	302	303	2	178.75	-3	50.2646666666667
245	0	0	0	0	-1	60.834
246	304	305	5	10.6	-3	36.4978571428571
247	306	307	1	156.55	-3	29.5618181818182
248	0	0	0	0	-1	34.9766666666667
249	308	309	8	78	-3	39.47
250	0	0	0	0	-1	50.376
251	310	311	3	136.5	-3	54.5
252	0	0	0	0	-1	67.765
253	312	313	4	158.8	-3	58.68625
254	314	315	7	845.4	-3	64.4333333333333
255	0	0	0	0	-1	66.1
256	0	0	0	0	-1	65.76
257	0	0	0	0	-1	66.7
258	316	317	2	48.5	-3	29.581320754717
259	0	0	0	0	-1	15.09
260	0	0	0	0	-1	37.4333333333333
261	318	319	5	6.5	-3	44.50875
262	320	321	7	632	-3	35.8575
263	0	0	0	0	-1	24.91
264	0	0	0	0	-1	58.51
265	0	0	0	0	-1	68.3
266	322	323	4	219	-3	43.1993023255814
267	0	0	0	0	-1	54.32
268	0	0	0	0	-1	46.23
269	0	0	0	0	-1	54.6233333333333
270	0	0	0	0	-1	13.52
271	0	0	0	0	-1	20.872
272	324	325	8	59	-3	40.4873684210526
273	0	0	0	0	-1	31.504
274	0	0	0	0	-1	69.74
275	0	0	0	0	-1	65.91
276	326	327	2	110.95	-3	13.9123809523809
277	0	0	0	0	-1	7.32
278	328	329	4	195.95	-3	9.03363636363637
279	0	0	0	0	-1	13.36
280	330	331	6	1058.5	-3	23.61
281	0	0	0	0	-1	20.0875
282	0	0	0	0	-1	9.99
283	0	0	0	0	-1	15.6416666666667
284	332	333	1	216.4	-3	14.715
285	334	335	4	188.85	-3	19.5623076923077
286	0	0	0	0	-1	51.11
287	0	0	0	0	-1	44.33
288	336	337	7	734.25	-3	33.1355555555556
289	0	0	0	0	-1	53.72
290	0	0	0	0	-1	19.254
291	0	0	0	0	-1	15.15
292	0	0	0	0	-1	52.4233333333333
293	338	339	8	42	-3	38.293488372093
294	340	341	8	42	-3	40.7611111111111
295	342	343	6	1028.25	-3	33.168
296	344	345	8	42	-3	39.18
297	346	347	1	191.25	-3	31.3606923076923
298	348	349	1	188.25	-3	24.4508333333333
299	0	0	0	0	-1	17.4027272727273
300	0	0	0	0	-1	35.96
301	350	351	2	22	-3	41.2088888888889
302	352	353	5	18.8	-3	48.9558333333333
303	0	0	0	0	-1	55.5
304	354	355	3	110.9	-3	39.0385714285714
305	356	357	5	11.6	-3	33.9571428571429
306	0	0	0	0	-1	17.955
307	358	359	6	1070.8	-3	32.1411111111111
308	0	0	0	0	-1	37.8933333333333
309	360	361	4	162.95	-3	40.1457142857143
310	0	0	0	0	-1	51.06
311	0	0	0	0	-1	55.0733333333333
312	362	363	1	319.65	-3	59.7016666666667
313	0	0	0	0	-1	55.64
314	0	0	0	0	-1	64.9
315	0	0	0	0	-1	64.3
316	0	0	0	0	-1	13.035
317	364	365	5	9.6	-3	30.2301960784314
318	0	0	0	0	-1	46.2466666666667
319	0	0	0	0	-1	43.466
320	0	0	0	0	-1	30.84
321	366	367	5	5.3	-3	38.36625
322	368	369	3	61.5	-3	40.3414285714286
323	370	371	2	85.5	-3	43.755
324	372	373	1	313.55	-3	40.0261111111111
325	0	0	0	0	-1	48.79
326	374	375	1	367	-3	13.2636842105263
327	0	0	0	0	-1	20.075
328	0	0	0	0	-1	6.47
329	376	377	4	197.95	-3	9.60333333333334
330	378	379	1	378.5	-3	24.3042857142857
331	0	0	0	0	-1	21.18
332	380	381	2	132.7	-3	15.2566666666667
333	0	0	0	0	-1	13.09
334	382	383	6	987.6	-3	18.8111111111111
335	0	0	0	0	-1	21.2525
336	384	385	7	692.45	-3	31.2714285714286
337	0	0	0	0	-1	39.66
338	386	387	6	1107	-3	35.6442424242424
339	388	389	7	751.75	-3	47.036
340	0	0	0	0	-1	34.8525
341	0	0	0	0	-1	45.488
342	0	0	0	0	-1	30.3225
343	390	391	7	758.15	-3	33.879375
344	392	393	2	147.5	-3	33.1310526315789
345	394	395	3	98.35	-3	43.6003846153846
346	396	397	6	1023.5	-3	24.1073076923077
347	398	399	8	21	-3	33.1740384615385
348	0	0	0	0	-1	17.9
349	400	401	4	184.5	-3	25.0463636363636
350	402	403	6	1030.35	-3	41.9371428571429
351	0	0	0	0	-1	38.66
352	404	405	5	12.7	-3	48.2518181818182
353	0	0	0	0	-1	56.7
354	0	0	0	0	-1	35.48
355	0	0	0	0	-1	41.7075
356	0	0	0	0	-1	31.12
357	0	0	0	0	-1	35.092
358	0	0	0	0	-1	36.32
359	0	0	0	0	-1	26.9175
360	406	407	3	125.3	-3	40.51
361	0	0	0	0	-1	37.96
362	0	0	0	0	-1	60.95
363	0	0	0	0	-1	59.452
364	408	409	1	156.5	-3	29.2438095238095
365	410	411	6	821	-3	34.8333333333333
366	0	0	0	0	-1	42.04
367	0	0	0	0	-1	32.2433333333333
368	0	0	0	0	-1	40.246
369	0	0	0	0	-1	40.58
370	412	413	2	61.75	-3	47.1104166666667
371	0	0	0	0	-1	37.0441666666667
372	414	415	5	9	-3	42.5371428571429
373	416	417	4	200.85	-3	38.4281818181818
374	418	419	5	8.65	-3	13.5905882352941
375	0	0	0	0	-1	10.485
376	0	0	0	0	-1	10.38
377	420	421	6	965.7	-3	9.38142857142858
378	0	0	0	0	-1	26.06
379	422	423	6	1047.4	-3	24.0116666666667
380	0	0	0	0	-1	14.64
381	0	0	0	0	-1	15.565
382	0	0	0	0	-1	21.82
383	424	425	2	241.85	-3	18.435
384	0	0	0	0	-1	34.586
385	0	0	0	0	-1	22.985
386	426	427	4	181.75	-3	35.2190625
387	0	0	0	0	-1	49.25
388	428	429	7	749.55	-3	45.2075
389	0	0	0	0	-1	54.35
390	430	431	5	6.1	-3	33.7091666666667
391	0	0	0	0	-1	34.39
392	432	433	3	95.9	-3	34.295625
393	0	0	0	0	-1	26.92
394	434	435	5	9.15	-3	49.18875
395	436	437	4	169.9	-3	41.1166666666667
396	438	439	2	58	-3	22.3442857142857
397	0	0	0	0	-1	31.512
398	440	441	7	799	-3	23.69
399	442	443	5	5.8	-3	35.0272413793103
400	444	445	8	78	-3	26.346
401	446	447	6	1097.7	-3	23.9633333333333
402	0	0	0	0	-1	41.725
403	0	0	0	0	-1	42.22
404	448	449	3	95.5	-3	49.7916666666667
405	0	0	0	0	-1	46.404
406	0	0	0	0	-1	40.39
407	0	0	0	0	-1	40.57
408	450	451	2	154.5	-3	28.1269696969697
409	452	453	7	850	-3	33.3388888888889
410	0	0	0	0	-1	30.65
411	454	455	2	248	-3	36.0285714285714
412	456	457	7	632	-3	45.3325
413	458	459	8	225	-3	50.66625
414	460	461	1	313.15	-3	42.0766666666667
415	0	0	0	0	-1	45.3
416	462	463	6	935.6	-3	38.265
417	0	0	0	0	-1	40.06
418	464	465	7	827.5	-3	13.45125
419	0	0	0	0	-1	15.82
420	0	0	0	0	-1	9.56
421	0	0	0	0	-1	9.31000000000001
422	0	0	0	0	-1	24
423	0	0	0	0	-1	24.07
424	0	0	0	0	-1	19.176
425	0	0	0	0	-1	17.2
426	466	467	6	1001.95	-3	38.925
427	468	469	5	8.25	-3	34.3638461538462
428	470	471	2	208.5	-3	47.0433333333333
429	0	0	0	0	-1	39.7
430	0	0	0	0	-1	35.364
431	0	0	0	0	-1	32.5271428571429
432	0	0	0	0	-1	39.592
433	472	473	1	213.25	-3	31.8881818181818
434	0	0	0	0	-1	50.38
435	0	0	0	0	-1	47.9975
436	474	475	8	78	-3	35.8916666666667
437	476	477	8	78	-3	43.7291666666667
438	0	0	0	0	-1	12.18
439	478	479	8	59	-3	23.4142105263158
440	480	481	4	183.15	-3	26.495
441	482	483	6	971	-3	21.1966666666667
442	484	485	6	978.2	-3	33.9711842105263
443	486	487	1	275.4	-3	42.3236363636364
444	488	489	7	790.25	-3	23.7211111111111
445	0	0	0	0	-1	49.97
446	490	491	4	188.85	-3	25.47
447	492	493	7	779.15	-3	22.4566666666667
448	0	0	0	0	-1	48.66
449	0	0	0	0	-1	55.45
450	494	495	5	8.5	-3	25.115
451	496	497	5	6.5	-3	30.9617647058824
452	498	499	7	686.5	-3	32.58125
453	0	0	0	0	-1	39.4
454	0	0	0	0	-1	35.276
455	0	0	0	0	-1	37.91
456	500	501	1	451.25	-3	40.543
457	502	503	1	361	-3	53.315
458	0	0	0	0	-1	48.438
459	0	0	0	0	-1	54.38
460	0	0	0	0	-1	43.2233333333333
461	0	0	0	0	-1	40.93
462	504	505	5	5	-3	37.3783333333333
463	0	0	0	0	-1	39.595
464	506	507	6	1001.5	-3	14.176
465	508	509	5	5	-3	12.2433333333333
466	0	0	0	0	-1	38.5
467	0	0	0	0	-1	41.05
468	510	511	5	3.35	-3	34.9173913043478
469	0	0	0	0	-1	30.12
470	0	0	0	0	-1	47.738
471	0	0	0	0	-1	43.57
472	512	513	6	1002.2	-3	29.715
473	0	0	0	0	-1	34.496
474	0	0	0	0	-1	35.1675
475	0	0	0	0	-1	37.34
476	514	515	5	7.1	-3	43.25875
477	0	0	0	0	-1	44.67
478	516	517	4	180	-3	22.9316666666667
479	0	0	0	0	-1	32.1
480	0	0	0	0	-1	20.92
481	0	0	0	0	-1	27.2914285714286
482	0	0	0	0	-1	22.73
483	0	0	0	0	-1	18.13
484	518	519	7	877.65	-3	32.1040816326531
485	520	521	7	794.5	-3	37.3596296296296
486	522	523	6	1023.4	-3	44.046
487	0	0	0	0	-1	25.1
488	0	0	0	0	-1	17.84
489	524	525	4	175.3	-3	26.6616666666667
490	0	0	0	0	-1	24.686
491	0	0	0	0	-1	29.39
492	0	0	0	0	-1	22.44
493	0	0	0	0	-1	22.49
494	526	527	6	850	-3	26.2976923076923
495	0	0	0	0	-1	19.99
496	528	529	4	219.75	-3	33.8442857142857
497	530	531	3	66.3	-3	28.944
498	0	0	0	0	-1	30.88
499	532	533	5	8.3	-3	32.8242857142857
500	0	0	0	0	-1	39.4866666666667
501	534	535	8	104	-3	40.9957142857143
502	0	0	0	0	-1	54.13
503	0	0	0	0	-1	52.9075
504	0	0	0	0	-1	31.97
505	0	0	0	0	-1	38.46
506	0	0	0	0	-1	13.03
507	536	537	1	206.6	-3	14.4625
508	0	0	0	0	-1	11.67
509	0	0	0	0	-1	12.8166666666667
510	538	539	6	1053.5	-3	34.5228571428571
511	0	0	0	0	-1	39.06
512	0	0	0	0	-1	37.27
513	0	0	0	0	-1	28.204
514	0	0	0	0	-1	42.7
515	540	541	7	841.25	-3	43.445
516	0	0	0	0	-1	19.01
517	542	543	1	139.5	-3	24.44
518	544	545	1	308.5	-3	32.9677777777778
519	0	0	0	0	-1	22.3875
520	546	547	4	199.3	-3	33.24375
521	548	549	6	998.9	-3	39.0926315789474
522	0	0	0	0	-1	40.358
523	0	0	0	0	-1	47.734
524	0	0	0	0	-1	26.5675
525	0	0	0	0	-1	26.85
526	0	0	0	0	-1	29.16
527	550	551	5	7.05	-3	25.7772727272727
528	0	0	0	0	-1	32.805
529	0	0	0	0	-1	35.23
530	0	0	0	0	-1	23.79
531	552	553	4	192.9	-3	29.5166666666667
532	0	0	0	0	-1	33.56
533	0	0	0	0	-1	32.53
534	0	0	0	0	-1	38.83
535	0	0	0	0	-1	42.62
536	0	0	0	0	-1	13.62
537	0	0	0	0	-1	14.968
538	554	555	1	332.6	-3	35.1764705882353
539	0	0	0	0	-1	31.745
540	0	0	0	0	-1	43.5
541	0	0	0	0	-1	43.39
542	0	0	0	0	-1	31.03
543	556	557	7	836.9	-3	23.8908333333333
544	558	559	6	967.55	-3	31.6507407407407
545	560	561	8	73	-3	34.9433333333333
546	562	563	3	60.8	-3	32.9466666666667
547	0	0	0	0	-1	34.135
548	564	565	5	1.7	-3	41.8642857142857
549	566	567	7	825.5	-3	37.4758333333333
550	0	0	0	0	-1	24.57
551	0	0	0	0	-1	26.23
552	0	0	0	0	-1	29.87
553	568	569	6	866.8	-3	29.34
554	570	571	7	699.2	-3	33.627
555	572	573	6	1040.3	-3	37.39
556	574	575	2	120.3	-3	23.69625
557	0	0	0	0	-1	24.28
558	576	577	5	4.55	-3	33.7676923076923
559	0	0	0	0	-1	29.685
560	0	0	0	0	-1	30.822
561	578	579	1	344.5	-3	36.5284615384615
562	0	0	0	0	-1	30.57
563	0	0	0	0	-1	33.422
564	0	0	0	0	-1	41.3633333333333
565	0	0	0	0	-1	44.87
566	580	581	8	225	-3	40.1271428571429
567	0	0	0	0	-1	33.764
568	0	0	0	0	-1	29.41
569	0	0	0	0	-1	28.99
570	0	0	0	0	-1	37.2433333333333
571	582	583	7	736.7	-3	32.0771428571429
572	0	0	0	0	-1	38.7966666666667
573	0	0	0	0	-1	36.335
574	0	0	0	0	-1	23.52
575	0	0	0	0	-1	23.802
576	0	0	0	0	-1	36
577	584	585	6	947.95	-3	32.3725
578	586	587	8	270	-3	37.3454545454545
579	0	0	0	0	-1	32.035
580	0	0	0	0	-1	39.326
581	0	0	0	0	-1	42.13
582	0	0	0	0	-1	31.415
583	0	0	0	0	-1	32.96
584	0	0	0	0	-1	27.66
585	0	0	0	0	-1	33.0457142857143
586	588	589	8	135	-3	36.6857142857143
587	0	0	0	0	-1	38.5
588	0	0	0	0	-1	35.955
589	0	0	0	0	-1	36.978
