1	2	3	5	10.05	-3	36.2730776699029
2	4	5	5	1.8	-3	32.9669661458333
3	6	7	3	78.7	-3	45.9642748091603
4	8	9	1	402.5	-3	29.9480541871921
5	10	11	1	263.5	-3	36.352817679558
6	12	13	6	1013.3	-3	56.1059836065574
7	14	15	2	8.6	-3	37.1265
8	16	17	7	681.8	-3	27.4910277777778
9	18	19	7	760.5	-3	49.1769565217391
10	20	21	1	155.1	-3	29.2075675675676
11	22	23	1	314.5	-3	47.6831428571429
12	24	25	8	17.5	-3	57.8721153846154
13	26	27	1	216.6	-3	45.9016666666667
14	28	29	4	163.6	-3	32.0886666666667
15	30	31	2	179.05	-3	42.9393846153846
16	32	33	8	17.5	-3	42.7040540540541
17	34	35	6	1072.1	-3	23.5547902097902
18	36	37	6	983.1	-3	47.5155813953488
19	0	0	0	0	-1	72.99
20	38	39	3	163.3	-3	22.4933333333333
21	40	41	7	849.6	-3	31.2100584795322
22	42	43	2	124.95	-3	42.5930952380952
23	44	45	8	17.5	-3	55.3182142857143
24	46	47	7	869.6	-3	43.3219444444444
25	48	49	1	273.1	-3	65.5751470588235
26	50	51	7	686.35	-3	37.3833333333333
27	52	53	5	13.55	-3	50.1608333333333
28	54	55	3	174.8	-3	38.3039583333333
29	56	57	3	145.8	-3	21.0392592592593
30	58	59	2	19.5	-3	42.0132258064516
31	0	0	0	0	-1	62.08
32	60	61	6	952.5	-3	24.029
33	62	63	8	59	-3	45.62203125
34	64	65	6	921.5	-3	24.9281856540084
35	66	67	4	182.5	-3	16.9120408163265
36	68	69	8	59	-3	39.9742105263158
37	70	71	4	197.5	-3	53.4858333333333
38	72	73	6	988.9	-3	23.7563157894737
39	74	75	2	60	-3	18.8015384615385
40	76	77	4	195.1	-3	32.0675182481752
41	78	79	3	96.2	-3	27.755
42	80	81	8	42	-3	38.2604255319149
43	82	83	5	8.3	-3	48.0967567567568
44	84	85	5	9.2	-3	31.64
45	86	87	6	1127.2	-3	59.2645833333333
46	88	89	6	905.5	-3	46.1704166666667
47	90	91	2	46.9	-3	37.625
48	0	0	0	0	-1	37.065
49	92	93	6	939.35	-3	67.35703125
50	0	0	0	0	-1	37.43
51	0	0	0	0	-1	37.36
52	0	0	0	0	-1	50.4614285714286
53	0	0	0	0	-1	49.74
54	94	95	4	158.05	-3	39.2989130434783
55	0	0	0	0	-1	15.42
56	0	0	0	0	-1	28.9307692307692
57	96	97	3	184.45	-3	13.7114285714286
58	98	99	5	18.05	-3	50.0175
59	100	101	1	193.55	-3	39.2291304347826
60	0	0	0	0	-1	30.324
61	0	0	0	0	-1	17.734
62	0	0	0	0	-1	40.0892307692308
63	102	103	4	215.75	-3	47.0323529411765
64	104	105	6	887.5	-3	14.2324
65	106	107	1	282.5	-3	26.1894811320755
66	0	0	0	0	-1	12.226
67	108	109	6	1097.7	-3	17.4445454545455
68	110	111	6	885.2	-3	34.0742857142857
69	112	113	6	934.1	-3	43.4158333333333
70	114	115	4	174	-3	58.6988235294118
71	0	0	0	0	-1	40.8257142857143
72	116	117	2	125.3	-3	26.8245833333333
73	118	119	6	995.85	-3	18.4964285714286
74	120	121	7	836.85	-3	13.515
75	122	123	1	142	-3	23.3328571428571
76	124	125	1	212.9	-3	32.9739495798319
77	126	127	8	8.5	-3	26.075
78	128	129	5	5.05	-3	21.4614285714286
79	130	131	8	8.5	-3	29.3866666666667
80	132	133	1	298.95	-3	35.245641025641
81	134	135	7	789.25	-3	52.9575
82	136	137	1	300.8	-3	45.8918181818182
83	138	139	4	173.95	-3	51.3306666666667
84	140	141	5	6.4	-3	32.32
85	0	0	0	0	-1	29.6
86	142	143	4	181.55	-3	57.7655555555556
87	0	0	0	0	-1	81.75
88	144	145	2	147.1	-3	55.5
89	146	147	1	368.3	-3	43.0605555555556
90	0	0	0	0	-1	46.9
91	148	149	7	906.4	-3	36.7818181818182
92	150	151	5	13.2	-3	62.724
93	152	153	1	305	-3	75.07875
94	154	155	6	945.4	-3	43.8930434782609
95	156	157	8	42	-3	34.7047826086957
96	158	159	4	181.5	-3	16.7833333333333
97	160	161	6	873.5	-3	11.4075
98	162	163	1	357	-3	48.7176923076923
99	0	0	0	0	-1	55.65
100	164	165	2	164.1	-3	31.6613333333333
101	166	167	1	264.05	-3	42.8909677419355
102	0	0	0	0	-1	52.956
103	168	169	2	128.25	-3	46.3884782608696
104	170	171	1	216.5	-3	18.625
105	172	173	6	911.5	-3	12.8452631578947
106	174	175	4	174.75	-3	22.0012962962963
107	176	177	1	389	-3	30.53875
108	178	179	8	17.5	-3	19.4038095238095
109	180	181	4	185.85	-3	15.655652173913
110	0	0	0	0	-1	23.85
111	182	183	4	210	-3	35.7783333333333
112	184	185	8	317.5	-3	42.4245454545455
113	0	0	0	0	-1	54.32
114	0	0	0	0	-1	64.8028571428571
115	186	187	8	21	-3	54.426
116	0	0	0	0	-1	21.1666666666667
117	188	189	1	144.85	-3	27.6328571428571
118	0	0	0	0	-1	12.18
119	190	191	1	153.9	-3	21.023
120	0	0	0	0	-1	14.11
121	0	0	0	0	-1	10.54
122	0	0	0	0	-1	21.91
123	0	0	0	0	-1	24.4
124	192	193	8	42	-3	30.4258441558442
125	194	195	3	106.65	-3	37.6454761904762
126	0	0	0	0	-1	12.25
127	196	197	7	655	-3	28.84
128	0	0	0	0	-1	18.44
129	0	0	0	0	-1	23.7275
130	0	0	0	0	-1	12.7775
131	198	199	2	70.8	-3	32.2752173913044
132	200	201	5	5.75	-3	38.6414814814815
133	202	203	1	313.15	-3	27.605
134	204	205	5	9.7	-3	55.77
135	0	0	0	0	-1	44.52
136	206	207	4	198	-3	51.44
137	208	209	6	882.3	-3	43.3026666666667
138	0	0	0	0	-1	52.826
139	210	211	8	17.5	-3	50.583
140	0	0	0	0	-1	31.224
141	0	0	0	0	-1	37.8
142	212	213	7	785.75	-3	65.0015789473684
143	214	215	2	13	-3	52.4776923076923
144	0	0	0	0	-1	54.9
145	0	0	0	0	-1	56.1
146	216	217	7	779.75	-3	41.0888888888889
147	218	219	7	780.2	-3	45.0322222222222
148	0	0	0	0	-1	38.6666666666667
149	0	0	0	0	-1	34.52
150	220	221	2	137.05	-3	59.9545454545455
151	222	223	1	500.15	-3	63.7744827586207
152	0	0	0	0	-1	70.578
153	224	225	5	16.8	-3	76.2631578947368
154	0	0	0	0	-1	55.55
155	226	227	4	156.4	-3	42.1445
156	228	229	8	8.5	-3	23.4046153846154
157	230	231	6	1023.7	-3	49.395
158	0	0	0	0	-1	15.5366666666667
159	0	0	0	0	-1	18.03
160	0	0	0	0	-1	15.09
161	232	233	3	190.1	-3	10.18
162	0	0	0	0	-1	44.18
163	0	0	0	0	-1	49.5427272727273
164	234	235	3	114.15	-3	27.665
165	0	0	0	0	-1	39.654
166	0	0	0	0	-1	52.4975
167	236	237	1	416.5	-3	41.4677777777778
168	238	239	7	632	-3	50.1425925925926
169	240	241	7	632	-3	41.0536842105263
170	0	0	0	0	-1	19.646
171	0	0	0	0	-1	13.52
172	242	243	7	917.5	-3	12.3133333333333
173	0	0	0	0	-1	13.7571428571429
174	0	0	0	0	-1	30.896
175	244	245	8	21	-3	21.5695145631068
176	246	247	1	383.75	-3	29.4549438202247
177	0	0	0	0	-1	36.9693333333333
178	248	249	2	62.05	-3	13.509
179	250	251	7	762.15	-3	24.7627272727273
180	252	253	1	245.05	-3	16.8
181	254	255	6	1107.5	-3	13.51
182	0	0	0	0	-1	34.3675
183	0	0	0	0	-1	38.6
184	0	0	0	0	-1	42.1675
185	0	0	0	0	-1	43.11
186	0	0	0	0	-1	43.255
187	256	257	1	455	-3	61.8733333333333
188	258	259	2	166.45	-3	31.7
189	260	261	4	193.65	-3	24.5825
190	262	263	7	755.6	-3	23.82
191	0	0	0	0	-1	16.8275
192	264	265	8	8.5	-3	23.659387755102
193	266	267	1	186.15	-3	42.2671428571429
194	268	269	2	145.5	-3	41.0965
195	270	271	5	6.1	-3	34.5081818181818
196	0	0	0	0	-1	26.7
197	272	273	8	78	-3	29.6181818181818
198	274	275	6	1007.1	-3	31.9513636363636
199	0	0	0	0	-1	39.4
200	0	0	0	0	-1	29.824
201	276	277	4	163.9	-3	40.6454545454545
202	278	279	1	302.4	-3	25.6
203	0	0	0	0	-1	37.63
204	0	0	0	0	-1	54.35
205	0	0	0	0	-1	58.61
206	0	0	0	0	-1	46.24
207	0	0	0	0	-1	53.52
208	0	0	0	0	-1	45.17
209	280	281	6	947.6	-3	42.369
210	0	0	0	0	-1	39.3
211	282	283	5	9.1	-3	58.105
212	284	285	6	1047.5	-3	67.1861538461538
213	286	287	5	4.6	-3	60.2683333333333
214	288	289	1	514.05	-3	42.02875
215	290	291	1	326.5	-3	57.1216666666667
216	0	0	0	0	-1	41.475
217	0	0	0	0	-1	38
218	0	0	0	0	-1	46.538
219	0	0	0	0	-1	43.15
220	0	0	0	0	-1	53.88
221	292	293	4	178.05	-3	65.0166666666667
222	294	295	2	111.75	-3	64.2318518518518
223	0	0	0	0	-1	57.6
224	296	297	6	945.75	-3	74.8071428571428
225	0	0	0	0	-1	80.34
226	298	299	8	21	-3	43.4178947368421
227	0	0	0	0	-1	17.95
228	0	0	0	0	-1	15.506
229	300	301	8	21	-3	28.34125
230	302	303	3	98.1	-3	47.8671428571429
231	0	0	0	0	-1	52.96
232	0	0	0	0	-1	13.46
233	0	0	0	0	-1	8.54
234	0	0	0	0	-1	16.5
235	304	305	2	95.55	-3	30.45625
236	306	307	5	12.75	-3	40.9533333333333
237	308	309	8	15.5	-3	42.4966666666667
238	0	0	0	0	-1	40.7075
239	310	311	8	225	-3	51.7834782608696
240	0	0	0	0	-1	38.5964285714286
241	0	0	0	0	-1	47.934
242	0	0	0	0	-1	12.9066666666667
243	312	313	1	204	-3	12.1155555555556
244	314	315	8	5	-3	11.9916363636364
245	316	317	8	59	-3	32.5441666666667
246	318	319	4	208.8	-3	29.9310714285714
247	0	0	0	0	-1	21.456
248	320	321	1	298	-3	15.94
249	0	0	0	0	-1	7.83666666666667
250	0	0	0	0	-1	18.2
251	322	323	8	59	-3	25.419
252	0	0	0	0	-1	15.75
253	324	325	6	1111.3	-3	17.1818181818182
254	0	0	0	0	-1	14.5
255	0	0	0	0	-1	12.916
256	0	0	0	0	-1	52.3
257	0	0	0	0	-1	63.788
258	0	0	0	0	-1	35.835
259	326	327	7	795.15	-3	30.5185714285714
260	328	329	5	7.05	-3	24.1818181818182
261	0	0	0	0	-1	28.99
262	0	0	0	0	-1	25.9933333333333
263	0	0	0	0	-1	21.6466666666667
264	330	331	6	1006.25	-3	15.8393333333333
265	332	333	5	7.7	-3	27.1094117647059
266	334	335	3	170.25	-3	47.2441176470588
267	336	337	1	190.5	-3	34.5754545454545
268	338	339	8	42	-3	38.1216666666667
269	0	0	0	0	-1	67.87
270	340	341	7	756	-3	32.4711111111111
271	342	343	6	1042.4	-3	35.9184615384615
272	344	345	8	21	-3	28.494
273	0	0	0	0	-1	40.86
274	346	347	8	21	-3	30.8326315789474
275	0	0	0	0	-1	39.0366666666667
276	0	0	0	0	-1	51.33
277	348	349	3	112.25	-3	40.1366666666667
278	0	0	0	0	-1	23.84
279	350	351	4	187.05	-3	26.7733333333333
280	0	0	0	0	-1	33.42
281	352	353	7	755.5	-3	43.3633333333333
282	0	0	0	0	-1	63.7666666666667
283	0	0	0	0	-1	52.4433333333333
284	354	355	5	9.2	-3	70.5755555555556
285	0	0	0	0	-1	59.56
286	0	0	0	0	-1	67.57
287	0	0	0	0	-1	58.808
288	356	357	6	839.25	-3	39.9142857142857
289	0	0	0	0	-1	56.83
290	358	359	1	321.65	-3	54.02
291	360	361	6	1003.2	-3	58.6725
292	0	0	0	0	-1	64.525
293	0	0	0	0	-1	66
294	362	363	2	100.05	-3	63.1447058823529
295	364	365	2	164.85	-3	66.08
296	366	367	8	42	-3	75.275
297	0	0	0	0	-1	72
298	368	369	8	8.5	-3	29.2666666666667
299	370	371	5	10.95	-3	49.9492307692308
300	372	373	5	11.5	-3	26.4133333333333
301	0	0	0	0	-1	34.125
302	0	0	0	0	-1	51.04
303	0	0	0	0	-1	46.598
304	0	0	0	0	-1	31.566
305	0	0	0	0	-1	28.6066666666667
306	0	0	0	0	-1	48.115
307	374	375	5	14.1	-3	40.058125
308	0	0	0	0	-1	27.1875
309	0	0	0	0	-1	54.744
310	0	0	0	0	-1	50.4758333333333
311	0	0	0	0	-1	53.21
312	0	0	0	0	-1	11.5666666666667
313	0	0	0	0	-1	12.39
314	376	377	7	749.55	-3	8.6536
315	378	379	6	995.4	-3	14.7733333333333
316	380	381	7	790.6	-3	29.5214814814815
317	382	383	6	936.8	-3	36.4304761904762
318	384	385	8	10.5	-3	29.5747435897436
319	0	0	0	0	-1	34.5633333333333
320	0	0	0	0	-1	16.084
321	0	0	0	0	-1	15.58
322	386	387	4	189	-3	24.42625
323	0	0	0	0	-1	29.39
324	388	389	6	1107.8	-3	17.5277777777778
325	0	0	0	0	-1	15.625
326	0	0	0	0	-1	30.964
327	0	0	0	0	-1	29.405
328	390	391	4	187.3	-3	23.7085714285714
329	0	0	0	0	-1	25.01
330	0	0	0	0	-1	23.08
331	392	393	3	120.3	-3	14.0291666666667
332	394	395	3	120.1	-3	23.2623076923077
333	396	397	1	177.9	-3	29.4909523809524
334	398	399	5	7.75	-3	46.374
335	0	0	0	0	-1	53.77
336	0	0	0	0	-1	32.7422222222222
337	0	0	0	0	-1	42.825
338	400	401	4	184.2	-3	34.0975
339	402	403	2	49.05	-3	46.17
340	0	0	0	0	-1	32.964
341	0	0	0	0	-1	31.855
342	404	405	8	29.5	-3	37.193
343	0	0	0	0	-1	31.67
344	0	0	0	0	-1	22.32
345	406	407	4	224.5	-3	30.0375
346	408	409	7	863.35	-3	26.2783333333333
347	410	411	5	4.3	-3	32.9346153846154
348	412	413	4	202.35	-3	41.048
349	0	0	0	0	-1	21.91
350	0	0	0	0	-1	25.1
351	0	0	0	0	-1	30.12
352	0	0	0	0	-1	41.05
353	414	415	4	0	-3	44.52
354	416	417	6	946.05	-3	73.16
355	0	0	0	0	-1	49.9
356	0	0	0	0	-1	31.18
357	418	419	5	4.35	-3	41.37
358	0	0	0	0	-1	57.215
359	0	0	0	0	-1	52.4225
360	420	421	4	192.95	-3	60.4263636363636
361	0	0	0	0	-1	39.38
362	0	0	0	0	-1	61.35
363	422	423	8	42	-3	63.384
364	0	0	0	0	-1	66.9
365	0	0	0	0	-1	65.7285714285714
366	424	425	6	943.7	-3	72.4333333333333
367	426	427	2	235.9	-3	78.1166666666667
368	0	0	0	0	-1	22.1066666666667
369	0	0	0	0	-1	36.4266666666667
370	0	0	0	0	-1	44.255
371	428	429	6	1029.15	-3	52.48
372	0	0	0	0	-1	25.778
373	0	0	0	0	-1	29.59
374	430	431	8	5	-3	37.7528571428571
375	432	433	2	81.4	-3	41.8511111111111
376	434	435	2	269.1	-3	10.0485714285714
377	436	437	1	131.1	-3	8.11111111111111
378	438	439	4	193	-3	16.0033333333333
379	440	441	1	238.15	-3	12.9283333333333
380	442	443	7	690.95	-3	33.3623076923077
381	444	445	7	870.9	-3	25.955
382	0	0	0	0	-1	48.28
383	446	447	6	969.9	-3	34.4555555555556
384	448	449	4	189	-3	17.2148
385	450	451	4	195	-3	35.4049056603774
386	452	453	7	801.5	-3	25.3516666666667
387	0	0	0	0	-1	21.65
388	0	0	0	0	-1	17.19
389	454	455	8	17.5	-3	17.6966666666667
390	0	0	0	0	-1	23.74
391	0	0	0	0	-1	23.696
392	0	0	0	0	-1	20.73
393	456	457	3	123.4	-3	13.42
394	0	0	0	0	-1	34.24
395	458	459	4	145.7	-3	22.3475
396	460	461	6	1007.25	-3	31.7918181818182
397	462	463	3	125	-3	26.96
398	0	0	0	0	-1	40.682
399	464	465	3	163.45	-3	49.22
400	0	0	0	0	-1	38.05
401	466	467	4	187.65	-3	33.307
402	0	0	0	0	-1	39.59
403	0	0	0	0	-1	49.46
404	0	0	0	0	-1	18.02
405	468	469	4	172.05	-3	49.975
406	0	0	0	0	-1	30.882
407	0	0	0	0	-1	28.63
408	0	0	0	0	-1	29.75
409	0	0	0	0	-1	24.5425
410	0	0	0	0	-1	34.77
411	470	471	4	167.9	-3	32.1188888888889
412	472	473	6	950.55	-3	41.7323529411765
413	0	0	0	0	-1	37.17
414	0	0	0	0	-1	64.9
415	0	0	0	0	-1	44.52
416	0	0	0	0	-1	69.062
417	0	0	0	0	-1	79.99
418	0	0	0	0	-1	44.495
419	0	0	0	0	-1	39.8075
420	0	0	0	0	-1	65.91
421	474	475	7	750.65	-3	59.2077777777778
422	0	0	0	0	-1	60.592
423	476	477	8	73.5	-3	64.78
424	0	0	0	0	-1	74.7
425	0	0	0	0	-1	71.3
426	0	0	0	0	-1	77.7
427	0	0	0	0	-1	80.2
428	0	0	0	0	-1	46.97
429	0	0	0	0	-1	59.3675
430	0	0	0	0	-1	25.51
431	0	0	0	0	-1	46.935
432	0	0	0	0	-1	42.305
433	0	0	0	0	-1	38.22
434	0	0	0	0	-1	8.952
435	0	0	0	0	-1	12.79
436	0	0	0	0	-1	2.825
437	478	479	1	191.25	-3	8.771875
438	480	481	4	188.85	-3	17.9363636363636
439	482	483	7	746.3	-3	12.9657142857143
440	484	485	7	734.3	-3	12.066
441	0	0	0	0	-1	17.24
442	0	0	0	0	-1	37.81
443	486	487	6	932.6	-3	32.028
444	488	489	2	127.5	-3	26.5346153846154
445	0	0	0	0	-1	18.42
446	490	491	1	218	-3	30.7245454545455
447	492	493	1	231.1	-3	40.3185714285714
448	0	0	0	0	-1	23.845
449	494	495	8	5	-3	15.9519047619048
450	496	497	7	728.4	-3	36.6131707317073
451	498	499	6	971	-3	31.2766666666667
452	0	0	0	0	-1	25.522
453	0	0	0	0	-1	24.5
454	0	0	0	0	-1	13.71
455	0	0	0	0	-1	19.69
456	0	0	0	0	-1	7.32
457	500	501	6	1082.2	-3	14.03
458	0	0	0	0	-1	21.03
459	502	503	7	778.55	-3	23.00625
460	504	505	7	722.55	-3	30.83
461	0	0	0	0	-1	41.41
462	506	507	5	8	-3	30.8866666666667
463	0	0	0	0	-1	21.07
464	508	509	7	763.65	-3	47.74125
465	0	0	0	0	-1	55.135
466	0	0	0	0	-1	30.23
467	510	511	7	785.15	-3	33.6488888888889
468	0	0	0	0	-1	55.74
469	0	0	0	0	-1	44.21
470	0	0	0	0	-1	30.685
471	0	0	0	0	-1	33.266
472	512	513	1	271.2	-3	42.3114285714286
473	0	0	0	0	-1	39.03
474	514	515	8	42	-3	59.53125
475	0	0	0	0	-1	56.62
476	516	517	5	17.55	-3	64.675
477	0	0	0	0	-1	65.2
478	518	519	7	790.6	-3	7.09166666666667
479	520	521	6	966.7	-3	9.78
480	0	0	0	0	-1	21.82
481	522	523	7	765.15	-3	17.0733333333333
482	0	0	0	0	-1	15.75
483	0	0	0	0	-1	11.852
484	524	525	6	1019.5	-3	11.1985714285714
485	0	0	0	0	-1	14.09
486	0	0	0	0	-1	39.32
487	526	527	6	1005.3	-3	31.2177777777778
488	0	0	0	0	-1	24.11
489	528	529	1	131.1	-3	28.05
490	0	0	0	0	-1	34.146
491	0	0	0	0	-1	27.8733333333333
492	530	531	6	975.9	-3	39.0866666666667
493	0	0	0	0	-1	47.71
494	532	533	6	1018.5	-3	13.3516666666667
495	534	535	6	971	-3	19.4188888888889
496	0	0	0	0	-1	41.7075
497	536	537	8	59	-3	36.0624324324324
498	0	0	0	0	-1	32.174
499	0	0	0	0	-1	30.6357142857143
500	538	539	4	142.9	-3	13.2175
501	0	0	0	0	-1	17.28
502	0	0	0	0	-1	24.685
503	540	541	5	5.1	-3	22.4466666666667
504	0	0	0	0	-1	28.99
505	542	543	4	173.9	-3	32.0566666666667
506	0	0	0	0	-1	33.1375
507	0	0	0	0	-1	26.385
508	0	0	0	0	-1	49.64
509	0	0	0	0	-1	46.602
510	544	545	4	192	-3	33.7733333333333
511	0	0	0	0	-1	33.4
512	0	0	0	0	-1	40.8333333333333
513	546	547	6	874.55	-3	42.7145454545455
514	0	0	0	0	-1	57.92
515	0	0	0	0	-1	60.498
516	0	0	0	0	-1	64.3
517	0	0	0	0	-1	64.9
518	0	0	0	0	-1	9.69
519	0	0	0	0	-1	6.572
520	0	0	0	0	-1	11.41
521	0	0	0	0	-1	9.08142857142858
522	0	0	0	0	-1	20.7733333333333
523	548	549	6	941.1	-3	15.2233333333333
524	0	0	0	0	-1	12.37
525	0	0	0	0	-1	10.73
526	550	551	7	698.45	-3	32.6483333333333
527	0	0	0	0	-1	28.3566666666667
528	0	0	0	0	-1	24.29
529	0	0	0	0	-1	29.3033333333333
530	0	0	0	0	-1	39.6733333333333
531	0	0	0	0	-1	38.5
532	552	553	7	764.9	-3	12.6025
533	0	0	0	0	-1	14.85
534	0	0	0	0	-1	22.59
535	554	555	4	197.5	-3	17.8333333333333
536	556	557	1	349.5	-3	32.2886666666667
537	558	559	7	810.5	-3	38.6354545454545
538	0	0	0	0	-1	7.75
539	560	561	3	126.9	-3	13.9985714285714
540	0	0	0	0	-1	23.51
541	0	0	0	0	-1	21.915
542	0	0	0	0	-1	32.3033333333333
543	0	0	0	0	-1	31.81
544	0	0	0	0	-1	33.8
545	0	0	0	0	-1	33.72
546	0	0	0	0	-1	44.28
547	562	563	5	9.1	-3	42.558
548	0	0	0	0	-1	16.89
549	0	0	0	0	-1	13.5566666666667
550	0	0	0	0	-1	33.95
551	0	0	0	0	-1	32.388
552	0	0	0	0	-1	16.11
553	564	565	1	320.5	-3	12.1014285714286
554	0	0	0	0	-1	17.774
555	0	0	0	0	-1	18.13
556	566	567	4	185.35	-3	31.265
557	0	0	0	0	-1	36.3833333333333
558	568	569	6	1051.5	-3	41.0533333333333
559	570	571	4	192.5	-3	37.72875
560	0	0	0	0	-1	12.55
561	0	0	0	0	-1	15.085
562	572	573	2	119	-3	42.42
563	0	0	0	0	-1	43.8
564	574	575	7	840.3	-3	11.865
565	0	0	0	0	-1	13.52
566	0	0	0	0	-1	28.7733333333333
567	576	577	7	813.5	-3	32.0955555555556
568	0	0	0	0	-1	41.2
569	0	0	0	0	-1	40.76
570	0	0	0	0	-1	38.0728571428571
571	0	0	0	0	-1	35.32
572	0	0	0	0	-1	42.8725
573	0	0	0	0	-1	42.058
574	0	0	0	0	-1	12.264
575	0	0	0	0	-1	9.87
576	0	0	0	0	-1	32.31
577	0	0	0	0	-1	31.924
