1	2	3	8	21	-3	35.8602233009709
2	4	5	5	7.85	-3	23.6656156156156
3	6	7	2	16.1	-3	41.6863414634146
4	8	9	2	100.05	-3	18.6200934579439
5	10	11	4	153.7	-3	32.7390756302521
6	12	13	7	677	-3	36.9338198757764
7	14	15	5	8.05	-3	45.7671733333333
8	16	17	1	396.5	-3	19.9807741935484
9	18	19	1	236.75	-3	15.0454237288136
10	20	21	5	13.05	-3	38.8104347826087
11	22	23	4	175.3	-3	31.2844791666667
12	24	25	1	502.55	-3	56.2066666666667
13	26	27	3	176.8	-3	35.1698644067797
14	28	29	7	794.25	-3	39.6702369668246
15	30	31	7	745.8	-3	53.6114024390244
16	32	33	5	2.9	-3	17.5582307692308
17	34	35	4	180	-3	32.578
18	36	37	8	10.5	-3	12.2073170731707
19	38	39	1	318.9	-3	21.51
20	40	41	1	252.25	-3	35.1828571428571
21	42	43	3	49.4	-3	40.3975
22	44	45	1	277.15	-3	30.2254022988506
23	46	47	5	8.75	-3	41.5222222222222
24	48	49	5	0.95	-3	49.6411764705882
25	50	51	8	225	-3	67.368
26	52	53	6	1095	-3	35.9382105263158
27	54	55	3	194.95	-3	13.272
28	56	57	8	42	-3	42.0195031055901
29	58	59	5	6.05	-3	32.1056
30	60	61	8	42	-3	44.3914035087719
31	62	63	4	182.05	-3	58.5229906542056
32	64	65	1	349.5	-3	16.0420689655172
33	66	67	7	789.5	-3	20.6258139534884
34	0	0	0	0	-1	55.135
35	68	69	2	36.75	-3	30.6165217391304
36	70	71	7	747.55	-3	10.5318421052632
37	0	0	0	0	-1	33.43
38	72	73	2	220.5	-3	19.756
39	0	0	0	0	-1	30.28
40	0	0	0	0	-1	35.96
41	0	0	0	0	-1	34.6
42	74	75	1	400	-3	39.7666666666667
43	0	0	0	0	-1	42.29
44	76	77	3	128.65	-3	25.1906666666667
45	78	79	4	174.85	-3	32.8752631578947
46	0	0	0	0	-1	38.35
47	0	0	0	0	-1	44.06
48	80	81	4	214	-3	46.3409090909091
49	82	83	3	29.5	-3	55.6916666666667
50	84	85	4	181	-3	65.6675
51	0	0	0	0	-1	74.17
52	86	87	8	42	-3	36.5746468401487
53	88	89	6	1119.5	-3	25.238125
54	90	91	6	944.45	-3	12.0183333333333
55	0	0	0	0	-1	15.1525
56	92	93	3	179.25	-3	36.6127586206897
57	94	95	2	32	-3	48.3760810810811
58	96	97	7	942.55	-3	30.1991666666667
59	98	99	1	156.55	-3	37.0078571428571
60	100	101	4	167.25	-3	40.2739130434783
61	102	103	6	925.95	-3	61.61
62	104	105	3	59.25	-3	60.7098
63	106	107	1	160.5	-3	27.2828571428571
64	108	109	7	749.5	-3	14.1367213114754
65	110	111	1	383.75	-3	20.5123076923077
66	112	113	1	213.75	-3	19.1504347826087
67	114	115	3	172.95	-3	22.3225
68	116	117	8	5	-3	30.1914285714286
69	0	0	0	0	-1	35.08
70	118	119	6	1009.35	-3	13.5822222222222
71	120	121	4	197.75	-3	9.58517241379311
72	122	123	8	5	-3	16.672
73	0	0	0	0	-1	25.924
74	0	0	0	0	-1	29
75	124	125	6	894.05	-3	40.7454545454545
76	126	127	7	780.65	-3	22.0882352941176
77	128	129	5	8.9	-3	29.2476923076923
78	130	131	1	360.8	-3	33.6638
79	132	133	8	5	-3	27.2428571428571
80	134	135	8	135	-3	48.4933333333333
81	0	0	0	0	-1	43.758
82	0	0	0	0	-1	54.9225
83	0	0	0	0	-1	57.23
84	0	0	0	0	-1	70.5133333333333
85	0	0	0	0	-1	62.76
86	136	137	5	13.6	-3	32.856875
87	138	139	4	161.25	-3	40.85752
88	140	141	7	786.5	-3	18.4290909090909
89	0	0	0	0	-1	40.218
90	0	0	0	0	-1	9.87333333333333
91	0	0	0	0	-1	14.1633333333333
92	142	143	6	1103.1	-3	36.9878571428571
93	0	0	0	0	-1	26.11
94	0	0	0	0	-1	61.2925
95	144	145	3	165.4	-3	47.638
96	146	147	8	59	-3	30.9191176470588
97	0	0	0	0	-1	17.96
98	148	149	3	56.5	-3	26.8466666666667
99	150	151	7	812	-3	44.62875
100	152	153	4	161	-3	53.808
101	154	155	1	316.25	-3	36.5144444444444
102	0	0	0	0	-1	71.7
103	156	157	7	661.9	-3	57.82625
104	158	159	8	73.5	-3	65.666
105	160	161	3	131	-3	54.6522222222222
106	0	0	0	0	-1	23.03
107	0	0	0	0	-1	37.915
108	0	0	0	0	-1	30.96
109	162	163	5	0.85	-3	13.8563333333333
110	164	165	8	5	-3	21.646875
111	166	167	4	189	-3	18.697
112	0	0	0	0	-1	21.882
113	168	169	6	1036.5	-3	18.3916666666667
114	170	171	7	858.8	-3	21.135
115	0	0	0	0	-1	33.01
116	172	173	1	512.5	-3	25.765
117	174	175	6	1075	-3	36.0933333333333
118	0	0	0	0	-1	15.286
119	0	0	0	0	-1	11.4525
120	176	177	7	816.2	-3	10.5015
121	178	179	8	5	-3	7.54888888888889
122	0	0	0	0	-1	11.2
123	180	181	7	721.05	-3	19.0171428571429
124	182	183	5	30.2	-3	41.19
125	0	0	0	0	-1	36.3
126	0	0	0	0	-1	38.6566666666667
127	184	185	1	215.75	-3	18.5378571428571
128	0	0	0	0	-1	32.976
129	186	187	4	154.7	-3	26.9175
130	188	189	4	171.45	-3	31.2944444444444
131	190	191	8	5	-3	34.9965625
132	0	0	0	0	-1	24.1
133	0	0	0	0	-1	35.1
134	0	0	0	0	-1	47.22
135	0	0	0	0	-1	51.04
136	192	193	1	458	-3	32.4382269503546
137	0	0	0	0	-1	52.5333333333333
138	194	195	4	150.45	-3	50.4928
139	196	197	1	384.5	-3	38.4487
140	0	0	0	0	-1	19.69
141	198	199	1	244	-3	17.95625
142	200	201	4	200.5	-3	36.4485542168675
143	0	0	0	0	-1	81.75
144	202	203	7	612	-3	46.8029032258065
145	204	205	8	78	-3	54.11
146	206	207	1	145.8	-3	27.8305
147	208	209	8	225	-3	35.3314285714286
148	0	0	0	0	-1	19.01
149	0	0	0	0	-1	28.414
150	0	0	0	0	-1	56.61
151	210	211	3	61	-3	42.9171428571429
152	212	213	4	156.95	-3	55.6
153	0	0	0	0	-1	51.12
154	214	215	7	698.25	-3	33.9815151515152
155	0	0	0	0	-1	64.3766666666667
156	0	0	0	0	-1	61.55
157	0	0	0	0	-1	56.585
158	216	217	2	187.85	-3	62.39725
159	218	219	2	153.9	-3	74.3826666666667
160	220	221	3	124.05	-3	48.9868181818182
161	222	223	3	132.05	-3	60.0713043478261
162	224	225	3	71.8	-3	13.8840350877193
163	0	0	0	0	-1	13.33
164	0	0	0	0	-1	16.28
165	226	227	1	362.5	-3	22.8853846153846
166	0	0	0	0	-1	11.89
167	228	229	7	771.8	-3	21.6142857142857
168	230	231	6	1028.25	-3	19.547
169	232	233	4	187.3	-3	16.9475
170	234	235	6	1045.85	-3	22.4853846153846
171	0	0	0	0	-1	17.624
172	236	237	5	1.95	-3	25.0345454545455
173	0	0	0	0	-1	33.8
174	238	239	5	1.95	-3	32.8466666666667
175	0	0	0	0	-1	42.5866666666667
176	240	241	6	1061.6	-3	11.48
177	242	243	1	163	-3	9.30555555555555
178	0	0	0	0	-1	5.65
179	0	0	0	0	-1	9.9225
180	0	0	0	0	-1	21.125
181	0	0	0	0	-1	16.2066666666667
182	0	0	0	0	-1	41.3
183	0	0	0	0	-1	40.2
184	244	245	8	8.5	-3	14.16
185	246	247	6	1033.25	-3	22.9157142857143
186	0	0	0	0	-1	33.7
187	0	0	0	0	-1	22.848
188	248	249	6	897.05	-3	30.1553333333333
189	0	0	0	0	-1	36.99
190	250	251	4	163.45	-3	30.9135
191	252	253	7	731	-3	41.8016666666667
192	254	255	7	800.95	-3	30.9252272727273
193	256	257	6	951.1	-3	54.6288888888889
194	258	259	6	1037.3	-3	61.6866666666667
195	260	261	7	786.2	-3	46.9578947368421
196	262	263	4	175.65	-3	37.1828571428571
197	0	0	0	0	-1	51.2477777777778
198	264	265	4	185.5	-3	17.54
199	0	0	0	0	-1	20.87
200	266	267	7	702.25	-3	34.9077192982456
201	268	269	4	202.25	-3	39.8265384615385
202	0	0	0	0	-1	41.1923529411765
203	270	271	3	146.2	-3	48.9224444444444
204	0	0	0	0	-1	53.46
205	0	0	0	0	-1	56.06
206	272	273	6	953.8	-3	26.6492857142857
207	274	275	4	197	-3	30.5866666666667
208	276	277	1	131.1	-3	33.8366666666667
209	0	0	0	0	-1	44.3
210	278	279	2	132.85	-3	43.5033333333333
211	0	0	0	0	-1	39.4
212	0	0	0	0	-1	52.2
213	0	0	0	0	-1	59
214	280	281	3	111.75	-3	35.9226666666667
215	282	283	6	931.5	-3	32.3638888888889
216	284	285	5	14.3	-3	60
217	286	287	7	756.25	-3	67.3761538461538
218	288	289	2	96.25	-3	70.2425
219	290	291	4	150.8	-3	79.1142857142857
220	292	293	5	12.5	-3	53.756
221	294	295	1	139.2	-3	38.7671428571429
222	296	297	5	8.7	-3	67.4244444444444
223	298	299	7	773.8	-3	55.3442857142857
224	300	301	1	292	-3	13.7983018867924
225	0	0	0	0	-1	15.02
226	0	0	0	0	-1	20.305
227	0	0	0	0	-1	27.014
228	0	0	0	0	-1	19.11
229	0	0	0	0	-1	22.616
230	0	0	0	0	-1	16.3466666666667
231	302	303	6	1028.9	-3	20.9185714285714
232	0	0	0	0	-1	16.428
233	0	0	0	0	-1	17.8133333333333
234	304	305	5	5.05	-3	23.669
235	0	0	0	0	-1	18.54
236	306	307	1	490	-3	23.34125
237	0	0	0	0	-1	29.55
238	0	0	0	0	-1	32.718
239	0	0	0	0	-1	33.49
240	0	0	0	0	-1	13.6085714285714
241	0	0	0	0	-1	7.755
242	308	309	8	5	-3	8.64
243	0	0	0	0	-1	10.6366666666667
244	0	0	0	0	-1	11.238
245	0	0	0	0	-1	21.465
246	310	311	5	12.3	-3	22.3933333333333
247	0	0	0	0	-1	26.05
248	0	0	0	0	-1	27.9333333333333
249	312	313	8	5	-3	30.7108333333333
250	314	315	5	11.85	-3	28.33
251	316	317	3	66	-3	34.78875
252	0	0	0	0	-1	49.555
253	318	319	5	14.1	-3	40.251
254	320	321	3	142.2	-3	33.5357971014493
255	322	323	4	193.15	-3	28.0660317460318
256	324	325	7	720.5	-3	50.9314285714286
257	0	0	0	0	-1	67.57
258	0	0	0	0	-1	56.9533333333333
259	0	0	0	0	-1	66.42
260	326	327	1	244.4	-3	51.3928571428571
261	328	329	6	1005.05	-3	44.3708333333333
262	330	331	4	170.85	-3	42.472
263	332	333	5	4.95	-3	34.5816393442623
264	0	0	0	0	-1	17.54
265	0	0	0	0	-1	17.54
266	334	335	4	170.5	-3	40.3076923076923
267	336	337	7	784.2	-3	33.3122727272727
268	0	0	0	0	-1	57.92
269	338	339	1	258.1	-3	37.4665217391304
270	340	341	5	6.8	-3	49.3732558139535
271	0	0	0	0	-1	39.23
272	342	343	2	191.5	-3	28.69375
273	344	345	6	972	-3	23.9233333333333
274	0	0	0	0	-1	26.15
275	0	0	0	0	-1	32.805
276	346	347	1	105.15	-3	30.1566666666667
277	348	349	2	127.5	-3	37.5166666666667
278	0	0	0	0	-1	42.14
279	0	0	0	0	-1	43.776
280	350	351	2	131.9	-3	38.0888888888889
281	352	353	7	687.3	-3	32.6733333333333
282	354	355	2	147.95	-3	33.7021428571429
283	0	0	0	0	-1	27.68
284	356	357	1	218.15	-3	57.558125
285	358	359	4	152.45	-3	63.5518181818182
286	360	361	4	155.4	-3	75.1833333333333
287	362	363	7	842.05	-3	60.6842857142857
288	0	0	0	0	-1	75.5
289	364	365	7	782	-3	68.49
290	0	0	0	0	-1	82.6
291	0	0	0	0	-1	76.5
292	366	367	8	42	-3	58.3377777777778
293	368	369	2	19.5	-3	46.8833333333333
294	0	0	0	0	-1	29.07
295	370	371	1	155.45	-3	40.3833333333333
296	0	0	0	0	-1	62.78
297	0	0	0	0	-1	73.23
298	372	373	5	8.9	-3	51.922
299	0	0	0	0	-1	63.9
300	0	0	0	0	-1	11.2036842105263
301	374	375	7	846.6	-3	15.2482352941176
302	376	377	8	8.5	-3	21.0583333333333
303	0	0	0	0	-1	20.08
304	378	379	3	133.5	-3	22.8416666666667
305	0	0	0	0	-1	24.91
306	0	0	0	0	-1	24.394
307	0	0	0	0	-1	21.5866666666667
308	0	0	0	0	-1	6.88
309	0	0	0	0	-1	9.52
310	0	0	0	0	-1	23.14
311	0	0	0	0	-1	22.02
312	380	381	6	1011.45	-3	25.0783333333333
313	382	383	6	951.6	-3	36.3433333333333
314	384	385	1	416.5	-3	29.2566666666667
315	386	387	6	1036.15	-3	27.4033333333333
316	388	389	1	368.3	-3	35.1714285714286
317	0	0	0	0	-1	32.11
318	390	391	7	885.35	-3	41.7128571428571
319	0	0	0	0	-1	36.84
320	392	393	5	11.4	-3	34.5141666666667
321	394	395	7	752.65	-3	27.0133333333333
322	396	397	2	14.3	-3	30.205652173913
323	398	399	1	279	-3	22.2764705882353
324	0	0	0	0	-1	54.252
325	0	0	0	0	-1	42.63
326	0	0	0	0	-1	49.21
327	0	0	0	0	-1	56.85
328	400	401	8	78	-3	46.5771428571429
329	0	0	0	0	-1	41.282
330	402	403	1	190.5	-3	39.6018181818182
331	404	405	1	296.45	-3	50.365
332	406	407	8	95	-3	32.913829787234
333	408	409	6	895.45	-3	40.1807142857143
334	0	0	0	0	-1	53.58
335	410	411	1	201.8	-3	37.8945454545455
336	412	413	2	134.85	-3	32.1671052631579
337	414	415	1	193.6	-3	40.565
338	416	417	1	140.65	-3	32.405
339	418	419	4	211.75	-3	42.9881818181818
340	420	421	7	681.3	-3	49.04575
341	0	0	0	0	-1	53.74
342	0	0	0	0	-1	26.89
343	0	0	0	0	-1	29.776
344	0	0	0	0	-1	24.29
345	0	0	0	0	-1	23.74
346	0	0	0	0	-1	25.46
347	0	0	0	0	-1	31.096
348	0	0	0	0	-1	32.53
349	0	0	0	0	-1	40.01
350	0	0	0	0	-1	41.94
351	422	423	1	309.95	-3	36.9885714285714
352	0	0	0	0	-1	28.9966666666667
353	0	0	0	0	-1	36.35
354	0	0	0	0	-1	39.42
355	424	425	2	186	-3	32.7491666666667
356	0	0	0	0	-1	32.77
357	426	427	4	179.55	-3	59.2106666666667
358	0	0	0	0	-1	65.5666666666667
359	0	0	0	0	-1	62.79625
360	0	0	0	0	-1	76.95
361	0	0	0	0	-1	74.3
362	0	0	0	0	-1	64.0633333333333
363	0	0	0	0	-1	58.15
364	0	0	0	0	-1	74.19
365	0	0	0	0	-1	67.35
366	0	0	0	0	-1	76.24
367	428	429	7	786.7	-3	56.1
368	0	0	0	0	-1	44.03
369	0	0	0	0	-1	47.454
370	0	0	0	0	-1	44.61
371	0	0	0	0	-1	39.538
372	0	0	0	0	-1	54.37
373	0	0	0	0	-1	50.29
374	430	431	6	1051.5	-3	15.7687096774194
375	0	0	0	0	-1	9.87
376	0	0	0	0	-1	15.8533333333333
377	0	0	0	0	-1	26.2633333333333
378	0	0	0	0	-1	22.14
379	0	0	0	0	-1	22.982
380	0	0	0	0	-1	24.004
381	0	0	0	0	-1	30.45
382	0	0	0	0	-1	37.18
383	0	0	0	0	-1	34.67
384	0	0	0	0	-1	34.77
385	0	0	0	0	-1	28.154
386	0	0	0	0	-1	26.805
387	0	0	0	0	-1	28.6
388	0	0	0	0	-1	35.3
389	0	0	0	0	-1	34.4
390	432	433	7	756.25	-3	42.8483333333333
391	0	0	0	0	-1	34.9
392	434	435	6	988	-3	33.9690566037736
393	436	437	6	1020	-3	38.6414285714286
394	0	0	0	0	-1	15.245
395	0	0	0	0	-1	36.428
396	438	439	7	813.5	-3	29.5909090909091
397	0	0	0	0	-1	43.73
398	440	441	6	909.6	-3	19.5369230769231
399	0	0	0	0	-1	31.18
400	0	0	0	0	-1	44.875
401	0	0	0	0	-1	48.8466666666667
402	442	443	1	173.2	-3	36.5433333333333
403	444	445	6	1002.2	-3	43.272
404	446	447	8	78	-3	48.24
405	0	0	0	0	-1	56.74
406	448	449	5	0.85	-3	31.4091304347826
407	450	451	6	976	-3	34.3558333333333
408	0	0	0	0	-1	44.52
409	452	453	6	1028.25	-3	39.8469230769231
410	0	0	0	0	-1	26.55
411	454	455	5	3.5	-3	42.14875
412	456	457	7	775.1	-3	35.6227272727273
413	458	459	6	881	-3	30.7592592592593
414	0	0	0	0	-1	38.2
415	0	0	0	0	-1	42.93
416	0	0	0	0	-1	35.23
417	460	461	4	215.75	-3	30.3871428571429
418	0	0	0	0	-1	46.4225
419	462	463	5	3	-3	41.0257142857143
420	464	465	1	196.75	-3	50.1
421	466	467	7	693.35	-3	47.6194117647059
422	468	469	7	663	-3	37.5383333333333
423	0	0	0	0	-1	33.69
424	0	0	0	0	-1	28.99
425	470	471	6	828.85	-3	34.0022222222222
426	472	473	3	12.25	-3	57.5046153846154
427	0	0	0	0	-1	70.3
428	474	475	3	121.95	-3	53.9683333333333
429	0	0	0	0	-1	62.495
430	476	477	6	905.1	-3	16.4370833333333
431	478	479	6	1062.5	-3	13.4771428571429
432	0	0	0	0	-1	39.6966666666667
433	0	0	0	0	-1	46
434	0	0	0	0	-1	32.6314814814815
435	480	481	7	753.75	-3	35.3580769230769
436	482	483	7	781.85	-3	36.3316666666667
437	0	0	0	0	-1	52.5
438	484	485	3	129.6	-3	22.5385714285714
439	486	487	4	182.95	-3	30.9251351351351
440	0	0	0	0	-1	9.74
441	488	489	1	234.9	-3	21.3181818181818
442	0	0	0	0	-1	37.4933333333333
443	490	491	8	78	-3	36.2266666666667
444	492	493	7	883.4	-3	45.3528571428571
445	0	0	0	0	-1	38.4166666666667
446	0	0	0	0	-1	48.72
447	0	0	0	0	-1	45.84
448	494	495	6	988.75	-3	32.3722222222222
449	0	0	0	0	-1	27.942
450	496	497	1	304.5	-3	32.3735294117647
451	498	499	8	150	-3	39.17
452	0	0	0	0	-1	40.974
453	500	501	5	6.1	-3	39.1425
454	0	0	0	0	-1	39.07
455	502	503	2	145.15	-3	43.175
456	504	505	4	195.2	-3	38.2322222222222
457	0	0	0	0	-1	23.88
458	0	0	0	0	-1	39.1666666666667
459	506	507	3	53	-3	29.7083333333333
460	0	0	0	0	-1	32.2466666666667
461	0	0	0	0	-1	28.9925
462	0	0	0	0	-1	44.068
463	0	0	0	0	-1	33.42
464	0	0	0	0	-1	46.8833333333333
465	508	509	2	57	-3	51.2352941176471
466	0	0	0	0	-1	43.57
467	510	511	1	167.5	-3	48.4871428571429
468	0	0	0	0	-1	38.22
469	0	0	0	0	-1	37.402
470	0	0	0	0	-1	35.31
471	512	513	1	161	-3	33.6285714285714
472	514	515	2	163.5	-3	55
473	0	0	0	0	-1	63.14
474	0	0	0	0	-1	55.028
475	0	0	0	0	-1	48.67
476	0	0	0	0	-1	13.52
477	0	0	0	0	-1	16.5639130434783
478	0	0	0	0	-1	12.44
479	0	0	0	0	-1	14.86
480	516	517	5	8.75	-3	39.3827272727273
481	518	519	6	1057	-3	32.4066666666667
482	0	0	0	0	-1	37.27
483	0	0	0	0	-1	35.8625
484	0	0	0	0	-1	29.52
485	0	0	0	0	-1	13.23
486	520	521	7	819.4	-3	32.8386956521739
487	522	523	6	884.4	-3	27.7814285714286
488	524	525	4	201.95	-3	22.405
489	0	0	0	0	-1	18.42
490	526	527	4	164.25	-3	35.2833333333333
491	0	0	0	0	-1	38.1133333333333
492	0	0	0	0	-1	47.6733333333333
493	0	0	0	0	-1	43.6125
494	528	529	1	266	-3	30.1683333333333
495	0	0	0	0	-1	36.78
496	530	531	8	140	-3	28.81
497	532	533	4	200	-3	34.868
498	0	0	0	0	-1	38.38
499	0	0	0	0	-1	41.145
500	534	535	4	190.7	-3	39.5
501	0	0	0	0	-1	36.64
502	0	0	0	0	-1	42.564
503	0	0	0	0	-1	46.23
504	0	0	0	0	-1	40.754
505	0	0	0	0	-1	35.08
506	536	537	5	2.95	-3	31.4405555555556
507	538	539	1	146.25	-3	24.5116666666667
508	0	0	0	0	-1	53.03
509	540	541	8	317.5	-3	50.6830769230769
510	0	0	0	0	-1	43.38
511	542	543	8	73	-3	48.88
512	0	0	0	0	-1	32.84
513	0	0	0	0	-1	33.76
514	544	545	8	42	-3	51.8816666666667
515	0	0	0	0	-1	61.2366666666667
516	546	547	1	398.5	-3	38.581
517	0	0	0	0	-1	47.4
518	548	549	5	2.9	-3	33.667
519	0	0	0	0	-1	29.886
520	0	0	0	0	-1	44.87
521	550	551	6	998.85	-3	31.034
522	0	0	0	0	-1	42.64
523	552	553	6	910.5	-3	26.6384615384615
524	0	0	0	0	-1	22.84
525	0	0	0	0	-1	21.97
526	0	0	0	0	-1	38.56
527	0	0	0	0	-1	33.645
528	0	0	0	0	-1	24.4225
529	0	0	0	0	-1	33.04125
530	0	0	0	0	-1	40.71
531	554	555	7	874	-3	26.8266666666667
532	0	0	0	0	-1	36.2357142857143
533	0	0	0	0	-1	31.6766666666667
534	556	557	7	768.5	-3	39.3916666666667
535	0	0	0	0	-1	40.15
536	558	559	1	280.4	-3	30.9782352941176
537	0	0	0	0	-1	39.3
538	0	0	0	0	-1	26.145
539	0	0	0	0	-1	23.695
540	560	561	1	234.75	-3	50.3016666666667
541	0	0	0	0	-1	55.26
542	0	0	0	0	-1	47.714
543	562	563	1	224.9	-3	49.60875
544	0	0	0	0	-1	50.2225
545	0	0	0	0	-1	55.2
546	564	565	1	343.5	-3	38.0122222222222
547	0	0	0	0	-1	43.7
548	0	0	0	0	-1	36.9033333333333
549	566	567	5	6.1	-3	32.28
550	568	569	1	293.05	-3	35.38
551	570	571	7	839.3	-3	29.1714285714286
552	0	0	0	0	-1	18.75
553	572	573	3	104.35	-3	27.2958333333333
554	0	0	0	0	-1	28.9
555	0	0	0	0	-1	24.7533333333333
556	0	0	0	0	-1	39.1733333333333
557	0	0	0	0	-1	39.61
558	0	0	0	0	-1	30.489375
559	0	0	0	0	-1	38.8
560	0	0	0	0	-1	51.86
561	0	0	0	0	-1	49.99
562	574	575	8	95	-3	50.23
563	0	0	0	0	-1	47.745
564	0	0	0	0	-1	36.8
565	576	577	6	1043.5	-3	38.3585714285714
566	0	0	0	0	-1	31.46
567	0	0	0	0	-1	33.3733333333333
568	0	0	0	0	-1	34.468
569	0	0	0	0	-1	39.94
570	0	0	0	0	-1	25.1
571	578	579	4	161.6	-3	31.4333333333333
572	580	581	1	320.5	-3	28.67
573	0	0	0	0	-1	12.18
574	0	0	0	0	-1	50.73
575	0	0	0	0	-1	49.98
576	0	0	0	0	-1	39.0625
577	0	0	0	0	-1	37.42
578	582	583	6	1004.9	-3	34.05
579	0	0	0	0	-1	26.2
580	584	585	4	188.35	-3	27.9944444444444
581	0	0	0	0	-1	31.71
582	0	0	0	0	-1	37.4
583	0	0	0	0	-1	33.38
584	0	0	0	0	-1	29.8933333333333
585	586	587	7	853	-3	27.045
586	0	0	0	0	-1	27.8525
587	0	0	0	0	-1	25.43
