1	2	3	5	8.4	-3	34.5647572815534
2	4	5	4	224.5	-3	30.4361997019374
3	6	7	4	190.3	-3	42.281364902507
4	8	9	1	398.5	-3	29.2839279869067
5	10	11	8	59	-3	42.1701666666667
6	12	13	1	213.05	-3	44.3832919254658
7	14	15	1	155.1	-3	23.9889189189189
8	16	17	3	12.25	-3	27.770409252669
9	18	19	6	846.7	-3	46.6430612244898
10	20	21	6	860.8	-3	33.0468181818182
11	22	23	1	403.75	-3	47.4521052631579
12	24	25	3	162.95	-3	28.7773684210526
13	26	27	8	21	-3	47.7400377358491
14	28	29	4	193.15	-3	17.3223529411765
15	30	31	4	216	-3	29.6555
16	32	33	6	1127.5	-3	25.8461764705882
17	34	35	2	47.65	-3	30.7174324324324
18	36	37	2	13	-3	32.785
19	38	39	1	502.55	-3	48.5767441860465
20	40	41	7	653.5	-3	26.7914285714286
21	42	43	8	17.5	-3	35.966
22	44	45	1	337.25	-3	48.5212903225806
23	46	47	2	23.75	-3	42.7171428571429
24	48	49	8	21	-3	30.8602
25	50	51	7	824.5	-3	13.9
26	52	53	1	395.2	-3	34.6292156862745
27	54	55	1	355.5	-3	55.9443558282209
28	56	57	2	91.5	-3	12.535
29	58	59	3	142.9	-3	19.9336363636364
30	60	61	7	776.75	-3	32.0016666666667
31	0	0	0	0	-1	8.54
32	62	63	7	878.5	-3	25.4449554896142
33	0	0	0	0	-1	70.9166666666667
34	64	65	5	4.95	-3	27.6667832167832
35	66	67	2	138.3	-3	36.2394936708861
36	0	0	0	0	-1	23.85
37	0	0	0	0	-1	34.572
38	68	69	4	181	-3	43.5666666666667
39	70	71	1	532.5	-3	57.03125
40	0	0	0	0	-1	24.34
41	0	0	0	0	-1	28.63
42	0	0	0	0	-1	28.884
43	72	73	1	165	-3	39.507
44	74	75	7	632	-3	46.6378947368421
45	0	0	0	0	-1	51.5033333333333
46	0	0	0	0	-1	42.0966666666667
47	0	0	0	0	-1	43.1825
48	76	77	8	8.5	-3	19.0425
49	78	79	3	154	-3	36.4214705882353
50	0	0	0	0	-1	13.358
51	0	0	0	0	-1	15.255
52	80	81	3	99.35	-3	31.7285135135135
53	82	83	3	39.5	-3	42.2953571428571
54	84	85	8	42	-3	51.300625
55	86	87	6	956.9	-3	62.5980597014925
56	0	0	0	0	-1	10.284
57	0	0	0	0	-1	23.79
58	88	89	2	57.3	-3	17.9211111111111
59	0	0	0	0	-1	28.99
60	90	91	2	50.25	-3	31.036
61	0	0	0	0	-1	36.83
62	92	93	1	282.5	-3	26.2389710610933
63	0	0	0	0	-1	15.9473076923077
64	94	95	1	187.2	-3	21.7682051282051
65	96	97	2	28.55	-3	29.87875
66	98	99	1	157	-3	37.8170149253731
67	100	101	2	166	-3	27.4316666666667
68	0	0	0	0	-1	59.0333333333333
69	102	103	3	61.5	-3	41.6333333333333
70	104	105	3	30	-3	52.6944444444444
71	106	107	7	644.5	-3	62.6071428571429
72	0	0	0	0	-1	35.23
73	108	109	7	632	-3	42.3583333333333
74	0	0	0	0	-1	40.5342857142857
75	110	111	8	135	-3	50.1983333333333
76	112	113	6	1007.5	-3	13.615
77	114	115	5	9.8	-3	24.47
78	116	117	4	158.15	-3	35.6359375
79	0	0	0	0	-1	48.99
80	118	119	1	281.75	-3	33.904358974359
81	120	121	4	144.7	-3	29.304
82	122	123	7	869.6	-3	44.5652173913043
83	0	0	0	0	-1	31.854
84	124	125	2	163.25	-3	47.8555
85	126	127	3	60.05	-3	57.0425
86	128	129	6	943.35	-3	65.6529787234043
87	130	131	1	473	-3	55.419
88	0	0	0	0	-1	9.74
89	132	133	5	9.55	-3	18.94375
90	0	0	0	0	-1	26.702
91	134	135	6	891.8	-3	33.203
92	136	137	1	157.9	-3	21.6345454545455
93	138	139	8	21	-3	30.1582142857143
94	140	141	4	160.3	-3	24.7847619047619
95	142	143	8	8.5	-3	18.2488888888889
96	144	145	8	42	-3	31.1930769230769
97	146	147	8	21	-3	20.6784615384615
98	148	149	6	928.5	-3	26.4122222222222
99	150	151	8	21	-3	39.586724137931
100	152	153	3	110.8	-3	25.4885714285714
101	0	0	0	0	-1	30.152
102	154	155	8	10.5	-3	40.6973684210526
103	0	0	0	0	-1	45.19
104	156	157	6	875.5	-3	51.27875
105	0	0	0	0	-1	64.02
106	0	0	0	0	-1	63.145
107	0	0	0	0	-1	61.89
108	0	0	0	0	-1	37.87
109	0	0	0	0	-1	44.6025
110	0	0	0	0	-1	42.33
111	158	159	8	225	-3	51.772
112	0	0	0	0	-1	15.82
113	160	161	4	162.95	-3	12.88
114	0	0	0	0	-1	27.93
115	162	163	3	124.75	-3	23.3166666666667
116	0	0	0	0	-1	17.95
117	164	165	1	201.45	-3	36.815
118	166	167	7	882.3	-3	39.1028571428571
119	168	169	6	943.7	-3	32.7671875
120	0	0	0	0	-1	36.955
121	170	171	6	1066.15	-3	28.3167741935484
122	172	173	8	5	-3	46.7888888888889
123	0	0	0	0	-1	36.56
124	174	175	2	8.75	-3	43.9762
125	176	177	3	107.5	-3	67.252
126	178	179	7	793.1	-3	68.74375
127	180	181	3	108.7	-3	53.6992857142857
128	182	183	1	406.3	-3	62.5413888888889
129	184	185	6	945.75	-3	75.8363636363636
130	186	187	5	9.65	-3	54.66
131	0	0	0	0	-1	69.84
132	0	0	0	0	-1	20.41
133	0	0	0	0	-1	16.5
134	188	189	7	701.25	-3	32.7622222222222
135	0	0	0	0	-1	37.17
136	190	191	8	17.5	-3	24.5529268292683
137	192	193	2	128.25	-3	20.4614705882353
138	194	195	1	395	-3	18.0106779661017
139	196	197	6	965.7	-3	36.7334862385321
140	0	0	0	0	-1	29.538
141	198	199	3	153.45	-3	23.299375
142	200	201	7	826.6	-3	10.09375
143	202	203	1	231.9	-3	24.773
144	204	205	6	914.45	-3	24.8951851851852
145	206	207	8	78	-3	40.3845945945946
146	208	209	5	6.95	-3	11.41875
147	0	0	0	0	-1	35.494
148	0	0	0	0	-1	36.44
149	210	211	6	947.25	-3	25.15875
150	212	213	8	8.5	-3	23.9433333333333
151	214	215	3	181.75	-3	45.0437209302326
152	0	0	0	0	-1	23.7
153	0	0	0	0	-1	25.7866666666667
154	0	0	0	0	-1	27.7725
155	216	217	5	1.5	-3	44.144
156	0	0	0	0	-1	60.28
157	218	219	8	5	-3	48.2783333333333
158	0	0	0	0	-1	48.86
159	220	221	1	285	-3	53.02
160	0	0	0	0	-1	13.54
161	0	0	0	0	-1	12.55
162	0	0	0	0	-1	24.44
163	0	0	0	0	-1	21.07
164	222	223	4	180.55	-3	35.7888461538462
165	0	0	0	0	-1	43.485
166	0	0	0	0	-1	41.93
167	0	0	0	0	-1	32.035
168	224	225	4	170.85	-3	34.6644444444444
169	226	227	1	371.05	-3	30.3278571428571
170	228	229	8	5	-3	29.211724137931
171	0	0	0	0	-1	15.34
172	230	231	7	822.1	-3	38.7333333333333
173	232	233	4	164.25	-3	54.8444444444444
174	234	235	7	882.3	-3	38.1658333333333
175	236	237	2	99.4	-3	49.3396153846154
176	238	239	2	272.5	-3	65.005
177	0	0	0	0	-1	76.24
178	0	0	0	0	-1	65.65
179	0	0	0	0	-1	73.9
180	240	241	6	980.85	-3	49.4266666666667
181	242	243	6	1082.75	-3	55.7231578947368
182	244	245	3	138.5	-3	56.7715384615385
183	246	247	2	11	-3	65.8026086956522
184	248	249	8	42	-3	77.0625
185	0	0	0	0	-1	72.5666666666667
186	0	0	0	0	-1	59
187	250	251	7	672.5	-3	54.4188888888889
188	0	0	0	0	-1	29.82
189	252	253	6	823.85	-3	33.6028571428571
190	254	255	6	936.8	-3	10.3271428571429
191	256	257	2	206.45	-3	31.9292592592593
192	258	259	8	10.5	-3	17.2153333333333
193	260	261	4	187.35	-3	23.0242105263158
194	262	263	1	292.6	-3	17.8824137931034
195	0	0	0	0	-1	25.45
196	264	265	2	147	-3	47.4695454545455
197	266	267	5	1.5	-3	34.0186206896552
198	268	269	8	21	-3	23.936
199	270	271	8	8.5	-3	22.2383333333333
200	0	0	0	0	-1	9.922
201	0	0	0	0	-1	10.38
202	272	273	6	954.55	-3	23.9271428571429
203	0	0	0	0	-1	26.7466666666667
204	274	275	6	833	-3	33.1188888888889
205	276	277	3	125.1	-3	23.2504444444444
206	278	279	7	778.15	-3	38.0976470588235
207	280	281	3	123.2	-3	42.3285
208	0	0	0	0	-1	12.785
209	0	0	0	0	-1	7.32
210	0	0	0	0	-1	26.142
211	0	0	0	0	-1	23.52
212	282	283	3	170.25	-3	18.5085714285714
213	284	285	6	1065.9	-3	28.69875
214	286	287	7	807.25	-3	46.70225
215	0	0	0	0	-1	22.93
216	288	289	6	1075	-3	44.6811111111111
217	290	291	1	475.1	-3	43.3383333333333
218	0	0	0	0	-1	33.8
219	0	0	0	0	-1	51.174
220	292	293	1	228	-3	52.6466666666667
221	0	0	0	0	-1	55.26
222	294	295	1	145.7	-3	36.64125
223	0	0	0	0	-1	25.56
224	296	297	2	95.45	-3	34.11625
225	0	0	0	0	-1	39.05
226	298	299	8	10.5	-3	29.0741666666667
227	0	0	0	0	-1	37.85
228	300	301	3	157.6	-3	22.3821428571429
229	302	303	3	157.6	-3	35.586
230	0	0	0	0	-1	37.2
231	0	0	0	0	-1	40.65
232	304	305	4	142.6	-3	54.5571428571429
233	0	0	0	0	-1	55.85
234	306	307	1	297.6	-3	39.7657894736842
235	0	0	0	0	-1	32.086
236	308	309	1	305.1	-3	53.3588888888889
237	310	311	3	82.5	-3	47.2117647058824
238	312	313	7	795	-3	63.62
239	0	0	0	0	-1	74.7
240	314	315	7	870.3	-3	52.2166666666667
241	0	0	0	0	-1	43.8466666666667
242	316	317	7	793.8	-3	55.1288888888889
243	0	0	0	0	-1	66.42
244	318	319	2	143.15	-3	55.3009090909091
245	0	0	0	0	-1	64.86
246	0	0	0	0	-1	58.3
247	320	321	6	837.05	-3	67.3821052631579
248	0	0	0	0	-1	71.3
249	322	323	1	376.25	-3	78.9833333333333
250	324	325	1	388.25	-3	55.1083333333333
251	326	327	5	10.95	-3	54.0741666666667
252	0	0	0	0	-1	33.05
253	0	0	0	0	-1	34.34
254	0	0	0	0	-1	13.4133333333333
255	328	329	4	188.85	-3	9.48545454545454
256	330	331	7	833.85	-3	26.223
257	332	333	7	732.6	-3	35.2858823529412
258	334	335	7	769.15	-3	10.9282608695652
259	336	337	6	1094	-3	23.7881818181818
260	338	339	6	966.4	-3	18.7796
261	340	341	8	17.5	-3	26.3403125
262	342	343	8	5	-3	19.87
263	344	345	8	5	-3	17.6096078431372
264	346	347	1	363	-3	42.6169230769231
265	348	349	7	737.4	-3	54.4788888888889
266	350	351	1	303.5	-3	32.961038961039
267	352	353	2	167.5	-3	42.162
268	0	0	0	0	-1	14.896
269	0	0	0	0	-1	32.976
270	0	0	0	0	-1	10.76
271	0	0	0	0	-1	24.534
272	0	0	0	0	-1	21.97
273	354	355	4	192.4	-3	24.2533333333333
274	0	0	0	0	-1	10.54
275	356	357	8	17.5	-3	39.57
276	358	359	6	1028.25	-3	24.4042105263158
277	360	361	7	790.9	-3	16.9871428571429
278	362	363	4	191.85	-3	33.6383333333333
279	364	365	7	802.5	-3	40.53
280	366	367	7	903.85	-3	41.5035294117647
281	0	0	0	0	-1	47.0033333333333
282	0	0	0	0	-1	16.68
283	0	0	0	0	-1	23.08
284	368	369	4	178.6	-3	32.3183333333333
285	0	0	0	0	-1	17.84
286	370	371	3	98.95	-3	47.4023684210526
287	0	0	0	0	-1	33.4
288	372	373	7	733	-3	43.8516666666667
289	0	0	0	0	-1	46.34
290	0	0	0	0	-1	39.38
291	0	0	0	0	-1	44.13
292	0	0	0	0	-1	53.69
293	0	0	0	0	-1	52.438
294	0	0	0	0	-1	44.61
295	374	375	7	797.55	-3	35.5028571428571
296	376	377	8	5	-3	34.9815384615385
297	0	0	0	0	-1	30.3666666666667
298	378	379	3	48.1	-3	27.0222222222222
299	0	0	0	0	-1	35.23
300	380	381	2	9.5	-3	23.3475
301	0	0	0	0	-1	16.59
302	382	383	4	150.05	-3	36.934
303	0	0	0	0	-1	32.89
304	0	0	0	0	-1	54.9
305	0	0	0	0	-1	54.1
306	384	385	6	1066.1	-3	41.4045454545455
307	386	387	3	110.05	-3	37.5125
308	0	0	0	0	-1	57.238
309	0	0	0	0	-1	48.51
310	388	389	7	783.5	-3	50.3175
311	390	391	7	786.5	-3	44.4511111111111
312	0	0	0	0	-1	60.5175
313	0	0	0	0	-1	67.7566666666667
314	0	0	0	0	-1	50.505
315	0	0	0	0	-1	55.64
316	392	393	5	11.8	-3	56.1794117647059
317	0	0	0	0	-1	37.27
318	394	395	1	386	-3	53.3344444444444
319	0	0	0	0	-1	64.15
320	0	0	0	0	-1	70.896
321	396	397	1	454	-3	66.1271428571429
322	0	0	0	0	-1	78.9
323	0	0	0	0	-1	79.4
324	0	0	0	0	-1	55
325	0	0	0	0	-1	55.65
326	0	0	0	0	-1	53.85
327	398	399	8	42	-3	54.1488888888889
328	0	0	0	0	-1	7.51
329	400	401	4	197.75	-3	9.92444444444445
330	402	403	8	59	-3	24.0771428571429
331	0	0	0	0	-1	31.23
332	0	0	0	0	-1	26.86
333	404	405	8	59	-3	36.4093333333333
334	0	0	0	0	-1	8
335	406	407	1	244.05	-3	11.2071428571429
336	408	409	6	1028	-3	26.7683333333333
337	410	411	6	1112.3	-3	20.212
338	0	0	0	0	-1	33.6866666666667
339	412	413	8	17.5	-3	16.7468181818182
340	414	415	4	197.75	-3	14.192
341	416	417	1	199.3	-3	37.0594117647059
342	0	0	0	0	-1	16.11
343	0	0	0	0	-1	22.69
344	418	419	1	389	-3	14.353
345	420	421	2	101.75	-3	19.7106451612903
346	422	423	1	296.3	-3	41.4890909090909
347	0	0	0	0	-1	48.82
348	0	0	0	0	-1	50.67
349	0	0	0	0	-1	59.24
350	424	425	2	96.75	-3	25.9807692307692
351	426	427	1	308.5	-3	34.37890625
352	428	429	2	132.35	-3	40.8933333333333
353	0	0	0	0	-1	53.58
354	0	0	0	0	-1	24.67
355	0	0	0	0	-1	24.045
356	0	0	0	0	-1	24.13
357	430	431	2	7.5	-3	42.1433333333333
358	432	433	1	281.65	-3	22.0605263157895
359	434	435	7	756	-3	26.7478947368421
360	0	0	0	0	-1	18.4475
361	0	0	0	0	-1	15.04
362	0	0	0	0	-1	35.9266666666667
363	0	0	0	0	-1	31.35
364	436	437	1	221.9	-3	44.1
365	0	0	0	0	-1	36.246
366	438	439	6	1036	-3	42.0586666666667
367	0	0	0	0	-1	37.34
368	0	0	0	0	-1	32.704
369	0	0	0	0	-1	30.39
370	440	441	6	932.5	-3	43.7384615384615
371	442	443	7	700.95	-3	49.3076
372	0	0	0	0	-1	43.9275
373	0	0	0	0	-1	43.7
374	444	445	6	1005.8	-3	37.036875
375	0	0	0	0	-1	30.594
376	446	447	7	918.8	-3	28.7585714285714
377	448	449	1	381	-3	42.2416666666667
378	450	451	2	231.55	-3	27.5875
379	0	0	0	0	-1	22.5
380	0	0	0	0	-1	21.754
381	0	0	0	0	-1	24.4857142857143
382	0	0	0	0	-1	33.36
383	452	453	5	10.4	-3	37.3311111111111
384	454	455	6	964.5	-3	42.523
385	0	0	0	0	-1	30.22
386	0	0	0	0	-1	35.865
387	456	457	1	317.5	-3	38.0616666666667
388	458	459	7	761.25	-3	51.99
389	0	0	0	0	-1	45.3
390	460	461	5	9.6	-3	42.06
391	0	0	0	0	-1	52.82
392	462	463	7	773.7	-3	55.81625
393	0	0	0	0	-1	61.99
394	0	0	0	0	-1	57.8625
395	0	0	0	0	-1	49.712
396	464	465	7	845.4	-3	64.518
397	0	0	0	0	-1	70.15
398	0	0	0	0	-1	50.8725
399	0	0	0	0	-1	56.77
400	0	0	0	0	-1	14.59
401	466	467	8	5	-3	9.34125
402	468	469	7	825.35	-3	22.5583333333333
403	0	0	0	0	-1	33.19
404	470	471	5	1.5	-3	31.23
405	0	0	0	0	-1	44.1783333333333
406	472	473	1	178.45	-3	9.967
407	474	475	7	838	-3	12.3345454545455
408	476	477	8	59	-3	27.5244444444444
409	0	0	0	0	-1	24.5
410	478	479	1	266.75	-3	21.3857142857143
411	0	0	0	0	-1	17.4733333333333
412	0	0	0	0	-1	13.9627777777778
413	0	0	0	0	-1	29.275
414	480	481	2	210.5	-3	17.2171428571429
415	482	483	1	185.15	-3	11.545
416	484	485	6	977	-3	36.3633333333333
417	486	487	6	969	-3	37.8425
418	488	489	1	320.5	-3	13.8244444444444
419	0	0	0	0	-1	19.11
420	490	491	7	766	-3	18.9025925925926
421	0	0	0	0	-1	25.165
422	0	0	0	0	-1	45.422
423	492	493	7	773.25	-3	38.2116666666667
424	494	495	7	767	-3	24.6972727272727
425	0	0	0	0	-1	33.04
426	0	0	0	0	-1	31.41
427	496	497	6	1083.8	-3	34.6305084745763
428	498	499	1	324.35	-3	40.3528571428571
429	0	0	0	0	-1	42.785
430	0	0	0	0	-1	41.35
431	0	0	0	0	-1	43.73
432	500	501	8	8.5	-3	20.3264705882353
433	0	0	0	0	-1	36.8
434	0	0	0	0	-1	33.27
435	502	503	8	8.5	-3	25.9805882352941
436	0	0	0	0	-1	45.08
437	0	0	0	0	-1	43.61
438	504	505	7	879.5	-3	42.5808333333333
439	0	0	0	0	-1	39.97
440	0	0	0	0	-1	33.7733333333333
441	506	507	1	213.75	-3	46.728
442	0	0	0	0	-1	53.52
443	508	509	4	175.3	-3	48.7331818181818
444	0	0	0	0	-1	34.598
445	510	511	4	170.9	-3	38.1454545454545
446	0	0	0	0	-1	28.662
447	0	0	0	0	-1	29
448	0	0	0	0	-1	45.7
449	0	0	0	0	-1	41.55
450	0	0	0	0	-1	26.375
451	0	0	0	0	-1	28.8
452	0	0	0	0	-1	38.024
453	0	0	0	0	-1	36.465
454	0	0	0	0	-1	39.94
455	512	513	5	10.95	-3	43.63
456	0	0	0	0	-1	38.46
457	0	0	0	0	-1	37.265
458	0	0	0	0	-1	52.434
459	0	0	0	0	-1	49.77
460	0	0	0	0	-1	44.04
461	0	0	0	0	-1	39.42
462	514	515	7	762.7	-3	53.8866666666667
463	516	517	3	174.45	-3	56.974
464	0	0	0	0	-1	66.175
465	0	0	0	0	-1	63.4133333333333
466	0	0	0	0	-1	4.83
467	518	519	6	948.2	-3	9.98571428571429
468	0	0	0	0	-1	21.686
469	0	0	0	0	-1	26.92
470	0	0	0	0	-1	28.24
471	520	521	5	3.05	-3	32.0842857142857
472	0	0	0	0	-1	11.39
473	522	523	7	839	-3	9.61125
474	0	0	0	0	-1	13.1842857142857
475	0	0	0	0	-1	10.8475
476	0	0	0	0	-1	22.19
477	524	525	7	859.5	-3	30.1916666666667
478	0	0	0	0	-1	20.595
479	0	0	0	0	-1	22.44
480	0	0	0	0	-1	15.512
481	0	0	0	0	-1	21.48
482	0	0	0	0	-1	13.5375
483	0	0	0	0	-1	9.5525
484	0	0	0	0	-1	37.6975
485	0	0	0	0	-1	35.296
486	0	0	0	0	-1	38.98
487	0	0	0	0	-1	37.16
488	526	527	1	306.15	-3	12.4616666666667
489	528	529	1	344	-3	14.5058333333333
490	0	0	0	0	-1	23.2733333333333
491	530	531	6	1040.5	-3	16.7172222222222
492	0	0	0	0	-1	33.42
493	0	0	0	0	-1	40.6075
494	0	0	0	0	-1	21.65
495	532	533	7	782.15	-3	25.3744444444444
496	0	0	0	0	-1	34.8398275862069
497	0	0	0	0	-1	22.49
498	0	0	0	0	-1	36.9725
499	0	0	0	0	-1	44.86
500	534	535	5	7.25	-3	14.1314285714286
501	536	537	3	106.25	-3	24.663
502	0	0	0	0	-1	12.9033333333333
503	538	539	6	1057	-3	28.7828571428571
504	540	541	3	118.25	-3	41.73125
505	0	0	0	0	-1	44.28
506	0	0	0	0	-1	49.805
507	542	543	6	1006.25	-3	44.6766666666667
508	544	545	8	42	-3	51.17
509	546	547	5	5.7	-3	47.0461538461538
510	0	0	0	0	-1	39.4675
511	548	549	7	686.35	-3	37.39
512	0	0	0	0	-1	41.9625
513	0	0	0	0	-1	45.8533333333333
514	0	0	0	0	-1	54.35
515	0	0	0	0	-1	52.96
516	550	551	7	779.05	-3	57.74
517	0	0	0	0	-1	50.08
518	0	0	0	0	-1	7.72
519	0	0	0	0	-1	10.3633333333333
520	0	0	0	0	-1	32.5525
521	0	0	0	0	-1	31.46
522	552	553	4	194.6	-3	9.86428571428572
523	0	0	0	0	-1	7.84
524	0	0	0	0	-1	32.4933333333333
525	0	0	0	0	-1	27.89
526	0	0	0	0	-1	14.14
527	0	0	0	0	-1	12.126
528	554	555	4	194.5	-3	14.1675
529	0	0	0	0	-1	15.1825
530	556	557	6	971	-3	19.144
531	558	559	4	185.5	-3	13.68375
532	0	0	0	0	-1	25.19
533	0	0	0	0	-1	26.85
534	0	0	0	0	-1	14.858
535	0	0	0	0	-1	12.315
536	560	561	5	7.25	-3	28.2471428571429
537	0	0	0	0	-1	16.3
538	562	563	8	21	-3	29.2554545454545
539	0	0	0	0	-1	27.05
540	564	565	3	106.95	-3	41.01
541	0	0	0	0	-1	43.895
542	0	0	0	0	-1	43.5766666666667
543	0	0	0	0	-1	45.7766666666667
544	0	0	0	0	-1	42
545	566	567	8	78	-3	55.755
546	0	0	0	0	-1	48.4755555555556
547	0	0	0	0	-1	43.83
548	0	0	0	0	-1	37.43
549	0	0	0	0	-1	37.36
550	0	0	0	0	-1	59.162
551	0	0	0	0	-1	55.9625
552	0	0	0	0	-1	10.672
553	0	0	0	0	-1	7.845
554	568	569	1	332	-3	14.4833333333333
555	0	0	0	0	-1	13.22
556	0	0	0	0	-1	22.185
557	570	571	1	326.5	-3	18.38375
558	0	0	0	0	-1	15.504
559	0	0	0	0	-1	10.65
560	0	0	0	0	-1	26.948
561	0	0	0	0	-1	31.495
562	572	573	6	1042.4	-3	27.0042857142857
563	0	0	0	0	-1	33.195
564	0	0	0	0	-1	41.16
565	0	0	0	0	-1	40.86
566	0	0	0	0	-1	53.77
567	0	0	0	0	-1	56.152
568	0	0	0	0	-1	13.915
569	0	0	0	0	-1	15.62
570	0	0	0	0	-1	19.89
571	0	0	0	0	-1	17.48
572	0	0	0	0	-1	27.18
573	0	0	0	0	-1	26.77
