1	2	3	8	42	-3	35.5000679611651
2	4	5	6	946.9	-3	30.4716507503411
3	6	7	1	356.3	-3	47.9102693602694
4	8	9	3	140	-3	35.9228104575163
5	10	11	4	179.95	-3	26.5651990632318
6	12	13	6	1060.55	-3	43.7809865470852
7	14	15	2	101.7	-3	60.3539189189189
8	16	17	4	191.3	-3	38.3057915057915
9	18	19	6	822	-3	22.7910638297872
10	20	21	2	54.2	-3	31.6600571428571
11	22	23	8	10.5	-3	23.0271031746032
12	24	25	5	8.8	-3	42.64755
13	26	27	5	11	-3	53.6369565217391
14	28	29	4	212.3	-3	53.7428571428571
15	30	31	1	368.3	-3	69.0309375
16	32	33	1	257.6	-3	46.7779069767442
17	34	35	1	258.45	-3	29.8988461538462
18	0	0	0	0	-1	36.36
19	36	37	7	822.5	-3	21.5288372093023
20	38	39	7	771.95	-3	29.4963414634146
21	40	41	6	1027.1	-3	36.7780769230769
22	42	43	6	1122	-3	15.5792233009709
23	44	45	1	155.3	-3	28.1756375838926
24	46	47	8	225	-3	40.2533128834356
25	48	49	6	949.9	-3	53.1951351351351
26	50	51	6	1072.5	-3	45.6741666666667
27	52	53	1	232.85	-3	62.3236363636364
28	54	55	7	767.8	-3	58.6410714285714
29	56	57	6	967.75	-3	43.9464285714286
30	0	0	0	0	-1	77.5857142857143
31	58	59	4	148.65	-3	66.6356
32	60	61	5	10.45	-3	34.96
33	62	63	1	350.25	-3	48.9463302752294
34	64	65	3	35.5	-3	22.3813559322034
35	66	67	4	193.45	-3	36.1457746478873
36	68	69	2	13	-3	25.5775862068966
37	70	71	7	856.85	-3	13.1421428571429
38	72	73	7	670	-3	42.0822222222222
39	74	75	6	1054.6	-3	25.9565625
40	76	77	8	8.5	-3	32.759
41	78	79	3	74.15	-3	42.2586363636364
42	80	81	3	94.35	-3	15.3425742574257
43	0	0	0	0	-1	27.53
44	82	83	3	55.95	-3	18.0383870967742
45	84	85	6	1121.7	-3	30.838813559322
46	86	87	5	6.45	-3	39.2306428571429
47	88	89	2	19	-3	46.4782608695652
48	0	0	0	0	-1	68.4975
49	90	91	2	147.15	-3	51.340303030303
50	92	93	7	785.45	-3	50.8014285714286
51	0	0	0	0	-1	38.496
52	0	0	0	0	-1	37.27
53	94	95	7	791.7	-3	64.829
54	96	97	8	225	-3	60.7582352941176
55	98	99	6	895.05	-3	55.3690909090909
56	100	101	1	403.75	-3	44.0146153846154
57	0	0	0	0	-1	43.06
58	0	0	0	0	-1	77.5666666666667
59	102	103	7	656.45	-3	65.145
60	104	105	4	184.85	-3	31.9018181818182
61	106	107	2	172.5	-3	38.6977777777778
62	108	109	4	164.95	-3	46.3653846153846
63	110	111	7	791.75	-3	51.3008771929825
64	112	113	8	17.5	-3	18.7788888888889
65	114	115	3	105.95	-3	28.02
66	116	117	8	17.5	-3	26.6126315789474
67	118	119	4	194.95	-3	39.6290384615385
68	120	121	8	17.5	-3	11.1533333333333
69	122	123	5	10.05	-3	29.3404347826087
70	0	0	0	0	-1	15.156
71	124	125	3	180.5	-3	12.0233333333333
72	126	127	5	13.7	-3	56.4357142857143
73	128	129	5	13.85	-3	37.0585
74	130	131	8	8.5	-3	28.9501492537313
75	132	133	3	121.8	-3	19.0403448275862
76	0	0	0	0	-1	19.78
77	134	135	6	1001.95	-3	34.2011111111111
78	136	137	2	194	-3	41.627619047619
79	0	0	0	0	-1	55.51
80	138	139	8	5	-3	15.8836470588235
81	140	141	3	95.15	-3	12.468125
82	142	143	4	194.65	-3	24.16
83	144	145	1	143.9	-3	15.1233333333333
84	146	147	1	305.15	-3	29.7503669724771
85	148	149	7	752.5	-3	44.0211111111111
86	150	151	7	749.55	-3	38.467868852459
87	152	153	4	165.2	-3	44.4005555555556
88	154	155	6	1008.5	-3	39.0583333333333
89	156	157	8	315	-3	49.0970588235294
90	158	159	3	108.95	-3	50.66375
91	0	0	0	0	-1	72.99
92	0	0	0	0	-1	52.8566666666667
93	0	0	0	0	-1	49.26
94	0	0	0	0	-1	66.898
95	0	0	0	0	-1	62.76
96	160	161	1	532.5	-3	61.5046666666667
97	0	0	0	0	-1	55.16
98	162	163	5	17.75	-3	59.7
99	0	0	0	0	-1	50.172
100	164	165	8	225	-3	45.79
101	166	167	2	23.75	-3	42.4928571428571
102	0	0	0	0	-1	55.9666666666667
103	168	169	8	73.5	-3	66.5942105263158
104	0	0	0	0	-1	27.368
105	170	171	2	229.2	-3	35.68
106	0	0	0	0	-1	44.61
107	172	173	6	852.9	-3	35.7416666666667
108	0	0	0	0	-1	69.3266666666667
109	174	175	1	331.75	-3	44.9595918367347
110	176	177	2	70.4	-3	55.4978787878788
111	178	179	5	11.5	-3	45.53
112	0	0	0	0	-1	12.293
113	180	181	2	186.7	-3	26.88625
114	182	183	5	6.7	-3	30.5546153846154
115	184	185	5	9.25	-3	24.725
116	186	187	6	922.2	-3	21.1841666666667
117	188	189	7	814.1	-3	35.9185714285714
118	190	191	7	781.2	-3	53.1633333333333
119	192	193	3	119.5	-3	37.8636956521739
120	0	0	0	0	-1	12.46
121	0	0	0	0	-1	8.54
122	194	195	8	5	-3	28.3
123	196	197	3	144.55	-3	32.2883333333333
124	0	0	0	0	-1	10.2733333333333
125	0	0	0	0	-1	15.5233333333333
126	0	0	0	0	-1	60.098
127	0	0	0	0	-1	47.28
128	198	199	8	5	-3	38.3005263157895
129	0	0	0	0	-1	13.46
130	200	201	6	980.85	-3	18.1217647058824
131	202	203	3	179.05	-3	32.6318
132	0	0	0	0	-1	25.6775
133	204	205	3	123.05	-3	17.9784
134	206	207	4	149	-3	30.6753846153846
135	208	209	1	245.5	-3	37.475
136	210	211	1	367.75	-3	45.1511111111111
137	212	213	1	154.9	-3	38.985
138	214	215	6	954.05	-3	12.1728571428572
139	216	217	7	763.65	-3	17.7064912280702
140	0	0	0	0	-1	10.38
141	218	219	7	758.15	-3	12.6073333333333
142	220	221	6	1016.7	-3	21.3785714285714
143	0	0	0	0	-1	30.65
144	222	223	2	84.5	-3	20.3328571428571
145	224	225	4	182.4	-3	12.5185714285714
146	226	227	6	1065.9	-3	27.7282051282051
147	228	229	7	721.75	-3	34.8383870967742
148	230	231	1	512.55	-3	47.9925
149	0	0	0	0	-1	12.25
150	232	233	1	243.85	-3	46.5866666666667
151	234	235	4	204.75	-3	35.8204347826087
152	0	0	0	0	-1	50.21
153	236	237	4	167.6	-3	42.1661538461538
154	0	0	0	0	-1	35.9866666666667
155	0	0	0	0	-1	42.13
156	0	0	0	0	-1	50.5428571428571
157	238	239	7	632	-3	48.085
158	240	241	3	99.35	-3	47.7553846153846
159	242	243	4	154.7	-3	52.6536842105263
160	244	245	7	731.1	-3	59.3025
161	0	0	0	0	-1	70.3133333333333
162	0	0	0	0	-1	56.4
163	0	0	0	0	-1	61.35
164	0	0	0	0	-1	40.76
165	0	0	0	0	-1	48.305
166	0	0	0	0	-1	42.0633333333333
167	0	0	0	0	-1	42.815
168	246	247	7	732.3	-3	66.3714285714286
169	248	249	4	175.6	-3	66.7241666666667
170	0	0	0	0	-1	33.8
171	0	0	0	0	-1	39.44
172	0	0	0	0	-1	32.96
173	0	0	0	0	-1	37.1325
174	250	251	3	82.7	-3	45.9072727272727
175	0	0	0	0	-1	36.62
176	0	0	0	0	-1	44.222
177	252	253	8	5	-3	57.5114285714286
178	0	0	0	0	-1	56.188
179	254	255	5	15.4	-3	42.7252631578947
180	256	257	7	905.55	-3	22.082
181	258	259	7	632	-3	34.8933333333333
182	260	261	6	849.95	-3	27.6814285714286
183	262	263	6	875.75	-3	33.9066666666667
184	264	265	6	853.05	-3	26.78125
185	0	0	0	0	-1	16.5
186	0	0	0	0	-1	12.585
187	266	267	1	310.5	-3	22.904
188	0	0	0	0	-1	40.48
189	0	0	0	0	-1	29.8366666666667
190	0	0	0	0	-1	46.25
191	0	0	0	0	-1	56.62
192	268	269	5	9.5	-3	36.1157142857143
193	270	271	8	17.5	-3	43.4254545454545
194	0	0	0	0	-1	13.4
195	272	273	3	173	-3	29.23125
196	0	0	0	0	-1	31.994
197	0	0	0	0	-1	33.76
198	0	0	0	0	-1	28.822
199	274	275	1	178.75	-3	41.6857142857143
200	0	0	0	0	-1	23.14
201	276	277	6	1052.95	-3	16.5776923076923
202	278	279	3	47.8	-3	34.1154347826087
203	0	0	0	0	-1	15.57
204	0	0	0	0	-1	7.32
205	280	281	6	1089.05	-3	18.4225
206	0	0	0	0	-1	44.52
207	282	283	4	175.35	-3	29.5216666666667
208	284	285	6	1006.05	-3	36.5
209	0	0	0	0	-1	41.05
210	286	287	4	160.35	-3	46.41
211	0	0	0	0	-1	42.6333333333333
212	0	0	0	0	-1	37.43
213	288	289	7	649.9	-3	39.296
214	0	0	0	0	-1	19.93
215	290	291	4	197.5	-3	11.5761538461538
216	0	0	0	0	-1	20.7061290322581
217	292	293	6	1079.2	-3	14.13
218	294	295	4	190.7	-3	13.8714285714286
219	296	297	6	962	-3	11.50125
220	0	0	0	0	-1	23.74
221	0	0	0	0	-1	18.23
222	0	0	0	0	-1	13.29
223	0	0	0	0	-1	29.7233333333333
224	0	0	0	0	-1	13.2
225	298	299	7	756.45	-3	12.3327272727273
226	300	301	2	49.05	-3	29.5138709677419
227	302	303	1	266.5	-3	20.80875
228	0	0	0	0	-1	47.9025
229	304	305	4	189.5	-3	32.902962962963
230	0	0	0	0	-1	44.732
231	0	0	0	0	-1	53.4266666666667
232	306	307	1	236.75	-3	44.7685714285714
233	308	309	1	318.9	-3	48.1775
234	310	311	7	921.45	-3	36.3918181818182
235	0	0	0	0	-1	23.25
236	0	0	0	0	-1	33.96
237	312	313	6	973.95	-3	42.85
238	0	0	0	0	-1	41.05
239	314	315	2	104.2	-3	49.84375
240	316	317	5	13.5	-3	50.3914285714286
241	318	319	7	901.8	-3	44.68
242	0	0	0	0	-1	59.3
243	320	321	3	140.9	-3	51.8717647058824
244	322	323	4	200.5	-3	57.157
245	0	0	0	0	-1	70.03
246	0	0	0	0	-1	71.7
247	0	0	0	0	-1	64.24
248	0	0	0	0	-1	65.32
249	0	0	0	0	-1	73.745
250	324	325	4	186.9	-3	49.3813043478261
251	326	327	6	869.55	-3	42.102380952381
252	328	329	4	155.4	-3	35.9625
253	330	331	5	16.8	-3	66.131
254	0	0	0	0	-1	36.058
255	332	333	1	400	-3	45.1064285714286
256	334	335	7	852.9	-3	23.1125
257	0	0	0	0	-1	17.96
258	0	0	0	0	-1	30.08
259	0	0	0	0	-1	35.856
260	0	0	0	0	-1	26.97
261	0	0	0	0	-1	28.63
262	0	0	0	0	-1	33.4
263	0	0	0	0	-1	36.44
264	0	0	0	0	-1	29.87
265	0	0	0	0	-1	23.6925
266	0	0	0	0	-1	21.05
267	336	337	8	5	-3	23.6985714285714
268	338	339	1	300.8	-3	37.7065384615385
269	340	341	1	284.5	-3	31.52
270	0	0	0	0	-1	34.474
271	342	343	1	408.5	-3	50.885
272	344	345	8	17.5	-3	31.893
273	346	347	6	888.5	-3	24.795
274	0	0	0	0	-1	15.34
275	348	349	1	359.15	-3	43.7123076923077
276	350	351	4	165.2	-3	15.9758333333333
277	0	0	0	0	-1	23.8
278	0	0	0	0	-1	25.1
279	352	353	7	900.35	-3	34.9740476190476
280	354	355	1	175.15	-3	18.075652173913
281	0	0	0	0	-1	26.4
282	356	357	4	173.1	-3	27.3
283	358	359	6	995.95	-3	31.7433333333333
284	0	0	0	0	-1	33.09
285	360	361	5	5.7	-3	37.2577777777778
286	0	0	0	0	-1	59
287	0	0	0	0	-1	43.892
288	0	0	0	0	-1	39.2285714285714
289	0	0	0	0	-1	39.4533333333333
290	362	363	6	1029.5	-3	12.7470588235294
291	364	365	6	961.3	-3	9.36444444444445
292	366	367	2	66.2	-3	15.3614285714286
293	368	369	2	62.05	-3	12.6933333333333
294	0	0	0	0	-1	17.22
295	0	0	0	0	-1	12.532
296	0	0	0	0	-1	13.82
297	370	371	6	1043.5	-3	11.17
298	372	373	1	0	-3	12.46
299	0	0	0	0	-1	12.18
300	374	375	1	237.05	-3	25.4022857142857
301	376	377	5	2.95	-3	34.8437037037037
302	378	379	3	12.25	-3	18.797
303	380	381	6	1088.2	-3	24.1616666666667
304	382	383	4	183	-3	36.848
305	0	0	0	0	-1	27.9716666666667
306	384	385	2	269.1	-3	47.6609090909091
307	0	0	0	0	-1	34.1633333333333
308	386	387	8	135	-3	50.0890909090909
309	0	0	0	0	-1	43.972
310	388	389	6	976	-3	37.1707317073171
311	0	0	0	0	-1	25.7466666666667
312	0	0	0	0	-1	40.532
313	390	391	4	169.9	-3	44.5057142857143
314	0	0	0	0	-1	55.5533333333333
315	0	0	0	0	-1	46.418
316	392	393	6	967.55	-3	49.485
317	0	0	0	0	-1	55.83
318	0	0	0	0	-1	44.96
319	0	0	0	0	-1	44.4
320	394	395	1	286.15	-3	54.22
321	396	397	1	193.65	-3	50.5909090909091
322	398	399	7	712.1	-3	54.7783333333333
323	0	0	0	0	-1	60.725
324	400	401	8	5	-3	48.206
325	0	0	0	0	-1	57.2166666666667
326	0	0	0	0	-1	47.8775
327	402	403	3	109	-3	40.7435294117647
328	0	0	0	0	-1	40.6
329	0	0	0	0	-1	35.3
330	404	405	2	152.9	-3	65.2011111111111
331	0	0	0	0	-1	74.5
332	0	0	0	0	-1	29
333	406	407	8	5	-3	46.3453846153846
334	0	0	0	0	-1	20.59
335	408	409	7	862.25	-3	23.9533333333333
336	0	0	0	0	-1	21.7525
337	0	0	0	0	-1	26.2933333333333
338	410	411	7	662.5	-3	43.44
339	412	413	6	866.7	-3	33.502
340	0	0	0	0	-1	32.24
341	414	415	5	11.05	-3	31.3142857142857
342	0	0	0	0	-1	40.37
343	0	0	0	0	-1	56.1425
344	0	0	0	0	-1	24.13
345	416	417	1	221.5	-3	32.7555555555556
346	0	0	0	0	-1	26.875
347	0	0	0	0	-1	23.755
348	418	419	8	21	-3	40.4383333333333
349	420	421	2	12	-3	46.5185714285714
350	422	423	3	158.55	-3	17.2111111111111
351	0	0	0	0	-1	12.27
352	424	425	1	252.05	-3	36.7282352941176
353	426	427	8	21	-3	27.51875
354	0	0	0	0	-1	14.91
355	428	429	8	21	-3	18.955
356	0	0	0	0	-1	26.92
357	0	0	0	0	-1	27.68
358	0	0	0	0	-1	32.7633333333333
359	0	0	0	0	-1	30.7233333333333
360	0	0	0	0	-1	36.7
361	0	0	0	0	-1	37.704
362	430	431	8	2	-3	10.54375
363	432	433	4	186.85	-3	14.7055555555556
364	0	0	0	0	-1	3.84666666666667
365	434	435	7	812.7	-3	12.1233333333333
366	436	437	1	265.5	-3	16.089
367	0	0	0	0	-1	13.5425
368	438	439	1	266.75	-3	13.632
369	0	0	0	0	-1	8
370	0	0	0	0	-1	10.65
371	0	0	0	0	-1	12.47
372	0	0	0	0	-1	37.26
373	0	0	0	0	-1	12.46
374	440	441	4	194.6	-3	22.4906666666667
375	442	443	5	5.4	-3	27.586
376	444	445	7	699.2	-3	32.7010526315789
377	446	447	3	12.25	-3	39.9325
378	448	449	2	67.85	-3	19.03625
379	0	0	0	0	-1	17.84
380	0	0	0	0	-1	21.65
381	0	0	0	0	-1	24.664
382	0	0	0	0	-1	44.865
383	0	0	0	0	-1	35.6146153846154
384	450	451	7	719.7	-3	46.8533333333333
385	0	0	0	0	-1	51.295
386	452	453	6	948.7	-3	50.003
387	0	0	0	0	-1	50.95
388	454	455	2	7.5	-3	36.0232432432432
389	456	457	5	2.05	-3	38.1142222222222
390	0	0	0	0	-1	45.37
391	0	0	0	0	-1	43.8575
392	0	0	0	0	-1	48.7025
393	0	0	0	0	-1	51.05
394	0	0	0	0	-1	55.35
395	0	0	0	0	-1	51.96
396	0	0	0	0	-1	49.64
397	458	459	4	157	-3	50.9475
398	0	0	0	0	-1	55.0075
399	0	0	0	0	-1	54.32
400	0	0	0	0	-1	28.3
401	460	461	7	797	-3	49.2536842105263
402	462	463	3	88.5	-3	42.8581818181818
403	464	465	1	311.9	-3	36.8666666666667
404	0	0	0	0	-1	61.95
405	466	467	4	177.95	-3	66.13
406	468	469	4	146.6	-3	36.1666666666667
407	470	471	5	17.55	-3	55.07
408	0	0	0	0	-1	24.28
409	0	0	0	0	-1	23.79
410	0	0	0	0	-1	53.52
411	472	473	1	281	-3	39.66
412	0	0	0	0	-1	23.85
413	474	475	2	141.25	-3	34.1914285714286
414	476	477	3	111.3	-3	31.22
415	0	0	0	0	-1	31.88
416	478	479	1	143.5	-3	31.38375
417	0	0	0	0	-1	43.73
418	0	0	0	0	-1	29.59
419	0	0	0	0	-1	42.608
420	0	0	0	0	-1	52.3
421	0	0	0	0	-1	45.555
422	480	481	7	894.95	-3	16.35
423	0	0	0	0	-1	20.225
424	482	483	1	160.25	-3	32.9352941176471
425	484	485	1	283.75	-3	40.5211764705882
426	0	0	0	0	-1	20.58
427	486	487	6	1004.7	-3	29.8316666666667
428	488	489	5	11.65	-3	15.7715384615385
429	0	0	0	0	-1	27.232
430	0	0	0	0	-1	6.27
431	490	491	6	978.2	-3	11.1542857142857
432	0	0	0	0	-1	13.18
433	492	493	7	807.95	-3	15.1414285714286
434	0	0	0	0	-1	13.53
435	0	0	0	0	-1	9.31
436	0	0	0	0	-1	9.99
437	494	495	6	1066	-3	16.7666666666667
438	0	0	0	0	-1	11.926
439	0	0	0	0	-1	15.338
440	0	0	0	0	-1	20.548
441	496	497	7	805.4	-3	23.462
442	0	0	0	0	-1	24.754
443	498	499	8	21	-3	28.53
444	500	501	7	681.8	-3	38.23
445	502	503	6	1033.6	-3	29.4758333333333
446	504	505	1	195	-3	38.0066666666667
447	0	0	0	0	-1	45.71
448	506	507	4	183	-3	17.8383333333333
449	0	0	0	0	-1	22.63
450	0	0	0	0	-1	44.94
451	0	0	0	0	-1	48.384
452	0	0	0	0	-1	48.162
453	0	0	0	0	-1	51.844
454	508	509	1	252	-3	34.9415384615385
455	510	511	7	865.55	-3	38.58
456	512	513	7	815	-3	39.3334782608696
457	514	515	5	5.15	-3	36.8395454545455
458	0	0	0	0	-1	50.08
459	0	0	0	0	-1	52.3933333333333
460	516	517	4	172.5	-3	51.9492307692308
461	518	519	1	299.2	-3	43.4133333333333
462	0	0	0	0	-1	39.42
463	520	521	5	8.95	-3	43.202
464	0	0	0	0	-1	33.69
465	0	0	0	0	-1	37.502
466	0	0	0	0	-1	66.1666666666667
467	0	0	0	0	-1	65.91
468	0	0	0	0	-1	41.3
469	0	0	0	0	-1	35.14
470	0	0	0	0	-1	52.8966666666667
471	0	0	0	0	-1	56.7
472	522	523	4	219	-3	37.4666666666667
473	0	0	0	0	-1	46.24
474	524	525	5	3	-3	34.8433333333333
475	0	0	0	0	-1	30.28
476	0	0	0	0	-1	31.42
477	0	0	0	0	-1	31.18
478	0	0	0	0	-1	33.305
479	0	0	0	0	-1	29.4625
480	0	0	0	0	-1	18.295
481	0	0	0	0	-1	13.7566666666667
482	0	0	0	0	-1	17.96
483	526	527	4	161.45	-3	33.87125
484	528	529	4	152.9	-3	45.5575
485	530	531	5	13.05	-3	36.0444444444444
486	0	0	0	0	-1	37.335
487	0	0	0	0	-1	26.08
488	532	533	7	801.05	-3	15.1258333333333
489	0	0	0	0	-1	23.52
490	0	0	0	0	-1	11.9925
491	0	0	0	0	-1	10.0366666666667
492	0	0	0	0	-1	15.02
493	0	0	0	0	-1	15.87
494	534	535	4	197.5	-3	17.49
495	0	0	0	0	-1	15.32
496	0	0	0	0	-1	24.504
497	0	0	0	0	-1	22.42
498	536	537	4	190.7	-3	26.9377777777778
499	538	539	4	194.45	-3	30.9183333333333
500	0	0	0	0	-1	40.36
501	0	0	0	0	-1	36.6325
502	0	0	0	0	-1	30.689
503	0	0	0	0	-1	23.41
504	0	0	0	0	-1	37.36
505	0	0	0	0	-1	39.3
506	0	0	0	0	-1	17.34
507	0	0	0	0	-1	18.0875
508	540	541	8	78	-3	38.9866666666667
509	542	543	7	853	-3	33.728
510	544	545	1	145	-3	39.336
511	0	0	0	0	-1	31.02
512	546	547	8	135	-3	40.8271428571429
513	548	549	2	66.2	-3	38.68
514	550	551	6	1017.85	-3	34.35
515	552	553	4	194.05	-3	38.9141666666667
516	554	555	4	170.8	-3	49.77
517	0	0	0	0	-1	55.436
518	0	0	0	0	-1	42.1333333333333
519	0	0	0	0	-1	44.6933333333333
520	556	557	1	287.5	-3	43.4085714285714
521	0	0	0	0	-1	42.72
522	0	0	0	0	-1	35.79
523	0	0	0	0	-1	45.85
524	558	559	1	451.25	-3	35.555
525	0	0	0	0	-1	33.42
526	560	561	4	156.2	-3	33.2933333333333
527	0	0	0	0	-1	35.605
528	0	0	0	0	-1	42.29
529	562	563	4	160.05	-3	46.6466666666667
530	564	565	8	21	-3	35.04625
531	0	0	0	0	-1	44.03
532	566	567	5	7.7	-3	15.6418181818182
533	0	0	0	0	-1	9.45
534	0	0	0	0	-1	17.17
535	0	0	0	0	-1	18.13
536	568	569	4	187.95	-3	27.71375
537	0	0	0	0	-1	20.73
538	0	0	0	0	-1	31.7166666666667
539	0	0	0	0	-1	30.12
540	0	0	0	0	-1	38.7666666666667
541	0	0	0	0	-1	39.2066666666667
542	570	571	8	73	-3	34.6686666666667
543	0	0	0	0	-1	30.906
544	0	0	0	0	-1	34.89
545	572	573	7	765.6	-3	42.3
546	0	0	0	0	-1	40.66
547	0	0	0	0	-1	41.05
548	574	575	6	1018.5	-3	38.5064285714286
549	0	0	0	0	-1	39.895
550	0	0	0	0	-1	36.582
551	0	0	0	0	-1	32.118
552	576	577	4	151.05	-3	39.6018181818182
553	0	0	0	0	-1	31.35
554	0	0	0	0	-1	49.77
555	0	0	0	0	-1	49.77
556	0	0	0	0	-1	43.716
557	0	0	0	0	-1	42.64
558	578	579	1	403.75	-3	35.0214285714286
559	0	0	0	0	-1	39.29
560	580	581	2	26.9	-3	34.5
561	582	583	8	21	-3	32.0866666666667
562	0	0	0	0	-1	47.1433333333333
563	0	0	0	0	-1	46.15
564	0	0	0	0	-1	35.006
565	0	0	0	0	-1	35.1133333333333
566	0	0	0	0	-1	13.62
567	584	585	8	8.5	-3	16.0911111111111
568	0	0	0	0	-1	25.4975
569	0	0	0	0	-1	29.93
570	0	0	0	0	-1	29.98
571	586	587	1	344.5	-3	35.8408333333333
572	0	0	0	0	-1	39.7
573	0	0	0	0	-1	43.6
574	588	589	8	95	-3	38.304
575	0	0	0	0	-1	39.0125
576	0	0	0	0	-1	37.1033333333333
577	590	591	7	756	-3	40.53875
578	0	0	0	0	-1	34.998
579	0	0	0	0	-1	35.08
580	0	0	0	0	-1	33.68
581	0	0	0	0	-1	38.6
582	0	0	0	0	-1	29.75
583	0	0	0	0	-1	32.554
584	592	593	4	162.8	-3	15.14
585	0	0	0	0	-1	19.42
586	594	595	4	192.5	-3	36.465
587	0	0	0	0	-1	32.72
588	0	0	0	0	-1	35.76
589	596	597	8	110	-3	38.5866666666667
590	0	0	0	0	-1	39.71
591	598	599	5	6.1	-3	40.815
592	0	0	0	0	-1	16.176
593	0	0	0	0	-1	12.55
594	0	0	0	0	-1	39.07
595	0	0	0	0	-1	33.86
596	0	0	0	0	-1	37.96
597	0	0	0	0	-1	38.9
598	0	0	0	0	-1	41.595
599	0	0	0	0	-1	40.425
