1	2	3	8	21	-3	35.2480291262136
2	4	5	1	360.8	-3	23.1508
3	6	7	2	16.1	-3	41.4745441176471
4	8	9	1	161.9	-3	18.6612252964427
5	10	11	4	183.05	-3	34.8607216494845
6	12	13	1	443.5	-3	36.726064516129
7	14	15	8	42	-3	45.453
8	16	17	2	206.45	-3	10.1680769230769
9	18	19	4	179.95	-3	19.6340088105727
10	20	21	2	94.25	-3	40.5118333333333
11	22	23	7	716.6	-3	25.6967567567568
12	24	25	8	42	-3	34.0794525547445
13	26	27	4	190.5	-3	56.8697222222222
14	28	29	4	174.5	-3	40.0643388429752
15	30	31	5	8.35	-3	55.6409375
16	32	33	7	844.1	-3	8.12785714285714
17	34	35	7	764.85	-3	12.5483333333333
18	36	37	3	95.9	-3	23.8123529411765
19	38	39	8	10.5	-3	16.22448
20	40	41	1	484	-3	36.1273076923077
21	42	43	2	95.9	-3	43.8647058823529
22	44	45	3	61.5	-3	33.6786666666667
23	46	47	1	378.7	-3	20.2545454545455
24	48	49	4	155.8	-3	27.9442142857143
25	50	51	4	179.65	-3	40.4894029850746
26	52	53	6	826.55	-3	64.1533333333333
27	54	55	4	214	-3	46.6726666666667
28	56	57	3	51.45	-3	53.6855405405406
29	58	59	7	792.7	-3	34.0645238095238
30	60	61	4	186.85	-3	45.0519047619048
31	62	63	3	51.75	-3	65.9041538461539
32	64	65	1	127.8	-3	9.10750000000001
33	66	67	2	167.7	-3	6.82166666666666
34	0	0	0	0	-1	8.615
35	68	69	6	991.2	-3	14.515
36	70	71	8	5	-3	31.6475
37	72	73	1	170.65	-3	23.1455319148936
38	74	75	3	94.35	-3	14.8169230769231
39	76	77	7	877.65	-3	23.1952380952381
40	78	79	5	18.85	-3	32.3205555555556
41	80	81	1	526.65	-3	44.6925
42	0	0	0	0	-1	54.1
43	82	83	1	447	-3	43.225
44	84	85	8	10.5	-3	35.3
45	0	0	0	0	-1	30.436
46	0	0	0	0	-1	25.9133333333333
47	86	87	7	773.5	-3	19.3610526315789
48	0	0	0	0	-1	44.2975
49	88	89	3	142.5	-3	27.4632352941176
50	90	91	1	239.3	-3	45.915737704918
51	92	93	5	4.95	-3	35.9550684931507
52	0	0	0	0	-1	41.37
53	94	95	5	19.75	-3	65.2925
54	96	97	7	671.1	-3	49.836
55	0	0	0	0	-1	40.346
56	98	99	3	12.25	-3	56.7307692307692
57	100	101	1	198.45	-3	50.2922857142857
58	102	103	1	263.25	-3	36.1722047244094
59	104	105	1	226.05	-3	27.5358536585366
60	106	107	4	142.9	-3	50.591
61	108	109	7	837.25	-3	42.4755813953488
62	110	111	5	11.85	-3	69.2658695652174
63	112	113	7	748.3	-3	57.7652631578947
64	0	0	0	0	-1	10.35
65	0	0	0	0	-1	8.362
66	0	0	0	0	-1	6.168
67	0	0	0	0	-1	10.09
68	114	115	8	5	-3	14.49
69	0	0	0	0	-1	14.59
70	0	0	0	0	-1	26.2375
71	0	0	0	0	-1	37.0575
72	116	117	7	758.35	-3	17.9741666666667
73	118	119	7	777.65	-3	23.9023170731707
74	120	121	8	5	-3	15.1732954545455
75	122	123	3	95.15	-3	12.856875
76	124	125	3	119.95	-3	23.713
77	0	0	0	0	-1	12.84
78	126	127	4	173	-3	31.691875
79	0	0	0	0	-1	37.35
80	0	0	0	0	-1	50.51
81	128	129	8	5	-3	43.8614285714286
82	130	131	2	101.7	-3	42.2148148148148
83	0	0	0	0	-1	48.68
84	132	133	2	71.25	-3	34.5971428571429
85	0	0	0	0	-1	36.94
86	134	135	1	396.5	-3	21.96
87	0	0	0	0	-1	12.084
88	136	137	7	784.15	-3	29.927
89	138	139	4	178.35	-3	17.0396153846154
90	140	141	3	173.3	-3	41.6139473684211
91	142	143	3	108.7	-3	53.0230434782609
92	144	145	8	73	-3	33.9127659574468
93	146	147	3	106.95	-3	39.6469230769231
94	0	0	0	0	-1	66.1472222222222
95	0	0	0	0	-1	57.6
96	148	149	6	1077.2	-3	52.37
97	0	0	0	0	-1	43.9233333333333
98	150	151	2	224.75	-3	56.5621052631579
99	0	0	0	0	-1	63.14
100	152	153	1	144.1	-3	34.31
101	154	155	7	731	-3	54.2878571428571
102	156	157	7	626.5	-3	29.8769879518072
103	158	159	5	6.3	-3	48.0472727272727
104	160	161	6	853.5	-3	26.0269444444444
105	0	0	0	0	-1	38.4
106	0	0	0	0	-1	32.85
107	162	163	3	127.05	-3	51.5247368421053
108	164	165	7	632	-3	44.195
109	0	0	0	0	-1	29.408
110	166	167	2	231.55	-3	73.4126923076923
111	168	169	2	170.1	-3	63.875
112	170	171	6	987.1	-3	53.3242857142857
113	172	173	3	128.15	-3	60.3558333333333
114	0	0	0	0	-1	9.69
115	0	0	0	0	-1	16.89
116	0	0	0	0	-1	26.255
117	174	175	5	5.1	-3	16.318
118	176	177	6	1053.55	-3	27.775
119	178	179	1	225.35	-3	23.105
120	180	181	5	6.8	-3	11.9865384615385
121	182	183	6	1066	-3	16.5096774193548
122	0	0	0	0	-1	10.38
123	184	185	4	190.7	-3	13.4284615384615
124	186	187	4	190.15	-3	24.0233333333333
125	0	0	0	0	-1	20.92
126	188	189	5	12.95	-3	31.1471428571429
127	0	0	0	0	-1	35.505
128	0	0	0	0	-1	41.504
129	0	0	0	0	-1	49.755
130	0	0	0	0	-1	31.5
131	190	191	5	17.55	-3	43.072
132	0	0	0	0	-1	35.308
133	0	0	0	0	-1	32.82
134	192	193	8	2	-3	21.0758333333333
135	0	0	0	0	-1	27.265
136	194	195	5	16.4	-3	33.0555357142857
137	196	197	5	2.35	-3	26.6825925925926
138	198	199	5	11.8	-3	21.6572727272727
139	200	201	1	159.5	-3	13.6533333333333
140	202	203	6	1004.7	-3	40.2785294117647
141	0	0	0	0	-1	52.965
142	204	205	5	13.5	-3	48.646
143	206	207	6	1038.2	-3	56.39
144	0	0	0	0	-1	28.1075
145	208	209	1	363	-3	34.4527906976744
146	210	211	5	6.25	-3	41.4222222222222
147	212	213	1	240.55	-3	38.7070588235294
148	0	0	0	0	-1	64.02
149	0	0	0	0	-1	47.71
150	214	215	2	182	-3	58.6938235294118
151	0	0	0	0	-1	38.4425
152	0	0	0	0	-1	29.07
153	216	217	2	47.65	-3	35.1833333333333
154	218	219	1	365	-3	49.978
155	220	221	3	94.5	-3	56.6822222222222
156	222	223	1	170	-3	24.6614285714286
157	224	225	6	1114.2	-3	30.3573684210526
158	226	227	6	882.5	-3	41.0052941176471
159	228	229	7	747.5	-3	52.4811111111111
160	230	231	7	838.55	-3	32.5244444444444
161	232	233	4	178.3	-3	23.8611111111111
162	234	235	2	71.65	-3	48.2744444444444
163	236	237	3	149.55	-3	54.45
164	0	0	0	0	-1	40.0408333333333
165	238	239	7	765.15	-3	46.1123076923077
166	240	241	4	167.5	-3	74.05125
167	0	0	0	0	-1	65.75
168	242	243	1	406.8	-3	61.33125
169	0	0	0	0	-1	74.05
170	0	0	0	0	-1	55.058
171	0	0	0	0	-1	48.99
172	244	245	7	794.45	-3	53.1928571428571
173	0	0	0	0	-1	70.384
174	0	0	0	0	-1	20.32
175	0	0	0	0	-1	12.316
176	246	247	3	139.25	-3	25.9425
177	0	0	0	0	-1	38.77
178	248	249	8	8.5	-3	22.0071052631579
179	250	251	6	996.9	-3	24.4956666666667
180	252	253	7	870.5	-3	11.405
181	0	0	0	0	-1	18.965
182	0	0	0	0	-1	18.8678048780488
183	254	255	1	201.75	-3	11.9057142857143
184	256	257	5	6.1	-3	13.9283333333333
185	258	259	8	5	-3	13
186	260	261	6	1065.9	-3	26.3555555555556
187	262	263	3	118.25	-3	21.6911111111111
188	264	265	8	5	-3	31.7930769230769
189	0	0	0	0	-1	22.75
190	266	267	5	16.2	-3	43.3541666666667
191	0	0	0	0	-1	36.3
192	0	0	0	0	-1	6.27
193	268	269	7	748.65	-3	22.4218181818182
194	0	0	0	0	-1	32.6465454545455
195	0	0	0	0	-1	55.55
196	270	271	6	1108.8	-3	22.6917391304348
197	272	273	2	7.5	-3	29.6435483870968
198	274	275	2	14.3	-3	25.5014285714286
199	0	0	0	0	-1	14.93
200	276	277	4	187	-3	12.0422222222222
201	278	279	6	936.15	-3	16.07
202	280	281	3	100.45	-3	44.6642857142857
203	282	283	1	203.35	-3	39.1414814814815
204	284	285	1	264.45	-3	47.8477777777778
205	0	0	0	0	-1	55.83
206	286	287	3	129.25	-3	52.2628571428571
207	288	289	3	123.25	-3	61.205
208	290	291	4	192.5	-3	31.3433333333333
209	292	293	6	936	-3	50.4442857142857
210	294	295	6	952.9	-3	41.0625
211	0	0	0	0	-1	44.3
212	296	297	7	768.45	-3	37.6288888888889
213	298	299	7	756	-3	39.92
214	300	301	1	313.85	-3	55.9048
215	302	303	5	10.85	-3	66.4411111111111
216	0	0	0	0	-1	31.195
217	0	0	0	0	-1	37.1775
218	0	0	0	0	-1	47.28
219	304	305	7	672.5	-3	51.1342857142857
220	306	307	7	803.95	-3	48.3033333333333
221	308	309	4	170	-3	60.8716666666667
222	0	0	0	0	-1	25.354
223	0	0	0	0	-1	22.93
224	310	311	1	155.4	-3	30.1054666666667
225	0	0	0	0	-1	49.25
226	0	0	0	0	-1	47.952
227	312	313	7	741	-3	38.1108333333333
228	314	315	2	205.6	-3	48.6277777777778
229	316	317	1	339.5	-3	60.1877777777778
230	0	0	0	0	-1	29.87
231	318	319	6	825.5	-3	33.2828571428571
232	0	0	0	0	-1	21.898
233	320	321	1	109	-3	24.3072727272727
234	0	0	0	0	-1	43.5
235	322	323	5	6.8	-3	48.87125
236	0	0	0	0	-1	53.72
237	324	325	1	170.25	-3	54.9366666666667
238	326	327	4	215.75	-3	49.40375
239	328	329	1	131.1	-3	40.846
240	330	331	6	1033.15	-3	76.816
241	332	333	2	183	-3	69.4433333333333
242	334	335	1	377.25	-3	57.7777777777778
243	336	337	5	25.4	-3	65.9
244	0	0	0	0	-1	57.02
245	0	0	0	0	-1	48.09
246	0	0	0	0	-1	27.156
247	338	339	8	8.5	-3	25.0757142857143
248	340	341	2	47.65	-3	17.959
249	342	343	2	47.65	-3	26.505
250	344	345	7	870.3	-3	22.6552941176471
251	346	347	6	1031.2	-3	26.9023076923077
252	348	349	7	803	-3	12.0465
253	0	0	0	0	-1	8.1975
254	0	0	0	0	-1	7.872
255	350	351	2	67.85	-3	13.16625
256	0	0	0	0	-1	14.3325
257	0	0	0	0	-1	13.12
258	0	0	0	0	-1	11.4475
259	0	0	0	0	-1	15.07
260	352	353	1	218.05	-3	27.42
261	0	0	0	0	-1	17.84
262	354	355	5	4.95	-3	22.28
263	0	0	0	0	-1	20.5133333333333
264	356	357	2	23	-3	29.797
265	0	0	0	0	-1	38.4466666666667
266	358	359	8	5	-3	42.6473684210526
267	0	0	0	0	-1	46.04
268	0	0	0	0	-1	24.035
269	0	0	0	0	-1	21.5
270	360	361	1	265	-3	24.0631578947368
271	0	0	0	0	-1	16.1775
272	362	363	3	109.45	-3	29.174
273	0	0	0	0	-1	43.73
274	364	365	4	160.3	-3	27.195
275	0	0	0	0	-1	15.34
276	0	0	0	0	-1	14.0333333333333
277	366	367	7	782.5	-3	11.0466666666667
278	0	0	0	0	-1	15.09
279	0	0	0	0	-1	18.03
280	0	0	0	0	-1	46.07
281	0	0	0	0	-1	44.102
282	368	369	7	800.75	-3	37.0970588235294
283	370	371	6	1082.05	-3	42.617
284	0	0	0	0	-1	43.1433333333333
285	372	373	6	967.55	-3	50.2
286	374	375	8	78	-3	53.5533333333333
287	0	0	0	0	-1	44.52
288	0	0	0	0	-1	58.0233333333333
289	0	0	0	0	-1	64.3866666666667
290	376	377	7	920.15	-3	35.93
291	378	379	4	195.5	-3	29.05
292	0	0	0	0	-1	53.1025
293	0	0	0	0	-1	46.9
294	0	0	0	0	-1	40.78
295	0	0	0	0	-1	41.345
296	0	0	0	0	-1	36.105
297	0	0	0	0	-1	38.0642857142857
298	0	0	0	0	-1	39.49
299	0	0	0	0	-1	40.35
300	380	381	1	216	-3	41.7157142857143
301	382	383	2	111.75	-3	61.4227777777778
302	0	0	0	0	-1	57.335
303	384	385	7	818.1	-3	69.0428571428571
304	0	0	0	0	-1	55.65
305	0	0	0	0	-1	49.328
306	0	0	0	0	-1	49.77
307	0	0	0	0	-1	47.57
308	386	387	6	901	-3	62.482
309	0	0	0	0	-1	52.82
310	388	389	6	919.5	-3	27.0988461538462
311	390	391	5	8.05	-3	31.7008163265306
312	392	393	5	3	-3	36.484
313	0	0	0	0	-1	46.245
314	394	395	7	702.5	-3	44.4066666666667
315	0	0	0	0	-1	69.7333333333333
316	0	0	0	0	-1	49.7233333333333
317	396	397	3	66	-3	65.42
318	0	0	0	0	-1	39.4
319	398	399	1	145.45	-3	32.2633333333333
320	0	0	0	0	-1	17.28
321	400	401	1	185.8	-3	25.01
322	402	403	8	78	-3	48.1528571428571
323	0	0	0	0	-1	53.9
324	0	0	0	0	-1	54.5766666666667
325	0	0	0	0	-1	55.2966666666667
326	0	0	0	0	-1	48.588
327	404	405	2	57	-3	49.7745454545455
328	0	0	0	0	-1	33.19
329	406	407	8	135	-3	41.6966666666667
330	408	409	4	156.15	-3	77.5207142857143
331	0	0	0	0	-1	66.95
332	410	411	1	457	-3	72.0666666666667
333	0	0	0	0	-1	64.1966666666667
334	0	0	0	0	-1	61.35
335	412	413	8	73.5	-3	56.7571428571429
336	414	415	6	894.05	-3	65.1
337	0	0	0	0	-1	70.7
338	0	0	0	0	-1	16.3333333333333
339	0	0	0	0	-1	31.6325
340	416	417	7	787.8	-3	14.36
341	418	419	1	216.55	-3	22.3577777777778
342	420	421	4	166.1	-3	25.3425
343	0	0	0	0	-1	35.805
344	422	423	6	892	-3	22.258
345	424	425	4	152.2	-3	23.2228571428571
346	426	427	8	8.5	-3	27.19
347	428	429	5	9.35	-3	26.6557142857143
348	430	431	4	200.25	-3	10.303
349	432	433	7	846.6	-3	13.79
350	434	435	7	779	-3	13.3385714285714
351	0	0	0	0	-1	11.96
352	0	0	0	0	-1	30.39
353	436	437	5	5.65	-3	26.43
354	0	0	0	0	-1	21.675
355	0	0	0	0	-1	23.49
356	0	0	0	0	-1	33.174
357	0	0	0	0	-1	26.42
358	438	439	5	13.75	-3	34.0333333333333
359	440	441	5	13.75	-3	46.6230769230769
360	442	443	3	70.5	-3	20.0025
361	444	445	4	191.5	-3	27.0163636363636
362	446	447	1	263.55	-3	33.4421052631579
363	448	449	7	807.3	-3	21.8018181818182
364	0	0	0	0	-1	33.69
365	0	0	0	0	-1	25.896
366	0	0	0	0	-1	12.46
367	0	0	0	0	-1	10.34
368	0	0	0	0	-1	32.64
369	450	451	5	8.85	-3	37.6913333333333
370	452	453	1	225.35	-3	40.7785714285714
371	0	0	0	0	-1	46.9066666666667
372	0	0	0	0	-1	46.2933333333333
373	0	0	0	0	-1	54.1066666666667
374	0	0	0	0	-1	51.96
375	0	0	0	0	-1	56.74
376	454	455	7	849.3	-3	37.2090909090909
377	0	0	0	0	-1	21.86
378	0	0	0	0	-1	27.1
379	456	457	1	243.9	-3	30.4428571428571
380	0	0	0	0	-1	26.92
381	458	459	1	297	-3	44.1816666666667
382	460	461	7	906.4	-3	59.4815384615385
383	0	0	0	0	-1	66.47
384	0	0	0	0	-1	71.3
385	0	0	0	0	-1	55.5
386	0	0	0	0	-1	72.07
387	462	463	3	132.4	-3	58.3728571428571
388	464	465	1	144.25	-3	31.725
389	466	467	1	153.35	-3	24.2075
390	468	469	1	224.4	-3	30.2089285714286
391	470	471	5	8.35	-3	33.69
392	0	0	0	0	-1	37.25
393	0	0	0	0	-1	33.42
394	472	473	6	904.2	-3	41.95
395	474	475	3	43.5	-3	48.0916666666667
396	0	0	0	0	-1	67.105
397	0	0	0	0	-1	62.05
398	0	0	0	0	-1	29.16
399	0	0	0	0	-1	32.884
400	476	477	2	115.3	-3	24.5411111111111
401	0	0	0	0	-1	29.23
402	0	0	0	0	-1	47.422
403	0	0	0	0	-1	49.98
404	0	0	0	0	-1	51.29
405	478	479	8	272.5	-3	49.4377777777778
406	0	0	0	0	-1	40.148
407	0	0	0	0	-1	43.6325
408	0	0	0	0	-1	75.0725
409	0	0	0	0	-1	78.5
410	0	0	0	0	-1	72.02
411	0	0	0	0	-1	72.3
412	0	0	0	0	-1	55.2
413	0	0	0	0	-1	57.38
414	0	0	0	0	-1	64.75
415	0	0	0	0	-1	65.8
416	0	0	0	0	-1	7.32
417	480	481	2	6.8	-3	15.064
418	482	483	2	51.95	-3	20.9114285714286
419	0	0	0	0	-1	27.42
420	484	485	3	124.45	-3	27.568
421	486	487	6	1026.8	-3	21.6333333333333
422	0	0	0	0	-1	20.5533333333333
423	488	489	3	118.6	-3	22.9885714285714
424	0	0	0	0	-1	21.78
425	0	0	0	0	-1	23.8
426	0	0	0	0	-1	21.02
427	0	0	0	0	-1	33.36
428	0	0	0	0	-1	26.77
429	490	491	8	8.5	-3	26.6366666666667
430	0	0	0	0	-1	13.9325
431	492	493	7	661.8	-3	7.88333333333333
432	494	495	7	833.8	-3	14.58375
433	0	0	0	0	-1	10.615
434	0	0	0	0	-1	14.7133333333333
435	496	497	4	185.35	-3	12.9636363636364
436	0	0	0	0	-1	24.7633333333333
437	0	0	0	0	-1	28.0966666666667
438	0	0	0	0	-1	35.12
439	0	0	0	0	-1	28.6
440	498	499	6	935.4	-3	46.4111111111111
441	0	0	0	0	-1	47.1
442	500	501	4	187	-3	19.3466666666667
443	0	0	0	0	-1	21.97
444	502	503	6	1096.3	-3	24.4666666666667
445	0	0	0	0	-1	30.076
446	504	505	5	6.15	-3	28.232
447	506	507	4	180	-3	39.2311111111111
448	0	0	0	0	-1	32.6125
449	0	0	0	0	-1	15.6242857142857
450	508	509	8	78	-3	37.0427272727273
451	0	0	0	0	-1	39.475
452	0	0	0	0	-1	39.382
453	0	0	0	0	-1	44.27
454	510	511	1	332	-3	40.145
455	0	0	0	0	-1	33.686
456	0	0	0	0	-1	34.56
457	512	513	8	135	-3	29.32
458	0	0	0	0	-1	40.93
459	0	0	0	0	-1	44.832
460	514	515	1	413.4	-3	62.72
461	0	0	0	0	-1	54.3
462	0	0	0	0	-1	53.855
463	0	0	0	0	-1	60.18
464	516	517	4	189.6	-3	35.3133333333333
465	0	0	0	0	-1	26.3425
466	518	519	5	3	-3	26.4791666666667
467	0	0	0	0	-1	17.3925
468	520	521	1	166.9	-3	27.512
469	522	523	7	684.65	-3	33.3207692307692
470	0	0	0	0	-1	46.39
471	524	525	2	167.85	-3	32.3531578947368
472	0	0	0	0	-1	39.555
473	526	527	3	45.5	-3	42.6342857142857
474	0	0	0	0	-1	52.4275
475	0	0	0	0	-1	39.42
476	0	0	0	0	-1	18.6366666666667
477	528	529	7	848	-3	25.722
478	530	531	2	152	-3	47.4416666666667
479	0	0	0	0	-1	53.43
480	532	533	6	1086.75	-3	14.3722222222222
481	0	0	0	0	-1	21.29
482	0	0	0	0	-1	23.08
483	0	0	0	0	-1	18.02
484	534	535	6	1007.1	-3	25.8466666666667
485	0	0	0	0	-1	30.15
486	0	0	0	0	-1	24.28
487	0	0	0	0	-1	21.104
488	0	0	0	0	-1	22.5
489	0	0	0	0	-1	23.64
490	0	0	0	0	-1	23.52
491	0	0	0	0	-1	42.22
492	0	0	0	0	-1	11.85
493	0	0	0	0	-1	5.9
494	536	537	4	192.5	-3	14.2383333333333
495	0	0	0	0	-1	15.62
496	0	0	0	0	-1	13.8942857142857
497	0	0	0	0	-1	11.335
498	0	0	0	0	-1	46.2
499	0	0	0	0	-1	46.4714285714286
500	0	0	0	0	-1	20.87
501	0	0	0	0	-1	18.585
502	0	0	0	0	-1	25.455
503	0	0	0	0	-1	22.49
504	0	0	0	0	-1	24.4475
505	538	539	6	1002.2	-3	30.755
506	0	0	0	0	-1	33.305
507	0	0	0	0	-1	43.972
508	0	0	0	0	-1	34.42
509	540	541	3	112.95	-3	38.02625
510	0	0	0	0	-1	38.455
511	0	0	0	0	-1	40.99
512	0	0	0	0	-1	31.2025
513	542	543	4	200.5	-3	28.2442857142857
514	0	0	0	0	-1	68.5
515	544	545	4	152.45	-3	60.7933333333333
516	0	0	0	0	-1	33.31
517	0	0	0	0	-1	35.714
518	0	0	0	0	-1	29.89
519	546	547	7	643.25	-3	25.797
520	0	0	0	0	-1	30.6866666666667
521	548	549	6	1065.6	-3	26.7183333333333
522	0	0	0	0	-1	39.7
523	550	551	4	187.15	-3	32.1609090909091
524	552	553	2	124.7	-3	29.45
525	554	555	1	156.5	-3	34.4645454545455
526	0	0	0	0	-1	41.05
527	0	0	0	0	-1	43.8225
528	556	557	4	199.75	-3	27.2211111111111
529	558	559	7	879.95	-3	23.4733333333333
530	0	0	0	0	-1	48.464
531	0	0	0	0	-1	42.33
532	560	561	1	203.35	-3	14.98
533	0	0	0	0	-1	12.245
534	0	0	0	0	-1	25.18
535	0	0	0	0	-1	26.18
536	0	0	0	0	-1	14.578
537	0	0	0	0	-1	12.54
538	0	0	0	0	-1	31.762
539	0	0	0	0	-1	25.72
540	0	0	0	0	-1	37.34
541	562	563	5	5.95	-3	38.255
542	0	0	0	0	-1	28.35
543	0	0	0	0	-1	28.165
544	0	0	0	0	-1	61.8
545	0	0	0	0	-1	60.29
546	0	0	0	0	-1	21.91
547	564	565	3	127.85	-3	26.2288888888889
548	566	567	7	633	-3	28.64
549	0	0	0	0	-1	20.9533333333333
550	0	0	0	0	-1	29.48
551	568	569	6	976.8	-3	33.6928571428571
552	0	0	0	0	-1	32.4
553	0	0	0	0	-1	27.68
554	0	0	0	0	-1	37.36
555	570	571	2	198.55	-3	33.8211111111111
556	572	573	4	193.85	-3	28.0585714285714
557	0	0	0	0	-1	24.29
558	0	0	0	0	-1	24.035
559	0	0	0	0	-1	22.35
560	0	0	0	0	-1	12.45
561	574	575	5	8.25	-3	15.4016666666667
562	0	0	0	0	-1	37.792
563	0	0	0	0	-1	40.57
564	576	577	3	99	-3	25.2285714285714
565	0	0	0	0	-1	29.73
566	0	0	0	0	-1	41.68
567	578	579	4	194.6	-3	27.01
568	580	581	6	874	-3	32.7583333333333
569	0	0	0	0	-1	39.3
570	582	583	1	161	-3	33.0714285714286
571	0	0	0	0	-1	36.445
572	0	0	0	0	-1	27.288
573	0	0	0	0	-1	29.985
574	0	0	0	0	-1	19.52
575	0	0	0	0	-1	14.578
576	0	0	0	0	-1	23.52
577	0	0	0	0	-1	25.912
578	584	585	7	675.15	-3	26.1542857142857
579	0	0	0	0	-1	33
580	0	0	0	0	-1	28.63
581	0	0	0	0	-1	33.584
582	0	0	0	0	-1	32.796
583	0	0	0	0	-1	33.76
584	0	0	0	0	-1	23.89
585	0	0	0	0	-1	27.06
