1	2	3	7	757.3	-3	36.5548737864078
2	4	5	7	755.05	-3	42.404427480916
3	6	7	3	174.8	-3	32.9459654631083
4	8	9	2	138.55	-3	40.0124
5	10	11	1	350.25	-3	61.8744186046512
6	12	13	7	870.65	-3	33.3430608974359
7	14	15	6	831.45	-3	13.8853846153846
8	16	17	6	1086	-3	43.793732718894
9	18	19	5	8.5	-3	33.8428571428571
10	0	0	0	0	-1	42.4
11	20	21	6	935.4	-3	64.4368421052632
12	22	23	2	17	-3	32.3559223300971
13	24	25	4	158	-3	38.0070642201835
14	0	0	0	0	-1	10.54
15	26	27	3	192	-3	15.3722222222222
16	28	29	3	174	-3	42.2903684210526
17	30	31	6	1127.5	-3	54.372962962963
18	32	33	6	966.2	-3	29.59
19	34	35	1	311.6	-3	42.7441860465116
20	36	37	8	17.5	-3	54.35
21	38	39	4	155.4	-3	68.0392857142857
22	40	41	8	21	-3	28.3598671096345
23	42	43	8	21	-3	37.9765420560748
24	44	45	6	996.9	-3	51.8802040816327
25	46	47	8	10.5	-3	26.6773333333333
26	48	49	4	162.5	-3	15.5133333333333
27	0	0	0	0	-1	15.09
28	50	51	7	677.85	-3	43.0715675675676
29	0	0	0	0	-1	13.386
30	52	53	5	2.45	-3	53.32
31	0	0	0	0	-1	81.75
32	54	55	1	304.65	-3	34.70025
33	56	57	7	709.3	-3	25.5018
34	58	59	4	218.05	-3	32.7285714285714
35	60	61	7	635.85	-3	52.3045454545455
36	0	0	0	0	-1	40.3
37	62	63	2	188.1	-3	63.7166666666667
38	0	0	0	0	-1	67.5333333333333
39	64	65	8	17.5	-3	68.1
40	66	67	3	95.1	-3	18.3763333333333
41	68	69	1	160.55	-3	34.9787845303867
42	70	71	4	181.4	-3	25.5737313432836
43	72	73	1	208.6	-3	43.6295238095238
44	74	75	6	874.05	-3	54.0277272727273
45	0	0	0	0	-1	32.982
46	76	77	6	948.8	-3	11.1115384615385
47	78	79	3	48.7	-3	30.9827659574468
48	0	0	0	0	-1	15.42
49	0	0	0	0	-1	15.56
50	80	81	5	1.25	-3	49.7494202898551
51	82	83	2	11	-3	39.0993965517241
52	84	85	8	5	-3	54.7252173913043
53	0	0	0	0	-1	42.5466666666667
54	86	87	8	17.5	-3	32.5872413793103
55	88	89	2	143.75	-3	40.2709090909091
56	90	91	2	224.7	-3	29.6638461538462
57	92	93	4	188.85	-3	20.9929166666667
58	94	95	7	698.5	-3	34.4368421052632
59	0	0	0	0	-1	16.5
60	96	97	2	206.7	-3	45.7384615384615
61	98	99	8	17.5	-3	61.7888888888889
62	0	0	0	0	-1	65.91
63	0	0	0	0	-1	62.62
64	0	0	0	0	-1	45.3
65	0	0	0	0	-1	76.9666666666667
66	100	101	7	787.3	-3	16.7634375
67	102	103	5	8.35	-3	20.2196428571429
68	104	105	5	13.55	-3	13.517
69	106	107	6	1058.1	-3	36.2338596491228
70	108	109	5	8.55	-3	35.544358974359
71	110	111	4	197.75	-3	11.6860714285714
72	112	113	7	827.5	-3	31.8704109589041
73	114	115	1	394.4	-3	55.2297297297297
74	116	117	5	15.4	-3	52.3325641025641
75	0	0	0	0	-1	67.25
76	118	119	1	134.5	-3	8.46571428571428
77	120	121	6	995.8	-3	14.1983333333333
78	122	123	6	866.9	-3	22.8286956521739
79	124	125	8	21	-3	38.7970833333333
80	126	127	2	42.75	-3	46.3283333333333
81	128	129	4	164.5	-3	55.0711111111111
82	130	131	3	119.05	-3	31.2418604651163
83	132	133	7	697.2	-3	43.7278082191781
84	0	0	0	0	-1	19.6933333333333
85	134	135	4	174	-3	59.98
86	136	137	6	959.6	-3	17.83
87	138	139	7	622	-3	37.2827272727273
88	0	0	0	0	-1	37.68
89	0	0	0	0	-1	44.805
90	140	141	3	56.5	-3	32.3188235294118
91	142	143	4	201.75	-3	24.6488888888889
92	144	145	8	17.5	-3	20.1115384615385
93	146	147	7	748.8	-3	22.0345454545455
94	148	149	2	246.75	-3	38.6688888888889
95	150	151	5	16.9	-3	30.628
96	0	0	0	0	-1	39.8
97	0	0	0	0	-1	48.3777777777778
98	0	0	0	0	-1	46.125
99	0	0	0	0	-1	74.32
100	152	153	6	1090.7	-3	19.4910344827586
101	154	155	8	10.5	-3	14.5034285714286
102	156	157	6	952.9	-3	18.3804761904762
103	158	159	4	154.7	-3	25.7371428571429
104	160	161	7	842	-3	12.4075
105	0	0	0	0	-1	17.955
106	162	163	3	173.3	-3	37.9292361111111
107	164	165	4	153.95	-3	27.1918518518519
108	0	0	0	0	-1	20.2
109	166	167	6	894.05	-3	37.8008823529412
110	168	169	1	208.6	-3	13.4463636363636
111	170	171	8	5	-3	5.23166666666667
112	172	173	1	162.5	-3	33.656
113	174	175	5	5.5	-3	26.4144444444444
114	176	177	4	175.5	-3	53.170625
115	178	179	7	792.6	-3	68.408
116	180	181	7	903.05	-3	48.3
117	182	183	8	5	-3	54.1248148148148
118	0	0	0	0	-1	9.28666666666667
119	0	0	0	0	-1	7.85
120	0	0	0	0	-1	15.36
121	0	0	0	0	-1	13.0366666666667
122	0	0	0	0	-1	32.96
123	184	185	8	59	-3	21.8638095238095
124	0	0	0	0	-1	26.946
125	186	187	7	895.4	-3	41.9157894736842
126	188	189	3	30	-3	48.6055555555556
127	190	191	7	632	-3	44.6204166666667
128	192	193	2	59.5	-3	64.325
129	194	195	5	19.35	-3	47.668
130	196	197	8	10.5	-3	31.94225
131	0	0	0	0	-1	21.9033333333333
132	198	199	3	76.65	-3	32.9
133	200	201	6	888.6	-3	44.6974626865672
134	202	203	8	59	-3	63.8121428571429
135	204	205	1	512.5	-3	51.0383333333333
136	206	207	8	5	-3	19.2083333333333
137	0	0	0	0	-1	9.56
138	208	209	5	3.5	-3	31.3822222222222
139	210	211	6	913.9	-3	41.3676923076923
140	212	213	7	689	-3	34.4918181818182
141	214	215	7	666.1	-3	28.335
142	216	217	7	696.8	-3	25.76125
143	0	0	0	0	-1	15.75
144	218	219	1	210.05	-3	13.5771428571429
145	220	221	2	162.9	-3	27.735
146	0	0	0	0	-1	18.2933333333333
147	222	223	4	197.75	-3	23.4375
148	0	0	0	0	-1	38.042
149	0	0	0	0	-1	39.4525
150	224	225	6	854.5	-3	30.28
151	0	0	0	0	-1	33.76
152	226	227	7	784.3	-3	20.6741666666667
153	0	0	0	0	-1	13.812
154	228	229	8	5	-3	13.335
155	0	0	0	0	-1	21.514
156	230	231	8	5	-3	13.4557142857143
157	232	233	8	8.5	-3	19.3654285714286
158	0	0	0	0	-1	33.1466666666667
159	234	235	6	958.15	-3	23.7163636363636
160	236	237	1	148.5	-3	12.7885714285714
161	0	0	0	0	-1	9.74
162	238	239	7	757.85	-3	37.2840740740741
163	240	241	5	10.95	-3	47.6066666666667
164	0	0	0	0	-1	62.245
165	242	243	5	2.25	-3	24.3876
166	0	0	0	0	-1	50.8
167	244	245	3	122.85	-3	36.0676666666667
168	246	247	2	134.35	-3	11.9547058823529
169	0	0	0	0	-1	18.518
170	0	0	0	0	-1	3.22
171	0	0	0	0	-1	9.255
172	248	249	5	10.65	-3	28.7003846153846
173	250	251	5	6.1	-3	38.0989655172414
174	252	253	1	120.65	-3	27.7071428571429
175	0	0	0	0	-1	21.89
176	254	255	8	42	-3	58.2810810810811
177	256	257	6	868.6	-3	46.1674074074074
178	0	0	0	0	-1	72.2266666666667
179	258	259	2	100.5	-3	66.7714285714286
180	260	261	8	17.5	-3	49.0111111111111
181	0	0	0	0	-1	46.1666666666667
182	0	0	0	0	-1	31.64
183	262	263	7	890.4	-3	59.235
184	264	265	2	137.5	-3	18.4836363636364
185	266	267	8	135	-3	25.582
186	0	0	0	0	-1	49.058
187	268	269	8	42	-3	39.365
188	270	271	7	632	-3	46.67875
189	0	0	0	0	-1	64.02
190	272	273	1	403.75	-3	40.6161538461538
191	274	275	2	95	-3	49.3527272727273
192	276	277	1	487.5	-3	66.9875
193	0	0	0	0	-1	59
194	278	279	2	127	-3	46.44
195	0	0	0	0	-1	55.65
196	280	281	4	185.85	-3	26.3876470588235
197	282	283	4	192.45	-3	36.0478260869565
198	0	0	0	0	-1	28.63
199	0	0	0	0	-1	37.17
200	284	285	7	724.5	-3	50.725
201	286	287	6	943	-3	42.1325531914894
202	288	289	5	0.95	-3	59.8444444444444
203	0	0	0	0	-1	70.954
204	0	0	0	0	-1	48.9775
205	0	0	0	0	-1	55.16
206	0	0	0	0	-1	16.11
207	0	0	0	0	-1	22.3066666666667
208	0	0	0	0	-1	32.67
209	0	0	0	0	-1	26.875
210	0	0	0	0	-1	31.49
211	290	291	2	323.7	-3	45.7577777777778
212	0	0	0	0	-1	43.7833333333333
213	292	293	7	691.7	-3	31.0075
214	0	0	0	0	-1	29.7225
215	0	0	0	0	-1	25.56
216	294	295	8	17.5	-3	26.9842857142857
217	0	0	0	0	-1	17.2
218	0	0	0	0	-1	10.585
219	0	0	0	0	-1	17.5666666666667
220	0	0	0	0	-1	25.745
221	0	0	0	0	-1	31.715
222	0	0	0	0	-1	23.225
223	0	0	0	0	-1	23.5083333333333
224	0	0	0	0	-1	33.7333333333333
225	296	297	4	184.55	-3	28.5533333333333
226	298	299	7	762.7	-3	20.115
227	0	0	0	0	-1	23.47
228	300	301	7	846.6	-3	13.6416666666667
229	302	303	7	831.5	-3	12.875
230	0	0	0	0	-1	10.998
231	0	0	0	0	-1	19.6
232	304	305	5	4.3	-3	15.882
233	306	307	2	6.8	-3	24.01
234	0	0	0	0	-1	27.0433333333333
235	308	309	5	10.75	-3	22.46875
236	0	0	0	0	-1	13.245
237	0	0	0	0	-1	12.18
238	310	311	8	42	-3	32.4888888888889
239	312	313	3	95.1	-3	37.6265873015873
240	0	0	0	0	-1	47.7866666666667
241	314	315	4	156.9	-3	47.5166666666667
242	316	317	1	266.75	-3	20.841875
243	318	319	8	42	-3	30.6911111111111
244	320	321	2	153.6	-3	39.1611111111111
245	322	323	2	36.8	-3	31.4275
246	0	0	0	0	-1	13.9
247	324	325	1	148.3	-3	11.1441666666667
248	326	327	2	206.45	-3	26.3463636363636
249	0	0	0	0	-1	41.6475
250	328	329	1	201.75	-3	32.93
251	330	331	8	42	-3	42.29875
252	0	0	0	0	-1	25.774
253	332	333	8	59	-3	28.7811111111111
254	334	335	2	155.5	-3	54.5316
255	336	337	5	12.9	-3	66.0925
256	338	339	6	823	-3	41.6144444444444
257	340	341	2	158.25	-3	48.4438888888889
258	0	0	0	0	-1	73.7
259	342	343	7	822.1	-3	65.6166666666667
260	0	0	0	0	-1	29.3
261	0	0	0	0	-1	64.78
262	0	0	0	0	-1	60.5264285714286
263	344	345	5	25.8	-3	56.975
264	346	347	6	928.9	-3	17.03375
265	0	0	0	0	-1	22.35
266	0	0	0	0	-1	26.28
267	0	0	0	0	-1	24.884
268	348	349	6	1005.8	-3	35.7171428571429
269	350	351	5	9.55	-3	43.0128571428571
270	0	0	0	0	-1	41.6711111111111
271	352	353	8	225	-3	53.1171428571429
272	0	0	0	0	-1	39.71
273	354	355	8	48.5	-3	41.6733333333333
274	0	0	0	0	-1	50.46
275	356	357	8	180	-3	48.9375
276	0	0	0	0	-1	58.52
277	358	359	4	156.5	-3	68.1971428571429
278	360	361	4	178.8	-3	44.316
279	0	0	0	0	-1	53.52
280	362	363	7	746.4	-3	23.5683333333333
281	364	365	6	936.1	-3	27.9254545454545
282	366	367	7	725.7	-3	38.7821428571429
283	368	369	5	7.8	-3	31.7944444444444
284	0	0	0	0	-1	46.2127272727273
285	370	371	8	17.5	-3	56.24
286	372	373	2	111.25	-3	37.096
287	374	375	1	170.6	-3	43.4937837837838
288	376	377	8	21	-3	61.1516666666667
289	0	0	0	0	-1	57.23
290	378	379	4	215.75	-3	46.515
291	0	0	0	0	-1	39.7
292	0	0	0	0	-1	29.1933333333333
293	0	0	0	0	-1	32.096
294	0	0	0	0	-1	21.82
295	0	0	0	0	-1	29.05
296	0	0	0	0	-1	27.68
297	0	0	0	0	-1	28.99
298	0	0	0	0	-1	23.395
299	380	381	7	772	-3	19.295
300	382	383	7	810.5	-3	14.2626666666667
301	0	0	0	0	-1	10.5366666666667
302	0	0	0	0	-1	13.9433333333333
303	384	385	4	186.5	-3	11.8066666666667
304	0	0	0	0	-1	21.29
305	386	387	7	768.9	-3	14.53
306	388	389	5	7.1	-3	23.6
307	0	0	0	0	-1	29.75
308	390	391	3	149.95	-3	21.275
309	0	0	0	0	-1	26.05
310	392	393	7	757.65	-3	28.4483333333333
311	0	0	0	0	-1	40.57
312	394	395	1	326.5	-3	36.254328358209
313	396	397	7	777.65	-3	39.1849152542373
314	0	0	0	0	-1	50.3933333333333
315	0	0	0	0	-1	44.64
316	398	399	6	1122	-3	18.1644444444444
317	400	401	1	310.5	-3	24.2842857142857
318	0	0	0	0	-1	25.8325
319	0	0	0	0	-1	34.578
320	402	403	8	5	-3	41.2066666666667
321	0	0	0	0	-1	28.9333333333333
322	404	405	8	5	-3	31.8144444444444
323	0	0	0	0	-1	30.2666666666667
324	406	407	8	5	-3	9.885
325	408	409	8	5	-3	12.4033333333333
326	410	411	4	174.8	-3	24.4961111111111
327	0	0	0	0	-1	34.6725
328	412	413	8	73	-3	36.02
329	0	0	0	0	-1	22.63
330	414	415	7	794.85	-3	36.49
331	416	417	6	1033.35	-3	49.7671428571429
332	418	419	6	963.7	-3	27.1914285714286
333	0	0	0	0	-1	34.345
334	420	421	7	813.5	-3	50.6064705882353
335	422	423	1	305.95	-3	62.8725
336	424	425	6	1033.15	-3	69.717
337	0	0	0	0	-1	47.97
338	0	0	0	0	-1	56.61
339	426	427	2	122.75	-3	37.33
340	428	429	1	223.9	-3	47.326
341	0	0	0	0	-1	54.0333333333333
342	0	0	0	0	-1	65.36
343	0	0	0	0	-1	66.9
344	0	0	0	0	-1	58.45
345	0	0	0	0	-1	56.4833333333333
346	0	0	0	0	-1	18.434
347	0	0	0	0	-1	14.7
348	0	0	0	0	-1	37.348
349	0	0	0	0	-1	31.64
350	0	0	0	0	-1	41.1375
351	0	0	0	0	-1	45.5133333333333
352	0	0	0	0	-1	51.29
353	0	0	0	0	-1	53.848
354	0	0	0	0	-1	35.08
355	0	0	0	0	-1	42.992
356	0	0	0	0	-1	46.145
357	0	0	0	0	-1	51.73
358	0	0	0	0	-1	69.84
359	430	431	6	1047.5	-3	67.9233333333333
360	0	0	0	0	-1	47.28
361	432	433	6	946.25	-3	43.575
362	0	0	0	0	-1	24.3975
363	0	0	0	0	-1	21.91
364	0	0	0	0	-1	24.39
365	434	435	7	736.5	-3	28.7111111111111
366	0	0	0	0	-1	47.9625
367	436	437	5	3.35	-3	35.11
368	0	0	0	0	-1	33.27
369	438	439	4	202.85	-3	31.3728571428571
370	0	0	0	0	-1	36.7033333333333
371	0	0	0	0	-1	66.0083333333333
372	0	0	0	0	-1	33.76
373	440	441	6	913	-3	37.93
374	442	443	3	130.35	-3	41.6292857142857
375	444	445	8	5	-3	44.6286956521739
376	0	0	0	0	-1	54.9933333333333
377	0	0	0	0	-1	67.31
378	446	447	1	197.75	-3	47.3883333333333
379	0	0	0	0	-1	43.895
380	448	449	8	4	-3	18.4925
381	450	451	4	190.5	-3	20.0975
382	452	453	7	807.95	-3	15.3133333333333
383	454	455	7	836.3	-3	13.5622222222222
384	0	0	0	0	-1	11.17
385	0	0	0	0	-1	14.99
386	456	457	5	6.1	-3	15.8533333333333
387	458	459	5	5	-3	13.736
388	0	0	0	0	-1	24.0233333333333
389	0	0	0	0	-1	21.06
390	0	0	0	0	-1	22.016
391	0	0	0	0	-1	17.57
392	0	0	0	0	-1	24.54
393	0	0	0	0	-1	30.4025
394	460	461	1	311.35	-3	30.3412
395	462	463	5	1.5	-3	39.7740476190476
396	0	0	0	0	-1	50.424
397	464	465	3	96.45	-3	38.1442592592593
398	466	467	1	245.05	-3	18.90375
399	0	0	0	0	-1	12.25
400	0	0	0	0	-1	23.386
401	0	0	0	0	-1	26.53
402	0	0	0	0	-1	33.626
403	468	469	2	74.25	-3	44.997
404	0	0	0	0	-1	24.75
405	0	0	0	0	-1	37.466
406	0	0	0	0	-1	7.765
407	0	0	0	0	-1	14.125
408	0	0	0	0	-1	9.69
409	0	0	0	0	-1	12.946
410	0	0	0	0	-1	29.07
411	470	471	7	766.65	-3	23.924375
412	0	0	0	0	-1	28.3066666666667
413	472	473	6	962.3	-3	39.3257142857143
414	0	0	0	0	-1	39.805
415	0	0	0	0	-1	33.838
416	0	0	0	0	-1	54.5766666666667
417	0	0	0	0	-1	46.16
418	0	0	0	0	-1	27.87
419	0	0	0	0	-1	26.92
420	474	475	5	10.65	-3	53.3372727272727
421	476	477	4	142.15	-3	45.6
422	0	0	0	0	-1	67.785
423	0	0	0	0	-1	61.235
424	0	0	0	0	-1	73.272
425	0	0	0	0	-1	66.162
426	0	0	0	0	-1	32.9
427	0	0	0	0	-1	43.2366666666667
428	478	479	6	1065.9	-3	50.2644444444444
429	480	481	7	760.05	-3	42.9183333333333
430	0	0	0	0	-1	79.99
431	0	0	0	0	-1	61.89
432	0	0	0	0	-1	43.57
433	0	0	0	0	-1	43.58
434	0	0	0	0	-1	29.18
435	0	0	0	0	-1	27.07
436	482	483	7	734.15	-3	34.0085714285714
437	0	0	0	0	-1	37.68
438	0	0	0	0	-1	30.12
439	0	0	0	0	-1	31.874
440	0	0	0	0	-1	39.42
441	0	0	0	0	-1	36.44
442	0	0	0	0	-1	41.5766666666667
443	484	485	8	21	-3	41.6436363636364
444	0	0	0	0	-1	29.355
445	486	487	7	729.3	-3	47.8442105263158
446	0	0	0	0	-1	50.73
447	0	0	0	0	-1	45.7175
448	0	0	0	0	-1	6.27
449	488	489	7	766	-3	22.5666666666667
450	0	0	0	0	-1	17.54
451	490	491	7	778	-3	20.95
452	0	0	0	0	-1	15.035
453	0	0	0	0	-1	15.87
454	0	0	0	0	-1	12.9742857142857
455	0	0	0	0	-1	15.62
456	0	0	0	0	-1	17.22
457	0	0	0	0	-1	13.12
458	0	0	0	0	-1	10.965
459	492	493	6	1021.15	-3	15.5833333333333
460	494	495	1	304.5	-3	31.427
461	0	0	0	0	-1	25.998
462	496	497	1	389	-3	38.3394285714286
463	498	499	4	166	-3	46.9471428571429
464	500	501	5	7.2	-3	44.38
465	502	503	2	14.3	-3	36.1670731707317
466	0	0	0	0	-1	17.5666666666667
467	0	0	0	0	-1	19.706
468	504	505	5	14.1	-3	41.0583333333333
469	0	0	0	0	-1	50.905
470	0	0	0	0	-1	18.2
471	506	507	3	122.8	-3	24.7421428571429
472	0	0	0	0	-1	32.53
473	0	0	0	0	-1	42.044
474	508	509	3	39	-3	50.57375
475	0	0	0	0	-1	60.7066666666667
476	0	0	0	0	-1	44.52
477	0	0	0	0	-1	46.68
478	0	0	0	0	-1	51.636
479	0	0	0	0	-1	48.55
480	0	0	0	0	-1	39.3
481	0	0	0	0	-1	44.7275
482	0	0	0	0	-1	39.09
483	510	511	4	185.85	-3	33.1616666666667
484	0	0	0	0	-1	29.6725
485	0	0	0	0	-1	48.4842857142857
486	0	0	0	0	-1	52.5344444444444
487	512	513	6	1007.25	-3	43.623
488	0	0	0	0	-1	24.395
489	0	0	0	0	-1	18.91
490	0	0	0	0	-1	22.53
491	0	0	0	0	-1	20.634
492	0	0	0	0	-1	13.82
493	0	0	0	0	-1	15.936
494	514	515	4	200.5	-3	28.7445454545455
495	516	517	7	821	-3	34.7055555555556
496	518	519	8	73	-3	37.581935483871
497	0	0	0	0	-1	44.21
498	0	0	0	0	-1	41.37
499	0	0	0	0	-1	49.178
500	0	0	0	0	-1	35.19
501	520	521	8	64	-3	46.0509090909091
502	522	523	5	2.9	-3	35.7589743589744
503	0	0	0	0	-1	44.125
504	0	0	0	0	-1	41.902
505	0	0	0	0	-1	36.84
506	524	525	7	819.6	-3	23.3436363636364
507	0	0	0	0	-1	29.87
508	0	0	0	0	-1	40.93
509	526	527	3	89.2	-3	51.9514285714286
510	0	0	0	0	-1	32.31
511	0	0	0	0	-1	37.42
512	0	0	0	0	-1	45.298
513	0	0	0	0	-1	41.948
514	528	529	4	194.45	-3	29.444
515	0	0	0	0	-1	21.75
516	0	0	0	0	-1	32.7725
517	0	0	0	0	-1	36.252
518	0	0	0	0	-1	33.2975
519	530	531	4	208.8	-3	40.2878947368421
520	0	0	0	0	-1	38.64
521	532	533	7	862.1	-3	50.2857142857143
522	0	0	0	0	-1	22.61
523	534	535	3	118.8	-3	36.4697297297297
524	536	537	4	179.95	-3	24.06625
525	0	0	0	0	-1	21.4166666666667
526	0	0	0	0	-1	49.77
527	0	0	0	0	-1	52.824
528	0	0	0	0	-1	30.5425
529	538	539	5	2.3	-3	28.7116666666667
530	540	541	7	793.5	-3	39.9617647058824
531	0	0	0	0	-1	43.06
532	0	0	0	0	-1	52.04
533	0	0	0	0	-1	48.97
534	542	543	7	780.65	-3	34.8822222222222
535	544	545	1	221.95	-3	37.9736842105263
536	0	0	0	0	-1	26.14
537	546	547	4	198.1	-3	23.77
538	0	0	0	0	-1	29.07
539	0	0	0	0	-1	28.3533333333333
540	0	0	0	0	-1	33.9
541	548	549	6	954.6	-3	40.77
542	0	0	0	0	-1	31.42
543	550	551	5	5.25	-3	35.8714285714286
544	552	553	7	778.55	-3	36.0342857142857
545	554	555	8	64	-3	39.105
546	556	557	2	128.7	-3	23.6833333333333
547	0	0	0	0	-1	24.29
548	0	0	0	0	-1	41.68
549	0	0	0	0	-1	40.63
550	0	0	0	0	-1	33.94
551	558	559	5	8	-3	36.644
552	0	0	0	0	-1	36.57
553	0	0	0	0	-1	35.82
554	560	561	3	132.95	-3	37.758
555	0	0	0	0	-1	45.84
556	0	0	0	0	-1	23.52
557	0	0	0	0	-1	23.716
558	0	0	0	0	-1	42.64
559	562	563	6	871.5	-3	35.9777777777778
560	564	565	3	124.75	-3	36.0883333333333
561	0	0	0	0	-1	40.2625
562	0	0	0	0	-1	31.18
563	566	567	5	11.45	-3	37.3485714285714
564	0	0	0	0	-1	33.73
565	0	0	0	0	-1	37.2675
566	0	0	0	0	-1	38.46
567	0	0	0	0	-1	35.8666666666667
