1	2	3	6	946.9	-3	35.4641650485437
2	4	5	5	8.85	-3	41.1747407407407
3	6	7	7	713.15	-3	31.763712
4	8	9	8	17.5	-3	37.1129955947137
5	10	11	1	274.5	-3	46.3546067415731
6	12	13	1	309.15	-3	38.8140650406504
7	14	15	4	165.2	-3	30.036235059761
8	16	17	8	5	-3	21.0066666666667
9	18	19	4	172.5	-3	40.7695675675676
10	20	21	5	10.95	-3	27.3541463414634
11	22	23	3	45	-3	52.0408759124088
12	24	25	8	59	-3	28.7870909090909
13	26	27	8	10.5	-3	46.9241176470588
14	28	29	3	99.35	-3	40.0136885245902
15	30	31	5	6.25	-3	26.8329473684211
16	32	33	6	895.9	-3	14.1866666666667
17	34	35	7	821.2	-3	27.8266666666667
18	36	37	6	875.5	-3	65.27125
19	38	39	7	829.25	-3	39.6621468926554
20	40	41	4	218	-3	31.4678260869565
21	42	43	2	89.05	-3	22.0977777777778
22	44	45	2	189.1	-3	54.9289583333333
23	46	47	1	357.45	-3	45.2785365853659
24	48	49	2	125	-3	26.329387755102
25	50	51	1	277.75	-3	48.8583333333333
26	52	53	4	180.6	-3	34.5207407407407
27	54	55	4	176.75	-3	55.0921951219512
28	56	57	6	1033.15	-3	51.2292857142857
29	58	59	7	776.95	-3	36.6728723404255
30	60	61	1	304.5	-3	25.0412222222222
31	62	63	3	133.05	-3	31.2308181818182
32	0	0	0	0	-1	24.1875
33	64	65	6	929.3	-3	11.8335294117647
34	66	67	2	167.25	-3	30.305625
35	0	0	0	0	-1	19.894
36	0	0	0	0	-1	55.5525
37	0	0	0	0	-1	74.99
38	68	69	8	42	-3	43.0223571428571
39	70	71	7	845.8	-3	26.9478378378378
40	72	73	6	881.3	-3	32.8933333333333
41	0	0	0	0	-1	16.5
42	74	75	7	737.5	-3	13.8309090909091
43	76	77	2	247.85	-3	35.0885714285714
44	78	79	5	9.55	-3	53.5419318181818
45	80	81	8	42	-3	70.18625
46	82	83	6	874.85	-3	40.288947368421
47	84	85	6	920.5	-3	49.5877272727273
48	86	87	6	993	-3	18.37
49	88	89	8	17.5	-3	28.3702564102564
50	0	0	0	0	-1	47.71
51	0	0	0	0	-1	54.6
52	90	91	5	4.3	-3	39.732
53	92	93	1	512.5	-3	28.0066666666667
54	94	95	8	135.5	-3	59.0753846153846
55	96	97	1	502.5	-3	48.188
56	98	99	5	12.05	-3	46.3870588235294
57	100	101	8	21	-3	58.7127272727273
58	102	103	8	42	-3	44.9982352941176
59	104	105	8	21	-3	34.8348051948052
60	106	107	1	162.45	-3	23.4406486486486
61	108	109	8	21	-3	28.5248235294118
62	110	111	1	155.65	-3	33.5254444444444
63	112	113	6	999.1	-3	20.905
64	114	115	1	211	-3	8.20333333333333
65	116	117	1	245	-3	15.9175
66	118	119	5	6.2	-3	33.6972727272727
67	0	0	0	0	-1	22.844
68	120	121	6	828.45	-3	40.3473333333333
69	122	123	5	2.8	-3	47.8374
70	124	125	1	217.45	-3	32.1563636363636
71	126	127	5	7.1	-3	24.7442307692308
72	128	129	7	795	-3	28.948
73	130	131	7	774.85	-3	36.48
74	0	0	0	0	-1	8.54
75	132	133	7	804	-3	18.24
76	0	0	0	0	-1	33.958
77	0	0	0	0	-1	37.915
78	134	135	8	42	-3	65.5809090909091
79	136	137	6	945.75	-3	51.8220779220779
80	0	0	0	0	-1	55.445
81	138	139	2	236	-3	75.1
82	140	141	2	58	-3	42.3227272727273
83	142	143	1	292.65	-3	37.4925
84	144	145	5	14.45	-3	54.7342857142857
85	146	147	2	19.5	-3	47.186
86	0	0	0	0	-1	26.015
87	148	149	1	147.35	-3	13.2733333333333
88	150	151	8	5	-3	18.2590909090909
89	152	153	1	155.2	-3	32.3425
90	0	0	0	0	-1	52.61
91	154	155	8	5	-3	38.8121428571429
92	156	157	2	105.35	-3	26.0755555555556
93	0	0	0	0	-1	33.8
94	158	159	5	9.65	-3	57.92375
95	0	0	0	0	-1	72.895
96	160	161	7	699.15	-3	43.4822222222222
97	162	163	4	192	-3	55.2466666666667
98	164	165	8	21	-3	44.10625
99	166	167	3	97.9	-3	48.4144444444444
100	0	0	0	0	-1	41.9566666666667
101	0	0	0	0	-1	64.99625
102	168	169	8	8.5	-3	32.5514285714286
103	170	171	3	174.45	-3	53.711
104	172	173	4	158.4	-3	22.5579166666667
105	174	175	5	6.1	-3	40.3941509433962
106	176	177	6	1061.6	-3	18.5916
107	178	179	8	42	-3	24.1983125
108	180	181	7	782	-3	19.5323684210526
109	182	183	8	105	-3	35.7953191489362
110	0	0	0	0	-1	13.8875
111	184	185	8	21	-3	34.4388372093023
112	186	187	5	11.5	-3	13.64
113	188	189	8	64	-3	24.0185714285714
114	190	191	1	124.5	-3	6.48
115	0	0	0	0	-1	11.65
116	0	0	0	0	-1	8.395
117	192	193	1	436.5	-3	18.425
118	194	195	4	201	-3	32.5188888888889
119	0	0	0	0	-1	39
120	196	197	4	193.1	-3	62.6733333333333
121	198	199	3	108	-3	37.8666666666667
122	200	201	6	941.3	-3	46.1591111111111
123	0	0	0	0	-1	62.942
124	0	0	0	0	-1	26.462
125	202	203	8	59	-3	36.9016666666667
126	204	205	7	885.95	-3	27.3268181818182
127	0	0	0	0	-1	10.54
128	206	207	7	659	-3	31.1875
129	0	0	0	0	-1	19.99
130	208	209	2	136.95	-3	34.6733333333333
131	0	0	0	0	-1	44.61
132	0	0	0	0	-1	32.24
133	0	0	0	0	-1	15.44
134	0	0	0	0	-1	59.8275
135	210	211	6	898.4	-3	68.8685714285714
136	212	213	2	101.7	-3	51.3405405405405
137	0	0	0	0	-1	63.7
138	0	0	0	0	-1	64.9
139	0	0	0	0	-1	80.2
140	0	0	0	0	-1	36.556
141	214	215	5	9.25	-3	47.1283333333333
142	0	0	0	0	-1	43.8
143	216	217	6	896.95	-3	35.39
144	0	0	0	0	-1	54.5983333333333
145	0	0	0	0	-1	55.55
146	0	0	0	0	-1	45.95
147	218	219	5	12.75	-3	47.3761538461538
148	0	0	0	0	-1	15.34
149	0	0	0	0	-1	12.86
150	0	0	0	0	-1	10.7475
151	220	221	1	277.75	-3	22.5514285714286
152	222	223	1	153.95	-3	26.9253333333333
153	224	225	6	1026.5	-3	38.5930769230769
154	0	0	0	0	-1	31.384
155	226	227	4	157.95	-3	42.9388888888889
156	0	0	0	0	-1	26.28
157	0	0	0	0	-1	24.44
158	228	229	5	1.25	-3	64.2077777777778
159	230	231	4	164.5	-3	54.1533333333333
160	232	233	8	21	-3	39.01
161	0	0	0	0	-1	52.4266666666667
162	0	0	0	0	-1	53.492
163	0	0	0	0	-1	64.02
164	0	0	0	0	-1	31.8575
165	0	0	0	0	-1	56.355
166	0	0	0	0	-1	55.45
167	0	0	0	0	-1	47.535
168	0	0	0	0	-1	15.61
169	234	235	5	10.95	-3	35.375
170	236	237	7	773.7	-3	56.25
171	0	0	0	0	-1	47.7866666666667
172	238	239	2	6.8	-3	26.4572727272727
173	240	241	8	8.5	-3	19.2584615384615
174	242	243	4	142.8	-3	34.1318181818182
175	244	245	6	1086.75	-3	42.0342857142857
176	246	247	5	1.5	-3	19.6842857142857
177	0	0	0	0	-1	12.855
178	248	249	4	192.95	-3	20.0760504201681
179	250	251	4	192.95	-3	36.1629268292683
180	252	253	4	200	-3	23.1566666666667
181	254	255	8	5	-3	15.0552941176471
182	256	257	7	814.4	-3	34.6494444444444
183	258	259	4	194.5	-3	39.5454545454545
184	260	261	7	779.6	-3	22.2944827586207
185	262	263	5	9.7	-3	40.6175438596491
186	0	0	0	0	-1	13.254
187	0	0	0	0	-1	15.57
188	264	265	2	46.7	-3	22.3761538461538
189	0	0	0	0	-1	45.37
190	0	0	0	0	-1	6.28
191	0	0	0	0	-1	6.88
192	0	0	0	0	-1	17.23
193	0	0	0	0	-1	24.4
194	0	0	0	0	-1	27.74
195	266	267	4	219	-3	33.11625
196	268	269	3	66	-3	65.2666666666667
197	0	0	0	0	-1	57.4866666666667
198	270	271	1	263.25	-3	39.930625
199	272	273	1	258	-3	30.0964705882353
200	274	275	7	632	-3	47.2246511627907
201	0	0	0	0	-1	23.25
202	0	0	0	0	-1	34.5125
203	0	0	0	0	-1	41.68
204	276	277	3	120.5	-3	31.1471428571429
205	278	279	7	916.95	-3	20.64125
206	0	0	0	0	-1	39.84
207	280	281	3	110.5	-3	29.9514285714286
208	282	283	2	52.5	-3	37.475
209	0	0	0	0	-1	29.07
210	0	0	0	0	-1	72.93
211	0	0	0	0	-1	65.8225
212	284	285	4	134.2	-3	47.725
213	286	287	4	148.65	-3	52.3379310344828
214	0	0	0	0	-1	45.988
215	0	0	0	0	-1	52.83
216	0	0	0	0	-1	31.875
217	0	0	0	0	-1	37.1475
218	0	0	0	0	-1	53.166
219	288	289	5	14.1	-3	43.7575
220	0	0	0	0	-1	20.0475
221	0	0	0	0	-1	25.89
222	290	291	4	175.9	-3	28.2538461538462
223	0	0	0	0	-1	18.29
224	292	293	7	636	-3	35.942
225	0	0	0	0	-1	47.43
226	0	0	0	0	-1	47.1
227	294	295	4	168.75	-3	41.75
228	0	0	0	0	-1	56.03
229	296	297	2	59.5	-3	66.5442857142857
230	298	299	6	1050.65	-3	54.4766666666667
231	0	0	0	0	-1	52.86
232	0	0	0	0	-1	36.94
233	0	0	0	0	-1	40.045
234	0	0	0	0	-1	40.78
235	0	0	0	0	-1	32.6725
236	0	0	0	0	-1	55.03
237	0	0	0	0	-1	59.3
238	0	0	0	0	-1	32.2
239	300	301	2	48	-3	24.30375
240	302	303	7	794.2	-3	17.1355555555556
241	0	0	0	0	-1	24.035
242	304	305	8	78	-3	34.16625
243	0	0	0	0	-1	34.04
244	306	307	2	51.95	-3	43.78
245	308	309	8	42	-3	37.1145454545455
246	310	311	1	131.1	-3	18.7194444444444
247	0	0	0	0	-1	25.4733333333333
248	312	313	8	10.5	-3	20.7617
249	314	315	4	194.6	-3	16.4673684210526
250	316	317	6	1058.1	-3	38.5528571428571
251	318	319	7	754.3	-3	31.0153846153846
252	320	321	8	10.5	-3	24.4106666666667
253	322	323	8	10.5	-3	20.0216666666667
254	0	0	0	0	-1	14.2733333333333
255	324	325	4	189	-3	15.2228571428571
256	326	327	1	381.7	-3	33.6280769230769
257	328	329	7	819	-3	37.305
258	330	331	1	320.5	-3	39.9622222222222
259	0	0	0	0	-1	37.67
260	332	333	5	6.55	-3	27.5216666666667
261	334	335	3	98.35	-3	18.6047058823529
262	336	337	2	71.65	-3	42.5610416666667
263	338	339	6	971.45	-3	30.2522222222222
264	340	341	7	753.4	-3	17.79
265	0	0	0	0	-1	27.7266666666667
266	0	0	0	0	-1	33.49
267	0	0	0	0	-1	33.0628571428571
268	0	0	0	0	-1	65.91
269	0	0	0	0	-1	62.05
270	342	343	3	104.5	-3	32.336
271	344	345	4	207.4	-3	43.3827272727273
272	346	347	6	880.5	-3	28.3566666666667
273	0	0	0	0	-1	43.145
274	348	349	1	285	-3	40.99
275	350	351	1	191	-3	51.3011538461539
276	352	353	7	852.9	-3	28.8963636363636
277	0	0	0	0	-1	39.4
278	0	0	0	0	-1	22.35
279	354	355	8	59	-3	20.3971428571429
280	0	0	0	0	-1	32.4
281	356	357	7	689.25	-3	29.5433333333333
282	0	0	0	0	-1	32.25
283	0	0	0	0	-1	38.52
284	0	0	0	0	-1	44.58
285	358	359	2	48.55	-3	49.1545454545455
286	360	361	6	898.4	-3	57.3830769230769
287	362	363	7	731.85	-3	50.8804444444444
288	0	0	0	0	-1	42.548
289	0	0	0	0	-1	45.7733333333333
290	0	0	0	0	-1	37.43
291	364	365	6	984.6	-3	27.4891666666667
292	0	0	0	0	-1	43.38
293	366	367	2	164.9	-3	35.1155555555556
294	0	0	0	0	-1	41.33
295	0	0	0	0	-1	42.8
296	0	0	0	0	-1	68.4025
297	0	0	0	0	-1	64.0666666666667
298	0	0	0	0	-1	54.74
299	0	0	0	0	-1	53.95
300	0	0	0	0	-1	23.0925
301	0	0	0	0	-1	25.515
302	0	0	0	0	-1	23.56
303	368	369	4	158.95	-3	13.9233333333333
304	0	0	0	0	-1	31.128
305	0	0	0	0	-1	39.23
306	370	371	5	11.05	-3	41.5811538461538
307	0	0	0	0	-1	55.214
308	0	0	0	0	-1	28.47
309	372	373	8	78	-3	39.0355555555556
310	0	0	0	0	-1	17.1257142857143
311	374	375	1	150.05	-3	19.7336363636364
312	376	377	6	1107.8	-3	14.1844444444444
313	378	379	2	126.95	-3	24.46140625
314	0	0	0	0	-1	11.93
315	380	381	8	10.5	-3	17.6773333333333
316	382	383	6	973.2	-3	39.7132
317	0	0	0	0	-1	28.8833333333333
318	0	0	0	0	-1	39.7
319	384	385	3	47.3	-3	29.4363636363636
320	0	0	0	0	-1	23.2945454545455
321	0	0	0	0	-1	27.48
322	0	0	0	0	-1	17.5133333333333
323	0	0	0	0	-1	22.53
324	386	387	6	1107.8	-3	14.0166666666667
325	388	389	7	815	-3	16.1275
326	390	391	6	1083.8	-3	32.2638888888889
327	392	393	1	389.75	-3	36.6975
328	0	0	0	0	-1	44.865
329	394	395	7	840	-3	35.415
330	0	0	0	0	-1	38.015
331	396	397	6	1036	-3	40.5185714285714
332	0	0	0	0	-1	24.43
333	398	399	8	8.5	-3	28.14
334	400	401	1	264.25	-3	24.65
335	402	403	6	1002.2	-3	15.3072727272727
336	404	405	7	755.6	-3	39.5907142857143
337	406	407	4	171.7	-3	46.7195
338	0	0	0	0	-1	27.68
339	408	409	8	78	-3	31.5383333333333
340	0	0	0	0	-1	18.03
341	0	0	0	0	-1	17.61
342	410	411	6	858.75	-3	33.4282352941176
343	0	0	0	0	-1	26.1466666666667
344	412	413	7	779.8	-3	46.603
345	414	415	7	694.85	-3	36.4821428571429
346	416	417	7	613	-3	30.822
347	0	0	0	0	-1	23.426
348	0	0	0	0	-1	38.0833333333333
349	0	0	0	0	-1	41.6128571428571
350	0	0	0	0	-1	42.33
351	418	419	8	225	-3	52.4713043478261
352	0	0	0	0	-1	26.35
353	0	0	0	0	-1	31.952
354	0	0	0	0	-1	18.185
355	0	0	0	0	-1	23.3466666666667
356	0	0	0	0	-1	30.65
357	0	0	0	0	-1	28.99
358	0	0	0	0	-1	50.84
359	0	0	0	0	-1	47.75
360	0	0	0	0	-1	56.8
361	0	0	0	0	-1	57.8828571428571
362	0	0	0	0	-1	56.1
363	420	421	4	152.45	-3	50.7618181818182
364	0	0	0	0	-1	29.7225
365	422	423	7	686.35	-3	26.3725
366	0	0	0	0	-1	27.23
367	424	425	6	965.7	-3	36.10125
368	0	0	0	0	-1	15.34
369	0	0	0	0	-1	13.215
370	426	427	7	785.5	-3	43.6868421052632
371	428	429	6	1042.35	-3	35.8657142857143
372	0	0	0	0	-1	37.916
373	0	0	0	0	-1	40.435
374	430	431	8	48.5	-3	20.7088888888889
375	0	0	0	0	-1	15.345
376	432	433	8	5	-3	15.1083333333333
377	434	435	7	817.15	-3	9.565
378	436	437	6	1107.5	-3	22.9646808510638
379	438	439	3	59.3	-3	28.5994117647059
380	440	441	2	70.65	-3	10.6816666666667
381	442	443	5	5.35	-3	22.3411111111111
382	444	445	4	191.4	-3	37.17
383	446	447	1	188.3	-3	42.4683333333333
384	0	0	0	0	-1	26.94
385	0	0	0	0	-1	33.805
386	0	0	0	0	-1	15.29
387	0	0	0	0	-1	11.47
388	0	0	0	0	-1	13.57
389	448	449	7	823	-3	16.98
390	450	451	6	1058	-3	33.485625
391	0	0	0	0	-1	22.49
392	0	0	0	0	-1	37.4333333333333
393	0	0	0	0	-1	36.256
394	0	0	0	0	-1	37.208
395	0	0	0	0	-1	32.4266666666667
396	0	0	0	0	-1	40.215
397	0	0	0	0	-1	40.9233333333333
398	0	0	0	0	-1	20.665
399	452	453	6	1039.6	-3	33.1233333333333
400	0	0	0	0	-1	16.555
401	0	0	0	0	-1	28.6975
402	0	0	0	0	-1	16.2133333333333
403	454	455	8	8.5	-3	14.9675
404	456	457	1	335.6	-3	46.305
405	458	459	5	8.55	-3	37.7595454545455
406	0	0	0	0	-1	40.93
407	460	461	7	785.45	-3	47.3627777777778
408	0	0	0	0	-1	30.5275
409	0	0	0	0	-1	33.56
410	0	0	0	0	-1	28.63
411	462	463	3	94.55	-3	34.068
412	464	465	6	922	-3	49.4705882352941
413	466	467	1	456.5	-3	42.8530769230769
414	0	0	0	0	-1	39.975
415	468	469	6	866.7	-3	31.825
416	0	0	0	0	-1	24.34
417	470	471	2	154.45	-3	31.5422222222222
418	472	473	8	135	-3	51.2
419	474	475	1	361	-3	54.124
420	0	0	0	0	-1	53.3
421	476	477	8	17.5	-3	50.5760975609756
422	0	0	0	0	-1	26.86
423	0	0	0	0	-1	25.56
424	0	0	0	0	-1	39.7
425	478	479	5	5.35	-3	35.5871428571429
426	0	0	0	0	-1	58.61
427	480	481	4	158.65	-3	42.8577777777778
428	482	483	8	64	-3	36.8066666666667
429	0	0	0	0	-1	30.22
430	484	485	8	5	-3	10.475
431	0	0	0	0	-1	41.1766666666667
432	486	487	7	768.5	-3	13.04
433	488	489	6	1040.3	-3	16.69
434	0	0	0	0	-1	11.29
435	0	0	0	0	-1	7.84
436	490	491	3	47.85	-3	24.4761111111111
437	492	493	7	839	-3	18.0181818181818
438	494	495	7	754.2	-3	27.939375
439	0	0	0	0	-1	39.16
440	0	0	0	0	-1	10.205
441	0	0	0	0	-1	10.92
442	496	497	7	779.3	-3	21.7128571428571
443	0	0	0	0	-1	24.54
444	498	499	6	962	-3	34.53375
445	0	0	0	0	-1	41.388
446	0	0	0	0	-1	49.29
447	500	501	5	2.85	-3	41.104
448	0	0	0	0	-1	17.44
449	0	0	0	0	-1	16.75
450	502	503	7	810.5	-3	34.0753846153846
451	0	0	0	0	-1	30.93
452	0	0	0	0	-1	34.394
453	0	0	0	0	-1	26.77
454	0	0	0	0	-1	11.464
455	0	0	0	0	-1	20.8066666666667
456	0	0	0	0	-1	53.5533333333333
457	0	0	0	0	-1	39.0566666666667
458	504	505	3	50.25	-3	36.5768421052632
459	0	0	0	0	-1	45.25
460	506	507	5	7.35	-3	48.2953846153846
461	0	0	0	0	-1	44.938
462	508	509	5	2.5	-3	33.7030769230769
463	0	0	0	0	-1	36.44
464	510	511	4	195.75	-3	55.73375
465	512	513	7	759	-3	43.9033333333333
466	514	515	7	802.7	-3	42.1725
467	0	0	0	0	-1	51.02
468	0	0	0	0	-1	23.85
469	0	0	0	0	-1	33.42
470	0	0	0	0	-1	26.23
471	516	517	6	860.45	-3	32.20625
472	518	519	2	38	-3	50.943
473	0	0	0	0	-1	52.0566666666667
474	520	521	8	317.5	-3	54.5885714285714
475	0	0	0	0	-1	53.04
476	522	523	8	5	-3	37.3190476190476
477	524	525	2	175	-3	64.496
478	0	0	0	0	-1	34.878
479	0	0	0	0	-1	37.36
480	0	0	0	0	-1	45.9
481	526	527	5	8.25	-3	41.9885714285714
482	0	0	0	0	-1	35.094
483	0	0	0	0	-1	45.37
484	0	0	0	0	-1	6.445
485	0	0	0	0	-1	12.49
486	528	529	7	756	-3	14.1585714285714
487	530	531	4	190.55	-3	11.735
488	0	0	0	0	-1	22.4725
489	532	533	4	185.85	-3	14.9107692307692
490	534	535	4	191.5	-3	23.273125
491	536	537	1	236.2	-3	25.4385
492	0	0	0	0	-1	18.595
493	0	0	0	0	-1	12.25
494	538	539	1	228.4	-3	28.75
495	0	0	0	0	-1	24.4266666666667
496	0	0	0	0	-1	20.08
497	0	0	0	0	-1	22.366
498	0	0	0	0	-1	39.67
499	0	0	0	0	-1	31.452
500	0	0	0	0	-1	42.752
501	0	0	0	0	-1	39.456
502	540	541	1	362.5	-3	34.7754545454545
503	0	0	0	0	-1	30.225
504	0	0	0	0	-1	25.1
505	542	543	8	42	-3	37.2144444444444
506	0	0	0	0	-1	50.77
507	544	545	2	129.2	-3	47.553
508	0	0	0	0	-1	35.47
509	546	547	5	7.55	-3	33.3818181818182
510	0	0	0	0	-1	57.062
511	0	0	0	0	-1	53.52
512	0	0	0	0	-1	42.03
513	0	0	0	0	-1	46.245
514	0	0	0	0	-1	41.055
515	548	549	1	305.55	-3	42.73125
516	0	0	0	0	-1	30.145
517	0	0	0	0	-1	34.2675
518	0	0	0	0	-1	52.944
519	0	0	0	0	-1	48.942
520	0	0	0	0	-1	54.38
521	0	0	0	0	-1	54.6233333333333
522	550	551	6	898.4	-3	34.2866666666667
523	0	0	0	0	-1	44.9
524	552	553	2	124.65	-3	60.1514285714286
525	0	0	0	0	-1	74.6333333333333
526	554	555	7	796.5	-3	43.52375
527	556	557	7	903.7	-3	39.9416666666667
528	0	0	0	0	-1	12.934
529	0	0	0	0	-1	17.22
530	0	0	0	0	-1	12.384
531	0	0	0	0	-1	8.49
532	558	559	7	739.3	-3	14.5845454545455
533	0	0	0	0	-1	16.705
534	0	0	0	0	-1	23.6476923076923
535	0	0	0	0	-1	21.65
536	560	561	8	21	-3	23.8527272727273
537	562	563	5	5.4	-3	27.3766666666667
538	564	565	6	1019.5	-3	26.56375
539	0	0	0	0	-1	32.248
540	566	567	4	200	-3	34.25
541	0	0	0	0	-1	35.695
542	568	569	4	167.9	-3	30.7385714285714
543	570	571	1	241.6	-3	41.3354545454545
544	0	0	0	0	-1	48.2225
545	0	0	0	0	-1	47.1066666666667
546	572	573	5	5.5	-3	33.75
547	0	0	0	0	-1	32.4
548	574	575	1	293	-3	42.4942857142857
549	0	0	0	0	-1	44.39
550	0	0	0	0	-1	33.4
551	0	0	0	0	-1	35.3
552	0	0	0	0	-1	63.948
553	0	0	0	0	-1	50.66
554	0	0	0	0	-1	45.985
555	0	0	0	0	-1	42.7033333333333
556	0	0	0	0	-1	39.0366666666667
557	0	0	0	0	-1	40.8466666666667
558	0	0	0	0	-1	15.69
559	576	577	4	185.35	-3	14.3388888888889
560	578	579	6	1058.1	-3	23.7357142857143
561	0	0	0	0	-1	24.0575
562	0	0	0	0	-1	26.3666666666667
563	580	581	6	1036	-3	27.8816666666667
564	0	0	0	0	-1	27.94
565	0	0	0	0	-1	25.738
566	0	0	0	0	-1	35.41
567	0	0	0	0	-1	31.35
568	0	0	0	0	-1	25.72
569	0	0	0	0	-1	32.746
570	582	583	6	1002.2	-3	42.15
571	0	0	0	0	-1	39.1633333333333
572	0	0	0	0	-1	33.72
573	0	0	0	0	-1	33.8
574	0	0	0	0	-1	42.13
575	0	0	0	0	-1	42.64
576	584	585	6	1081.5	-3	14.86
577	0	0	0	0	-1	13.2966666666667
578	0	0	0	0	-1	23.038
579	0	0	0	0	-1	25.48
580	0	0	0	0	-1	28.3225
581	0	0	0	0	-1	27
582	0	0	0	0	-1	44.28
583	0	0	0	0	-1	40.02
584	0	0	0	0	-1	15.19
585	0	0	0	0	-1	14.2
