1	2	3	1	352.5	-3	36.9471941747573
2	4	5	4	179.95	-3	32.2900397350993
3	6	7	8	21	-3	49.7332
4	8	9	7	631.4	-3	38.6968661971831
5	10	11	7	882	-3	28.4269002123142
6	12	13	8	5	-3	36.2108653846154
7	14	15	7	599.5	-3	57.9573099415204
8	0	0	0	0	-1	58.1
9	16	17	8	21	-3	38.4196785714286
10	18	19	4	224.7	-3	29.5394988610478
11	20	21	8	21	-3	13.1634375
12	22	23	2	22	-3	29.8971739130435
13	24	25	4	183.05	-3	41.218275862069
14	0	0	0	0	-1	41.8125
15	26	27	1	374.5	-3	59.6238709677419
16	28	29	3	125.15	-3	25.1492592592593
17	30	31	8	42	-3	43.8212060301508
18	32	33	1	258.2	-3	28.6207389162562
19	34	35	8	59	-3	40.8430303030303
20	36	37	6	899.8	-3	8.1675
21	38	39	8	59	-3	21.49
22	40	41	1	515.65	-3	22.0765
23	42	43	1	457.5	-3	35.9130769230769
24	44	45	1	424.5	-3	46.5336111111111
25	46	47	5	7.5	-3	32.5204545454545
26	48	49	1	357.5	-3	66.5551351351352
27	50	51	1	399.4	-3	57.4505084745763
28	52	53	8	5	-3	27.5464705882353
29	54	55	8	8.5	-3	21.074
30	56	57	6	834	-3	39.7623728813559
31	58	59	1	213.05	-3	49.7340740740741
32	60	61	4	186.35	-3	25.5043913043478
33	62	63	6	967.5	-3	32.6932386363636
34	64	65	5	5.9	-3	33.95
35	66	67	2	128.25	-3	43.0488
36	68	69	1	204	-3	6.60214285714286
37	70	71	2	86.5	-3	11.82
38	72	73	6	900.6	-3	18.92
39	0	0	0	0	-1	26.63
40	74	75	6	954	-3	21.0647368421053
41	0	0	0	0	-1	41.3
42	76	77	4	152.45	-3	35.2427272727273
43	0	0	0	0	-1	39.6
44	78	79	5	18.95	-3	43.2390476190476
45	80	81	2	111.75	-3	51.146
46	82	83	1	437.5	-3	31.397619047619
47	0	0	0	0	-1	56.1
48	84	85	4	176.65	-3	47.57125
49	86	87	8	73.5	-3	71.7920689655172
50	88	89	4	171.5	-3	48.8517073170732
51	90	91	6	811.5	-3	62.0290909090909
52	92	93	5	8.2	-3	22.04875
53	94	95	4	157.05	-3	32.4333333333333
54	96	97	5	8	-3	15.9053333333333
55	98	99	6	1053.95	-3	26.2426666666667
56	100	101	6	827.55	-3	61.3409090909091
57	102	103	4	163.3	-3	37.5440186915888
58	104	105	2	43.7	-3	43.4255263157895
59	106	107	3	60.05	-3	55.3090697674419
60	108	109	2	49.05	-3	22.3564473684211
61	110	111	1	217.2	-3	27.0579220779221
62	112	113	8	5	-3	39.7745833333333
63	114	115	8	21	-3	27.7907692307692
64	116	117	7	662.8	-3	35.7233333333333
65	0	0	0	0	-1	28.63
66	0	0	0	0	-1	51.774
67	118	119	7	632	-3	40.8675
68	0	0	0	0	-1	6.16636363636363
69	0	0	0	0	-1	8.2
70	0	0	0	0	-1	12.685
71	0	0	0	0	-1	10.09
72	0	0	0	0	-1	16.36
73	0	0	0	0	-1	23.1866666666667
74	120	121	2	9.5	-3	23.31
75	0	0	0	0	-1	14.778
76	122	123	2	94.25	-3	38.2
77	124	125	2	147.65	-3	34.13375
78	126	127	4	153.95	-3	42.4465
79	0	0	0	0	-1	59.09
80	128	129	7	662.5	-3	49.6536363636364
81	0	0	0	0	-1	55.25
82	130	131	4	186.5	-3	26.6557142857143
83	132	133	3	61.5	-3	40.8814285714286
84	0	0	0	0	-1	51.592
85	0	0	0	0	-1	40.87
86	134	135	6	943.35	-3	69.4031818181818
87	0	0	0	0	-1	79.3
88	136	137	2	170.1	-3	56.8147368421053
89	138	139	7	702	-3	41.9745454545454
90	0	0	0	0	-1	41.37
91	140	141	7	733	-3	63.46375
92	0	0	0	0	-1	16.1166666666667
93	142	143	6	1004.2	-3	22.8961904761905
94	144	145	7	796.8	-3	38.8383333333333
95	146	147	6	979.6	-3	30.6033333333333
96	148	149	2	58.75	-3	14.558
97	0	0	0	0	-1	18.6
98	150	151	2	25.05	-3	30.6925
99	152	153	1	167.05	-3	21.1571428571429
100	154	155	5	9.25	-3	52.8271428571429
101	0	0	0	0	-1	76.24
102	156	157	1	214.3	-3	43.106
103	158	159	2	16.25	-3	35.8482926829268
104	160	161	3	125.3	-3	40.2396153846154
105	162	163	3	163.45	-3	50.3283333333333
106	164	165	4	150.2	-3	69.0666666666667
107	166	167	6	1066.05	-3	53.0781081081081
108	168	169	6	1111.3	-3	17.1603448275862
109	170	171	4	184.85	-3	25.5625531914894
110	172	173	8	17.5	-3	25.0933333333333
111	174	175	8	21	-3	30.3096551724138
112	0	0	0	0	-1	19.95
113	176	177	3	39	-3	41.2540298507463
114	178	179	6	1043.5	-3	18.8305714285714
115	180	181	2	96.75	-3	32.3357971014493
116	0	0	0	0	-1	31.4175
117	0	0	0	0	-1	44.335
118	0	0	0	0	-1	38.656
119	0	0	0	0	-1	47.502
120	0	0	0	0	-1	22.4475
121	182	183	5	14.1	-3	24.46
122	0	0	0	0	-1	29
123	0	0	0	0	-1	40.04
124	184	185	5	14.05	-3	32.7628571428571
125	186	187	5	10.85	-3	35.2
126	0	0	0	0	-1	49.4333333333333
127	188	189	7	778.4	-3	41.2135294117647
128	0	0	0	0	-1	52.61
129	190	191	5	5.8	-3	48.545
130	192	193	1	378.5	-3	24.8057142857143
131	0	0	0	0	-1	28.5057142857143
132	0	0	0	0	-1	42.952
133	0	0	0	0	-1	35.705
134	194	195	5	8.55	-3	64.2336363636364
135	196	197	8	42	-3	74.5727272727273
136	198	199	4	155.45	-3	54.2576470588235
137	0	0	0	0	-1	78.55
138	200	201	8	135	-3	52.9733333333333
139	202	203	4	189	-3	37.85
140	204	205	1	512.55	-3	60.3661764705882
141	206	207	1	526.65	-3	66.2352631578947
142	208	209	1	250.7	-3	20.4166666666667
143	210	211	4	160.1	-3	24.7558333333333
144	0	0	0	0	-1	36.84
145	0	0	0	0	-1	40.8366666666667
146	212	213	3	95.9	-3	35.0216666666667
147	214	215	7	779.1	-3	28.836
148	216	217	4	139.3	-3	13.9166666666667
149	0	0	0	0	-1	15.52
150	0	0	0	0	-1	28.0933333333333
151	0	0	0	0	-1	32.252
152	0	0	0	0	-1	25.48
153	218	219	6	1073.4	-3	20.4366666666667
154	0	0	0	0	-1	52.82
155	0	0	0	0	-1	52.83
156	220	221	6	1002.9	-3	30.0290909090909
157	222	223	7	890.1	-3	53.3807142857143
158	224	225	6	973.15	-3	29.2303571428571
159	226	227	3	96.6	-3	39.2798148148148
160	228	229	1	203.35	-3	43.0785714285714
161	230	231	8	78	-3	36.9275
162	232	233	1	175.9	-3	49.442
163	0	0	0	0	-1	54.76
164	0	0	0	0	-1	76.8
165	0	0	0	0	-1	67.52
166	234	235	8	78	-3	50.4913793103448
167	236	237	5	11.95	-3	62.455
168	238	239	8	42	-3	22.2526666666667
169	240	241	8	17.5	-3	11.7042857142857
170	242	243	7	785.45	-3	31.7160869565217
171	244	245	6	959.3	-3	19.6654166666667
172	246	247	7	732.3	-3	12.7732142857143
173	248	249	3	105.95	-3	30.1663235294118
174	250	251	6	949.4	-3	16.1875
175	252	253	2	126.55	-3	35.6895238095238
176	254	255	4	191.25	-3	46.5528571428571
177	256	257	5	9.6	-3	37.4497435897436
178	258	259	4	188.5	-3	21.1781818181818
179	260	261	7	807.95	-3	14.8576923076923
180	262	263	7	803	-3	32.314776119403
181	0	0	0	0	-1	33.04
182	0	0	0	0	-1	25.315
183	0	0	0	0	-1	22.75
184	0	0	0	0	-1	31.9133333333333
185	0	0	0	0	-1	33.4
186	0	0	0	0	-1	34.4
187	0	0	0	0	-1	35.3
188	264	265	4	166.45	-3	43.9890909090909
189	266	267	2	58.55	-3	36.125
190	0	0	0	0	-1	50.51
191	268	269	2	65.15	-3	47.89
192	0	0	0	0	-1	26.06
193	0	0	0	0	-1	24.304
194	0	0	0	0	-1	65.91
195	270	271	4	162.05	-3	63.2757142857143
196	0	0	0	0	-1	71.3
197	0	0	0	0	-1	77.3
198	0	0	0	0	-1	55.475
199	272	273	1	386	-3	53.8830769230769
200	0	0	0	0	-1	52.91
201	0	0	0	0	-1	53.1
202	274	275	4	185.35	-3	33.3983333333333
203	276	277	1	384.5	-3	40.521
204	278	279	2	101.5	-3	57.5233333333333
205	280	281	4	167.5	-3	71.3314285714286
206	282	283	7	801.85	-3	67.1688235294118
207	0	0	0	0	-1	58.3
208	0	0	0	0	-1	14.0066666666667
209	284	285	3	47.8	-3	23.6216666666667
210	286	287	5	12.2	-3	24.2381818181818
211	0	0	0	0	-1	30.45
212	0	0	0	0	-1	35.1975
213	0	0	0	0	-1	34.67
214	0	0	0	0	-1	37.435
215	288	289	3	124.45	-3	25.7090909090909
216	0	0	0	0	-1	7.75
217	0	0	0	0	-1	15.15
218	0	0	0	0	-1	19.71
219	0	0	0	0	-1	21.89
220	0	0	0	0	-1	16.685
221	290	291	6	1056.1	-3	32.9944444444444
222	292	293	1	262.55	-3	54.8761538461538
223	0	0	0	0	-1	33.94
224	294	295	1	296.85	-3	38.394
225	296	297	1	192.5	-3	24.1394444444444
226	298	299	7	826	-3	42.5626666666667
227	300	301	3	117.3	-3	35.17625
228	302	303	4	167.9	-3	41.6911111111111
229	0	0	0	0	-1	45.576
230	304	305	1	168.7	-3	35.9071428571429
231	0	0	0	0	-1	38.356
232	0	0	0	0	-1	51.33
233	306	307	7	763.75	-3	48.97
234	308	309	7	778	-3	49.0805263157895
235	310	311	4	146.2	-3	53.172
236	0	0	0	0	-1	62.76
237	0	0	0	0	-1	62.3533333333333
238	312	313	8	10.5	-3	18.815
239	0	0	0	0	-1	36.0033333333333
240	0	0	0	0	-1	10.7483333333333
241	0	0	0	0	-1	17.44
242	314	315	4	182.35	-3	35.703
243	316	317	2	107.05	-3	28.6492307692308
244	0	0	0	0	-1	39.44
245	318	319	6	1033.6	-3	17.8677272727273
246	0	0	0	0	-1	17.66
247	320	321	2	127.5	-3	12.1868
248	322	323	5	8.2	-3	34.04425
249	324	325	2	5.5	-3	24.6264285714286
250	0	0	0	0	-1	12.375
251	326	327	8	5	-3	17.4583333333333
252	328	329	8	42	-3	34.6875675675676
253	0	0	0	0	-1	43.104
254	330	331	5	9.15	-3	58.0685714285714
255	332	333	1	288.5	-3	42.7142857142857
256	334	335	3	86.3	-3	39.9017391304348
257	336	337	1	324	-3	33.925
258	0	0	0	0	-1	26.484
259	338	339	7	810.5	-3	19.6176470588235
260	340	341	4	189	-3	16.6944444444444
261	0	0	0	0	-1	10.725
262	342	343	8	42	-3	29.2265625
263	344	345	6	1072	-3	35.1382857142857
264	0	0	0	0	-1	46.4714285714286
265	0	0	0	0	-1	39.645
266	0	0	0	0	-1	36.7375
267	0	0	0	0	-1	34.9
268	0	0	0	0	-1	47.235
269	0	0	0	0	-1	49.2
270	0	0	0	0	-1	64.12
271	0	0	0	0	-1	62.938
272	0	0	0	0	-1	55.55
273	346	347	8	42	-3	53.7441666666667
274	0	0	0	0	-1	39.09
275	0	0	0	0	-1	32.26
276	0	0	0	0	-1	35.92
277	0	0	0	0	-1	45.122
278	348	349	3	29.5	-3	54.1347619047619
279	0	0	0	0	-1	69.3833333333333
280	0	0	0	0	-1	79.99
281	0	0	0	0	-1	69.8883333333333
282	350	351	5	8.7	-3	71.3244444444444
283	352	353	7	891.55	-3	65.6728
284	0	0	0	0	-1	24.8333333333333
285	0	0	0	0	-1	22.41
286	354	355	2	27.3	-3	24.56
287	0	0	0	0	-1	21.02
288	356	357	1	188.35	-3	25.145
289	0	0	0	0	-1	31.35
290	0	0	0	0	-1	37.758
291	0	0	0	0	-1	27.04
292	0	0	0	0	-1	62.6466666666667
293	358	359	4	141.5	-3	52.545
294	0	0	0	0	-1	40.8875
295	360	361	3	110.05	-3	36.7316666666667
296	362	363	1	158	-3	17.9533333333333
297	364	365	3	50.25	-3	36.5116666666667
298	366	367	1	319.45	-3	45.7478260869565
299	368	369	1	148.5	-3	32.0971428571429
300	370	371	4	171.5	-3	27.0725
301	372	373	4	177.15	-3	39.228125
302	0	0	0	0	-1	39.798
303	0	0	0	0	-1	44.0575
304	0	0	0	0	-1	36.56
305	0	0	0	0	-1	35.646
306	0	0	0	0	-1	49.15
307	0	0	0	0	-1	48.67
308	0	0	0	0	-1	53.0075
309	374	375	2	34.4	-3	48.0333333333333
310	0	0	0	0	-1	45.37
311	376	377	1	250.7	-3	54.0388888888889
312	0	0	0	0	-1	12.6
313	378	379	1	173.4	-3	20.058
314	380	381	1	184.85	-3	38.74875
315	0	0	0	0	-1	23.52
316	0	0	0	0	-1	16.2866666666667
317	382	383	5	6.05	-3	32.358
318	384	385	8	17.5	-3	21.0653846153846
319	386	387	2	175.35	-3	13.2488888888889
320	0	0	0	0	-1	8.505
321	388	389	4	197.75	-3	12.8880952380952
322	390	391	2	269.1	-3	35.6425
323	0	0	0	0	-1	19.66
324	0	0	0	0	-1	10.892
325	392	393	2	153.6	-3	27.6121739130435
326	394	395	5	5.65	-3	14.4125
327	0	0	0	0	-1	23.55
328	396	397	7	836.8	-3	28.6536363636364
329	398	399	5	2.25	-3	37.2403846153846
330	0	0	0	0	-1	55.296
331	0	0	0	0	-1	65
332	0	0	0	0	-1	38.2928571428571
333	400	401	6	853.25	-3	44.925
334	402	403	6	848.5	-3	35.273
335	404	405	4	198.25	-3	43.4623076923077
336	406	407	6	874	-3	32.0853846153846
337	0	0	0	0	-1	41.8966666666667
338	408	409	7	778	-3	22.1425
339	410	411	7	853	-3	17.3733333333333
340	412	413	1	319.5	-3	17.6683333333333
341	0	0	0	0	-1	14.7466666666667
342	414	415	6	1077	-3	27.6136842105263
343	416	417	7	790.5	-3	31.5838461538462
344	418	419	4	192.5	-3	35.7830303030303
345	0	0	0	0	-1	24.5
346	0	0	0	0	-1	49.712
347	420	421	3	47	-3	56.6242857142857
348	422	423	6	1122.2	-3	50.892
349	424	425	6	852	-3	57.0827272727273
350	0	0	0	0	-1	67.02
351	0	0	0	0	-1	74.768
352	426	427	8	42	-3	64.4022727272727
353	0	0	0	0	-1	74.99
354	428	429	5	10.95	-3	23.66
355	0	0	0	0	-1	25.91
356	0	0	0	0	-1	21.5
357	430	431	7	902.7	-3	25.55
358	0	0	0	0	-1	44.52
359	432	433	1	277.15	-3	54.55125
360	0	0	0	0	-1	35.8675
361	0	0	0	0	-1	38.46
362	434	435	6	1047.5	-3	14.75
363	0	0	0	0	-1	24.36
364	0	0	0	0	-1	25.1
365	0	0	0	0	-1	42.2175
366	436	437	1	159.45	-3	41.6147058823529
367	438	439	1	331.95	-3	57.4583333333333
368	0	0	0	0	-1	26.92
369	0	0	0	0	-1	32.96
370	0	0	0	0	-1	33.69
371	440	441	1	156.05	-3	26.1271428571429
372	442	443	1	253.25	-3	42.014
373	444	445	2	159.9	-3	34.585
374	446	447	3	110.2	-3	47.1215384615385
375	0	0	0	0	-1	53.96
376	0	0	0	0	-1	50.7333333333333
377	448	449	7	882.3	-3	55.6916666666667
378	0	0	0	0	-1	13.29
379	450	451	1	251	-3	20.81
380	0	0	0	0	-1	37.36
381	0	0	0	0	-1	39.582
382	0	0	0	0	-1	25.908
383	0	0	0	0	-1	38.808
384	452	453	7	696.8	-3	15.945
385	0	0	0	0	-1	29.258
386	0	0	0	0	-1	15.28
387	0	0	0	0	-1	10.71
388	454	455	1	199.3	-3	13.9813333333333
389	456	457	6	965	-3	10.155
390	458	459	7	803.15	-3	34.6166666666667
391	0	0	0	0	-1	46.9266666666667
392	460	461	2	141.8	-3	22.04
393	462	463	7	704.35	-3	30.05
394	0	0	0	0	-1	12.2375
395	0	0	0	0	-1	16.5875
396	464	465	5	5.2	-3	30.6416666666667
397	0	0	0	0	-1	26.268
398	0	0	0	0	-1	29.25
399	466	467	8	78	-3	38.6931818181818
400	0	0	0	0	-1	56.6166666666667
401	468	469	4	193.5	-3	41.7363636363636
402	0	0	0	0	-1	41.54
403	470	471	7	706.15	-3	34.5766666666667
404	472	473	7	695.95	-3	42.8572727272727
405	0	0	0	0	-1	46.79
406	0	0	0	0	-1	33.66
407	474	475	7	736	-3	31.10125
408	0	0	0	0	-1	20.33
409	0	0	0	0	-1	23.955
410	476	477	8	5	-3	16.2628571428571
411	0	0	0	0	-1	21.26
412	0	0	0	0	-1	16.1425
413	0	0	0	0	-1	20.72
414	478	479	4	200	-3	29.6953846153846
415	480	481	4	185.85	-3	23.1033333333333
416	482	483	1	344.5	-3	32.182
417	0	0	0	0	-1	29.59
418	484	485	6	969	-3	36.5360714285714
419	0	0	0	0	-1	31.566
420	0	0	0	0	-1	56.4
421	0	0	0	0	-1	56.714
422	486	487	7	675	-3	53.1033333333333
423	0	0	0	0	-1	47.575
424	0	0	0	0	-1	57.92
425	488	489	8	42	-3	56.999
426	490	491	5	8.3	-3	61.0785714285714
427	492	493	6	941.4	-3	65.9533333333333
428	0	0	0	0	-1	23.8
429	0	0	0	0	-1	23.52
430	0	0	0	0	-1	25.165
431	0	0	0	0	-1	25.858
432	0	0	0	0	-1	49.805
433	494	495	6	1046.35	-3	56.1333333333333
434	0	0	0	0	-1	15.524
435	0	0	0	0	-1	13.46
436	0	0	0	0	-1	32.77
437	496	497	2	106.3	-3	42.794
438	0	0	0	0	-1	61.2375
439	0	0	0	0	-1	49.9
440	498	499	3	109.6	-3	25.8683333333333
441	0	0	0	0	-1	27.68
442	500	501	3	134.35	-3	40.6975
443	0	0	0	0	-1	47.28
444	0	0	0	0	-1	39.16
445	0	0	0	0	-1	33.67
446	502	503	4	152.2	-3	48.266
447	0	0	0	0	-1	43.3066666666667
448	0	0	0	0	-1	54.64
449	0	0	0	0	-1	60.95
450	0	0	0	0	-1	21.706
451	0	0	0	0	-1	19.69
452	0	0	0	0	-1	21.82
453	504	505	7	719.3	-3	13.9866666666667
454	506	507	7	832.35	-3	12.4955555555556
455	0	0	0	0	-1	16.21
456	0	0	0	0	-1	6.835
457	0	0	0	0	-1	11.815
458	508	509	7	768.2	-3	32.1988235294118
459	510	511	1	199.3	-3	37.185625
460	512	513	2	122.2	-3	22.9633333333333
461	0	0	0	0	-1	16.5
462	514	515	2	166	-3	29.2033333333333
463	0	0	0	0	-1	32.59
464	0	0	0	0	-1	24.48
465	0	0	0	0	-1	31.874
466	516	517	5	4.95	-3	36.9
467	518	519	7	865.75	-3	41.83125
468	0	0	0	0	-1	37.796
469	520	521	5	6.1	-3	45.02
470	0	0	0	0	-1	37.17
471	522	523	7	747	-3	33.28
472	0	0	0	0	-1	43.7233333333333
473	524	525	6	851.3	-3	42.5325
474	0	0	0	0	-1	23.84
475	526	527	4	204.35	-3	32.1385714285714
476	0	0	0	0	-1	11.85
477	528	529	1	320.5	-3	16.9983333333333
478	530	531	4	185.5	-3	31.2222222222222
479	0	0	0	0	-1	26.26
480	0	0	0	0	-1	24.2933333333333
481	0	0	0	0	-1	21.9133333333333
482	0	0	0	0	-1	34.14
483	0	0	0	0	-1	31.6925
484	0	0	0	0	-1	32.4128571428571
485	532	533	8	59	-3	37.9104761904762
486	0	0	0	0	-1	69.84
487	0	0	0	0	-1	49.756
488	534	535	4	186	-3	56.3233333333333
489	0	0	0	0	-1	58.0125
490	0	0	0	0	-1	57.965
491	0	0	0	0	-1	65.23
492	536	537	5	25.4	-3	65.4
493	0	0	0	0	-1	73.7
494	0	0	0	0	-1	54.732
495	0	0	0	0	-1	63.14
496	0	0	0	0	-1	49.77
497	538	539	5	11.1	-3	41.7207692307692
498	0	0	0	0	-1	26.15
499	0	0	0	0	-1	25.7275
500	0	0	0	0	-1	42.0525
501	0	0	0	0	-1	39.3425
502	0	0	0	0	-1	55.83
503	540	541	7	882.3	-3	47.4255555555556
504	0	0	0	0	-1	13.336
505	0	0	0	0	-1	17.24
506	542	543	6	956.9	-3	13.1314285714286
507	0	0	0	0	-1	10.27
508	544	545	8	59	-3	34.285
509	546	547	6	958.7	-3	29.2185714285714
510	548	549	1	136.3	-3	35.7861538461538
511	0	0	0	0	-1	43.25
512	0	0	0	0	-1	22.595
513	0	0	0	0	-1	23.7
514	0	0	0	0	-1	27.23
515	550	551	6	849.8	-3	29.598
516	0	0	0	0	-1	31.54
517	552	553	7	802.35	-3	37.7933333333333
518	0	0	0	0	-1	42.9525
519	0	0	0	0	-1	40.71
520	0	0	0	0	-1	47.34
521	0	0	0	0	-1	33.42
522	0	0	0	0	-1	33.72
523	0	0	0	0	-1	32.4
524	0	0	0	0	-1	41.54
525	554	555	4	183	-3	42.6742857142857
526	0	0	0	0	-1	32.244
527	0	0	0	0	-1	31.875
528	0	0	0	0	-1	16.115
529	0	0	0	0	-1	17.44
530	0	0	0	0	-1	30.0633333333333
531	0	0	0	0	-1	33.54
532	0	0	0	0	-1	32.6975
533	556	557	8	105	-3	39.1370588235294
534	0	0	0	0	-1	57.0966666666667
535	0	0	0	0	-1	55.55
536	558	559	8	73.5	-3	64.9923076923077
537	0	0	0	0	-1	70.7
538	560	561	5	9	-3	42.1318181818182
539	0	0	0	0	-1	39.46
540	562	563	6	967.55	-3	48.1
541	0	0	0	0	-1	42.03
542	0	0	0	0	-1	9.69
543	564	565	7	816.2	-3	13.705
544	566	567	3	51.65	-3	32.94125
545	0	0	0	0	-1	39.66
546	568	569	6	902.6	-3	30.08
547	0	0	0	0	-1	24.05
548	0	0	0	0	-1	32.23
549	570	571	8	59	-3	36.4327272727273
550	0	0	0	0	-1	30.65
551	572	573	6	923.5	-3	29.4811111111111
552	574	575	1	240.55	-3	36.6828571428571
553	0	0	0	0	-1	39.348
554	0	0	0	0	-1	44.28
555	576	577	2	60.5	-3	42.4066666666667
556	0	0	0	0	-1	37.4416666666667
557	578	579	7	827.5	-3	40.0618181818182
558	0	0	0	0	-1	64.5
559	580	581	7	845.4	-3	65.4142857142857
560	0	0	0	0	-1	40.9814285714286
561	0	0	0	0	-1	44.145
562	582	583	7	862.1	-3	47.68
563	0	0	0	0	-1	51.04
564	0	0	0	0	-1	14.59
565	0	0	0	0	-1	13.2625
566	0	0	0	0	-1	31.775
567	0	0	0	0	-1	36.44
568	0	0	0	0	-1	26.97
569	0	0	0	0	-1	33.19
570	0	0	0	0	-1	30.51
571	584	585	6	962.6	-3	39.8171428571429
572	0	0	0	0	-1	28.99
573	586	587	5	8.2	-3	29.7266666666667
574	0	0	0	0	-1	31.35
575	588	589	6	1036	-3	37.5716666666667
576	0	0	0	0	-1	42.64
577	0	0	0	0	-1	41.94
578	590	591	8	240	-3	41.12
579	0	0	0	0	-1	38.21
580	0	0	0	0	-1	66.7
581	0	0	0	0	-1	65.2
582	0	0	0	0	-1	48.72
583	0	0	0	0	-1	45.08
584	0	0	0	0	-1	32.1
585	592	593	6	1012.7	-3	41.1033333333333
586	0	0	0	0	-1	29.72
587	0	0	0	0	-1	29.73
588	0	0	0	0	-1	36.7225
589	0	0	0	0	-1	39.27
590	0	0	0	0	-1	40.3666666666667
591	0	0	0	0	-1	41.685
592	0	0	0	0	-1	39.2866666666667
593	0	0	0	0	-1	42.92
