1	2	3	5	8.05	-3	35.9401747572816
2	4	5	7	691.4	-3	31.4005237315876
3	6	7	8	42	-3	42.5600477326969
4	8	9	8	59	-3	43.5206086956522
5	10	11	1	458	-3	28.5904233870968
6	12	13	2	8.75	-3	37.3334782608696
7	14	15	5	10.85	-3	59.9101030927835
8	16	17	4	175.5	-3	37.9933870967742
9	18	19	4	194.5	-3	49.9864150943396
10	20	21	5	4.8	-3	27.6742494714588
11	22	23	8	17.5	-3	47.4317391304348
12	24	25	4	154.7	-3	29.3940298507463
13	26	27	4	189.85	-3	42.9924468085106
14	28	29	4	176.55	-3	52.6029411764706
15	30	31	2	164.1	-3	63.8536507936508
16	32	33	8	10.5	-3	58.375
17	34	35	1	258.3	-3	35.8096428571429
18	0	0	0	0	-1	65.7
19	36	37	8	317.5	-3	48.3495833333333
20	38	39	1	315.65	-3	25.0751307189542
21	40	41	6	1110	-3	32.4367065868263
22	42	43	4	169	-3	36.145
23	44	45	6	1028.1	-3	56.1138461538462
24	46	47	6	1019.5	-3	45.523125
25	48	49	3	47.8	-3	27.2070338983051
26	50	51	8	5	-3	44.8509036144578
27	52	53	1	154.9	-3	28.9695454545455
28	54	55	6	1056.5	-3	49.0217857142857
29	56	57	5	8.7	-3	69.315
30	58	59	6	956.9	-3	59.0817777777778
31	60	61	5	12.95	-3	75.7833333333333
32	0	0	0	0	-1	52.61
33	0	0	0	0	-1	59.528
34	62	63	2	329.1	-3	30.9120833333333
35	64	65	6	905.2	-3	39.4828125
36	66	67	7	603.5	-3	46.8903703703704
37	68	69	2	128.25	-3	50.2257142857143
38	70	71	7	749.55	-3	22.652009569378
39	72	73	7	803	-3	30.2960824742268
40	74	75	1	263.25	-3	31.8389696969697
41	0	0	0	0	-1	81.75
42	0	0	0	0	-1	50.51
43	76	77	1	485.5	-3	29.9885714285714
44	78	79	5	4.55	-3	54.7908333333333
45	0	0	0	0	-1	71.99
46	0	0	0	0	-1	36.006
47	80	81	3	62.55	-3	49.8490909090909
48	82	83	1	495.5	-3	56.1833333333333
49	84	85	7	796.9	-3	25.6547321428571
50	86	87	1	193.55	-3	30.0105128205128
51	88	89	1	198.45	-3	49.408188976378
52	90	91	2	156.7	-3	22.3075
53	92	93	1	157.6	-3	32.7764285714286
54	94	95	1	335.6	-3	54.4017647058823
55	96	97	7	797.55	-3	40.7072727272727
56	0	0	0	0	-1	65.7
57	0	0	0	0	-1	72.93
58	98	99	4	155.5	-3	63.4371428571429
59	100	101	5	11.25	-3	55.2708333333333
60	102	103	5	11.15	-3	77.4533333333333
61	0	0	0	0	-1	67.4333333333333
62	104	105	4	190.5	-3	32.03
63	0	0	0	0	-1	23.0866666666667
64	0	0	0	0	-1	49.875
65	106	107	5	3.5	-3	37.9982142857143
66	108	109	1	356.25	-3	40.7681818181818
67	110	111	6	1045.2	-3	51.099375
68	0	0	0	0	-1	51.64125
69	0	0	0	0	-1	45.696
70	112	113	8	17.5	-3	26.4641463414634
71	114	115	4	167.4	-3	21.7216666666667
72	116	117	2	82.1	-3	28.788115942029
73	118	119	7	823	-3	34.0121428571429
74	120	121	7	801.75	-3	30.2618518518519
75	122	123	7	818.6	-3	38.936
76	0	0	0	0	-1	27.7833333333333
77	0	0	0	0	-1	31.6425
78	124	125	7	808.5	-3	56.0477777777778
79	0	0	0	0	-1	51.02
80	0	0	0	0	-1	69.84
81	126	127	7	788.2	-3	45.4066666666667
82	0	0	0	0	-1	63.59
83	0	0	0	0	-1	41.37
84	128	129	6	810.2	-3	31.2664583333333
85	130	131	1	201.4	-3	21.4459375
86	0	0	0	0	-1	15.4133333333333
87	132	133	6	895.05	-3	31.2269444444444
88	134	135	6	997.9	-3	35.7359259259259
89	136	137	7	655.95	-3	53.0997
90	0	0	0	0	-1	17.6633333333333
91	0	0	0	0	-1	25.094
92	0	0	0	0	-1	28.99
93	138	139	6	884.25	-3	34.291
94	140	141	5	10.15	-3	52.0023076923077
95	0	0	0	0	-1	62.2
96	142	143	5	9.5	-3	42.99375
97	0	0	0	0	-1	34.61
98	144	145	6	944.4	-3	65.4775
99	0	0	0	0	-1	56.908
100	0	0	0	0	-1	66.82
101	146	147	7	793.8	-3	54.2209090909091
102	0	0	0	0	-1	71.7
103	148	149	6	974.65	-3	78.3384615384616
104	0	0	0	0	-1	43.53
105	150	151	8	17.5	-3	30.8194736842105
106	152	153	8	10.5	-3	37.5159090909091
107	154	155	3	102	-3	39.7666666666667
108	0	0	0	0	-1	39.045
109	156	157	2	47.5	-3	41.7528571428571
110	0	0	0	0	-1	51.3807142857143
111	0	0	0	0	-1	49.13
112	158	159	6	1016.95	-3	13.8138461538462
113	160	161	4	188.85	-3	32.3375
114	162	163	8	21	-3	34.207
115	164	165	2	204.7	-3	20.9314556962025
116	166	167	7	760.2	-3	28.37
117	0	0	0	0	-1	57.22
118	0	0	0	0	-1	36.3829411764706
119	168	169	1	332	-3	30.3481818181818
120	170	171	5	7.85	-3	32.0325531914894
121	172	173	3	156	-3	26.2021951219512
122	174	175	8	17.5	-3	43.022380952381
123	176	177	2	72.35	-3	29.4011111111111
124	178	179	5	1.95	-3	53.68
125	0	0	0	0	-1	74.99
126	0	0	0	0	-1	41.86
127	0	0	0	0	-1	52.5
128	180	181	4	196.15	-3	40.4957142857143
129	182	183	5	18	-3	29.6907317073171
130	184	185	6	990.75	-3	16.2567567567568
131	186	187	4	160	-3	28.557037037037
132	188	189	7	863.8	-3	34.631
133	190	191	2	74.65	-3	29.9176923076923
134	192	193	5	10.5	-3	33.5625
135	194	195	5	8.95	-3	37.4746666666667
136	196	197	2	202.5	-3	45.408
137	198	199	2	163.7	-3	53.9543333333333
138	200	201	3	155.2	-3	33.0571428571429
139	0	0	0	0	-1	37.17
140	202	203	4	165.5	-3	53.615
141	0	0	0	0	-1	46.6266666666667
142	0	0	0	0	-1	43.5
143	0	0	0	0	-1	42.15
144	204	205	5	23.4	-3	64.8093333333333
145	0	0	0	0	-1	75.5
146	206	207	7	773.7	-3	59.1675
147	208	209	3	99.35	-3	48.285
148	0	0	0	0	-1	78.4666666666667
149	0	0	0	0	-1	76.8
150	0	0	0	0	-1	19.54
151	210	211	4	224.5	-3	32.1464705882353
152	212	213	4	201.75	-3	29.19
153	214	215	2	23.75	-3	42.2735714285714
154	0	0	0	0	-1	42.7333333333333
155	0	0	0	0	-1	36.8
156	0	0	0	0	-1	42.4
157	0	0	0	0	-1	40.89
158	216	217	4	197.75	-3	14.961
159	0	0	0	0	-1	9.99
160	218	219	7	729.3	-3	27.655625
161	220	221	4	197.75	-3	38.58
162	0	0	0	0	-1	16.88
163	222	223	4	160.3	-3	36.1322222222222
164	224	225	4	197.95	-3	20.5125
165	226	227	2	220	-3	31.545
166	228	229	6	1058.5	-3	32.0037037037037
167	230	231	4	194.5	-3	25.9770731707317
168	232	233	6	928.5	-3	29.35625
169	0	0	0	0	-1	32.9933333333333
170	234	235	3	170.25	-3	31.7661290322581
171	0	0	0	0	-1	56.81
172	236	237	5	7.25	-3	27.0053846153846
173	0	0	0	0	-1	10.54
174	0	0	0	0	-1	24.13
175	238	239	7	719.5	-3	43.967
176	240	241	1	312.85	-3	25.1
177	0	0	0	0	-1	44.455
178	0	0	0	0	-1	50.134
179	0	0	0	0	-1	59.59
180	0	0	0	0	-1	40.87
181	0	0	0	0	-1	39.9966666666667
182	242	243	3	179.3	-3	28.3646153846154
183	0	0	0	0	-1	55.55
184	244	245	6	863.15	-3	14.2938095238095
185	246	247	8	8.5	-3	18.833125
186	248	249	1	212.55	-3	24.1492857142857
187	250	251	4	164.35	-3	33.3038461538462
188	0	0	0	0	-1	37.622
189	0	0	0	0	-1	31.64
190	252	253	3	86.5	-3	27.1792857142857
191	254	255	5	11.3	-3	33.1125
192	0	0	0	0	-1	29.07
193	256	257	2	163.45	-3	34.461
194	0	0	0	0	-1	35.96
195	258	259	4	170.35	-3	38.0254545454545
196	260	261	6	940.45	-3	43.935
197	0	0	0	0	-1	51.3
198	262	263	3	51.25	-3	50.936
199	264	265	6	845	-3	64.5185
200	266	267	1	256.5	-3	33.4583333333333
201	0	0	0	0	-1	30.65
202	0	0	0	0	-1	57.3633333333333
203	268	269	3	146	-3	52.0085714285714
204	270	271	5	13.7	-3	65.7030769230769
205	0	0	0	0	-1	59
206	0	0	0	0	-1	55.06
207	272	273	7	784.1	-3	62.1014285714286
208	0	0	0	0	-1	53.14
209	0	0	0	0	-1	43.43
210	274	275	2	272	-3	29.903
211	276	277	4	232.35	-3	35.3514285714286
212	0	0	0	0	-1	32.134
213	0	0	0	0	-1	24.2833333333333
214	0	0	0	0	-1	46.93
215	278	279	1	310.7	-3	40.411
216	280	281	6	930.9	-3	16.8033333333333
217	0	0	0	0	-1	12.1975
218	282	283	1	218.7	-3	29.56625
219	0	0	0	0	-1	25.745
220	284	285	8	59	-3	40.98
221	0	0	0	0	-1	36.18
222	0	0	0	0	-1	35.685
223	0	0	0	0	-1	37.0266666666667
224	286	287	6	1075.6	-3	21.6660162601626
225	288	289	8	10.5	-3	15.62
226	0	0	0	0	-1	29.9433333333333
227	0	0	0	0	-1	33.1466666666667
228	290	291	6	889.2	-3	32.8696
229	0	0	0	0	-1	21.18
230	292	293	8	10.5	-3	24.3070588235294
231	294	295	8	21	-3	27.16
232	0	0	0	0	-1	13.52
233	0	0	0	0	-1	31.6185714285714
234	296	297	3	123.2	-3	30.8534523809524
235	0	0	0	0	-1	40.2844444444444
236	298	299	5	5.95	-3	31.5141176470588
237	300	301	4	181.25	-3	23.5213636363636
238	0	0	0	0	-1	52.42
239	302	303	3	43	-3	43.0277777777778
240	0	0	0	0	-1	25.1
241	0	0	0	0	-1	25.1
242	304	305	8	8.5	-3	32.188064516129
243	306	307	1	154.5	-3	13.54875
244	308	309	3	191.05	-3	15.265
245	310	311	7	856.1	-3	13.4109090909091
246	0	0	0	0	-1	9.45
247	312	313	6	1083.55	-3	21.9608333333333
248	0	0	0	0	-1	31.64
249	314	315	5	11.6	-3	23.5730769230769
250	0	0	0	0	-1	38.8
251	316	317	7	862.1	-3	30.8611111111111
252	0	0	0	0	-1	29.7725
253	318	319	6	1008.85	-3	26.142
254	0	0	0	0	-1	27.9875
255	320	321	7	680.4	-3	35.675
256	0	0	0	0	-1	27.68
257	322	323	5	12.15	-3	35.2144444444444
258	0	0	0	0	-1	39.4533333333333
259	324	325	5	10.35	-3	37.49
260	0	0	0	0	-1	38.22
261	326	327	1	333.5	-3	44.7514285714286
262	328	329	8	21	-3	54.7946666666667
263	330	331	7	858	-3	48.042
264	0	0	0	0	-1	76.24
265	332	333	7	707.85	-3	62.45
266	0	0	0	0	-1	33.67
267	0	0	0	0	-1	32.4
268	0	0	0	0	-1	53.216
269	0	0	0	0	-1	48.99
270	0	0	0	0	-1	66.78
271	334	335	7	845.4	-3	65.38
272	0	0	0	0	-1	59.3
273	0	0	0	0	-1	63.222
274	336	337	4	207	-3	28.5944444444444
275	0	0	0	0	-1	41.68
276	0	0	0	0	-1	35.4
277	0	0	0	0	-1	35.23
278	0	0	0	0	-1	45.595
279	338	339	1	324.3	-3	36.955
280	0	0	0	0	-1	12.79
281	0	0	0	0	-1	17.606
282	0	0	0	0	-1	26.835
283	0	0	0	0	-1	32.2975
284	0	0	0	0	-1	37.58
285	0	0	0	0	-1	47.78
286	340	341	6	937.1	-3	23.4397752808989
287	342	343	2	62.05	-3	17.0229411764706
288	344	345	1	153.25	-3	8.44599999999999
289	346	347	6	973.7	-3	23.3064285714286
290	0	0	0	0	-1	23.85
291	348	349	1	395	-3	33.2454166666667
292	350	351	6	1080.5	-3	17.9157142857143
293	352	353	1	365.7	-3	28.781
294	354	355	4	200	-3	19.5822222222222
295	356	357	4	200	-3	31.7066666666667
296	358	359	5	6.8	-3	29.9546031746032
297	360	361	8	21	-3	33.55
298	362	363	6	952.9	-3	28.6233333333333
299	364	365	5	6.7	-3	34.76625
300	366	367	6	1048.2	-3	25.0588888888889
301	0	0	0	0	-1	16.6025
302	368	369	2	160.5	-3	43.739
303	370	371	4	190.7	-3	42.13875
304	0	0	0	0	-1	20.4633333333333
305	372	373	5	9.65	-3	33.4442857142857
306	374	375	7	725	-3	15.2183333333333
307	0	0	0	0	-1	8.54
308	0	0	0	0	-1	15.5275
309	376	377	6	849.15	-3	15.09
310	378	379	7	827.75	-3	14.2266666666667
311	0	0	0	0	-1	9.74
312	380	381	7	814.45	-3	19.7757142857143
313	0	0	0	0	-1	25.02
314	0	0	0	0	-1	22.96
315	0	0	0	0	-1	23.95625
316	0	0	0	0	-1	31.3566666666667
317	382	383	8	8.5	-3	30.6133333333333
318	384	385	1	373	-3	25.5942857142857
319	0	0	0	0	-1	27.42
320	0	0	0	0	-1	28.6
321	386	387	5	16.8	-3	38.0333333333333
322	0	0	0	0	-1	32.7666666666667
323	388	389	1	164	-3	36.4383333333333
324	0	0	0	0	-1	37.81
325	390	391	5	11.45	-3	37.3833333333333
326	0	0	0	0	-1	47.28
327	0	0	0	0	-1	44.33
328	392	393	7	906.4	-3	50.1918181818182
329	394	395	4	155.7	-3	57.4594736842105
330	396	397	8	21	-3	47.4413513513514
331	0	0	0	0	-1	55.45
332	0	0	0	0	-1	74.7
333	398	399	7	795	-3	60.8166666666667
334	0	0	0	0	-1	66.1
335	0	0	0	0	-1	65.0714285714286
336	400	401	3	135.5	-3	29.2871428571429
337	0	0	0	0	-1	26.17
338	0	0	0	0	-1	38.7
339	0	0	0	0	-1	36.0825
340	402	403	2	51	-3	16.1333333333333
341	404	405	8	21	-3	26.1375384615385
342	406	407	4	181.5	-3	17.2964516129032
343	0	0	0	0	-1	14.1966666666667
344	0	0	0	0	-1	4.1725
345	408	409	4	204.75	-3	10
346	410	411	7	800.05	-3	24.653
347	0	0	0	0	-1	19.94
348	412	413	8	17.5	-3	35.2946153846154
349	414	415	7	734.15	-3	30.8236363636364
350	0	0	0	0	-1	18.99
351	0	0	0	0	-1	11.47
352	0	0	0	0	-1	32.43
353	416	417	6	1035.3	-3	26.3483333333333
354	0	0	0	0	-1	20.13
355	418	419	1	336	-3	19.4257142857143
356	0	0	0	0	-1	34.855
357	420	421	1	363	-3	30.5618181818182
358	422	423	8	21	-3	29.1445614035088
359	424	425	3	104.75	-3	37.65
360	426	427	6	1030.95	-3	22.28
361	428	429	8	42	-3	40.4853846153846
362	0	0	0	0	-1	28.442
363	0	0	0	0	-1	28.85
364	0	0	0	0	-1	39.4
365	430	431	8	42	-3	33.2216666666667
366	432	433	8	8.5	-3	26.4266666666667
367	0	0	0	0	-1	22.3233333333333
368	434	435	2	127	-3	41.2755555555556
369	0	0	0	0	-1	65.91
370	0	0	0	0	-1	43.63
371	0	0	0	0	-1	41.244
372	0	0	0	0	-1	44.7975
373	436	437	6	901.75	-3	31.5520833333333
374	0	0	0	0	-1	13.46
375	0	0	0	0	-1	15.57
376	0	0	0	0	-1	15.09
377	0	0	0	0	-1	15.09
378	0	0	0	0	-1	13.272
379	0	0	0	0	-1	15.42
380	0	0	0	0	-1	20.506
381	0	0	0	0	-1	17.95
382	0	0	0	0	-1	22.5
383	0	0	0	0	-1	34.67
384	0	0	0	0	-1	25.12
385	438	439	5	12.75	-3	25.6733333333333
386	0	0	0	0	-1	36.75
387	0	0	0	0	-1	40.6
388	0	0	0	0	-1	35.7025
389	0	0	0	0	-1	37.91
390	0	0	0	0	-1	37.36
391	0	0	0	0	-1	37.43
392	440	441	4	170.9	-3	51.721
393	0	0	0	0	-1	34.9
394	442	443	7	863.8	-3	60.384
395	444	445	7	793.25	-3	54.21
396	446	447	8	10.5	-3	41.9191666666667
397	448	449	1	405.5	-3	50.092
398	450	451	2	189.1	-3	59.0675
399	0	0	0	0	-1	67.8133333333333
400	0	0	0	0	-1	27.045
401	0	0	0	0	-1	30.184
402	452	453	6	901.5	-3	18.2228571428571
403	454	455	8	17.5	-3	15.2729411764706
404	456	457	5	4.55	-3	13.2373684210526
405	458	459	2	124.2	-3	31.4658695652174
406	0	0	0	0	-1	14.525
407	460	461	1	263.75	-3	17.707037037037
408	462	463	7	775	-3	9.40375
409	0	0	0	0	-1	11.59
410	0	0	0	0	-1	29.86
411	464	465	6	950.1	-3	22.4214285714286
412	0	0	0	0	-1	20.8475
413	466	467	6	989	-3	41.7155555555556
414	0	0	0	0	-1	36.94
415	468	469	1	398.5	-3	28.53
416	0	0	0	0	-1	30.2066666666667
417	0	0	0	0	-1	22.49
418	0	0	0	0	-1	20.77
419	0	0	0	0	-1	18.888
420	470	471	7	787.5	-3	29.7571428571429
421	0	0	0	0	-1	31.97
422	472	473	1	221.75	-3	17.9565
423	474	475	8	42	-3	35.1921621621622
424	0	0	0	0	-1	39.95
425	0	0	0	0	-1	26.15
426	0	0	0	0	-1	26.1866666666667
427	0	0	0	0	-1	19.936
428	0	0	0	0	-1	34.816
429	476	477	5	6.65	-3	44.02875
430	0	0	0	0	-1	25.2833333333333
431	0	0	0	0	-1	41.16
432	0	0	0	0	-1	12.18
433	478	479	6	1002.2	-3	29.276
434	0	0	0	0	-1	39.8571428571429
435	0	0	0	0	-1	46.24
436	480	481	5	10.25	-3	27.4125
437	482	483	1	189.05	-3	33.621875
438	0	0	0	0	-1	34.77
439	0	0	0	0	-1	23.854
440	484	485	5	25.4	-3	50.75125
441	0	0	0	0	-1	55.6
442	0	0	0	0	-1	64.35
443	486	487	7	939.85	-3	59.3925
444	488	489	5	8.7	-3	56.865
445	0	0	0	0	-1	48.9
446	490	491	3	86.5	-3	42.847
447	0	0	0	0	-1	37.28
448	492	493	2	19.5	-3	48.7918181818182
449	0	0	0	0	-1	59.6266666666667
450	494	495	4	155.4	-3	60.152
451	0	0	0	0	-1	53.645
452	0	0	0	0	-1	16.178
453	0	0	0	0	-1	23.335
454	496	497	1	109	-3	9.242
455	498	499	8	59	-3	23.8885714285714
456	500	501	2	132.7	-3	12.0546153846154
457	502	503	3	106.45	-3	15.8
458	504	505	8	95	-3	29.8937142857143
459	506	507	8	59	-3	36.4681818181818
460	508	509	4	185.35	-3	16.0893333333333
461	510	511	7	791	-3	19.7291666666667
462	0	0	0	0	-1	9.55
463	0	0	0	0	-1	9.316
464	0	0	0	0	-1	21.674
465	0	0	0	0	-1	24.29
466	0	0	0	0	-1	46.4875
467	0	0	0	0	-1	37.898
468	512	513	8	17.5	-3	27.9933333333333
469	0	0	0	0	-1	30.14
470	0	0	0	0	-1	29.785
471	0	0	0	0	-1	29.59
472	514	515	5	6.2	-3	15.60875
473	516	517	8	8.5	-3	19.5216666666667
474	518	519	4	192.95	-3	31.4504347826087
475	520	521	3	71.35	-3	41.3392857142857
476	0	0	0	0	-1	36.04
477	522	523	2	64.95	-3	46.6916666666667
478	0	0	0	0	-1	33.28
479	524	525	8	42	-3	26.6066666666667
480	0	0	0	0	-1	23.84
481	0	0	0	0	-1	33.3666666666667
482	0	0	0	0	-1	18.03
483	526	527	6	1066.15	-3	34.6613333333333
484	528	529	7	827.9	-3	49.3683333333333
485	0	0	0	0	-1	54.9
486	0	0	0	0	-1	60.29
487	0	0	0	0	-1	56.7
488	0	0	0	0	-1	52.43
489	0	0	0	0	-1	59.0825
490	0	0	0	0	-1	47.7733333333333
491	530	531	5	12.4	-3	40.7357142857143
492	0	0	0	0	-1	59.49
493	532	533	3	97	-3	48.282380952381
494	0	0	0	0	-1	59.09
495	534	535	8	17.5	-3	60.4175
496	0	0	0	0	-1	4.57
497	0	0	0	0	-1	9.76111111111111
498	0	0	0	0	-1	19.9275
499	0	0	0	0	-1	29.17
500	536	537	6	995.2	-3	11.096
501	0	0	0	0	-1	15.25
502	0	0	0	0	-1	18.22
503	0	0	0	0	-1	13.38
504	538	539	3	107.5	-3	26.1326315789474
505	540	541	7	877.65	-3	34.36
506	0	0	0	0	-1	28.075
507	542	543	1	199.3	-3	41.2642857142857
508	544	545	8	17.5	-3	17.5642857142857
509	546	547	7	786.65	-3	14.79875
510	548	549	4	185.35	-3	19.2954545454545
511	0	0	0	0	-1	24.5
512	0	0	0	0	-1	25.45
513	0	0	0	0	-1	33.08
514	0	0	0	0	-1	18.1033333333333
515	0	0	0	0	-1	14.112
516	0	0	0	0	-1	13.72
517	550	551	3	119.95	-3	23.6657142857143
518	552	553	7	758.85	-3	34.6972727272727
519	554	555	3	92.05	-3	28.4741666666667
520	0	0	0	0	-1	49.97
521	556	557	3	119.95	-3	40.6753846153846
522	0	0	0	0	-1	45.686
523	0	0	0	0	-1	51.72
524	0	0	0	0	-1	25.136
525	0	0	0	0	-1	33.96
526	558	559	8	21	-3	36.6554545454545
527	0	0	0	0	-1	29.1775
528	0	0	0	0	-1	47.255
529	0	0	0	0	-1	50.425
530	0	0	0	0	-1	39.1275
531	0	0	0	0	-1	42.88
532	560	561	6	922.85	-3	45.6728571428571
533	562	563	4	148.2	-3	53.5014285714286
534	0	0	0	0	-1	55.9
535	0	0	0	0	-1	67.9466666666667
536	564	565	2	66.2	-3	10.3142857142857
537	0	0	0	0	-1	12.92
538	566	567	6	969	-3	25.56
539	0	0	0	0	-1	29.1866666666667
540	568	569	8	270	-3	35.044
541	0	0	0	0	-1	24.1
542	570	571	8	135	-3	40.9333333333333
543	0	0	0	0	-1	43.25
544	0	0	0	0	-1	13.22
545	0	0	0	0	-1	19.302
546	0	0	0	0	-1	15.625
547	572	573	7	789.15	-3	14.5233333333333
548	0	0	0	0	-1	22.44
549	574	575	1	295.9	-3	18.981
550	0	0	0	0	-1	22.424
551	0	0	0	0	-1	26.77
552	576	577	6	973.7	-3	32.73
553	0	0	0	0	-1	38.14
554	578	579	6	874	-3	32.0233333333333
555	580	581	2	167.5	-3	24.925
556	582	583	8	78	-3	39.79
557	0	0	0	0	-1	42.092
558	0	0	0	0	-1	34.03
559	584	585	4	161.4	-3	37.64
560	586	587	3	88.5	-3	42.27
561	588	589	2	60.3	-3	48.225
562	0	0	0	0	-1	55.51
563	0	0	0	0	-1	52.698
564	0	0	0	0	-1	10.788
565	0	0	0	0	-1	9.13
566	590	591	2	58	-3	24.8418181818182
567	0	0	0	0	-1	27.14
568	592	593	7	863.15	-3	35.716
569	0	0	0	0	-1	33.7
570	0	0	0	0	-1	38.07
571	0	0	0	0	-1	42.365
572	0	0	0	0	-1	13.88
573	0	0	0	0	-1	15.1666666666667
574	594	595	8	17.5	-3	18.3971428571429
575	0	0	0	0	-1	20.3433333333333
576	0	0	0	0	-1	33.8
577	0	0	0	0	-1	32.302
578	0	0	0	0	-1	28.63
579	0	0	0	0	-1	33.72
580	0	0	0	0	-1	23.9025
581	0	0	0	0	-1	26.97
582	0	0	0	0	-1	37.38
583	0	0	0	0	-1	42.2
584	0	0	0	0	-1	41.6466666666667
585	0	0	0	0	-1	35.236
586	0	0	0	0	-1	39.42
587	0	0	0	0	-1	43.695
588	0	0	0	0	-1	46.68
589	0	0	0	0	-1	49.77
590	596	597	7	877.65	-3	24.0977777777778
591	0	0	0	0	-1	28.19
592	598	599	8	110	-3	35.1611111111111
593	0	0	0	0	-1	40.71
594	0	0	0	0	-1	14.67
595	0	0	0	0	-1	23.3666666666667
596	0	0	0	0	-1	26.522
597	0	0	0	0	-1	21.0675
598	0	0	0	0	-1	34.152
599	0	0	0	0	-1	36.4225
