1	2	3	8	21	-3	36.724359223301
2	4	5	5	8.35	-3	23.4124920127795
3	6	7	2	15.4	-3	42.5355369595537
4	8	9	7	747.65	-3	17.9201449275362
5	10	11	7	764.3	-3	34.1381132075472
6	12	13	1	490	-3	37.6928434504792
7	14	15	1	274	-3	46.2874257425743
8	16	17	8	10.5	-3	24.9829508196721
9	18	19	8	10.5	-3	14.9692465753425
10	20	21	2	164.1	-3	39.3960526315789
11	22	23	8	5	-3	31.1998529411765
12	24	25	1	165.55	-3	34.8525357142857
13	26	27	8	225	-3	61.7924242424242
14	28	29	6	1003.9	-3	35.8006481481481
15	30	31	4	191.65	-3	58.3360638297872
16	32	33	2	77.25	-3	23.8505357142857
17	0	0	0	0	-1	37.666
18	34	35	6	992	-3	13.1287704918033
19	36	37	5	7.85	-3	24.325
20	38	39	8	5	-3	32.34
21	40	41	6	905.5	-3	43.5120833333333
22	42	43	6	950.95	-3	24.4952631578947
23	44	45	1	367	-3	39.6923333333333
24	46	47	4	183	-3	14.3867857142857
25	48	49	3	95.1	-3	37.1265079365079
26	50	51	5	4.6	-3	61.2275862068966
27	0	0	0	0	-1	65.8875
28	52	53	4	224	-3	33.0305696202532
29	54	55	5	6.1	-3	43.346724137931
30	56	57	3	51.75	-3	61.8704929577464
31	58	59	2	42.75	-3	47.4254347826087
32	60	61	8	2	-3	30.2514285714286
33	62	63	6	952.5	-3	17.4496428571429
34	64	65	1	362	-3	11.9168421052632
35	66	67	6	1040.8	-3	14.1915384615385
36	68	69	2	27.85	-3	22.61
37	0	0	0	0	-1	32.9
38	70	71	5	9.2	-3	24.8155555555556
39	0	0	0	0	-1	45.884
40	0	0	0	0	-1	56.1
41	72	73	8	5	-3	42.9647826086956
42	74	75	1	394.4	-3	29.5422222222222
43	76	77	1	216.55	-3	19.953
44	78	79	2	75.8	-3	34.8857894736842
45	80	81	3	47	-3	47.9945454545455
46	0	0	0	0	-1	17.0673333333333
47	82	83	4	197.5	-3	11.2938461538462
48	84	85	1	326.5	-3	33.1822807017544
49	86	87	8	78	-3	40.3847826086957
50	88	89	4	181	-3	63.6823529411765
51	90	91	6	976.5	-3	57.75
52	92	93	7	762.75	-3	31.1932061068702
53	94	95	6	900.5	-3	41.9451851851852
54	96	97	6	1051	-3	37.1705555555556
55	98	99	2	156.65	-3	46.126
56	100	101	4	132.55	-3	63.7115238095238
57	102	103	4	178.5	-3	56.645945945946
58	104	105	7	684.5	-3	55.1785714285714
59	106	107	4	208.75	-3	46.0338461538462
60	0	0	0	0	-1	12.64
61	108	109	8	5	-3	31.6061538461538
62	110	111	8	5	-3	23.6916666666667
63	112	113	2	224.45	-3	15.7472727272727
64	114	115	2	56.5	-3	10.5824489795918
65	116	117	7	774.3	-3	20.09
66	118	119	2	6.8	-3	16.41
67	120	121	5	8	-3	12.9766666666667
68	122	123	2	6.8	-3	23.1411111111111
69	0	0	0	0	-1	17.83
70	0	0	0	0	-1	32.11
71	124	125	4	167.15	-3	22.7314285714286
72	126	127	4	155.4	-3	35.5
73	128	129	1	381.95	-3	46.230625
74	130	131	5	12.75	-3	25.2690909090909
75	132	133	5	22.35	-3	36.2571428571429
76	134	135	7	788.4	-3	14.0225
77	136	137	5	12.15	-3	23.9066666666667
78	138	139	4	144.7	-3	33.3770588235294
79	0	0	0	0	-1	47.71
80	140	141	6	941.4	-3	49.4666666666667
81	0	0	0	0	-1	41.37
82	142	143	6	934.5	-3	12.015
83	0	0	0	0	-1	10.14
84	144	145	8	59	-3	26.8762068965517
85	146	147	4	223	-3	39.7135714285714
86	148	149	5	8.8	-3	37.1451612903226
87	150	151	5	11.05	-3	47.08
88	152	153	5	3.25	-3	71.8588888888889
89	0	0	0	0	-1	54.48375
90	154	155	1	518	-3	55.332
91	0	0	0	0	-1	69.84
92	156	157	8	59	-3	33.4667741935484
93	158	159	5	10.5	-3	29.1502898550725
94	0	0	0	0	-1	29.092
95	0	0	0	0	-1	44.8663636363636
96	160	161	6	1027.15	-3	44.3381818181818
97	162	163	2	88.9	-3	25.9071428571429
98	164	165	2	47.65	-3	49.2096774193548
99	166	167	2	210.1	-3	35.5044444444444
100	0	0	0	0	-1	47.656
101	168	169	4	166.4	-3	64.5143
102	170	171	3	115.6	-3	57.7002941176471
103	0	0	0	0	-1	44.6966666666667
104	0	0	0	0	-1	52.5466666666667
105	0	0	0	0	-1	57.1525
106	172	173	6	901.2	-3	49.49
107	174	175	2	85.5	-3	44.0984
108	176	177	1	520	-3	29.6744444444444
109	178	179	7	716.5	-3	32.6288235294118
110	0	0	0	0	-1	16.11
111	0	0	0	0	-1	25.208
112	180	181	8	5	-3	18.8041666666667
113	182	183	1	198.5	-3	12.079
114	184	185	7	848.8	-3	11.8666666666667
115	186	187	4	197.75	-3	9.61928571428572
116	0	0	0	0	-1	17.54
117	0	0	0	0	-1	27.74
118	188	189	1	353	-3	15.4978947368421
119	0	0	0	0	-1	20.7425
120	190	191	1	188.45	-3	13.2595
121	0	0	0	0	-1	7.32
122	192	193	3	47.05	-3	22.7523529411765
123	0	0	0	0	-1	29.75
124	0	0	0	0	-1	26.3925
125	0	0	0	0	-1	17.85
126	0	0	0	0	-1	40.6
127	0	0	0	0	-1	33.46
128	194	195	1	350.25	-3	45.3733333333333
129	0	0	0	0	-1	59.09
130	0	0	0	0	-1	27.35
131	196	197	7	936.5	-3	24.48875
132	198	199	6	899.45	-3	35.4166666666667
133	0	0	0	0	-1	41.3
134	0	0	0	0	-1	16.966
135	0	0	0	0	-1	9.11666666666667
136	200	201	4	164.4	-3	25.4133333333333
137	0	0	0	0	-1	19.3866666666667
138	0	0	0	0	-1	42.22
139	202	203	2	30.6	-3	32.198
140	204	205	2	111.75	-3	48.8875
141	0	0	0	0	-1	54.1
142	0	0	0	0	-1	9.74
143	0	0	0	0	-1	12.34
144	206	207	1	264	-3	23.8815151515152
145	208	209	7	859.5	-3	30.8292
146	210	211	7	715.95	-3	38.2619565217391
147	0	0	0	0	-1	46.391
148	212	213	3	133.75	-3	34.0922448979592
149	214	215	1	297.6	-3	40.545
150	216	217	7	753.9	-3	42.3918181818182
151	218	219	5	11.9	-3	59.9725
152	220	221	6	1082.5	-3	73.0842857142857
153	0	0	0	0	-1	67.57
154	0	0	0	0	-1	41.37
155	222	223	5	6.05	-3	56.8833333333333
156	224	225	1	188	-3	31.7575
157	226	227	4	197.75	-3	49.42
158	228	229	2	113	-3	28.3450793650794
159	230	231	4	174.8	-3	37.605
160	0	0	0	0	-1	49.29
161	232	233	8	135	-3	41.5085714285714
162	0	0	0	0	-1	29.2366666666667
163	0	0	0	0	-1	23.41
164	234	235	3	123.15	-3	40.9042857142857
165	236	237	8	42	-3	51.6320833333333
166	0	0	0	0	-1	18.29
167	238	239	1	158	-3	37.65625
168	240	241	4	163.95	-3	68.01
169	242	243	7	792.1	-3	60.0652272727273
170	244	245	2	135.85	-3	50.23
171	246	247	3	136.5	-3	65.1705882352941
172	248	249	7	728.65	-3	54.4042857142857
173	250	251	6	1044.9	-3	44.5757142857143
174	0	0	0	0	-1	48.4258333333333
175	252	253	4	221	-3	40.1038461538462
176	254	255	5	1.95	-3	26.2557142857143
177	0	0	0	0	-1	41.64
178	256	257	5	1.95	-3	38.03375
179	258	259	7	742	-3	27.8244444444444
180	0	0	0	0	-1	16.005
181	260	261	4	194.6	-3	20.20375
182	262	263	7	709.3	-3	12.70875
183	0	0	0	0	-1	9.56
184	264	265	5	4.35	-3	14.8
185	266	267	1	266	-3	9.66666666666667
186	268	269	8	5	-3	10.0433333333333
187	270	271	1	124.8	-3	8.856
188	272	273	3	50.25	-3	14.2552941176471
189	0	0	0	0	-1	26.06
190	274	275	1	167.05	-3	8.85333333333334
191	276	277	6	1095.7	-3	14.5387096774194
192	0	0	0	0	-1	20.2166666666667
193	278	279	1	235.95	-3	23.2957142857143
194	0	0	0	0	-1	42.625
195	280	281	4	167.5	-3	46.3727272727273
196	282	283	7	862.7	-3	23.8442857142857
197	0	0	0	0	-1	29
198	0	0	0	0	-1	34.28
199	0	0	0	0	-1	41.1
200	284	285	3	72.95	-3	26.72
201	0	0	0	0	-1	22.8
202	286	287	6	1053.55	-3	33.9854545454545
203	0	0	0	0	-1	27.2825
204	288	289	7	890.4	-3	48.0285714285714
205	0	0	0	0	-1	54.9
206	290	291	1	234.9	-3	20.225
207	292	293	6	1080	-3	25.4713043478261
208	294	295	8	362.5	-3	33.386
209	0	0	0	0	-1	26.994
210	0	0	0	0	-1	49.36
211	296	297	8	73	-3	36.9085365853659
212	298	299	6	952.9	-3	34.9673170731707
213	300	301	1	191.7	-3	29.6075
214	302	303	4	198.1	-3	42.8083333333333
215	304	305	7	761.95	-3	35.695
216	0	0	0	0	-1	56.74
217	306	307	1	263.25	-3	41.9434375
218	0	0	0	0	-1	57.3
219	308	309	4	152.2	-3	61.8814285714286
220	0	0	0	0	-1	76.24
221	0	0	0	0	-1	68.8766666666667
222	0	0	0	0	-1	54.1066666666667
223	310	311	1	529.65	-3	58.2716666666667
224	312	313	6	882.5	-3	29.8997142857143
225	314	315	3	80.15	-3	34.8538095238095
226	0	0	0	0	-1	49.7466666666667
227	0	0	0	0	-1	49.0933333333333
228	316	317	1	202.5	-3	34.8966666666667
229	318	319	8	59	-3	27.6554385964912
230	0	0	0	0	-1	44.61
231	0	0	0	0	-1	34.1025
232	0	0	0	0	-1	39.36
233	0	0	0	0	-1	44.3733333333333
234	0	0	0	0	-1	39.97
235	0	0	0	0	-1	42.15
236	0	0	0	0	-1	44.15
237	320	321	6	1070.75	-3	53.601052631579
238	322	323	4	177	-3	37.4
239	0	0	0	0	-1	39.45
240	324	325	5	11.75	-3	65.6581818181818
241	0	0	0	0	-1	76.6333333333333
242	326	327	1	322.85	-3	63.4737837837838
243	328	329	5	9	-3	42.0485714285714
244	330	331	4	151	-3	52.1333333333333
245	0	0	0	0	-1	35.955
246	332	333	5	8.7	-3	71.283
247	334	335	3	160.5	-3	56.4385714285714
248	0	0	0	0	-1	53.52
249	0	0	0	0	-1	56.615
250	336	337	7	674.4	-3	45.4416666666667
251	0	0	0	0	-1	39.38
252	0	0	0	0	-1	33.42
253	338	339	8	317.5	-3	40.6608333333333
254	0	0	0	0	-1	25.726
255	0	0	0	0	-1	27.58
256	0	0	0	0	-1	40.3625
257	0	0	0	0	-1	35.705
258	0	0	0	0	-1	25.972
259	0	0	0	0	-1	30.14
260	340	341	6	1012.4	-3	20.4883333333333
261	0	0	0	0	-1	19.35
262	0	0	0	0	-1	16.475
263	342	343	1	170.35	-3	11.4533333333333
264	344	345	3	70.5	-3	14.15875
265	0	0	0	0	-1	19.93
266	346	347	6	958.45	-3	8.60125
267	0	0	0	0	-1	11.7975
268	348	349	1	185.8	-3	7.86750000000001
269	350	351	6	956.1	-3	14.395
270	0	0	0	0	-1	2.33
271	352	353	6	965.5	-3	9.58111111111111
272	0	0	0	0	-1	15.55125
273	354	355	1	240.7	-3	13.1033333333333
274	0	0	0	0	-1	9.686
275	0	0	0	0	-1	7.8125
276	356	357	5	6.8	-3	16.1185
277	0	0	0	0	-1	11.6663636363636
278	358	359	3	118.25	-3	21.9416666666667
279	360	361	6	1036	-3	24.31125
280	0	0	0	0	-1	46.4714285714286
281	0	0	0	0	-1	46.2
282	0	0	0	0	-1	23.302
283	0	0	0	0	-1	25.2
284	0	0	0	0	-1	28.4333333333333
285	0	0	0	0	-1	25.0066666666667
286	362	363	3	98.05	-3	33.507
287	0	0	0	0	-1	38.77
288	0	0	0	0	-1	48.72
289	0	0	0	0	-1	46.3
290	0	0	0	0	-1	22.84
291	364	365	3	47.05	-3	19.9344444444444
292	366	367	5	9.5	-3	26.738
293	368	369	6	1086.5	-3	23.09625
294	370	371	3	47.3	-3	32.9607692307692
295	0	0	0	0	-1	36.15
296	372	373	6	1086.9	-3	36.03
297	374	375	6	990.75	-3	38.6028571428571
298	376	377	8	42	-3	39.88
299	378	379	6	1050	-3	33.9558823529412
300	380	381	3	169.7	-3	30.6985714285714
301	0	0	0	0	-1	21.97
302	382	383	1	252.05	-3	43.2010344827586
303	0	0	0	0	-1	31.42
304	0	0	0	0	-1	29.1966666666667
305	384	385	3	132.9	-3	37.4672727272727
306	386	387	5	4.95	-3	40.8841379310345
307	0	0	0	0	-1	52.1833333333333
308	0	0	0	0	-1	63.685
309	0	0	0	0	-1	51.06
310	0	0	0	0	-1	56.83
311	0	0	0	0	-1	58.56
312	388	389	5	11.15	-3	33.6973333333333
313	390	391	4	208.25	-3	27.0515
314	392	393	1	252.6	-3	34.2177777777778
315	0	0	0	0	-1	38.67
316	0	0	0	0	-1	17.96
317	0	0	0	0	-1	38.284
318	394	395	2	203	-3	25.9028260869565
319	396	397	4	197.75	-3	34.9845454545455
320	398	399	2	84.4	-3	53.0494444444444
321	0	0	0	0	-1	63.53
322	0	0	0	0	-1	37.43
323	0	0	0	0	-1	37.36
324	400	401	7	793.1	-3	70.2716666666667
325	402	403	7	704.35	-3	62.4642307692308
326	404	405	7	650.25	-3	56.7890909090909
327	406	407	4	178	-3	66.3019230769231
328	408	409	4	178.25	-3	41.5066666666667
329	0	0	0	0	-1	45.3
330	0	0	0	0	-1	49.74
331	410	411	4	159.5	-3	53.0036363636364
332	0	0	0	0	-1	64.4833333333333
333	412	413	1	349.5	-3	74.1971428571428
334	0	0	0	0	-1	60.102
335	0	0	0	0	-1	47.28
336	0	0	0	0	-1	47.12
337	0	0	0	0	-1	43.7633333333333
338	414	415	8	59	-3	40.053
339	0	0	0	0	-1	43.7
340	0	0	0	0	-1	23.15
341	0	0	0	0	-1	15.165
342	0	0	0	0	-1	9.62
343	0	0	0	0	-1	12.37
344	0	0	0	0	-1	14.0285714285714
345	0	0	0	0	-1	15.07
346	416	417	7	854.7	-3	9.31166666666667
347	0	0	0	0	-1	6.47
348	418	419	2	109	-3	6.31428571428572
349	0	0	0	0	-1	10.042
350	0	0	0	0	-1	13.0075
351	0	0	0	0	-1	17.17
352	0	0	0	0	-1	10.79
353	420	421	1	176.65	-3	9.23571428571429
354	422	423	5	2.3	-3	12.5128571428571
355	0	0	0	0	-1	15.17
356	424	425	3	12.25	-3	15.643125
357	0	0	0	0	-1	18.02
358	0	0	0	0	-1	22.97
359	0	0	0	0	-1	20.9133333333333
360	426	427	3	94.9	-3	24.8228571428571
361	0	0	0	0	-1	20.73
362	0	0	0	0	-1	34.95
363	428	429	7	901.8	-3	32.545
364	430	431	6	1114.9	-3	18.6475
365	0	0	0	0	-1	30.23
366	432	433	6	972	-3	26.345
367	0	0	0	0	-1	32.24
368	0	0	0	0	-1	21.65
369	0	0	0	0	-1	23.964
370	434	435	8	135	-3	32.8275
371	0	0	0	0	-1	34.56
372	436	437	6	981.9	-3	36.5507692307692
373	0	0	0	0	-1	22.49
374	438	439	4	200	-3	36.9833333333333
375	440	441	1	340	-3	39.8175
376	0	0	0	0	-1	40.06
377	0	0	0	0	-1	39.64
378	442	443	1	240	-3	33.0951851851852
379	444	445	1	201.35	-3	37.2757142857143
380	0	0	0	0	-1	29.502
381	0	0	0	0	-1	33.69
382	446	447	7	785.65	-3	39.6522222222222
383	448	449	8	42	-3	49.0081818181818
384	450	451	6	844.05	-3	36.51
385	0	0	0	0	-1	39.1425
386	0	0	0	0	-1	35.694
387	452	453	5	10.05	-3	41.9654166666667
388	454	455	6	821	-3	33.356
389	0	0	0	0	-1	34.38
390	456	457	2	139	-3	27.8666666666667
391	0	0	0	0	-1	19.715
392	458	459	2	161.9	-3	35.615
393	460	461	2	99.5	-3	33.1
394	462	463	4	175	-3	24.7764102564103
395	464	465	1	139.45	-3	32.1785714285714
396	466	467	7	841.15	-3	37.2357142857143
397	0	0	0	0	-1	31.045
398	468	469	1	194.2	-3	55.5266666666667
399	470	471	5	8.9	-3	51.8108333333333
400	0	0	0	0	-1	58.5733333333333
401	472	473	1	344.05	-3	72.6113333333333
402	0	0	0	0	-1	54.225
403	474	475	5	13.2	-3	63.9622727272727
404	0	0	0	0	-1	65.325
405	476	477	1	317.15	-3	51.9114285714286
406	478	479	6	904.05	-3	62.2592857142857
407	480	481	1	344.85	-3	71.0183333333333
408	0	0	0	0	-1	42.0833333333333
409	0	0	0	0	-1	40.93
410	0	0	0	0	-1	55.85
411	482	483	1	362.9	-3	52.3711111111111
412	0	0	0	0	-1	76.24
413	0	0	0	0	-1	72.665
414	0	0	0	0	-1	36.45
415	0	0	0	0	-1	40.4533333333333
416	0	0	0	0	-1	10.38
417	0	0	0	0	-1	8.7775
418	0	0	0	0	-1	4.78
419	0	0	0	0	-1	6.928
420	0	0	0	0	-1	9
421	0	0	0	0	-1	9.55
422	0	0	0	0	-1	14.4
423	484	485	4	195.35	-3	12.1983333333333
424	486	487	6	1078.6	-3	16.5641666666667
425	0	0	0	0	-1	12.88
426	0	0	0	0	-1	25.69
427	0	0	0	0	-1	24.476
428	0	0	0	0	-1	33.98
429	0	0	0	0	-1	25.37
430	0	0	0	0	-1	19.296
431	0	0	0	0	-1	17.5666666666667
432	0	0	0	0	-1	27.294
433	488	489	4	197.5	-3	25.8177777777778
434	0	0	0	0	-1	34.21
435	490	491	4	198	-3	31.84
436	492	493	4	194.5	-3	33.124
437	494	495	5	1.5	-3	38.6925
438	0	0	0	0	-1	37.836
439	0	0	0	0	-1	32.72
440	0	0	0	0	-1	38.2775
441	0	0	0	0	-1	41.3575
442	496	497	8	42	-3	32.12875
443	498	499	5	7.2	-3	34.5009090909091
444	0	0	0	0	-1	26.4
445	500	501	8	42	-3	39.0883333333333
446	0	0	0	0	-1	46.3
447	502	503	4	144.7	-3	37.0953846153846
448	504	505	7	867.4	-3	46.2733333333333
449	0	0	0	0	-1	52.29
450	0	0	0	0	-1	31.18
451	506	507	5	12.15	-3	37.3983333333333
452	508	509	7	778.9	-3	41.3340909090909
453	0	0	0	0	-1	48.91
454	0	0	0	0	-1	31.45
455	510	511	7	674	-3	34.1728571428571
456	0	0	0	0	-1	36.44
457	512	513	6	925.5	-3	27.3623529411765
458	0	0	0	0	-1	32.92
459	0	0	0	0	-1	37.232
460	0	0	0	0	-1	33.8
461	0	0	0	0	-1	32.4
462	514	515	3	63	-3	27.6366666666667
463	516	517	6	979.6	-3	24.2563636363636
464	0	0	0	0	-1	31.03
465	0	0	0	0	-1	33.04
466	0	0	0	0	-1	42.7475
467	0	0	0	0	-1	29.8866666666667
468	0	0	0	0	-1	55.84
469	0	0	0	0	-1	53.96
470	518	519	8	78	-3	52.73375
471	0	0	0	0	-1	49.965
472	0	0	0	0	-1	71.4855555555555
473	0	0	0	0	-1	74.3
474	0	0	0	0	-1	54.5
475	520	521	5	25.4	-3	65.4563157894737
476	0	0	0	0	-1	41.05
477	0	0	0	0	-1	56.256
478	0	0	0	0	-1	61.235
479	522	523	5	9.8	-3	62.669
480	0	0	0	0	-1	77.45
481	524	525	1	402.5	-3	69.732
482	0	0	0	0	-1	52.83
483	526	527	8	42	-3	52.31375
484	0	0	0	0	-1	12.632
485	0	0	0	0	-1	10.03
486	528	529	6	1069.1	-3	17.2811111111111
487	0	0	0	0	-1	14.4133333333333
488	530	531	6	1005.85	-3	26.49
489	0	0	0	0	-1	23.465
490	0	0	0	0	-1	33.31
491	0	0	0	0	-1	28.165
492	0	0	0	0	-1	37.198
493	0	0	0	0	-1	29.05
494	532	533	6	1040.3	-3	37.6025
495	0	0	0	0	-1	41.9625
496	0	0	0	0	-1	29.214
497	534	535	5	6.8	-3	33.4536363636364
498	536	537	7	756	-3	33.99
499	0	0	0	0	-1	36.8
500	0	0	0	0	-1	36.115
501	0	0	0	0	-1	40.575
502	0	0	0	0	-1	52.5
503	538	539	4	158.95	-3	35.8116666666667
504	0	0	0	0	-1	39.94
505	0	0	0	0	-1	49.44
506	0	0	0	0	-1	38.1625
507	0	0	0	0	-1	35.87
508	540	541	5	6.4	-3	44.1814285714286
509	542	543	4	168.4	-3	40.0053333333333
510	0	0	0	0	-1	39.84
511	544	545	4	191	-3	33.2283333333333
512	0	0	0	0	-1	23.89
513	546	547	2	146.95	-3	28.1064285714286
514	0	0	0	0	-1	26.92
515	0	0	0	0	-1	29.07
516	548	549	3	95	-3	24.781
517	0	0	0	0	-1	19.01
518	0	0	0	0	-1	51.0075
519	0	0	0	0	-1	54.46
520	550	551	1	371.9	-3	64.055
521	0	0	0	0	-1	69.38
522	0	0	0	0	-1	62.6857142857143
523	0	0	0	0	-1	62.63
524	0	0	0	0	-1	65.91
525	552	553	8	42	-3	70.6875
526	0	0	0	0	-1	51.415
527	0	0	0	0	-1	55.01
528	554	555	4	184.5	-3	16.79375
529	0	0	0	0	-1	21.18
530	0	0	0	0	-1	25.1
531	0	0	0	0	-1	27.046
532	556	557	4	189.5	-3	39.5828571428571
533	0	0	0	0	-1	34.83
534	558	559	3	107.45	-3	30.59
535	0	0	0	0	-1	38.465
536	0	0	0	0	-1	34.77
537	0	0	0	0	-1	33.366
538	560	561	1	235.35	-3	33.81
539	562	563	7	800.75	-3	37.8133333333333
540	0	0	0	0	-1	40.505
541	0	0	0	0	-1	45.652
542	564	565	4	163.85	-3	38.9557142857143
543	566	567	5	6.6	-3	40.92375
544	0	0	0	0	-1	33.306
545	0	0	0	0	-1	32.84
546	0	0	0	0	-1	25.56
547	568	569	5	3	-3	28.3023076923077
548	570	571	2	116.3	-3	22.6407692307692
549	572	573	2	157.6	-3	26.4176470588235
550	0	0	0	0	-1	67.1
551	574	575	4	152.45	-3	62.837
552	0	0	0	0	-1	67.5333333333333
553	0	0	0	0	-1	72.58
554	0	0	0	0	-1	17.54
555	576	577	6	1058	-3	16.6871428571429
556	578	579	1	398.5	-3	40.89
557	0	0	0	0	-1	31.74
558	0	0	0	0	-1	29.45
559	0	0	0	0	-1	31.445
560	0	0	0	0	-1	33.745
561	0	0	0	0	-1	33.94
562	0	0	0	0	-1	31.72
563	0	0	0	0	-1	39.032
564	0	0	0	0	-1	41.1125
565	0	0	0	0	-1	36.08
566	580	581	5	5.6	-3	40.4442857142857
567	0	0	0	0	-1	44.28
568	0	0	0	0	-1	29.89
569	582	583	1	147.8	-3	28.0136363636364
570	0	0	0	0	-1	19.99
571	584	585	6	920	-3	23.1227272727273
572	586	587	6	850	-3	26.0246153846154
573	0	0	0	0	-1	27.695
574	0	0	0	0	-1	62.8333333333333
575	0	0	0	0	-1	62.8385714285714
576	0	0	0	0	-1	17.0833333333333
577	0	0	0	0	-1	16.39
578	0	0	0	0	-1	38.08
579	0	0	0	0	-1	43.7
580	0	0	0	0	-1	41.5566666666667
581	0	0	0	0	-1	39.61
582	0	0	0	0	-1	29.7233333333333
583	588	589	4	187.55	-3	27.3725
584	0	0	0	0	-1	22.1625
585	590	591	5	3.5	-3	23.6714285714286
586	0	0	0	0	-1	29.16
587	592	593	6	916.7	-3	25.7633333333333
588	0	0	0	0	-1	27.68
589	0	0	0	0	-1	26.86
590	0	0	0	0	-1	24.05
591	0	0	0	0	-1	23.52
592	594	595	4	185.6	-3	25.385
593	596	597	7	774.15	-3	26.1416666666667
594	0	0	0	0	-1	26.23
595	0	0	0	0	-1	23.695
596	0	0	0	0	-1	26.14
597	0	0	0	0	-1	26.15
