1	2	3	8	0.995565	-3	5.63852407754847
2	4	5	10	0.635	-3	6.05191256830601
3	6	7	2	0.5475	-3	5.51581508515815
4	8	9	10	0.535	-3	5.70192307692308
5	10	11	2	0.8325	-3	6.5126582278481
6	12	13	10	0.645	-3	5.74921630094044
7	14	15	2	0.8625	-3	5.26554621848739
8	16	17	3	0.245	-3	5.36231884057971
9	18	19	9	3.275	-3	5.8705035971223
10	20	21	11	11.25	-3	6.48387096774193
11	0	0	0	0	-1	8
12	22	23	10	0.585	-3	5.46153846153846
13	24	25	2	0.335	-3	5.98295454545454
14	26	27	11	9.95	-3	5.32514177693762
15	28	29	6	6.5	-3	4.78787878787879
16	30	31	2	1	-3	5.10714285714286
17	32	33	1	7.95	-3	6.46153846153846
18	34	35	2	0.37	-3	6.51612903225806
19	36	37	6	8.5	-3	5.68518518518519
20	38	39	9	3.19	-3	6.12962962962963
21	40	41	7	56.5	-3	6.67326732673267
22	42	43	11	10.05	-3	5.36423841059603
23	44	45	7	71	-3	5.57037037037037
24	46	47	1	10.05	-3	6.36448598130841
25	48	49	5	0.1225	-3	5.81632653061225
26	50	51	9	3.52	-3	5.14880952380952
27	52	53	1	9.75	-3	5.63212435233161
28	54	55	5	0.0925	-3	4.19047619047619
29	56	57	1	7.1	-3	5.06666666666667
30	58	59	2	0.43	-3	5.19230769230769
31	0	0	0	0	-1	4
32	60	61	5	0.073	-3	6.71428571428571
33	62	63	4	3.65	-3	6.16666666666667
34	64	65	4	2.2	-3	6.78260869565217
35	66	67	5	0.0695	-3	5.75
36	68	69	1	5.1	-3	5.23076923076923
37	70	71	7	66	-3	5.82926829268293
38	72	73	3	0.33	-3	6.66666666666667
39	74	75	5	0.0785	-3	6.02222222222222
40	76	77	2	0.425	-3	6.82857142857143
41	78	79	1	5.15	-3	6.32258064516129
42	80	81	2	0.525	-3	5.1875
43	82	83	1	7.15	-3	5.67272727272727
44	84	85	5	0.0825	-3	5.71698113207547
45	86	87	9	3.35	-3	5.03448275862069
46	88	89	11	9.8	-3	6.03636363636364
47	90	91	2	0.29	-3	6.71153846153846
48	92	93	6	32.5	-3	5.90654205607477
49	94	95	1	10.55	-3	5.19354838709677
50	96	97	10	0.535	-3	5.12171052631579
51	98	99	10	0.885	-3	5.40625
52	100	101	10	0.575	-3	5.50657894736842
53	102	103	4	3	-3	6.09756097560976
54	104	105	7	11.5	-3	4.31578947368421
55	0	0	0	0	-1	3
56	106	107	7	26	-3	4.42857142857143
57	108	109	11	11.25	-3	5.18421052631579
58	0	0	0	0	-1	5.75
59	110	111	4	1.25	-3	5.14583333333333
60	0	0	0	0	-1	7
61	0	0	0	0	-1	6
62	0	0	0	0	-1	6
63	0	0	0	0	-1	7
64	112	113	9	3.06	-3	6.85714285714286
65	0	0	0	0	-1	6
66	0	0	0	0	-1	6
67	0	0	0	0	-1	5.33333333333333
68	0	0	0	0	-1	4
69	114	115	10	0.625	-3	5.33333333333333
70	116	117	10	0.545	-3	5.94285714285714
71	118	119	8	0.9933	-3	5.16666666666667
72	0	0	0	0	-1	6
73	120	121	2	0.3	-3	6.85714285714286
74	122	123	5	0.0645	-3	6.1025641025641
75	124	125	10	0.725	-3	5.5
76	126	127	1	10.2	-3	6.97959183673469
77	128	129	1	7.95	-3	6.47619047619048
78	130	131	7	87	-3	7
79	132	133	4	1.85	-3	6.125
80	134	135	11	9.95	-3	5.14285714285714
81	0	0	0	0	-1	6
82	136	137	5	0.058	-3	5.07692307692308
83	138	139	1	11	-3	5.85714285714286
84	140	141	4	3.8	-3	5.59375
85	142	143	8	0.9995	-3	5.90476190476191
86	144	145	7	119	-3	5
87	0	0	0	0	-1	5.2
88	146	147	6	10.5	-3	5.44444444444444
89	148	149	7	18.5	-3	6.32432432432432
90	150	151	11	10.4	-3	6.375
91	152	153	4	2.15	-3	7
92	154	155	9	3.345	-3	5.96335078534032
93	156	157	7	91.5	-3	5.43478260869565
94	158	159	11	9.85	-3	5
95	0	0	0	0	-1	6.2
96	160	161	4	9.3	-3	4.95604395604396
97	162	163	1	10.35	-3	5.1924882629108
98	164	165	11	9.4	-3	5.32142857142857
99	0	0	0	0	-1	6
100	166	167	7	16	-3	5.19230769230769
101	168	169	10	0.605	-3	5.67
102	170	171	7	39	-3	5.61538461538461
103	172	173	11	12.8	-3	6.93333333333333
104	174	175	1	8.1	-3	4
105	176	177	8	0.99628	-3	4.54545454545454
106	0	0	0	0	-1	5.5
107	0	0	0	0	-1	4
108	178	179	2	1.0375	-3	5.25
109	0	0	0	0	-1	4
110	0	0	0	0	-1	7
111	180	181	4	3.825	-3	5.1063829787234
112	0	0	0	0	-1	8
113	182	183	8	0.99393	-3	6.8
114	184	185	11	11.45	-3	5.19047619047619
115	0	0	0	0	-1	6.33333333333333
116	186	187	5	0.077	-3	5.64285714285714
117	188	189	10	0.555	-3	6.01785714285714
118	0	0	0	0	-1	6
119	190	191	4	5.3	-3	5.09090909090909
120	0	0	0	0	-1	6
121	192	193	5	0.0585	-3	7
122	194	195	5	0.0585	-3	6
123	196	197	11	10.675	-3	6.23529411764706
124	0	0	0	0	-1	5
125	0	0	0	0	-1	6
126	198	199	6	18.5	-3	7.04347826086957
127	0	0	0	0	-1	6
128	200	201	1	7.7	-3	6.66666666666667
129	202	203	4	1.85	-3	6
130	0	0	0	0	-1	7
131	0	0	0	0	-1	7
132	204	205	1	5.35	-3	6.5
133	0	0	0	0	-1	6
134	206	207	2	0.245	-3	5.19047619047619
135	208	209	3	0.41	-3	4.57142857142857
136	0	0	0	0	-1	4
137	210	211	1	6.95	-3	5.27272727272727
138	212	213	4	5.4	-3	5.91891891891892
139	0	0	0	0	-1	5.4
140	214	215	6	27.5	-3	5.53333333333333
141	0	0	0	0	-1	6.5
142	216	217	7	11	-3	6
143	0	0	0	0	-1	5.2
144	0	0	0	0	-1	5
145	218	219	11	0	-3	5
146	220	221	10	0.845	-3	5
147	222	223	3	0.36	-3	5.8
148	0	0	0	0	-1	7.4
149	224	225	7	88	-3	6.15625
150	226	227	1	11.65	-3	6.15384615384615
151	228	229	9	3.215	-3	6.63636363636364
152	230	231	1	10.45	-3	6.42857142857143
153	232	233	4	4.9	-3	7.19047619047619
154	234	235	6	28.5	-3	6.04605263157895
155	236	237	7	66	-3	5.64102564102564
156	238	239	11	11.7	-3	6
157	240	241	3	0.46	-3	5
158	242	243	9	3.165	-3	5.3
159	244	245	10	0.88	-3	4
160	246	247	11	9.05	-3	4.94444444444445
161	0	0	0	0	-1	6
162	248	249	3	0.005	-3	5.21256038647343
163	250	251	4	2.25	-3	4.5
164	252	253	6	13.5	-3	5.85714285714286
165	254	255	10	0.54	-3	5.14285714285714
166	256	257	10	0.565	-3	4.88888888888889
167	258	259	11	10.45	-3	5.35294117647059
168	260	261	6	5.25	-3	5.91891891891892
169	262	263	5	0.0855	-3	5.52380952380952
170	264	265	7	18.5	-3	5.35714285714286
171	266	267	5	0.0955	-3	5.91666666666667
172	268	269	2	0.6075	-3	6.85714285714286
173	0	0	0	0	-1	8
174	270	271	2	0.905	-3	4.33333333333333
175	0	0	0	0	-1	3
176	0	0	0	0	-1	4
177	272	273	4	2.625	-3	5
178	274	275	5	0.1375	-3	5.15625
179	0	0	0	0	-1	6
180	276	277	9	3.59	-3	5.1304347826087
181	0	0	0	0	-1	4
182	0	0	0	0	-1	6
183	278	279	7	0	-3	7
184	280	281	7	14.5	-3	5
185	282	283	1	5.85	-3	5.57142857142857
186	284	285	4	2.25	-3	5.16666666666667
187	286	287	1	0	-3	6
188	0	0	0	0	-1	7
189	288	289	8	0.993995	-3	6
190	290	291	9	3.335	-3	5
191	0	0	0	0	-1	6
192	0	0	0	0	-1	7
193	0	0	0	0	-1	7
194	292	293	11	11.15	-3	6.33333333333333
195	294	295	8	0.994495	-3	5.875
196	0	0	0	0	-1	6.66666666666667
197	296	297	6	21	-3	6.14285714285714
198	298	299	3	0.295	-3	7.13888888888889
199	300	301	11	11.55	-3	6.7
200	302	303	9	3.335	-3	6.46153846153846
201	0	0	0	0	-1	8
202	0	0	0	0	-1	6
203	0	0	0	0	-1	6
204	0	0	0	0	-1	6
205	0	0	0	0	-1	7.5
206	0	0	0	0	-1	4
207	304	305	5	0.0805	-3	5.20481927710843
208	0	0	0	0	-1	4.4
209	0	0	0	0	-1	5
210	0	0	0	0	-1	5.75
211	306	307	1	0	-3	5
212	308	309	8	0.995765	-3	5.88888888888889
213	0	0	0	0	-1	7
214	310	311	10	0.635	-3	5.46
215	312	313	5	0.079	-3	5.9
216	0	0	0	0	-1	6.6
217	314	315	11	9.2	-3	5.90625
218	0	0	0	0	-1	6
219	316	317	9	3.245	-3	5
220	318	319	8	0	-3	5
221	0	0	0	0	-1	5
222	0	0	0	0	-1	5
223	320	321	3	0.535	-3	5.88888888888889
224	322	323	5	0.1	-3	6.06896551724138
225	0	0	0	0	-1	7
226	324	325	5	10.95	-3	6
227	0	0	0	0	-1	6.66666666666667
228	326	327	2	0.27	-3	7
229	0	0	0	0	-1	6
230	0	0	0	0	-1	7
231	0	0	0	0	-1	6
232	328	329	1	12.2	-3	7.10526315789474
233	0	0	0	0	-1	8
234	330	331	7	54.5	-3	5.99275362318841
235	332	333	8	0.99804	-3	6.57142857142857
236	334	335	3	0.62	-3	5.89285714285714
237	336	337	7	115	-3	5
238	338	339	8	0.99711	-3	5.88888888888889
239	0	0	0	0	-1	7
240	0	0	0	0	-1	5
241	340	341	8	0.9977	-3	5
242	342	343	7	32	-3	5.07142857142857
243	344	345	2	0.39	-3	5.83333333333333
244	0	0	0	0	-1	3.6
245	0	0	0	0	-1	6
246	0	0	0	0	-1	4.33333333333333
247	346	347	3	0.01	-3	4.96551724137931
248	348	349	5	0.0915	-3	5.44444444444444
249	350	351	10	1.25	-3	5.17777777777778
250	0	0	0	0	-1	3.33333333333333
251	0	0	0	0	-1	5.66666666666667
252	0	0	0	0	-1	5
253	352	353	8	0.72	-3	6
254	0	0	0	0	-1	6
255	354	355	6	16.5	-3	5.05263157894737
256	356	357	7	10	-3	4.94117647058824
257	0	0	0	0	-1	4
258	358	359	4	3.65	-3	5
259	360	361	7	20.5	-3	5.70588235294118
260	0	0	0	0	-1	4.75
261	362	363	1	6.85	-3	6.06060606060606
262	364	365	9	3.515	-3	5.75757575757576
263	366	367	10	0.73	-3	5.26666666666667
264	0	0	0	0	-1	6
265	368	369	5	0.0815	-3	5.1
266	370	371	4	2.65	-3	6
267	0	0	0	0	-1	5
268	0	0	0	0	-1	6
269	372	373	1	14.2	-3	7
270	0	0	0	0	-1	4.66666666666667
271	0	0	0	0	-1	4
272	0	0	0	0	-1	5
273	0	0	0	0	-1	5
274	374	375	5	0.069	-3	5.09677419354839
275	0	0	0	0	-1	7
276	376	377	8	0.99264	-3	5.11111111111111
277	0	0	0	0	-1	6
278	0	0	0	0	-1	5
279	378	379	7	0	-3	7
280	380	381	1	5.85	-3	4.7
281	0	0	0	0	-1	5.75
282	0	0	0	0	-1	5
283	0	0	0	0	-1	6
284	0	0	0	0	-1	5
285	0	0	0	0	-1	6
286	0	0	0	0	-1	6
287	0	0	0	0	-1	6
288	382	383	4	2.35	-3	6.07142857142857
289	384	385	9	3.49	-3	5.92592592592593
290	0	0	0	0	-1	5
291	0	0	0	0	-1	5
292	0	0	0	0	-1	6
293	0	0	0	0	-1	7
294	0	0	0	0	-1	5
295	386	387	1	6.25	-3	6
296	388	389	6	14.5	-3	6.08333333333333
297	0	0	0	0	-1	6.5
298	0	0	0	0	-1	6.66666666666667
299	390	391	4	1.9	-3	7.18181818181818
300	0	0	0	0	-1	6
301	392	393	7	36.5	-3	6.77777777777778
302	0	0	0	0	-1	6
303	394	395	11	11.4	-3	6.75
304	396	397	3	0.105	-3	5.37142857142857
305	398	399	11	9.85	-3	5.08333333333333
306	0	0	0	0	-1	7
307	0	0	0	0	-1	5
308	0	0	0	0	-1	5.5
309	400	401	1	7.55	-3	5.9375
310	402	403	4	1.85	-3	5.58823529411765
311	404	405	4	1.55	-3	5.1875
312	406	407	4	1.85	-3	6
313	0	0	0	0	-1	5
314	0	0	0	0	-1	5
315	408	409	2	0.285	-3	5.93548387096774
316	0	0	0	0	-1	5
317	0	0	0	0	-1	5
318	0	0	0	0	-1	5
319	410	411	8	0.9987	-3	5
320	0	0	0	0	-1	6
321	0	0	0	0	-1	5
322	412	413	10	0.955	-3	6.14814814814815
323	0	0	0	0	-1	5
324	414	415	4	2.7	-3	6
325	0	0	0	0	-1	6
326	0	0	0	0	-1	7
327	0	0	0	0	-1	7
328	416	417	10	0.845	-3	6.91666666666667
329	418	419	1	12.7	-3	7.42857142857143
330	420	421	4	2.25	-3	6.08035714285714
331	422	423	6	8	-3	5.61538461538461
332	424	425	2	0.45	-3	6.9
333	0	0	0	0	-1	5.75
334	426	427	7	37.5	-3	5.96153846153846
335	0	0	0	0	-1	5
336	428	429	6	14.5	-3	5
337	0	0	0	0	-1	5
338	0	0	0	0	-1	6
339	0	0	0	0	-1	5
340	0	0	0	0	-1	5
341	0	0	0	0	-1	5
342	0	0	0	0	-1	6
343	430	431	11	0.99852	-3	5
344	0	0	0	0	-1	5
345	0	0	0	0	-1	6
346	432	433	11	9.55	-3	4.78571428571429
347	434	435	2	0.825	-3	5
348	436	437	2	0.655	-3	5.23529411764706
349	438	439	8	0.996315	-3	5.8
350	440	441	8	0.99676	-3	5.1685393258427
351	0	0	0	0	-1	6
352	0	0	0	0	-1	5
353	0	0	0	0	-1	6
354	442	443	8	0.99716	-3	5
355	444	445	5	0.078	-3	5.11111111111111
356	0	0	0	0	-1	4.75
357	446	447	4	0	-3	5
358	448	449	1	9.05	-3	4.9375
359	0	0	0	0	-1	6
360	0	0	0	0	-1	6.4
361	450	451	6	20	-3	5.41666666666667
362	452	453	10	0.595	-3	6.375
363	454	455	9	3.425	-3	5.96
364	456	457	3	0.15	-3	5.67741935483871
365	0	0	0	0	-1	7
366	458	459	8	0.995715	-3	5.08333333333333
367	0	0	0	0	-1	6
368	0	0	0	0	-1	5
369	0	0	0	0	-1	6
370	460	461	11	10.55	-3	6
371	0	0	0	0	-1	6
372	0	0	0	0	-1	7
373	0	0	0	0	-1	7
374	0	0	0	0	-1	6
375	462	463	5	0.077	-3	5.03448275862069
376	0	0	0	0	-1	6
377	464	465	11	10.35	-3	5.09090909090909
378	0	0	0	0	-1	6
379	466	467	10	0	-3	7
380	0	0	0	0	-1	4
381	468	469	2	0.53	-3	4.77777777777778
382	470	471	8	0.992245	-3	6
383	0	0	0	0	-1	6.5
384	472	473	2	0.615	-3	6
385	474	475	6	15.5	-3	5.71428571428571
386	0	0	0	0	-1	6
387	0	0	0	0	-1	6
388	0	0	0	0	-1	6.5
389	0	0	0	0	-1	6
390	476	477	5	0.0745	-3	7.83333333333333
391	478	479	2	0.375	-3	7.03703703703704
392	0	0	0	0	-1	6.33333333333333
393	480	481	7	39.5	-3	7
394	0	0	0	0	-1	6
395	482	483	7	11.5	-3	7
396	0	0	0	0	-1	6
397	484	485	6	23.5	-3	5.3125
398	486	487	11	9.075	-3	5.02222222222222
399	0	0	0	0	-1	6
400	488	489	4	2.6	-3	5.77777777777778
401	490	491	10	0.485	-3	6
402	492	493	2	0.265	-3	5.27272727272727
403	494	495	6	14.5	-3	5.73913043478261
404	0	0	0	0	-1	6
405	496	497	5	0.0775	-3	5
406	0	0	0	0	-1	6
407	498	499	6	28.5	-3	6
408	0	0	0	0	-1	5
409	500	501	1	9.6	-3	5.96666666666667
410	0	0	0	0	-1	5
411	0	0	0	0	-1	5
412	502	503	2	0.305	-3	6.2
413	0	0	0	0	-1	5.5
414	0	0	0	0	-1	6
415	504	505	4	3.8	-3	6
416	506	507	11	11.05	-3	7
417	0	0	0	0	-1	6.8
418	0	0	0	0	-1	8
419	0	0	0	0	-1	7
420	508	509	9	3.15	-3	5.87719298245614
421	510	511	10	0.79	-3	6.29090909090909
422	0	0	0	0	-1	5
423	512	513	7	56.5	-3	5.66666666666667
424	0	0	0	0	-1	6.5
425	514	515	11	11.85	-3	7
426	516	517	7	34	-3	5.85714285714286
427	518	519	9	3.395	-3	6
428	0	0	0	0	-1	5
429	520	521	5	0	-3	5
430	0	0	0	0	-1	5
431	522	523	9	3.045	-3	5
432	524	525	2	0.7725	-3	5
433	0	0	0	0	-1	4.25
434	526	527	1	8.7	-3	5.01408450704225
435	0	0	0	0	-1	4.5
436	0	0	0	0	-1	6
437	528	529	11	9.35	-3	5
438	0	0	0	0	-1	5
439	530	531	5	0	-3	6
440	532	533	8	0.99591	-3	5.03448275862069
441	534	535	9	3.205	-3	5.23333333333333
442	0	0	0	0	-1	5
443	536	537	11	0	-3	5
444	538	539	8	0.99775	-3	5
445	0	0	0	0	-1	6
446	0	0	0	0	-1	6
447	540	541	8	0.99625	-3	5
448	542	543	1	8.3	-3	4.86666666666667
449	0	0	0	0	-1	6
450	544	545	8	0.99655	-3	5.22222222222222
451	0	0	0	0	-1	6
452	0	0	0	0	-1	7
453	0	0	0	0	-1	6
454	546	547	11	10.8	-3	6
455	0	0	0	0	-1	5.5
456	548	549	1	6.75	-3	5.9
457	550	551	4	1.95	-3	5.27272727272727
458	0	0	0	0	-1	4
459	552	553	7	53	-3	5.1304347826087
460	0	0	0	0	-1	6
461	554	555	10	14.5	-3	6
462	0	0	0	0	-1	5.25
463	556	557	9	3.42	-3	5
464	558	559	11	9.7	-3	5
465	560	561	5	0.046	-3	5.16
466	0	0	0	0	-1	6
467	562	563	7	0	-3	7
468	564	565	4	1.85	-3	4.66666666666667
469	0	0	0	0	-1	5
470	0	0	0	0	-1	6
471	566	567	8	12.3	-3	6
472	568	569	2	0.45	-3	6
473	0	0	0	0	-1	6
474	0	0	0	0	-1	5
475	570	571	5	0.0655	-3	5.83333333333333
476	0	0	0	0	-1	8
477	0	0	0	0	-1	7
478	0	0	0	0	-1	7
479	0	0	0	0	-1	7.5
480	0	0	0	0	-1	7
481	0	0	0	0	-1	7
482	0	0	0	0	-1	7
483	0	0	0	0	-1	7
484	572	573	5	0.0705	-3	5.41666666666667
485	574	575	5	0.0735	-3	5
486	0	0	0	0	-1	4
487	576	577	4	1.85	-3	5.04545454545455
488	578	579	9	0	-3	6
489	0	0	0	0	-1	5
490	0	0	0	0	-1	6
491	580	581	7	57.5	-3	6
492	0	0	0	0	-1	6
493	582	583	5	0.0765	-3	5.2
494	584	585	2	0.265	-3	5.83333333333333
495	0	0	0	0	-1	5.4
496	586	587	2	0	-3	5
497	0	0	0	0	-1	5
498	0	0	0	0	-1	6
499	0	0	0	0	-1	6
500	588	589	5	0.106	-3	5.92592592592593
501	0	0	0	0	-1	6.33333333333333
502	590	591	11	10.85	-3	6.1
503	0	0	0	0	-1	6.6
504	0	0	0	0	-1	6
505	0	0	0	0	-1	6
506	0	0	0	0	-1	7
507	0	0	0	0	-1	7
508	592	593	10	0.815	-3	6.09090909090909
509	594	595	1	10.25	-3	5.74285714285714
510	596	597	8	0.9979	-3	6.5
511	598	599	7	14	-3	6.10344827586207
512	0	0	0	0	-1	5
513	600	601	4	3.65	-3	5.72727272727273
514	602	603	11	10.8	-3	7
515	0	0	0	0	-1	7
516	604	605	11	10.1	-3	6
517	0	0	0	0	-1	5
518	0	0	0	0	-1	6
519	606	607	11	9.1	-3	6
520	0	0	0	0	-1	5
521	0	0	0	0	-1	5
522	0	0	0	0	-1	5
523	608	609	8	0	-3	5
524	610	611	11	9.35	-3	5
525	0	0	0	0	-1	5
526	612	613	1	8.45	-3	5.03174603174603
527	614	615	6	14.5	-3	4.875
528	616	617	1	0	-3	5
529	618	619	8	0	-3	5
530	0	0	0	0	-1	6
531	0	0	0	0	-1	6
532	0	0	0	0	-1	5.4
533	620	621	4	1.45	-3	5
534	622	623	6	5.5	-3	4.96428571428571
535	624	625	8	0.997455	-3	5.31521739130435
536	0	0	0	0	-1	5
537	626	627	10	0.025	-3	5
538	628	629	1	0	-3	5
539	0	0	0	0	-1	5
540	0	0	0	0	-1	5
541	630	631	6	0	-3	5
542	632	633	4	2.15	-3	5
543	0	0	0	0	-1	4.5
544	634	635	8	0	-3	5
545	0	0	0	0	-1	6
546	636	637	10	16.5	-3	6
547	0	0	0	0	-1	6
548	0	0	0	0	-1	5
549	638	639	1	7.1	-3	5.94736842105263
550	0	0	0	0	-1	5
551	0	0	0	0	-1	5.6
552	640	641	4	2.55	-3	5
553	642	643	8	0.99762	-3	5.42857142857143
554	0	0	0	0	-1	6
555	0	0	0	0	-1	6
556	644	645	9	0.99788	-3	5
557	646	647	2	0	-3	5
558	648	649	10	0.51	-3	5
559	650	651	5	1.65	-3	5
560	0	0	0	0	-1	6
561	652	653	10	0.435	-3	5.08695652173913
562	0	0	0	0	-1	6
563	654	655	7	19.5	-3	7
564	0	0	0	0	-1	5
565	0	0	0	0	-1	4
566	0	0	0	0	-1	6
567	0	0	0	0	-1	6
568	0	0	0	0	-1	6
569	656	657	7	21	-3	6
570	0	0	0	0	-1	5
571	0	0	0	0	-1	6
572	658	659	3	0.31	-3	5.21428571428571
573	660	661	2	0.465	-3	5.7
574	0	0	0	0	-1	5
575	662	663	6	0	-3	5
576	664	665	1	7.5	-3	5.18181818181818
577	666	667	3	0.505	-3	5
578	0	0	0	0	-1	6
579	668	669	9	0.36	-3	6
580	670	671	2	0.52	-3	6
581	0	0	0	0	-1	6
582	0	0	0	0	-1	5
583	0	0	0	0	-1	5.4
584	0	0	0	0	-1	5
585	672	673	4	3	-3	5.88235294117647
586	0	0	0	0	-1	7
587	674	675	5	0.074	-3	5
588	676	677	8	0.997725	-3	6
589	0	0	0	0	-1	5.33333333333333
590	678	679	8	0.99631	-3	6
591	0	0	0	0	-1	6.4
592	680	681	5	0.094	-3	6.14285714285714
593	0	0	0	0	-1	5
594	682	683	9	3.175	-3	5.625
595	684	685	2	0	-3	6
596	686	687	11	12.45	-3	6.8125
597	688	689	6	0	-3	6
598	0	0	0	0	-1	5
599	690	691	5	0.09	-3	6.18518518518519
600	692	693	8	0.99684	-3	5.84210526315789
601	0	0	0	0	-1	5
602	0	0	0	0	-1	7
603	0	0	0	0	-1	7
604	0	0	0	0	-1	6
605	0	0	0	0	-1	6
606	0	0	0	0	-1	6
607	694	695	1	7.45	-3	6
608	0	0	0	0	-1	5
609	696	697	1	7.75	-3	5
610	0	0	0	0	-1	5
611	0	0	0	0	-1	5
612	698	699	2	0.7825	-3	5.01754385964912
613	700	701	1	8.55	-3	5.16666666666667
614	702	703	6	0	-3	5
615	0	0	0	0	-1	4
616	0	0	0	0	-1	6
617	704	705	10	0	-3	5
618	0	0	0	0	-1	5
619	0	0	0	0	-1	5
620	0	0	0	0	-1	4
621	706	707	11	9.75	-3	5.01923076923077
622	0	0	0	0	-1	5.33333333333333
623	708	709	9	3.195	-3	4.92
624	710	711	4	2.05	-3	5.52380952380952
625	712	713	6	12.5	-3	5.14
626	0	0	0	0	-1	5
627	0	0	0	0	-1	5
628	0	0	0	0	-1	6
629	714	715	9	3.595	-3	5
630	0	0	0	0	-1	6
631	716	717	5	0.057	-3	5
632	718	719	6	0	-3	5
633	0	0	0	0	-1	5
634	0	0	0	0	-1	5
635	720	721	4	3.29	-3	5
636	722	723	8	0.99771	-3	6
637	0	0	0	0	-1	6
638	0	0	0	0	-1	5.8
639	724	725	1	32	-3	6
640	0	0	0	0	-1	5
641	726	727	4	0.675	-3	5
642	0	0	0	0	-1	6
643	0	0	0	0	-1	5
644	0	0	0	0	-1	5
645	728	729	9	3.22	-3	5
646	0	0	0	0	-1	6
647	0	0	0	0	-1	5
648	730	731	11	0	-3	5
649	0	0	0	0	-1	5
650	732	733	3	0.005	-3	5
651	0	0	0	0	-1	5
652	0	0	0	0	-1	5.5
653	734	735	3	0.015	-3	5.04761904761905
654	736	737	1	8.1	-3	7
655	0	0	0	0	-1	7
656	0	0	0	0	-1	6
657	0	0	0	0	-1	6
658	738	739	6	12.5	-3	5.1
659	0	0	0	0	-1	5.5
660	740	741	6	11	-3	5.875
661	0	0	0	0	-1	5
662	0	0	0	0	-1	7
663	742	743	3	0.315	-3	5
664	0	0	0	0	-1	5.66666666666667
665	744	745	11	0	-3	5
666	746	747	9	3.205	-3	5
667	748	749	4	0	-3	5
668	0	0	0	0	-1	6
669	0	0	0	0	-1	6
670	750	751	11	10.25	-3	6
671	0	0	0	0	-1	6
672	752	753	5	0.062	-3	5.9375
673	0	0	0	0	-1	5
674	0	0	0	0	-1	5
675	0	0	0	0	-1	5
676	754	755	4	2.05	-3	6.04545454545455
677	0	0	0	0	-1	5.5
678	0	0	0	0	-1	6
679	756	757	4	2.6	-3	6
680	0	0	0	0	-1	6
681	0	0	0	0	-1	7
682	0	0	0	0	-1	5
683	758	759	3	0.505	-3	5.78947368421053
684	0	0	0	0	-1	5
685	760	761	6	11.6	-3	6
686	762	763	6	5.5	-3	7.08333333333333
687	0	0	0	0	-1	6
688	0	0	0	0	-1	6
689	764	765	8	0	-3	6
690	766	767	9	3.28	-3	6.04761904761905
691	768	769	11	11.75	-3	6.66666666666667
692	0	0	0	0	-1	5
693	770	771	5	0.0945	-3	5.88888888888889
694	772	773	3	0.17	-3	6
695	0	0	0	0	-1	6
696	0	0	0	0	-1	5
697	774	775	9	0	-3	5
698	776	777	7	86	-3	5
699	0	0	0	0	-1	5.5
700	0	0	0	0	-1	6
701	0	0	0	0	-1	5
702	0	0	0	0	-1	6
703	778	779	10	2.1	-3	5
704	0	0	0	0	-1	5
705	0	0	0	0	-1	5
706	780	781	10	0.63	-3	5
707	782	783	9	3.23	-3	5.125
708	784	785	9	0	-3	5
709	0	0	0	0	-1	4
710	786	787	8	0.996785	-3	5.28571428571429
711	788	789	9	3.25	-3	5.76190476190476
712	790	791	8	0.99864	-3	5.5
713	792	793	5	0.0895	-3	5.05
714	0	0	0	0	-1	5
715	0	0	0	0	-1	5
716	0	0	0	0	-1	5
717	794	795	10	0	-3	5
718	0	0	0	0	-1	5
719	796	797	1	0	-3	5
720	0	0	0	0	-1	5
721	0	0	0	0	-1	5
722	798	799	11	10.35	-3	6
723	0	0	0	0	-1	6
724	800	801	7	14.5	-3	6
725	0	0	0	0	-1	6
726	0	0	0	0	-1	5
727	802	803	7	29.5	-3	5
728	0	0	0	0	-1	5
729	804	805	9	3.255	-3	5
730	0	0	0	0	-1	6
731	806	807	10	0.47	-3	5
732	0	0	0	0	-1	5
733	808	809	9	0	-3	5
734	810	811	4	2.35	-3	5.14285714285714
735	0	0	0	0	-1	5
736	0	0	0	0	-1	7
737	812	813	10	0.6	-3	7
738	0	0	0	0	-1	5
739	0	0	0	0	-1	6
740	0	0	0	0	-1	5
741	814	815	4	0	-3	6
742	0	0	0	0	-1	5
743	0	0	0	0	-1	5
744	0	0	0	0	-1	5
745	0	0	0	0	-1	5
746	816	817	8	0	-3	5
747	818	819	3	0.425	-3	5
748	0	0	0	0	-1	5
749	820	821	9	3.21	-3	5
750	0	0	0	0	-1	6
751	0	0	0	0	-1	6
752	0	0	0	0	-1	5
753	822	823	1	10.25	-3	6
754	0	0	0	0	-1	6.33333333333333
755	824	825	9	3.42	-3	6
756	826	827	3	0.315	-3	6
757	0	0	0	0	-1	6
758	828	829	6	20.5	-3	5.88235294117647
759	0	0	0	0	-1	5
760	830	831	9	3.24	-3	6
761	0	0	0	0	-1	6
762	0	0	0	0	-1	7.5
763	832	833	6	0.605	-3	7
764	0	0	0	0	-1	7
765	834	835	5	3.235	-3	6
766	836	837	5	0.077	-3	6
767	0	0	0	0	-1	6.2
768	0	0	0	0	-1	7
769	0	0	0	0	-1	6
770	838	839	2	0.485	-3	6
771	840	841	2	0.46	-3	5.77777777777778
772	0	0	0	0	-1	6
773	842	843	4	2.35	-3	6
774	0	0	0	0	-1	5
775	844	845	6	0.695	-3	5
776	846	847	7	78.5	-3	5
777	848	849	7	102	-3	5
778	0	0	0	0	-1	5
779	0	0	0	0	-1	5
780	850	851	5	0.0725	-3	5
781	852	853	6	17.5	-3	5
782	854	855	8	0.0845	-3	5
783	0	0	0	0	-1	5.5
784	0	0	0	0	-1	5
785	0	0	0	0	-1	5
786	0	0	0	0	-1	6
787	856	857	6	3.5	-3	5.21052631578947
788	858	859	6	13.5	-3	6
789	860	861	9	3.38	-3	5.44444444444444
790	862	863	5	0.086	-3	5.28571428571429
791	0	0	0	0	-1	6
792	864	865	1	8.55	-3	5
793	866	867	5	0.0925	-3	5.14285714285714
794	0	0	0	0	-1	7
795	868	869	8	0	-3	5
796	0	0	0	0	-1	6
797	0	0	0	0	-1	5
798	870	871	2	0.7	-3	6
799	872	873	2	0.595	-3	6
800	0	0	0	0	-1	6
801	0	0	0	0	-1	6
802	874	875	3	0	-3	5
803	0	0	0	0	-1	5
804	876	877	6	0	-3	5
805	0	0	0	0	-1	5
806	0	0	0	0	-1	5
807	0	0	0	0	-1	5
808	0	0	0	0	-1	5
809	878	879	7	71	-3	5
810	880	881	7	48	-3	5
811	0	0	0	0	-1	6
812	0	0	0	0	-1	7
813	0	0	0	0	-1	7
814	0	0	0	0	-1	5
815	882	883	3	0.54	-3	6
816	0	0	0	0	-1	6
817	884	885	3	0.285	-3	5
818	0	0	0	0	-1	5
819	886	887	7	108.5	-3	5
820	0	0	0	0	-1	5
821	0	0	0	0	-1	5
822	0	0	0	0	-1	6
823	0	0	0	0	-1	6
824	0	0	0	0	-1	6
825	0	0	0	0	-1	6
826	0	0	0	0	-1	6
827	0	0	0	0	-1	6
828	888	889	2	0.385	-3	5.9375
829	0	0	0	0	-1	5
830	890	891	2	0.48	-3	6
831	0	0	0	0	-1	6
832	0	0	0	0	-1	6
833	892	893	3	0.605	-3	7
834	0	0	0	0	-1	6
835	0	0	0	0	-1	6
836	894	895	10	9.55	-3	6
837	896	897	3	0.495	-3	6
838	0	0	0	0	-1	6
839	0	0	0	0	-1	6
840	0	0	0	0	-1	5
841	898	899	11	9.85	-3	5.875
842	0	0	0	0	-1	6
843	0	0	0	0	-1	6
844	0	0	0	0	-1	6
845	0	0	0	0	-1	5
846	900	901	1	7.8	-3	5
847	0	0	0	0	-1	5
848	902	903	1	0	-3	5
849	904	905	7	2.15	-3	5
850	906	907	6	0	-3	5
851	908	909	5	0.0845	-3	5
852	910	911	5	0.875	-3	5
853	0	0	0	0	-1	5
854	0	0	0	0	-1	4
855	0	0	0	0	-1	5
856	0	0	0	0	-1	6
857	912	913	8	0.9971	-3	5.11764705882353
858	914	915	1	0	-3	6
859	0	0	0	0	-1	6
860	0	0	0	0	-1	5
861	0	0	0	0	-1	6
862	0	0	0	0	-1	5.66666666666667
863	0	0	0	0	-1	5
864	916	917	3	0.14	-3	5
865	918	919	8	0	-3	5
866	0	0	0	0	-1	6
867	920	921	8	0.99959	-3	5
868	0	0	0	0	-1	6
869	0	0	0	0	-1	5
870	922	923	8	10.1	-3	6
871	0	0	0	0	-1	6
872	0	0	0	0	-1	6
873	0	0	0	0	-1	6
874	0	0	0	0	-1	6
875	924	925	1	7.8	-3	5
876	0	0	0	0	-1	6
877	926	927	1	9.55	-3	5
878	928	929	3	0	-3	5
879	0	0	0	0	-1	5
880	0	0	0	0	-1	5
881	0	0	0	0	-1	5
882	0	0	0	0	-1	6
883	0	0	0	0	-1	6
884	930	931	2	0	-3	5
885	932	933	7	49	-3	5
886	0	0	0	0	-1	5
887	0	0	0	0	-1	5
888	0	0	0	0	-1	6.33333333333333
889	934	935	7	25.5	-3	5.84615384615385
890	0	0	0	0	-1	6
891	0	0	0	0	-1	6
892	0	0	0	0	-1	7
893	0	0	0	0	-1	7
894	936	937	7	17.5	-3	6
895	0	0	0	0	-1	6
896	0	0	0	0	-1	6
897	0	0	0	0	-1	6
898	0	0	0	0	-1	5
899	938	939	3	3.045	-3	6
900	0	0	0	0	-1	5
901	940	941	8	0.9977	-3	5
902	0	0	0	0	-1	4
903	942	943	11	9.25	-3	5
904	0	0	0	0	-1	5
905	944	945	11	9.45	-3	5
906	0	0	0	0	-1	5
907	946	947	7	41.5	-3	5
908	948	949	1	0	-3	5
909	950	951	7	0	-3	5
910	952	953	1	7.45	-3	5
911	0	0	0	0	-1	5
912	954	955	2	0.605	-3	5
913	0	0	0	0	-1	5.4
914	0	0	0	0	-1	5
915	956	957	10	0.625	-3	6
916	958	959	2	0	-3	5
917	0	0	0	0	-1	5
918	0	0	0	0	-1	6
919	960	961	3	0.425	-3	5
920	0	0	0	0	-1	5
921	962	963	5	0	-3	5
922	964	965	2	0.665	-3	6
923	0	0	0	0	-1	6
924	0	0	0	0	-1	5
925	0	0	0	0	-1	5
926	0	0	0	0	-1	5
927	0	0	0	0	-1	5
928	0	0	0	0	-1	5
929	966	967	7	15.5	-3	5
930	0	0	0	0	-1	6
931	968	969	8	0.99876	-3	5
932	0	0	0	0	-1	5
933	0	0	0	0	-1	5
934	970	971	10	0.725	-3	6
935	972	973	7	36	-3	5.66666666666667
936	0	0	0	0	-1	5
937	0	0	0	0	-1	6
938	974	975	11	10.7	-3	6
939	0	0	0	0	-1	6
940	976	977	10	0	-3	5
941	0	0	0	0	-1	5
942	0	0	0	0	-1	5
943	0	0	0	0	-1	5
944	0	0	0	0	-1	5
945	0	0	0	0	-1	5
946	978	979	11	0	-3	5
947	0	0	0	0	-1	5
948	0	0	0	0	-1	5
949	980	981	4	2.65	-3	5
950	0	0	0	0	-1	6
951	982	983	4	1.95	-3	5
952	0	0	0	0	-1	5
953	984	985	1	8.1	-3	5
954	0	0	0	0	-1	5
955	986	987	5	0.0885	-3	5
956	0	0	0	0	-1	6
957	0	0	0	0	-1	6
958	0	0	0	0	-1	6
959	988	989	9	3.4	-3	5
960	990	991	1	0	-3	5
961	992	993	11	0	-3	5
962	0	0	0	0	-1	4
963	994	995	4	3.25	-3	5
964	0	0	0	0	-1	6
965	0	0	0	0	-1	6
966	0	0	0	0	-1	5
967	0	0	0	0	-1	5
968	0	0	0	0	-1	5
969	0	0	0	0	-1	5
970	0	0	0	0	-1	6
971	0	0	0	0	-1	6
972	0	0	0	0	-1	5
973	0	0	0	0	-1	6
974	0	0	0	0	-1	6
975	0	0	0	0	-1	6
976	0	0	0	0	-1	7
977	0	0	0	0	-1	5
978	0	0	0	0	-1	6
979	996	997	3	0.215	-3	5
980	998	999	9	0	-3	5
981	0	0	0	0	-1	5
982	0	0	0	0	-1	5
983	0	0	0	0	-1	5
984	0	0	0	0	-1	5
985	1000	1001	5	0	-3	5
986	0	0	0	0	-1	5
987	1002	1003	1	0	-3	5
988	0	0	0	0	-1	5
989	0	0	0	0	-1	5
990	0	0	0	0	-1	6
991	1004	1005	1	9.45	-3	5
992	0	0	0	0	-1	6
993	0	0	0	0	-1	5
994	0	0	0	0	-1	5
995	1006	1007	2	0	-3	5
996	0	0	0	0	-1	5
997	0	0	0	0	-1	5
998	0	0	0	0	-1	7
999	1008	1009	1	7.45	-3	5
1000	0	0	0	0	-1	5
1001	0	0	0	0	-1	5
1002	0	0	0	0	-1	5
1003	0	0	0	0	-1	5
1004	0	0	0	0	-1	5
1005	0	0	0	0	-1	5
1006	0	0	0	0	-1	7
1007	1010	1011	5	9.25	-3	5
1008	0	0	0	0	-1	5
1009	0	0	0	0	-1	5
1010	0	0	0	0	-1	5
1011	0	0	0	0	-1	5
