1	2	3	7	64.5	-3	5.65603502188868
2	4	5	10	0.645	-3	5.75355054302423
3	6	7	1	5.85	-3	5.36567164179104
4	8	9	11	11.25	-3	5.42964071856287
5	10	11	8	0.995525	-3	6.16257088846881
6	12	13	8	0.9928	-3	6.25
7	14	15	10	0.405	-3	5.31937172774869
8	16	17	10	0.555	-3	5.28598848368522
9	18	19	9	3.435	-3	5.93877551020408
10	20	21	11	12.45	-3	6.58695652173913
11	22	23	11	10.45	-3	6.01278772378516
12	24	25	11	12.95	-3	7.33333333333333
13	26	27	8	0.9933	-3	5.36363636363636
14	0	0	0	0	-1	7
15	28	29	1	9.95	-3	5.3015873015873
16	30	31	3	0.305	-3	5.10344827586207
17	32	33	2	0.905	-3	5.43252595155709
18	34	35	2	0.595	-3	6.09782608695652
19	36	37	2	0.9775	-3	5.67272727272727
20	38	39	3	0.295	-3	6.40816326530612
21	40	41	7	55	-3	7.025
22	42	43	1	11.45	-3	5.68627450980392
23	44	45	1	9.75	-3	6.36898395721925
24	0	0	0	0	-1	8
25	0	0	0	0	-1	6.8
26	0	0	0	0	-1	6
27	46	47	8	0.993515	-3	5.3
28	48	49	11	11.55	-3	5.2536023054755
29	50	51	2	0.335	-3	5.83870967741935
30	52	53	7	14.5	-3	5.01081081081081
31	54	55	10	0.505	-3	5.46808510638298
32	56	57	2	0.575	-3	5.4645390070922
33	58	59	11	10.25	-3	4.14285714285714
34	60	61	2	0.585	-3	6.26470588235294
35	62	63	7	20	-3	5.625
36	64	65	11	12.15	-3	5.7037037037037
37	0	0	0	0	-1	4
38	66	67	3	0.245	-3	6.08823529411765
39	68	69	8	0.994145	-3	6.578125
40	70	71	6	29.5	-3	7.13888888888889
41	0	0	0	0	-1	6
42	72	73	8	0.9961	-3	5.54437869822485
43	74	75	5	0.0725	-3	6.37142857142857
44	76	77	11	12.55	-3	6.15730337078652
45	78	79	2	0.355	-3	6.56122448979592
46	0	0	0	0	-1	5
47	80	81	7	94	-3	5.5
48	82	83	5	0.5385	-3	5.2072072072072
49	84	85	3	0.455	-3	6.35714285714286
50	0	0	0	0	-1	7.25
51	86	87	6	33.5	-3	5.62962962962963
52	88	89	1	8.25	-3	4.59090909090909
53	90	91	5	0.192	-3	5.14184397163121
54	92	93	10	0.425	-3	5.05882352941176
55	94	95	7	19.5	-3	5.7
56	96	97	6	4.5	-3	5.58227848101266
57	98	99	9	3.545	-3	5.31451612903226
58	0	0	0	0	-1	5
59	100	101	3	0.07	-3	4
60	102	103	7	14.5	-3	6.21875
61	0	0	0	0	-1	7
62	104	105	11	11.6	-3	5.30769230769231
63	0	0	0	0	-1	6
64	106	107	8	0.99498	-3	5.32
65	108	109	8	0.99595	-3	6.03448275862069
66	110	111	11	10.15	-3	6.25
67	112	113	3	0.28	-3	5.33333333333333
68	114	115	11	11.15	-3	5.8
69	116	117	3	0.315	-3	6.72222222222222
70	118	119	4	1.85	-3	7.06060606060606
71	0	0	0	0	-1	8
72	0	0	0	0	-1	6.2
73	120	121	2	0.525	-3	5.52439024390244
74	122	123	7	25	-3	7.16666666666667
75	124	125	6	8	-3	6.20689655172414
76	126	127	8	0.99661	-3	6.13636363636364
77	0	0	0	0	-1	8
78	128	129	9	3.255	-3	6.81818181818182
79	130	131	11	11.45	-3	6.35185185185185
80	0	0	0	0	-1	6
81	0	0	0	0	-1	5
82	132	133	11	9.45	-3	5.21818181818182
83	0	0	0	0	-1	4
84	134	135	3	0.35	-3	6.1
85	0	0	0	0	-1	7
86	136	137	5	0.0795	-3	5.27777777777778
87	138	139	3	0.59	-3	6.33333333333333
88	140	141	11	10.35	-3	4.73529411764706
89	142	143	5	0.0775	-3	4.1
90	144	145	6	16.5	-3	5.15714285714286
91	0	0	0	0	-1	3
92	0	0	0	0	-1	6
93	146	147	1	8.3	-3	5
94	148	149	11	10.95	-3	6.07692307692308
95	150	151	9	3.155	-3	5.41176470588235
96	152	153	9	3.125	-3	5.08333333333333
97	154	155	5	0.0675	-3	5.62328767123288
98	156	157	1	10.2	-3	5.375
99	0	0	0	0	-1	3.5
100	0	0	0	0	-1	4
101	0	0	0	0	-1	4
102	158	159	4	3.9	-3	6.57894736842105
103	160	161	2	0.57	-3	6.06666666666667
104	162	163	1	10.4	-3	5
105	164	165	5	0.0575	-3	5.57142857142857
106	166	167	1	6.45	-3	5.15789473684211
107	168	169	9	3.51	-3	5.83333333333333
108	170	171	10	0.625	-3	6.11111111111111
109	0	0	0	0	-1	5
110	0	0	0	0	-1	7
111	172	173	11	10.25	-3	6.16
112	0	0	0	0	-1	5.2
113	0	0	0	0	-1	6
114	0	0	0	0	-1	5.33333333333333
115	174	175	4	0	-3	6
116	0	0	0	0	-1	7.75
117	176	177	7	46	-3	6.64
118	0	0	0	0	-1	8
119	178	179	7	46.5	-3	6.96666666666667
120	180	181	3	0.375	-3	5.66666666666667
121	182	183	2	0.9025	-3	5.36363636363636
122	0	0	0	0	-1	6.75
123	0	0	0	0	-1	8
124	184	185	1	0.9999	-3	6
125	186	187	5	0.0945	-3	6.3
126	188	189	10	0.705	-3	5.95454545454546
127	190	191	6	9	-3	6.31818181818182
128	192	193	2	0.315	-3	7
129	194	195	3	0.59	-3	6.46666666666667
130	196	197	5	0.091	-3	5.88
131	198	199	11	13.35	-3	6.75862068965517
132	200	201	3	0.06	-3	5.02830188679245
133	202	203	6	7.5	-3	5.30803571428571
134	0	0	0	0	-1	6.5
135	0	0	0	0	-1	6
136	0	0	0	0	-1	6
137	204	205	6	15.5	-3	5.07142857142857
138	206	207	8	0.565	-3	6
139	0	0	0	0	-1	7
140	208	209	4	1.75	-3	4.88
141	210	211	1	7.35	-3	4.33333333333333
142	0	0	0	0	-1	5
143	212	213	7	12.5	-3	3.875
144	214	215	4	1.3	-3	5.24299065420561
145	216	217	9	3.545	-3	4.87878787878788
146	0	0	0	0	-1	5
147	218	219	10	3.165	-3	5
148	220	221	11	10.55	-3	6
149	0	0	0	0	-1	7
150	0	0	0	0	-1	5.8
151	222	223	4	3.2	-3	5.25
152	0	0	0	0	-1	6
153	0	0	0	0	-1	5
154	224	225	6	6.5	-3	5.25
155	226	227	5	0.0835	-3	5.66923076923077
156	228	229	7	9.5	-3	5.5
157	230	231	9	3.155	-3	4.42857142857143
158	232	233	1	9.9	-3	6.46666666666667
159	0	0	0	0	-1	7
160	234	235	5	0.0645	-3	6.09090909090909
161	0	0	0	0	-1	5
162	0	0	0	0	-1	5
163	0	0	0	0	-1	5
164	0	0	0	0	-1	5
165	0	0	0	0	-1	6
166	236	237	2	0.525	-3	5.29411764705882
167	0	0	0	0	-1	4
168	0	0	0	0	-1	6
169	0	0	0	0	-1	5
170	238	239	5	0.0605	-3	6.04
171	0	0	0	0	-1	7
172	0	0	0	0	-1	5
173	240	241	10	0.785	-3	6.20833333333333
174	0	0	0	0	-1	6
175	242	243	7	27.5	-3	6
176	244	245	7	8.5	-3	6.76315789473684
177	246	247	11	12.1	-3	6.25
178	248	249	3	0.435	-3	6.89285714285714
179	0	0	0	0	-1	8
180	250	251	2	0.47	-3	5.87878787878788
181	252	253	2	0.43	-3	5.53703703703704
182	254	255	3	0.135	-3	5.34210526315789
183	0	0	0	0	-1	7
184	0	0	0	0	-1	5
185	256	257	10	0.88	-3	6
186	258	259	6	10.5	-3	6.17647058823529
187	0	0	0	0	-1	7
188	260	261	10	0.675	-3	5.57142857142857
189	262	263	6	19.5	-3	6.13333333333333
190	264	265	7	23.5	-3	6
191	266	267	6	20.5	-3	6.46666666666667
192	268	269	1	10	-3	6.92
193	0	0	0	0	-1	7.5
194	270	271	3	0.475	-3	6.27272727272727
195	0	0	0	0	-1	7
196	272	273	7	54.5	-3	6.11764705882353
197	274	275	7	39	-3	5.375
198	276	277	4	2.35	-3	6.66666666666667
199	0	0	0	0	-1	8
200	0	0	0	0	-1	4
201	278	279	7	76.5	-3	5.05825242718447
202	0	0	0	0	-1	4
203	280	281	8	0.99875	-3	5.31981981981982
204	0	0	0	0	-1	6
205	282	283	1	14.7	-3	5
206	0	0	0	0	-1	5
207	0	0	0	0	-1	6
208	284	285	7	10.5	-3	5.1
209	286	287	8	0.99735	-3	4.73333333333333
210	0	0	0	0	-1	4.8
211	0	0	0	0	-1	3.75
212	0	0	0	0	-1	3
213	288	289	2	5	-3	4
214	0	0	0	0	-1	7
215	290	291	11	9.65	-3	5.22641509433962
216	292	293	11	10.5	-3	5
217	0	0	0	0	-1	4
218	0	0	0	0	-1	5
219	0	0	0	0	-1	5
220	0	0	0	0	-1	6
221	0	0	0	0	-1	6
222	294	295	8	0.99688	-3	5.1
223	0	0	0	0	-1	6
224	0	0	0	0	-1	6.2
225	296	297	3	0.005	-3	4.81818181818182
226	298	299	5	0.0775	-3	5.59459459459459
227	300	301	4	1.65	-3	5.76785714285714
228	0	0	0	0	-1	4
229	302	303	8	0.99594	-3	5.52884615384615
230	304	305	4	1.65	-3	5.25
231	306	307	10	0.565	-3	3.33333333333333
232	308	309	9	3.26	-3	6.63636363636364
233	0	0	0	0	-1	6
234	310	311	11	11.75	-3	6.36363636363636
235	312	313	1	10.6	-3	6
236	0	0	0	0	-1	5.75
237	314	315	7	11	-3	5.15384615384615
238	316	317	3	0.025	-3	6.14285714285714
239	318	319	3	0.295	-3	6
240	320	321	6	38	-3	6.35714285714286
241	322	323	9	3.405	-3	6
242	0	0	0	0	-1	6
243	0	0	0	0	-1	6
244	0	0	0	0	-1	6
245	324	325	10	0.67	-3	6.82857142857143
246	326	327	11	11.1	-3	6.18181818181818
247	0	0	0	0	-1	7
248	328	329	3	0.05	-3	6.95454545454546
249	330	331	2	0.42	-3	6.66666666666667
250	332	333	9	3.635	-3	5.73684210526316
251	334	335	11	9.8	-3	6.07142857142857
252	336	337	3	0.395	-3	5.65957446808511
253	338	339	9	3.255	-3	4.71428571428571
254	340	341	7	49	-3	5.46938775510204
255	342	343	6	16.5	-3	5.11111111111111
256	0	0	0	0	-1	6
257	0	0	0	0	-1	6
258	0	0	0	0	-1	7
259	344	345	10	1.145	-3	6.06666666666667
260	346	347	6	11.5	-3	6
261	348	349	9	3.365	-3	5.25
262	350	351	4	2.45	-3	6.33333333333333
263	352	353	7	56.5	-3	5.83333333333333
264	354	355	9	3.375	-3	6.07692307692308
265	0	0	0	0	-1	5
266	356	357	7	29	-3	6.7
267	358	359	11	10.7	-3	6
268	0	0	0	0	-1	6
269	360	361	2	0.225	-3	6.95833333333333
270	0	0	0	0	-1	7
271	362	363	6	5.5	-3	5.85714285714286
272	364	365	4	2.1	-3	6.1875
273	0	0	0	0	-1	5
274	366	367	2	0.5275	-3	5
275	0	0	0	0	-1	6.5
276	0	0	0	0	-1	6
277	368	369	10	0.885	-3	6.78260869565217
278	370	371	4	4	-3	4.96428571428571
279	372	373	6	7.5	-3	5.09333333333333
280	374	375	9	2.935	-3	5.355
281	376	377	8	0.99955	-3	5
282	378	379	5	0.1	-3	5
283	0	0	0	0	-1	5
284	0	0	0	0	-1	5.5
285	380	381	2	0	-3	5
286	382	383	7	9.5	-3	4.55555555555556
287	384	385	10	0	-3	5
288	386	387	3	0.14	-3	4
289	0	0	0	0	-1	4
290	388	389	4	1.85	-3	5
291	390	391	3	0.105	-3	5.38095238095238
292	392	393	3	0.295	-3	4.88461538461539
293	0	0	0	0	-1	6
294	0	0	0	0	-1	5.5
295	394	395	9	3.305	-3	5
296	0	0	0	0	-1	4
297	396	397	11	9.75	-3	5.125
298	398	399	7	35.5	-3	5.67924528301887
299	400	401	2	0.51	-3	5.38095238095238
300	0	0	0	0	-1	5
301	402	403	8	1.0002	-3	5.81132075471698
302	404	405	7	14	-3	5.85185185185185
303	406	407	3	0.33	-3	5.41558441558442
304	0	0	0	0	-1	4
305	408	409	10	0.585	-3	5.66666666666667
306	0	0	0	0	-1	4
307	0	0	0	0	-1	3
308	410	411	3	0.465	-3	6.85714285714286
309	0	0	0	0	-1	6.25
310	0	0	0	0	-1	6.8
311	412	413	4	2.05	-3	6
312	414	415	7	32.5	-3	6.03125
313	0	0	0	0	-1	5
314	0	0	0	0	-1	6
315	416	417	5	0.077	-3	5.08333333333333
316	418	419	4	1.35	-3	6
317	0	0	0	0	-1	7
318	420	421	9	3.555	-3	6
319	0	0	0	0	-1	6
320	422	423	7	49	-3	6.55555555555556
321	0	0	0	0	-1	6
322	424	425	4	0.645	-3	6
323	0	0	0	0	-1	6
324	0	0	0	0	-1	6
325	426	427	9	3.22	-3	6.90625
326	0	0	0	0	-1	6.4
327	428	429	3	0.54	-3	6
328	430	431	5	0.0605	-3	6.83333333333333
329	0	0	0	0	-1	7
330	0	0	0	0	-1	7
331	0	0	0	0	-1	6
332	432	433	2	0.31	-3	5.82352941176471
333	0	0	0	0	-1	5
334	434	435	7	52	-3	5.91666666666667
335	0	0	0	0	-1	7
336	0	0	0	0	-1	5
337	436	437	7	23.5	-3	5.75609756097561
338	438	439	2	0.475	-3	5
339	0	0	0	0	-1	3
340	440	441	4	2.35	-3	5.5609756097561
341	442	443	5	0.0645	-3	5
342	444	445	4	1.65	-3	5
343	446	447	9	3.27	-3	5.375
344	448	449	2	0	-3	6
345	0	0	0	0	-1	7
346	0	0	0	0	-1	6
347	0	0	0	0	-1	6
348	0	0	0	0	-1	6
349	0	0	0	0	-1	5
350	450	451	9	3.315	-3	6.14285714285714
351	0	0	0	0	-1	7
352	452	453	11	51	-3	6
353	0	0	0	0	-1	5
354	454	455	5	0.063	-3	6
355	0	0	0	0	-1	7
356	456	457	4	4.25	-3	6.14285714285714
357	458	459	4	0	-3	7
358	0	0	0	0	-1	6
359	0	0	0	0	-1	6
360	0	0	0	0	-1	6
361	460	461	2	0	-3	7
362	0	0	0	0	-1	5
363	462	463	11	10.8	-3	6
364	464	465	3	0.395	-3	6.42857142857143
365	466	467	11	10.95	-3	6
366	0	0	0	0	-1	5
367	0	0	0	0	-1	5
368	468	469	6	11	-3	6.94736842105263
369	0	0	0	0	-1	6
370	470	471	2	0.64	-3	4.92307692307692
371	0	0	0	0	-1	5.5
372	0	0	0	0	-1	6
373	472	473	9	3.43	-3	5.05555555555556
374	474	475	11	9.85	-3	5.8
375	476	477	3	0.35	-3	5.33157894736842
376	478	479	1	0	-3	5
377	480	481	7	71.5	-3	5
378	482	483	5	0	-3	5
379	0	0	0	0	-1	5
380	0	0	0	0	-1	3
381	484	485	3	0	-3	5
382	0	0	0	0	-1	4
383	486	487	8	0.99646	-3	4.83333333333333
384	0	0	0	0	-1	5
385	0	0	0	0	-1	5
386	0	0	0	0	-1	4
387	0	0	0	0	-1	4
388	488	489	5	0.0745	-3	4.6
389	490	491	4	4.95	-3	5.12121212121212
390	492	493	1	6.35	-3	5.5625
391	494	495	9	3.315	-3	5.19354838709677
392	496	497	2	0.37	-3	4.92
393	0	0	0	0	-1	4
394	498	499	7	0	-3	5
395	0	0	0	0	-1	5
396	0	0	0	0	-1	5
397	0	0	0	0	-1	6
398	500	501	9	3.075	-3	5.82758620689655
399	502	503	6	20	-3	5.5
400	504	505	4	2.1	-3	5.2
401	506	507	1	7.05	-3	5.83333333333333
402	508	509	8	0.99553	-3	5.89583333333333
403	0	0	0	0	-1	5
404	0	0	0	0	-1	5.4
405	510	511	7	20.5	-3	5.95454545454545
406	512	513	11	9.1	-3	5.46478873239437
407	514	515	2	0.6275	-3	4.83333333333333
408	0	0	0	0	-1	5
409	0	0	0	0	-1	6
410	516	517	4	2.05	-3	7
411	0	0	0	0	-1	6
412	0	0	0	0	-1	6
413	0	0	0	0	-1	6
414	518	519	2	0.385	-3	6
415	520	521	10	0.585	-3	6.1
416	522	523	1	6.15	-3	5
417	0	0	0	0	-1	6
418	0	0	0	0	-1	6
419	0	0	0	0	-1	6
420	524	525	7	23	-3	6
421	526	527	5	2.75	-3	6
422	528	529	1	6.9	-3	6.42857142857143
423	0	0	0	0	-1	7
424	0	0	0	0	-1	4
425	530	531	8	0	-3	6
426	532	533	3	0.52	-3	6.57142857142857
427	534	535	4	1.65	-3	7
428	0	0	0	0	-1	6
429	0	0	0	0	-1	6
430	0	0	0	0	-1	7
431	0	0	0	0	-1	6
432	0	0	0	0	-1	6
433	536	537	9	3.295	-3	5.7
434	538	539	9	0.19	-3	6
435	0	0	0	0	-1	5
436	540	541	3	0.64	-3	5.46666666666667
437	542	543	11	10.25	-3	5.92307692307692
438	0	0	0	0	-1	5
439	0	0	0	0	-1	5
440	544	545	2	0.665	-3	5.37931034482759
441	546	547	7	18.5	-3	6
442	0	0	0	0	-1	5
443	0	0	0	0	-1	5
444	0	0	0	0	-1	5
445	548	549	7	49	-3	5
446	0	0	0	0	-1	5
447	0	0	0	0	-1	5.75
448	0	0	0	0	-1	5
449	550	551	7	25	-3	6
450	0	0	0	0	-1	6
451	552	553	9	3.335	-3	6.33333333333333
452	554	555	4	1.8	-3	6
453	0	0	0	0	-1	6
454	0	0	0	0	-1	6
455	556	557	9	0	-3	6
456	0	0	0	0	-1	5.8
457	0	0	0	0	-1	7
458	0	0	0	0	-1	6
459	558	559	3	0.305	-3	7
460	0	0	0	0	-1	6
461	560	561	7	0	-3	7
462	0	0	0	0	-1	6
463	0	0	0	0	-1	6
464	0	0	0	0	-1	6
465	0	0	0	0	-1	6.75
466	0	0	0	0	-1	6
467	0	0	0	0	-1	6
468	562	563	5	0.1145	-3	6.88888888888889
469	564	565	3	29.5	-3	7
470	566	567	9	3.355	-3	5
471	0	0	0	0	-1	4.6
472	568	569	10	0.545	-3	5.01449275362319
473	0	0	0	0	-1	6
474	0	0	0	0	-1	5
475	570	571	7	0	-3	6
476	572	573	8	0.996825	-3	5.38255033557047
477	574	575	11	11.35	-3	5.14634146341463
478	0	0	0	0	-1	5
479	576	577	1	6.8	-3	5
480	0	0	0	0	-1	5
481	0	0	0	0	-1	5
482	0	0	0	0	-1	5
483	0	0	0	0	-1	5
484	0	0	0	0	-1	5
485	578	579	2	0.5	-3	5
486	0	0	0	0	-1	5
487	0	0	0	0	-1	4
488	0	0	0	0	-1	5
489	580	581	2	0.84	-3	4.33333333333333
490	582	583	11	9.05	-3	5.09375
491	0	0	0	0	-1	6
492	0	0	0	0	-1	5
493	584	585	11	10.4	-3	5.64285714285714
494	586	587	5	0.077	-3	5.4
495	588	589	1	7.85	-3	5
496	0	0	0	0	-1	4
497	590	591	6	17.5	-3	4.95833333333333
498	0	0	0	0	-1	6
499	0	0	0	0	-1	5
500	0	0	0	0	-1	5
501	592	593	4	1.35	-3	5.85714285714286
502	594	595	4	1.95	-3	5.16666666666667
503	596	597	11	9.55	-3	5.83333333333333
504	598	599	10	0.605	-3	5.375
505	600	601	9	0	-3	5
506	0	0	0	0	-1	5
507	0	0	0	0	-1	6
508	0	0	0	0	-1	7
509	602	603	5	0.107	-3	5.87234042553191
510	0	0	0	0	-1	6.2
511	604	605	4	1.5	-3	5.88235294117647
512	606	607	5	0	-3	6
513	608	609	10	0.595	-3	5.3968253968254
514	0	0	0	0	-1	5
515	0	0	0	0	-1	4.5
516	0	0	0	0	-1	7
517	0	0	0	0	-1	7
518	0	0	0	0	-1	6
519	0	0	0	0	-1	6
520	610	611	7	0	-3	6
521	0	0	0	0	-1	6.33333333333333
522	612	613	9	0.99446	-3	5
523	0	0	0	0	-1	5
524	0	0	0	0	-1	6
525	0	0	0	0	-1	6
526	0	0	0	0	-1	6
527	0	0	0	0	-1	6
528	0	0	0	0	-1	6
529	0	0	0	0	-1	6.75
530	0	0	0	0	-1	6
531	614	615	3	0.07	-3	6
532	0	0	0	0	-1	6.8
533	0	0	0	0	-1	6
534	0	0	0	0	-1	6
535	616	617	2	0.395	-3	7.04166666666667
536	0	0	0	0	-1	5
537	618	619	11	9.8	-3	5.875
538	0	0	0	0	-1	5
539	620	621	5	0.086	-3	6
540	622	623	11	9.35	-3	5.35714285714286
541	0	0	0	0	-1	7
542	624	625	9	3.45	-3	5.88
543	0	0	0	0	-1	7
544	626	627	5	0.077	-3	5.45833333333333
545	0	0	0	0	-1	5
546	0	0	0	0	-1	7
547	628	629	3	0.1	-3	5.90909090909091
548	630	631	7	0.73	-3	5
549	632	633	7	51.5	-3	5
550	0	0	0	0	-1	6
551	634	635	11	9.9	-3	6
552	0	0	0	0	-1	7
553	0	0	0	0	-1	6.2
554	0	0	0	0	-1	6
555	636	637	5	0.0705	-3	6
556	0	0	0	0	-1	6
557	638	639	8	0.99827	-3	6
558	640	641	6	19.5	-3	7
559	0	0	0	0	-1	7
560	0	0	0	0	-1	6
561	642	643	1	0	-3	7
562	644	645	11	12.15	-3	7
563	0	0	0	0	-1	6.66666666666667
564	646	647	4	2.775	-3	7
565	0	0	0	0	-1	7
566	648	649	2	0	-3	5
567	650	651	7	0	-3	5
568	652	653	10	0.535	-3	5.04166666666667
569	654	655	9	3.235	-3	5
570	0	0	0	0	-1	5
571	656	657	3	2.05	-3	6
572	658	659	2	0.445	-3	5.25773195876289
573	660	661	8	0.997445	-3	5.61538461538461
574	662	663	5	0.224	-3	5.1025641025641
575	0	0	0	0	-1	6
576	0	0	0	0	-1	5
577	0	0	0	0	-1	5
578	0	0	0	0	-1	5
579	0	0	0	0	-1	5
580	0	0	0	0	-1	5
581	0	0	0	0	-1	4
582	0	0	0	0	-1	4
583	664	665	7	34.5	-3	5.16666666666667
584	666	667	1	7.85	-3	5.44444444444444
585	0	0	0	0	-1	6
586	0	0	0	0	-1	5
587	668	669	8	0.996065	-3	5.54545454545455
588	670	671	10	0.495	-3	5
589	672	673	6	0	-3	5
590	674	675	5	0.079	-3	4.83333333333333
591	676	677	2	0.6925	-3	5
592	0	0	0	0	-1	5
593	678	679	2	0.31	-3	5.88888888888889
594	0	0	0	0	-1	6
595	680	681	10	0.575	-3	5
596	0	0	0	0	-1	5
597	682	683	3	0.225	-3	5.90909090909091
598	0	0	0	0	-1	5.75
599	0	0	0	0	-1	5
600	0	0	0	0	-1	7
601	0	0	0	0	-1	5
602	684	685	2	0.445	-3	5.94285714285714
603	686	687	6	6.5	-3	5.66666666666667
604	0	0	0	0	-1	5
605	688	689	11	10.35	-3	5.9375
606	0	0	0	0	-1	8
607	690	691	6	0	-3	6
608	692	693	11	10.85	-3	5.20689655172414
609	694	695	7	16.5	-3	5.55882352941176
610	0	0	0	0	-1	7
611	696	697	4	2.4	-3	6
612	0	0	0	0	-1	7
613	0	0	0	0	-1	5
614	0	0	0	0	-1	6
615	0	0	0	0	-1	6
616	698	699	5	3.245	-3	7
617	0	0	0	0	-1	8
618	700	701	2	0.38	-3	6
619	0	0	0	0	-1	5.5
620	702	703	6	0	-3	6
621	0	0	0	0	-1	6
622	0	0	0	0	-1	6
623	704	705	1	10.75	-3	5.18181818181818
624	706	707	5	0.512	-3	5.95652173913043
625	0	0	0	0	-1	5
626	708	709	1	6.65	-3	5.69230769230769
627	710	711	7	26	-3	5.18181818181818
628	712	713	10	0.685	-3	6
629	0	0	0	0	-1	5.66666666666667
630	0	0	0	0	-1	6
631	714	715	6	13	-3	5
632	0	0	0	0	-1	5
633	0	0	0	0	-1	5
634	716	717	2	0.325	-3	6
635	0	0	0	0	-1	6
636	0	0	0	0	-1	6
637	0	0	0	0	-1	6
638	0	0	0	0	-1	6
639	0	0	0	0	-1	6
640	0	0	0	0	-1	7
641	0	0	0	0	-1	7
642	0	0	0	0	-1	6
643	718	719	6	0	-3	7
644	0	0	0	0	-1	7
645	0	0	0	0	-1	7
646	720	721	4	2.5	-3	7
647	0	0	0	0	-1	7
648	0	0	0	0	-1	5
649	0	0	0	0	-1	5
650	0	0	0	0	-1	5
651	722	723	2	0.475	-3	5
652	724	725	1	7.3	-3	5
653	0	0	0	0	-1	5.5
654	0	0	0	0	-1	5
655	0	0	0	0	-1	5
656	726	727	9	0	-3	6
657	0	0	0	0	-1	6
658	728	729	11	9.7	-3	5.6
659	730	731	1	7.6	-3	5.16883116883117
660	732	733	7	67.5	-3	5.90909090909091
661	734	735	8	0.998475	-3	5.4
662	736	737	6	34.5	-3	5.07894736842105
663	0	0	0	0	-1	6
664	738	739	6	12.5	-3	5.4
665	740	741	8	0.99824	-3	5.05
666	742	743	8	0.995955	-3	5.2
667	744	745	5	0.0715	-3	5.75
668	0	0	0	0	-1	5
669	746	747	10	0.485	-3	6
670	0	0	0	0	-1	5
671	0	0	0	0	-1	5
672	0	0	0	0	-1	6
673	748	749	11	0	-3	5
674	0	0	0	0	-1	4
675	0	0	0	0	-1	5
676	750	751	6	0	-3	5
677	0	0	0	0	-1	5
678	0	0	0	0	-1	5
679	752	753	1	6.35	-3	5.92307692307692
680	0	0	0	0	-1	5
681	754	755	1	0	-3	5
682	756	757	1	6.95	-3	6
683	0	0	0	0	-1	5.8
684	758	759	10	0.57	-3	5.78571428571429
685	760	761	8	0.99812	-3	6.04761904761905
686	0	0	0	0	-1	6
687	762	763	1	8.3	-3	5.42857142857143
688	0	0	0	0	-1	5.8
689	764	765	11	10.825	-3	6
690	0	0	0	0	-1	6
691	766	767	6	0	-3	6
692	768	769	1	7.6	-3	5.30769230769231
693	0	0	0	0	-1	4.33333333333333
694	0	0	0	0	-1	6
695	770	771	7	39.5	-3	5.48275862068965
696	0	0	0	0	-1	6
697	0	0	0	0	-1	6
698	772	773	1	0	-3	7
699	0	0	0	0	-1	7
700	0	0	0	0	-1	6
701	0	0	0	0	-1	6
702	0	0	0	0	-1	6
703	774	775	11	9.35	-3	6
704	0	0	0	0	-1	5
705	0	0	0	0	-1	6
706	776	777	8	0.99865	-3	6
707	0	0	0	0	-1	5
708	0	0	0	0	-1	5
709	778	779	10	0.66	-3	5.9
710	0	0	0	0	-1	5.4
711	780	781	5	0.997835	-3	5
712	0	0	0	0	-1	6
713	782	783	2	0.79	-3	6
714	784	785	11	0	-3	5
715	0	0	0	0	-1	5
716	0	0	0	0	-1	6
717	0	0	0	0	-1	6
718	0	0	0	0	-1	6
719	786	787	11	0	-3	7
720	0	0	0	0	-1	7
721	0	0	0	0	-1	7
722	0	0	0	0	-1	5
723	0	0	0	0	-1	5
724	0	0	0	0	-1	5
725	788	789	4	3.2	-3	5
726	0	0	0	0	-1	5
727	0	0	0	0	-1	6
728	0	0	0	0	-1	5
729	790	791	5	0.088	-3	5.8
730	792	793	1	7.2	-3	5.34615384615385
731	794	795	5	0.0795	-3	5.07843137254902
732	796	797	9	3.425	-3	5.71428571428571
733	798	799	6	27.5	-3	6
734	800	801	6	17.5	-3	5.30769230769231
735	0	0	0	0	-1	6
736	802	803	10	0.795	-3	5.03225806451613
737	804	805	1	8.35	-3	5.28571428571429
738	0	0	0	0	-1	5
739	0	0	0	0	-1	6
740	806	807	8	0.99729	-3	5
741	0	0	0	0	-1	5.33333333333333
742	0	0	0	0	-1	5
743	0	0	0	0	-1	5.4
744	0	0	0	0	-1	5
745	808	809	3	0.025	-3	5.85714285714286
746	0	0	0	0	-1	6
747	0	0	0	0	-1	6
748	0	0	0	0	-1	6
749	0	0	0	0	-1	5
750	0	0	0	0	-1	7
751	810	811	6	9.9	-3	5
752	0	0	0	0	-1	5
753	812	813	1	7.9	-3	5.96
754	0	0	0	0	-1	6
755	814	815	7	41.5	-3	5
756	0	0	0	0	-1	6
757	0	0	0	0	-1	6
758	0	0	0	0	-1	5
759	816	817	3	0.585	-3	5.91666666666667
760	818	819	3	0.045	-3	6
761	0	0	0	0	-1	6.2
762	0	0	0	0	-1	5
763	0	0	0	0	-1	6
764	820	821	1	6.95	-3	6
765	0	0	0	0	-1	6
766	0	0	0	0	-1	5
767	0	0	0	0	-1	6
768	822	823	7	33	-3	5.07142857142857
769	824	825	9	3.21	-3	5.58333333333333
770	826	827	11	10.65	-3	5.3125
771	828	829	4	1.95	-3	5.69230769230769
772	0	0	0	0	-1	7
773	830	831	2	0.365	-3	7
774	0	0	0	0	-1	6
775	0	0	0	0	-1	6
776	832	833	1	8.85	-3	6
777	0	0	0	0	-1	6
778	0	0	0	0	-1	5
779	834	835	10	0.685	-3	6
780	0	0	0	0	-1	5
781	0	0	0	0	-1	5
782	0	0	0	0	-1	6
783	0	0	0	0	-1	6
784	0	0	0	0	-1	6
785	836	837	11	9.75	-3	5
786	0	0	0	0	-1	5
787	838	839	4	0	-3	7
788	0	0	0	0	-1	5
789	0	0	0	0	-1	5
790	840	841	6	33.5	-3	5.85714285714286
791	0	0	0	0	-1	5
792	842	843	8	0.99409	-3	5.14285714285714
793	844	845	5	0.0815	-3	5.58333333333333
794	846	847	8	0.99655	-3	5.21428571428571
795	848	849	1	7.75	-3	5.02702702702703
796	0	0	0	0	-1	5
797	0	0	0	0	-1	6
798	0	0	0	0	-1	6
799	0	0	0	0	-1	6
800	850	851	10	0.575	-3	5.625
801	852	853	4	2.75	-3	5.16666666666667
802	854	855	6	19.5	-3	5
803	856	857	7	81.5	-3	5.16666666666667
804	858	859	7	119.5	-3	5
805	0	0	0	0	-1	7
806	860	861	2	0.7275	-3	5
807	0	0	0	0	-1	5
808	0	0	0	0	-1	5
809	862	863	3	0.055	-3	6
810	0	0	0	0	-1	5
811	864	865	7	44.5	-3	5
812	0	0	0	0	-1	6
813	866	867	9	3.315	-3	5.88888888888889
814	868	869	9	0	-3	5
815	0	0	0	0	-1	5
816	870	871	8	0.9973	-3	6
817	0	0	0	0	-1	5.66666666666667
818	0	0	0	0	-1	6
819	872	873	3	0.07	-3	6
820	874	875	9	3.33	-3	6
821	0	0	0	0	-1	6
822	876	877	8	0	-3	5
823	0	0	0	0	-1	5.2
824	0	0	0	0	-1	5
825	878	879	9	3.355	-3	6
826	880	881	9	3.335	-3	5.21428571428571
827	0	0	0	0	-1	6
828	882	883	2	0.71	-3	5.33333333333333
829	884	885	11	0.61	-3	6
830	0	0	0	0	-1	7
831	0	0	0	0	-1	7
832	0	0	0	0	-1	6
833	886	887	4	0.795	-3	6
834	0	0	0	0	-1	6
835	0	0	0	0	-1	6
836	0	0	0	0	-1	5
837	0	0	0	0	-1	5
838	0	0	0	0	-1	5
839	888	889	11	0	-3	7
840	890	891	9	3.155	-3	6
841	0	0	0	0	-1	5
842	0	0	0	0	-1	6
843	892	893	9	3.195	-3	5
844	894	895	10	0.605	-3	5.16666666666667
845	896	897	4	0	-3	6
846	898	899	5	0.0715	-3	5
847	0	0	0	0	-1	6
848	900	901	3	0.16	-3	5.14285714285714
849	902	903	1	9.15	-3	5
850	0	0	0	0	-1	5
851	904	905	5	0.0875	-3	5.83333333333333
852	906	907	9	3.42	-3	5
853	0	0	0	0	-1	5.75
854	0	0	0	0	-1	5.25
855	908	909	1	7.75	-3	4.95238095238095
856	0	0	0	0	-1	6
857	0	0	0	0	-1	5
858	0	0	0	0	-1	5
859	0	0	0	0	-1	5
860	910	911	7	0	-3	5
861	0	0	0	0	-1	5
862	0	0	0	0	-1	6
863	0	0	0	0	-1	6
864	0	0	0	0	-1	5
865	912	913	7	0	-3	5
866	0	0	0	0	-1	6
867	0	0	0	0	-1	5
868	0	0	0	0	-1	6
869	914	915	5	0.0735	-3	5
870	916	917	9	3.18	-3	6
871	0	0	0	0	-1	6
872	0	0	0	0	-1	6
873	918	919	2	0.535	-3	6
874	0	0	0	0	-1	6
875	0	0	0	0	-1	6
876	0	0	0	0	-1	6
877	920	921	9	3.49	-3	5
878	922	923	5	0.09	-3	5.83333333333333
879	0	0	0	0	-1	7
880	924	925	8	0.99681	-3	5.42857142857143
881	0	0	0	0	-1	5
882	0	0	0	0	-1	5
883	0	0	0	0	-1	6
884	0	0	0	0	-1	5
885	926	927	3	0.03	-3	6
886	0	0	0	0	-1	5
887	928	929	7	35	-3	6
888	0	0	0	0	-1	6
889	930	931	1	0	-3	7
890	0	0	0	0	-1	6
891	932	933	6	28	-3	6
892	0	0	0	0	-1	5
893	0	0	0	0	-1	5
894	0	0	0	0	-1	5
895	0	0	0	0	-1	6
896	0	0	0	0	-1	5
897	0	0	0	0	-1	6
898	0	0	0	0	-1	5
899	934	935	3	0	-3	5
900	0	0	0	0	-1	6
901	936	937	9	3.315	-3	5
902	938	939	3	0.215	-3	5
903	0	0	0	0	-1	5
904	0	0	0	0	-1	6
905	0	0	0	0	-1	5
906	940	941	6	0	-3	5
907	942	943	3	0	-3	5
908	944	945	1	7.3	-3	4.85714285714286
909	0	0	0	0	-1	5
910	0	0	0	0	-1	6
911	946	947	8	0.997025	-3	5
912	0	0	0	0	-1	6
913	0	0	0	0	-1	5
914	0	0	0	0	-1	5
915	0	0	0	0	-1	5
916	0	0	0	0	-1	6
917	0	0	0	0	-1	6
918	948	949	3	7.5	-3	6
919	0	0	0	0	-1	6
920	0	0	0	0	-1	5
921	0	0	0	0	-1	5
922	0	0	0	0	-1	6
923	0	0	0	0	-1	5
924	0	0	0	0	-1	6
925	0	0	0	0	-1	5.2
926	0	0	0	0	-1	6
927	0	0	0	0	-1	6
928	950	951	3	0.48	-3	6
929	0	0	0	0	-1	6
930	0	0	0	0	-1	6
931	952	953	10	0	-3	7
932	954	955	10	2.2	-3	6
933	0	0	0	0	-1	6
934	0	0	0	0	-1	5
935	0	0	0	0	-1	5
936	0	0	0	0	-1	5
937	0	0	0	0	-1	5
938	956	957	4	2.15	-3	5
939	958	959	10	0.505	-3	5
940	0	0	0	0	-1	6
941	960	961	2	0.605	-3	5
942	0	0	0	0	-1	7
943	962	963	4	2.4	-3	5
944	0	0	0	0	-1	5
945	0	0	0	0	-1	4
946	964	965	7	0	-3	5
947	0	0	0	0	-1	5
948	0	0	0	0	-1	6
949	0	0	0	0	-1	6
950	0	0	0	0	-1	6
951	0	0	0	0	-1	6
952	0	0	0	0	-1	7
953	966	967	1	0	-3	7
954	0	0	0	0	-1	6
955	0	0	0	0	-1	6
956	968	969	11	0	-3	5
957	970	971	10	0.67	-3	5
958	0	0	0	0	-1	5
959	0	0	0	0	-1	5
960	0	0	0	0	-1	5
961	0	0	0	0	-1	5
962	0	0	0	0	-1	5
963	0	0	0	0	-1	5
964	0	0	0	0	-1	6
965	972	973	10	0.5	-3	5
966	0	0	0	0	-1	6
967	974	975	9	0	-3	7
968	0	0	0	0	-1	5
969	0	0	0	0	-1	5
970	976	977	1	0	-3	5
971	0	0	0	0	-1	5
972	0	0	0	0	-1	5
973	0	0	0	0	-1	5
974	0	0	0	0	-1	7
975	978	979	3	0.385	-3	7
976	0	0	0	0	-1	6
977	980	981	2	0.61	-3	5
978	0	0	0	0	-1	7
979	982	983	1	11.4	-3	7
980	0	0	0	0	-1	5
981	0	0	0	0	-1	5
982	984	985	3	0.44	-3	7
983	0	0	0	0	-1	7
984	0	0	0	0	-1	7
985	0	0	0	0	-1	7
