1	2	3	8	0.99539	-3	5.60350218886804
2	4	5	10	0.675	-3	6.03703703703703
3	6	7	10	0.585	-3	5.49333333333333
4	8	9	11	10.25	-3	5.76548672566372
5	10	11	6	17.5	-3	6.66326530612245
6	12	13	8	1.0007	-3	5.13232104121475
7	14	15	1	9.35	-3	5.6977886977887
8	16	17	8	0.99462	-3	5.05714285714286
9	18	19	6	41.5	-3	5.89528795811518
10	20	21	11	11.35	-3	6.8135593220339
11	22	23	8	0.99523	-3	6.43589743589744
12	24	25	10	0.505	-3	5.14161220043573
13	0	0	0	0	-1	3
14	26	27	11	9.975	-3	5.56130268199234
15	28	29	10	0.635	-3	5.94178082191781
16	30	31	1	6.65	-3	5.45454545454545
17	32	33	8	0.994985	-3	4.875
18	34	35	11	12.85	-3	5.87301587301587
19	0	0	0	0	-1	8
20	36	37	2	0.6	-3	6.1
21	38	39	3	0.395	-3	7.17948717948718
22	40	41	1	7.25	-3	6.32258064516129
23	42	43	11	10.55	-3	6.875
24	44	45	7	11.5	-3	4.91338582677165
25	46	47	8	0.99689	-3	5.2289156626506
26	48	49	11	9.925	-3	5.32167832167832
27	50	51	11	12.2	-3	5.85169491525424
28	52	53	3	0.505	-3	5.36206896551724
29	54	55	5	0.1095	-3	6.08547008547008
30	56	57	7	22.5	-3	4.83333333333333
31	0	0	0	0	-1	6.2
32	58	59	10	0.475	-3	4.28571428571429
33	60	61	10	0.62	-3	5.11764705882353
34	62	63	6	3.5	-3	5.92485549132948
35	64	65	10	0.645	-3	5.3125
36	66	67	1	8.4	-3	6.29411764705882
37	0	0	0	0	-1	5
38	68	69	10	0.705	-3	7.36363636363637
39	70	71	11	11.55	-3	6.94117647058824
40	72	73	6	18.5	-3	6.09090909090909
41	74	75	1	8.15	-3	6.45
42	0	0	0	0	-1	6
43	76	77	5	0.0725	-3	7
44	0	0	0	0	-1	4
45	78	79	4	5.55	-3	4.95081967213115
46	80	81	5	0.059	-3	5.35795454545455
47	82	83	8	0.99835	-3	5.08333333333333
48	84	85	7	35.5	-3	5.32982456140351
49	0	0	0	0	-1	3
50	86	87	5	0.061	-3	5.81385281385282
51	0	0	0	0	-1	7.6
52	88	89	1	10.35	-3	5.2
53	90	91	4	3.5	-3	5.92307692307692
54	92	93	5	0.0745	-3	6.25405405405405
55	94	95	9	3.365	-3	5.44897959183673
56	0	0	0	0	-1	4
57	0	0	0	0	-1	5
58	0	0	0	0	-1	5
59	0	0	0	0	-1	3.33333333333333
60	96	97	1	6.75	-3	5
61	0	0	0	0	-1	6
62	98	99	2	0.33	-3	6.7
63	100	101	3	0.47	-3	5.87730061349693
64	102	103	9	3.875	-3	5.21428571428571
65	0	0	0	0	-1	6
66	104	105	6	14	-3	6.375
67	0	0	0	0	-1	5
68	0	0	0	0	-1	8
69	106	107	11	12.7	-3	7.22222222222222
70	0	0	0	0	-1	6
71	108	109	4	1.9	-3	7
72	0	0	0	0	-1	7
73	110	111	10	0.785	-3	6
74	112	113	11	11.75	-3	6.72727272727273
75	114	115	6	23	-3	6.11111111111111
76	0	0	0	0	-1	7
77	0	0	0	0	-1	7
78	116	117	5	0.1145	-3	4.99130434782609
79	118	119	3	0.09	-3	4.28571428571429
80	120	121	7	10	-3	4.33333333333333
81	122	123	11	11.25	-3	5.39411764705882
82	124	125	2	0.35	-3	5
83	126	127	7	58.5	-3	5.325
84	128	129	5	0.073	-3	5.59405940594059
85	130	131	11	9.85	-3	5.18478260869565
86	132	133	10	0.6	-3	5.27777777777778
87	134	135	2	0.405	-3	5.85915492957747
88	136	137	6	11.5	-3	5.35294117647059
89	138	139	2	0.605	-3	4.72727272727273
90	140	141	2	0.34	-3	5.83333333333333
91	0	0	0	0	-1	7
92	142	143	5	0.0685	-3	6.5
93	144	145	4	6.85	-3	6.09009009009009
94	146	147	7	15.5	-3	5.56521739130435
95	0	0	0	0	-1	3.66666666666667
96	0	0	0	0	-1	5
97	148	149	9	0	-3	5
98	0	0	0	0	-1	6
99	150	151	4	0	-3	7
100	152	153	10	0.525	-3	5.82352941176471
101	154	155	1	7.5	-3	6.7
102	156	157	3	0.025	-3	5.30769230769231
103	0	0	0	0	-1	4
104	158	159	5	0.06	-3	6
105	160	161	10	0.775	-3	6.6
106	162	163	6	6.5	-3	7
107	164	165	6	12.5	-3	7.44444444444444
108	0	0	0	0	-1	8
109	166	167	11	13.7	-3	6.93333333333333
110	0	0	0	0	-1	6
111	0	0	0	0	-1	6
112	0	0	0	0	-1	6.2
113	168	169	2	0.465	-3	7.16666666666667
114	0	0	0	0	-1	6.5
115	0	0	0	0	-1	6
116	170	171	2	0.71	-3	4.96396396396396
117	0	0	0	0	-1	5.75
118	0	0	0	0	-1	4
119	0	0	0	0	-1	5
120	0	0	0	0	-1	4
121	0	0	0	0	-1	4.66666666666667
122	172	173	6	6.5	-3	5.35403726708075
123	174	175	10	0.575	-3	6.11111111111111
124	176	177	7	58.5	-3	5.55555555555556
125	178	179	4	1.7	-3	4.95327102803738
126	180	181	3	0.365	-3	5.54545454545455
127	182	183	5	0.076	-3	5.05555555555556
128	184	185	5	0.0715	-3	5.32258064516129
129	186	187	3	0.065	-3	5.71428571428571
130	188	189	9	3.41	-3	5.16201117318436
131	0	0	0	0	-1	6
132	0	0	0	0	-1	7
133	190	191	11	11.45	-3	5.17647058823529
134	192	193	5	0.0735	-3	6.08474576271187
135	194	195	11	10.55	-3	5.77272727272727
136	196	197	7	36.5	-3	5.57142857142857
137	198	199	10	0.625	-3	5.2
138	200	201	1	11.8	-3	5.125
139	0	0	0	0	-1	3.66666666666667
140	0	0	0	0	-1	5
141	202	203	9	3.105	-3	6
142	204	205	8	0.997025	-3	6.27027027027027
143	206	207	7	44	-3	6.72972972972973
144	208	209	3	0.53	-3	6.12037037037037
145	0	0	0	0	-1	5
146	0	0	0	0	-1	7
147	210	211	1	10	-3	5.5
148	0	0	0	0	-1	5
149	212	213	8	0	-3	5
150	0	0	0	0	-1	7
151	0	0	0	0	-1	7
152	214	215	10	0.51	-3	5.59375
153	216	217	7	8	-3	5.88429752066116
154	0	0	0	0	-1	6
155	218	219	9	3.1	-3	7
156	0	0	0	0	-1	6
157	220	221	3	0.13	-3	5.18181818181818
158	0	0	0	0	-1	6.33333333333333
159	0	0	0	0	-1	5.66666666666667
160	222	223	11	10.275	-3	7
161	0	0	0	0	-1	6
162	0	0	0	0	-1	7
163	0	0	0	0	-1	7
164	0	0	0	0	-1	8
165	0	0	0	0	-1	7
166	224	225	7	0	-3	7
167	0	0	0	0	-1	6
168	0	0	0	0	-1	7
169	0	0	0	0	-1	8
170	226	227	5	0.0725	-3	5.075
171	228	229	2	0.785	-3	4.67741935483871
172	230	231	4	2.6	-3	5.03448275862069
173	232	233	11	9.45	-3	5.42424242424242
174	234	235	2	0	-3	6
175	0	0	0	0	-1	6.5
176	236	237	9	3.125	-3	5.33333333333333
177	0	0	0	0	-1	6
178	0	0	0	0	-1	4
179	238	239	9	3.545	-3	4.98076923076923
180	240	241	10	0.535	-3	5.8
181	242	243	8	0	-3	5
182	0	0	0	0	-1	6
183	0	0	0	0	-1	5
184	244	245	11	9.65	-3	5.46428571428571
185	0	0	0	0	-1	4
186	246	247	3	0.045	-3	5.4
187	248	249	2	0.605	-3	5.84
188	250	251	3	0.84	-3	5.08888888888889
189	252	253	4	1.95	-3	5.38636363636364
190	254	255	9	3.435	-3	4.7
191	256	257	1	8.85	-3	5.85714285714286
192	258	259	8	0.996625	-3	6.35
193	260	261	4	2.6	-3	5.94871794871795
194	262	263	6	5.25	-3	5.6046511627907
195	264	265	4	2.25	-3	5.98529411764706
196	266	267	7	26.5	-3	5.46153846153846
197	0	0	0	0	-1	7
198	268	269	4	2.7	-3	5
199	0	0	0	0	-1	6
200	0	0	0	0	-1	5.5
201	0	0	0	0	-1	5
202	270	271	10	0.62	-3	6
203	0	0	0	0	-1	6
204	272	273	10	0.85	-3	6.9
205	274	275	5	0.0605	-3	6.03703703703704
206	276	277	9	2.985	-3	6.82758620689655
207	278	279	3	0.655	-3	6.375
208	280	281	9	3.265	-3	6
209	282	283	11	9.8	-3	6.39393939393939
210	284	285	6	6	-3	5.14285714285714
211	286	287	3	0.355	-3	5.66666666666667
212	0	0	0	0	-1	6
213	288	289	5	0.068	-3	5
214	290	291	11	10.525	-3	5.71428571428571
215	0	0	0	0	-1	4.75
216	0	0	0	0	-1	4
217	292	293	11	11.45	-3	5.9
218	0	0	0	0	-1	7
219	0	0	0	0	-1	7
220	294	295	4	2.5	-3	5
221	0	0	0	0	-1	6
222	0	0	0	0	-1	7
223	0	0	0	0	-1	7
224	0	0	0	0	-1	6
225	296	297	5	0	-3	7
226	298	299	7	35	-3	4.84615384615385
227	300	301	11	9.025	-3	5.11940298507463
228	302	303	5	0.0895	-3	4.42857142857143
229	304	305	1	8.15	-3	4.88235294117647
230	306	307	2	0.84	-3	4.96153846153846
231	0	0	0	0	-1	5.66666666666667
232	308	309	8	0.996725	-3	5.21428571428571
233	310	311	11	10.9	-3	5.52222222222222
234	0	0	0	0	-1	5
235	312	313	6	10.5	-3	6
236	0	0	0	0	-1	6
237	0	0	0	0	-1	5
238	314	315	5	0.0635	-3	4.96078431372549
239	0	0	0	0	-1	6
240	0	0	0	0	-1	5.25
241	316	317	1	8.45	-3	6
242	0	0	0	0	-1	6
243	318	319	10	10.4	-3	5
244	320	321	4	2.05	-3	5.61904761904762
245	0	0	0	0	-1	5
246	322	323	10	0.815	-3	5.57142857142857
247	324	325	11	9.2	-3	5
248	326	327	9	3.37	-3	6.02777777777778
249	328	329	2	0.6725	-3	5.35714285714286
250	330	331	2	0.9275	-3	5.09701492537313
251	0	0	0	0	-1	4
252	332	333	5	0.0845	-3	5.91666666666667
253	334	335	8	0.999475	-3	5.1875
254	0	0	0	0	-1	5
255	0	0	0	0	-1	4
256	0	0	0	0	-1	6.2
257	0	0	0	0	-1	5
258	336	337	11	10.2	-3	6.75
259	338	339	6	35.5	-3	6.08333333333333
260	340	341	5	0.091	-3	5.76923076923077
261	342	343	10	0.735	-3	6.30769230769231
262	0	0	0	0	-1	7
263	344	345	10	0.655	-3	5.57142857142857
264	346	347	9	3.61	-3	5.79166666666667
265	348	349	7	85.5	-3	6.09090909090909
266	350	351	3	0.395	-3	5.85714285714286
267	0	0	0	0	-1	5
268	352	353	3	0	-3	5
269	0	0	0	0	-1	5
270	0	0	0	0	-1	6
271	0	0	0	0	-1	6
272	354	355	2	0.315	-3	7
273	0	0	0	0	-1	6
274	0	0	0	0	-1	6.4
275	356	357	11	11.65	-3	5.95454545454545
276	0	0	0	0	-1	8
277	358	359	9	3.13	-3	6.74074074074074
278	0	0	0	0	-1	5.75
279	0	0	0	0	-1	7
280	360	361	6	19.5	-3	5.89285714285714
281	362	363	9	3.45	-3	6.31578947368421
282	364	365	2	0.315	-3	5.83333333333333
283	366	367	8	0.998025	-3	6.51851851851852
284	0	0	0	0	-1	6
285	368	369	9	3.265	-3	5
286	0	0	0	0	-1	5
287	370	371	6	6.5	-3	5.76923076923077
288	0	0	0	0	-1	5
289	372	373	5	0	-3	5
290	0	0	0	0	-1	4.5
291	374	375	10	0.395	-3	5.80769230769231
292	376	377	3	0.38	-3	5.75
293	378	379	11	12.7	-3	6.07142857142857
294	380	381	5	0	-3	5
295	0	0	0	0	-1	5
296	0	0	0	0	-1	5
297	382	383	6	4.5	-3	7
298	384	385	11	9.6	-3	5.16666666666667
299	386	387	11	9.35	-3	4.57142857142857
300	0	0	0	0	-1	6
301	388	389	9	3.12	-3	5.078125
302	390	391	8	18	-3	4
303	392	393	3	0.125	-3	5
304	394	395	2	63.5	-3	5
305	0	0	0	0	-1	4.5
306	396	397	4	1.45	-3	5
307	0	0	0	0	-1	4.66666666666667
308	398	399	9	3.4	-3	5.06451612903226
309	400	401	4	1.95	-3	5.63636363636364
310	402	403	3	0.025	-3	5.56626506024096
311	0	0	0	0	-1	5
312	0	0	0	0	-1	6
313	0	0	0	0	-1	6
314	0	0	0	0	-1	3
315	404	405	9	3.07	-3	4.98019801980198
316	0	0	0	0	-1	6
317	406	407	9	3.205	-3	6
318	0	0	0	0	-1	5
319	0	0	0	0	-1	5
320	408	409	11	8.95	-3	5.11111111111111
321	410	411	2	0.58	-3	6
322	412	413	6	4	-3	5.25
323	414	415	10	0.845	-3	6
324	0	0	0	0	-1	5
325	0	0	0	0	-1	5
326	416	417	8	0.99638	-3	5.93548387096774
327	0	0	0	0	-1	6.6
328	418	419	11	9.15	-3	5
329	420	421	6	7	-3	5.83333333333333
330	422	423	6	7	-3	5.11363636363636
331	0	0	0	0	-1	4
332	424	425	11	3.44	-3	6
333	0	0	0	0	-1	5.66666666666667
334	426	427	5	0.08	-3	5.2258064516129
335	0	0	0	0	-1	4
336	0	0	0	0	-1	7
337	0	0	0	0	-1	6.6
338	428	429	8	0.99671	-3	6
339	0	0	0	0	-1	7
340	430	431	7	25.5	-3	5.61111111111111
341	432	433	10	0.72	-3	6.125
342	0	0	0	0	-1	6
343	0	0	0	0	-1	7
344	434	435	9	3.505	-3	5.78181818181818
345	436	437	7	20	-3	5.17241379310345
346	438	439	9	3.395	-3	5.8695652173913
347	0	0	0	0	-1	4
348	440	441	9	3.345	-3	6.11627906976744
349	0	0	0	0	-1	5
350	0	0	0	0	-1	5
351	442	443	11	10.85	-3	6
352	0	0	0	0	-1	5
353	444	445	11	9.6	-3	5
354	0	0	0	0	-1	7
355	0	0	0	0	-1	7
356	446	447	6	5.5	-3	5.90476190476191
357	0	0	0	0	-1	7
358	0	0	0	0	-1	6
359	448	449	1	10.35	-3	6.8695652173913
360	450	451	9	3.05	-3	6.02173913043478
361	452	453	3	0.34	-3	5.3
362	454	455	11	10.45	-3	6.38888888888889
363	0	0	0	0	-1	5
364	0	0	0	0	-1	6
365	0	0	0	0	-1	5
366	456	457	1	11.75	-3	7
367	458	459	11	11.25	-3	6.31578947368421
368	460	461	11	9.9	-3	5
369	0	0	0	0	-1	5
370	462	463	7	16.5	-3	5.28571428571429
371	464	465	5	0.1145	-3	5.94736842105263
372	0	0	0	0	-1	6
373	466	467	2	0.7325	-3	5
374	0	0	0	0	-1	7
375	468	469	1	8.8	-3	5.76
376	470	471	2	0.36	-3	5.85185185185185
377	472	473	4	1.95	-3	5.2
378	474	475	5	0.0905	-3	6.09090909090909
379	0	0	0	0	-1	5
380	0	0	0	0	-1	6
381	476	477	3	0.5525	-3	5
382	0	0	0	0	-1	7
383	478	479	5	0.072	-3	7
384	0	0	0	0	-1	6
385	0	0	0	0	-1	5
386	0	0	0	0	-1	4.25
387	0	0	0	0	-1	5
388	480	481	3	0.105	-3	5.4
389	482	483	6	27.5	-3	5.01851851851852
390	484	485	5	0.0825	-3	4
391	0	0	0	0	-1	4
392	0	0	0	0	-1	5
393	0	0	0	0	-1	5
394	486	487	4	2.15	-3	5
395	0	0	0	0	-1	5
396	0	0	0	0	-1	5
397	0	0	0	0	-1	5
398	488	489	3	0.34	-3	5.03333333333333
399	0	0	0	0	-1	6
400	490	491	2	9.2	-3	6
401	0	0	0	0	-1	5.2
402	492	493	7	20.5	-3	6
403	494	495	4	2.25	-3	5.47826086956522
404	0	0	0	0	-1	4
405	496	497	7	87	-3	5
406	0	0	0	0	-1	6
407	0	0	0	0	-1	6
408	0	0	0	0	-1	6
409	498	499	1	8.4	-3	5
410	0	0	0	0	-1	6
411	0	0	0	0	-1	6
412	0	0	0	0	-1	6
413	500	501	4	1.85	-3	5.14285714285714
414	0	0	0	0	-1	6
415	0	0	0	0	-1	6
416	0	0	0	0	-1	5.6
417	502	503	1	7.95	-3	6
418	0	0	0	0	-1	5
419	504	505	1	0	-3	5
420	0	0	0	0	-1	6
421	0	0	0	0	-1	5
422	0	0	0	0	-1	5.75
423	506	507	7	88	-3	5.09375
424	0	0	0	0	-1	6
425	508	509	11	0	-3	6
426	510	511	11	9.26666666666667	-3	5.05882352941176
427	512	513	10	0.635	-3	5.42857142857143
428	0	0	0	0	-1	6
429	514	515	4	1.85	-3	6
430	0	0	0	0	-1	5
431	516	517	3	0.44	-3	5.78571428571429
432	518	519	9	0	-3	6
433	0	0	0	0	-1	7
434	520	521	10	0.645	-3	5.70588235294118
435	0	0	0	0	-1	6.75
436	0	0	0	0	-1	6
437	522	523	10	0.725	-3	5
438	524	525	10	0.76	-3	6
439	526	527	9	3.41	-3	5.57142857142857
440	0	0	0	0	-1	6.6
441	528	529	7	18.5	-3	6.05263157894737
442	0	0	0	0	-1	6
443	0	0	0	0	-1	6
444	0	0	0	0	-1	5
445	530	531	7	46.5	-3	5
446	0	0	0	0	-1	5.6
447	0	0	0	0	-1	6
448	532	533	4	0	-3	7
449	534	535	4	2.4	-3	6.57142857142857
450	536	537	2	0.37	-3	5.55555555555556
451	538	539	2	0.385	-3	6.13513513513514
452	540	541	11	0	-3	5
453	0	0	0	0	-1	5.75
454	542	543	1	9.7	-3	6
455	544	545	8	0.99592	-3	6.7
456	546	547	5	0.0835	-3	7.14285714285714
457	0	0	0	0	-1	6
458	548	549	6	11.5	-3	6.42857142857143
459	0	0	0	0	-1	6
460	550	551	8	0	-3	5
461	0	0	0	0	-1	5
462	0	0	0	0	-1	6
463	552	553	7	21	-3	5.16666666666667
464	0	0	0	0	-1	5.5
465	554	555	4	1.9	-3	6
466	556	557	10	0	-3	5
467	0	0	0	0	-1	5
468	558	559	4	3.4	-3	5.82608695652174
469	0	0	0	0	-1	5
470	0	0	0	0	-1	7
471	560	561	5	0.0675	-3	5.73469387755102
472	562	563	7	67.5	-3	5
473	0	0	0	0	-1	6
474	564	565	1	6.55	-3	6.05882352941177
475	0	0	0	0	-1	6.5
476	0	0	0	0	-1	5
477	0	0	0	0	-1	5
478	0	0	0	0	-1	7
479	0	0	0	0	-1	7
480	0	0	0	0	-1	5.8
481	0	0	0	0	-1	5
482	566	567	10	0.435	-3	4.97826086956522
483	568	569	1	7.9	-3	5.25
484	0	0	0	0	-1	4
485	0	0	0	0	-1	4
486	570	571	7	0	-3	5
487	0	0	0	0	-1	5
488	572	573	9	3.285	-3	5
489	0	0	0	0	-1	5.5
490	0	0	0	0	-1	6
491	0	0	0	0	-1	6
492	0	0	0	0	-1	7
493	574	575	4	2.7	-3	5.83333333333333
494	576	577	2	0.47	-3	5.39285714285714
495	578	579	5	0.0875	-3	5.84615384615385
496	580	581	1	8.15	-3	4.95714285714286
497	582	583	6	22	-3	5.10344827586207
498	584	585	2	0	-3	5
499	0	0	0	0	-1	5
500	0	0	0	0	-1	6
501	586	587	1	6.95	-3	5
502	0	0	0	0	-1	6
503	588	589	1	1.95	-3	6
504	0	0	0	0	-1	5
505	0	0	0	0	-1	5
506	590	591	7	78.5	-3	5.1764705882353
507	592	593	9	3.25	-3	5
508	0	0	0	0	-1	6
509	0	0	0	0	-1	6
510	0	0	0	0	-1	5.33333333333333
511	594	595	5	0.0755	-3	5
512	596	597	6	16.5	-3	5.83333333333333
513	598	599	3	0.275	-3	5.125
514	0	0	0	0	-1	6
515	0	0	0	0	-1	6
516	600	601	7	96	-3	5.91666666666667
517	0	0	0	0	-1	5
518	0	0	0	0	-1	6
519	602	603	9	3.23	-3	6
520	604	605	2	0.49	-3	5.61363636363636
521	606	607	1	8.35	-3	6.28571428571429
522	608	609	9	3.385	-3	5
523	610	611	2	0	-3	5
524	612	613	4	2.15	-3	6
525	614	615	4	0	-3	6
526	0	0	0	0	-1	5
527	0	0	0	0	-1	6
528	0	0	0	0	-1	6.33333333333333
529	616	617	8	0.99693	-3	6.02857142857143
530	0	0	0	0	-1	5
531	618	619	1	0	-3	5
532	0	0	0	0	-1	5
533	0	0	0	0	-1	7
534	620	621	7	16.5	-3	6.33333333333333
535	0	0	0	0	-1	8
536	0	0	0	0	-1	6
537	0	0	0	0	-1	5
538	622	623	5	0.092	-3	6.53846153846154
539	624	625	7	70.5	-3	5.91666666666667
540	0	0	0	0	-1	5
541	0	0	0	0	-1	5
542	0	0	0	0	-1	6
543	626	627	1	9.95	-3	6
544	0	0	0	0	-1	6
545	628	629	8	1.00115	-3	6.875
546	0	0	0	0	-1	8
547	630	631	11	11.9	-3	7
548	632	633	9	3.04	-3	6.83333333333333
549	634	635	10	0.905	-3	6.125
550	0	0	0	0	-1	7
551	636	637	11	1.00031	-3	5
552	0	0	0	0	-1	5
553	0	0	0	0	-1	6
554	0	0	0	0	-1	6
555	0	0	0	0	-1	6
556	0	0	0	0	-1	6
557	0	0	0	0	-1	5
558	638	639	1	6.2	-3	5.77272727272727
559	0	0	0	0	-1	7
560	640	641	5	0.0665	-3	5.27777777777778
561	642	643	9	3.49	-3	6
562	644	645	10	0	-3	5
563	0	0	0	0	-1	5
564	646	647	2	0.625	-3	6
565	648	649	7	28.5	-3	6.125
566	650	651	6	8	-3	4.8
567	652	653	9	3.205	-3	5.02777777777778
568	654	655	8	0.99556	-3	5.14285714285714
569	0	0	0	0	-1	6
570	0	0	0	0	-1	6
571	0	0	0	0	-1	5
572	656	657	3	0.275	-3	5
573	658	659	6	12.5	-3	5
574	660	661	1	7.75	-3	5.90909090909091
575	0	0	0	0	-1	5
576	662	663	6	21.5	-3	5.88888888888889
577	664	665	9	3.335	-3	5.29787234042553
578	666	667	4	2.45	-3	5.91666666666667
579	0	0	0	0	-1	5
580	668	669	2	0.8225	-3	5.025
581	670	671	3	0.365	-3	4.86666666666667
582	672	673	3	0.44	-3	5.375
583	674	675	3	0.19	-3	5
584	0	0	0	0	-1	5
585	676	677	10	0.645	-3	5
586	0	0	0	0	-1	5
587	0	0	0	0	-1	5
588	0	0	0	0	-1	5
589	678	679	2	0.43	-3	6
590	680	681	11	9.45	-3	5.06896551724138
591	682	683	3	0.27	-3	5.8
592	684	685	4	3.4	-3	5
593	686	687	3	0.25	-3	5
594	688	689	5	0	-3	5
595	690	691	4	0	-3	5
596	0	0	0	0	-1	5
597	0	0	0	0	-1	6
598	0	0	0	0	-1	5.25
599	0	0	0	0	-1	5
600	0	0	0	0	-1	6
601	0	0	0	0	-1	5
602	0	0	0	0	-1	6
603	0	0	0	0	-1	6
604	692	693	4	6.1	-3	5.27272727272727
605	694	695	5	0.0765	-3	5.72727272727273
606	0	0	0	0	-1	7
607	0	0	0	0	-1	5.75
608	0	0	0	0	-1	5
609	696	697	5	0.085	-3	5
610	0	0	0	0	-1	6
611	0	0	0	0	-1	5
612	0	0	0	0	-1	6
613	0	0	0	0	-1	6
614	0	0	0	0	-1	5
615	698	699	9	3.38	-3	6
616	700	701	4	0	-3	6
617	702	703	2	0.5725	-3	6.1
618	0	0	0	0	-1	6
619	704	705	1	0.605	-3	5
620	0	0	0	0	-1	6.66666666666667
621	0	0	0	0	-1	6
622	706	707	2	0.25	-3	6.14285714285714
623	708	709	3	0.385	-3	7
624	710	711	8	0.9998	-3	6
625	0	0	0	0	-1	5
626	0	0	0	0	-1	6
627	0	0	0	0	-1	6
628	712	713	1	10.9	-3	7
629	0	0	0	0	-1	6
630	0	0	0	0	-1	7
631	0	0	0	0	-1	7
632	0	0	0	0	-1	6
633	0	0	0	0	-1	7
634	714	715	3	0	-3	6
635	0	0	0	0	-1	7
636	0	0	0	0	-1	5
637	0	0	0	0	-1	5
638	716	717	4	2.1	-3	5.42857142857143
639	718	719	4	1.775	-3	5.93333333333333
640	720	721	10	0.615	-3	5.4375
641	0	0	0	0	-1	4
642	722	723	7	19.5	-3	6.03333333333333
643	0	0	0	0	-1	5
644	0	0	0	0	-1	6
645	0	0	0	0	-1	5
646	724	725	7	98.5	-3	6.04545454545455
647	0	0	0	0	-1	5.8
648	726	727	4	2.55	-3	6
649	728	729	10	0.58	-3	6.33333333333333
650	730	731	8	0.99869	-3	5
651	0	0	0	0	-1	4
652	732	733	6	5.5	-3	5.11111111111111
653	734	735	11	9.2	-3	5
654	0	0	0	0	-1	6
655	736	737	8	0.99559	-3	5
656	738	739	10	0.525	-3	5
657	0	0	0	0	-1	5
658	0	0	0	0	-1	5
659	740	741	6	0	-3	5
660	742	743	4	1.65	-3	6
661	0	0	0	0	-1	5
662	0	0	0	0	-1	6
663	0	0	0	0	-1	5.5
664	744	745	5	0.0645	-3	5.4375
665	0	0	0	0	-1	5
666	746	747	11	0	-3	6
667	0	0	0	0	-1	5.8
668	748	749	1	7.9	-3	5.05128205128205
669	0	0	0	0	-1	4
670	750	751	3	0.23	-3	4.70588235294118
671	752	753	3	0.425	-3	5.07692307692308
672	0	0	0	0	-1	5.6
673	0	0	0	0	-1	5
674	0	0	0	0	-1	5
675	0	0	0	0	-1	5
676	0	0	0	0	-1	5
677	0	0	0	0	-1	5
678	754	755	11	0	-3	6
679	756	757	3	0.425	-3	6
680	758	759	2	0.325	-3	5
681	760	761	2	0.73	-3	5.125
682	0	0	0	0	-1	5
683	762	763	10	0.685	-3	6
684	764	765	11	9.2	-3	5
685	0	0	0	0	-1	5
686	766	767	10	0.175	-3	5
687	768	769	9	3.355	-3	5
688	0	0	0	0	-1	6
689	770	771	11	9.55	-3	5
690	0	0	0	0	-1	6
691	772	773	9	3.58	-3	5
692	774	775	2	0.445	-3	5.11111111111111
693	0	0	0	0	-1	6
694	776	777	1	8.05	-3	5.33333333333333
695	778	779	4	2.85	-3	5.81481481481481
696	780	781	9	0	-3	5
697	782	783	8	0.99915	-3	5
698	0	0	0	0	-1	6
699	0	0	0	0	-1	6
700	0	0	0	0	-1	6
701	784	785	2	0.515	-3	6
702	786	787	6	13	-3	6
703	0	0	0	0	-1	6.25
704	0	0	0	0	-1	5
705	0	0	0	0	-1	5
706	788	789	2	0.225	-3	6
707	0	0	0	0	-1	7
708	0	0	0	0	-1	7
709	0	0	0	0	-1	7
710	0	0	0	0	-1	6
711	0	0	0	0	-1	6
712	0	0	0	0	-1	7
713	0	0	0	0	-1	7
714	0	0	0	0	-1	6
715	790	791	10	0.845	-3	6
716	0	0	0	0	-1	6
717	0	0	0	0	-1	5
718	0	0	0	0	-1	5.75
719	792	793	10	0.415	-3	6
720	0	0	0	0	-1	5
721	0	0	0	0	-1	6
722	0	0	0	0	-1	6.33333333333333
723	794	795	4	2.6	-3	6
724	796	797	10	0.66	-3	6
725	0	0	0	0	-1	6.5
726	0	0	0	0	-1	6
727	0	0	0	0	-1	6
728	798	799	1	6.95	-3	6.16666666666667
729	0	0	0	0	-1	6.66666666666667
730	800	801	1	0	-3	5
731	0	0	0	0	-1	5
732	0	0	0	0	-1	5.5
733	802	803	7	0	-3	5
734	0	0	0	0	-1	5
735	804	805	2	0.39	-3	5
736	0	0	0	0	-1	5
737	0	0	0	0	-1	5
738	0	0	0	0	-1	5
739	806	807	4	0	-3	5
740	0	0	0	0	-1	5
741	808	809	4	1.55	-3	5
742	0	0	0	0	-1	6
743	810	811	10	0.53	-3	6
744	0	0	0	0	-1	6
745	812	813	9	3.255	-3	5.37931034482759
746	0	0	0	0	-1	6
747	814	815	1	7.95	-3	6
748	816	817	3	0.025	-3	5
749	0	0	0	0	-1	5.4
750	818	819	8	0	-3	5
751	820	821	5	0.081	-3	4.5
752	0	0	0	0	-1	5.33333333333333
753	822	823	8	0.99721	-3	5
754	0	0	0	0	-1	5
755	824	825	8	0.99765	-3	6
756	826	827	7	0.9978	-3	6
757	0	0	0	0	-1	6
758	0	0	0	0	-1	6
759	828	829	10	0.595	-3	4.96
760	830	831	10	0.695	-3	5.07142857142857
761	0	0	0	0	-1	5.5
762	0	0	0	0	-1	6
763	0	0	0	0	-1	6
764	0	0	0	0	-1	5
765	0	0	0	0	-1	5
766	0	0	0	0	-1	6
767	832	833	8	0.99985	-3	5
768	834	835	4	0	-3	5
769	836	837	5	0	-3	5
770	0	0	0	0	-1	5
771	0	0	0	0	-1	5
772	0	0	0	0	-1	5
773	0	0	0	0	-1	5
774	838	839	7	10.35	-3	5
775	0	0	0	0	-1	5.33333333333333
776	0	0	0	0	-1	5.2
777	0	0	0	0	-1	6
778	840	841	3	0.145	-3	5.91666666666667
779	0	0	0	0	-1	5
780	0	0	0	0	-1	5
781	842	843	3	0.305	-3	5
782	844	845	5	0	-3	5
783	0	0	0	0	-1	5
784	0	0	0	0	-1	6
785	846	847	6	4.2	-3	6
786	0	0	0	0	-1	6
787	0	0	0	0	-1	6
788	0	0	0	0	-1	6
789	0	0	0	0	-1	6
790	0	0	0	0	-1	6
791	0	0	0	0	-1	6
792	0	0	0	0	-1	6
793	0	0	0	0	-1	6
794	848	849	4	0	-3	6
795	0	0	0	0	-1	6
796	0	0	0	0	-1	6
797	850	851	1	5.95	-3	6
798	0	0	0	0	-1	7
799	0	0	0	0	-1	6
800	0	0	0	0	-1	5
801	0	0	0	0	-1	5
802	0	0	0	0	-1	5
803	852	853	11	0	-3	5
804	0	0	0	0	-1	5
805	854	855	3	0.035	-3	5
806	0	0	0	0	-1	6
807	0	0	0	0	-1	5
808	0	0	0	0	-1	5
809	856	857	8	0	-3	5
810	0	0	0	0	-1	6
811	858	859	9	0.077	-3	6
812	860	861	7	33.5	-3	5.16666666666667
813	862	863	2	0.635	-3	5.52941176470588
814	0	0	0	0	-1	6
815	0	0	0	0	-1	6
816	0	0	0	0	-1	5
817	864	865	4	1.85	-3	5
818	0	0	0	0	-1	6
819	866	867	11	9.45	-3	5
820	0	0	0	0	-1	5
821	0	0	0	0	-1	4
822	0	0	0	0	-1	5
823	868	869	8	0	-3	5
824	0	0	0	0	-1	6
825	0	0	0	0	-1	6
826	0	0	0	0	-1	6
827	0	0	0	0	-1	6
828	0	0	0	0	-1	4.5
829	870	871	6	17	-3	5
830	872	873	1	7.15	-3	5.14285714285714
831	874	875	10	0	-3	5
832	876	877	6	0	-3	5
833	0	0	0	0	-1	5
834	0	0	0	0	-1	7
835	878	879	8	0.996455	-3	5
836	0	0	0	0	-1	5
837	0	0	0	0	-1	5
838	0	0	0	0	-1	7
839	0	0	0	0	-1	5
840	880	881	10	0.605	-3	5.81818181818182
841	882	883	10	0.595	-3	6
842	0	0	0	0	-1	5
843	0	0	0	0	-1	5
844	0	0	0	0	-1	7
845	0	0	0	0	-1	5
846	0	0	0	0	-1	5
847	884	885	2	0.5575	-3	6
848	0	0	0	0	-1	7
849	886	887	6	12	-3	6
850	0	0	0	0	-1	6
851	0	0	0	0	-1	6
852	0	0	0	0	-1	5
853	0	0	0	0	-1	5
854	0	0	0	0	-1	5
855	888	889	10	0.475	-3	5
856	0	0	0	0	-1	5
857	890	891	9	3.36	-3	5
858	0	0	0	0	-1	5
859	892	893	8	0.9962	-3	6
860	0	0	0	0	-1	6
861	894	895	2	0.495	-3	5
862	896	897	6	20.5	-3	5.69230769230769
863	0	0	0	0	-1	5
864	0	0	0	0	-1	5
865	898	899	10	0.555	-3	5
866	0	0	0	0	-1	5
867	0	0	0	0	-1	5
868	0	0	0	0	-1	7
869	900	901	8	0.998085	-3	5
870	902	903	3	0	-3	5
871	904	905	11	0	-3	5
872	0	0	0	0	-1	6
873	906	907	5	0.097	-3	5.07692307692308
874	0	0	0	0	-1	5
875	908	909	9	3.21	-3	5
876	0	0	0	0	-1	5
877	910	911	10	0	-3	5
878	0	0	0	0	-1	5
879	912	913	7	2.75	-3	5
880	0	0	0	0	-1	6
881	0	0	0	0	-1	5
882	0	0	0	0	-1	6
883	914	915	10	0.62	-3	6
884	0	0	0	0	-1	6
885	0	0	0	0	-1	6
886	0	0	0	0	-1	6
887	916	917	10	0.595	-3	6
888	918	919	4	0	-3	5
889	920	921	10	0	-3	5
890	0	0	0	0	-1	5
891	0	0	0	0	-1	5
892	0	0	0	0	-1	6
893	0	0	0	0	-1	6
894	0	0	0	0	-1	5
895	922	923	7	0.56	-3	5
896	924	925	10	0.53	-3	5.81818181818182
897	0	0	0	0	-1	5
898	0	0	0	0	-1	5
899	926	927	10	0	-3	5
900	0	0	0	0	-1	5
901	0	0	0	0	-1	5
902	0	0	0	0	-1	7
903	928	929	9	3.135	-3	5
904	0	0	0	0	-1	5
905	0	0	0	0	-1	5
906	930	931	11	9.65	-3	5
907	0	0	0	0	-1	5.2
908	0	0	0	0	-1	5
909	932	933	9	0	-3	5
910	0	0	0	0	-1	6
911	0	0	0	0	-1	5
912	0	0	0	0	-1	5
913	934	935	9	3.315	-3	5
914	936	937	1	7.3	-3	6
915	0	0	0	0	-1	6
916	938	939	4	2.25	-3	6
917	940	941	10	0	-3	6
918	0	0	0	0	-1	5
919	942	943	7	37	-3	5
920	0	0	0	0	-1	5
921	944	945	5	0.0805	-3	5
922	0	0	0	0	-1	7
923	946	947	10	0.545	-3	5
924	0	0	0	0	-1	5
925	948	949	3	0.225	-3	5.9
926	0	0	0	0	-1	6
927	950	951	2	0.495	-3	5
928	952	953	6	9.1	-3	5
929	0	0	0	0	-1	5
930	954	955	10	0.63	-3	5
931	0	0	0	0	-1	5
932	0	0	0	0	-1	4
933	956	957	7	53	-3	5
934	958	959	5	0	-3	5
935	0	0	0	0	-1	5
936	0	0	0	0	-1	6
937	0	0	0	0	-1	6
938	960	961	4	1.9	-3	6
939	0	0	0	0	-1	6
940	0	0	0	0	-1	6
941	962	963	10	0.655	-3	6
942	0	0	0	0	-1	5
943	0	0	0	0	-1	5
944	0	0	0	0	-1	5
945	0	0	0	0	-1	5
946	964	965	6	0	-3	5
947	0	0	0	0	-1	5
948	0	0	0	0	-1	5.8
949	0	0	0	0	-1	6
950	0	0	0	0	-1	5
951	966	967	10	0	-3	5
952	0	0	0	0	-1	4
953	968	969	3	0.55	-3	5
954	0	0	0	0	-1	5
955	0	0	0	0	-1	5
956	0	0	0	0	-1	5
957	0	0	0	0	-1	5
958	0	0	0	0	-1	6
959	970	971	1	8.9	-3	5
960	0	0	0	0	-1	6
961	0	0	0	0	-1	6
962	0	0	0	0	-1	6
963	0	0	0	0	-1	6
964	0	0	0	0	-1	6
965	972	973	8	0	-3	5
966	0	0	0	0	-1	5
967	974	975	2	0.535	-3	5
968	0	0	0	0	-1	5
969	0	0	0	0	-1	5
970	0	0	0	0	-1	5
971	0	0	0	0	-1	5
972	0	0	0	0	-1	5
973	0	0	0	0	-1	5
974	0	0	0	0	-1	5
975	0	0	0	0	-1	5
