1	2	3	3	0.295	-3	5.65540963101939
2	4	5	8	0.993795	-3	5.46408839779005
3	6	7	10	0.635	-3	5.90489913544668
4	8	9	1	5.65	-3	6.2
5	10	11	11	10.05	-3	5.39759036144578
6	12	13	3	0.485	-3	5.5136186770428
7	14	15	2	0.405	-3	6.13501144164759
8	16	17	10	0.625	-3	6.64285714285714
9	18	19	5	0.028	-3	5.93617021276596
10	20	21	2	0.8	-3	5.2211350293542
11	22	23	10	0.545	-3	5.68025078369906
12	24	25	11	11.65	-3	5.64670658682635
13	26	27	8	0.996785	-3	5.26666666666667
14	28	29	6	18.5	-3	6.36981132075471
15	30	31	4	2.05	-3	5.77325581395349
16	32	33	2	0.63	-3	5.85714285714286
17	34	35	4	2.25	-3	6.90476190476191
18	0	0	0	0	-1	7
19	36	37	7	13.5	-3	5.88888888888889
20	38	39	10	0.575	-3	5.27571115973741
21	40	41	8	0.994955	-3	4.75925925925926
22	42	43	6	8	-3	5.13157894736842
23	44	45	7	13.5	-3	5.85185185185185
24	46	47	11	9.65	-3	5.53103448275862
25	48	49	8	0.99287	-3	6.40909090909091
26	50	51	3	0.67	-3	6.05882352941176
27	52	53	6	6.5	-3	5.08219178082192
28	54	55	10	0.705	-3	6.52631578947368
29	56	57	7	47.5	-3	5.97333333333333
30	58	59	5	0.105	-3	5.48979591836735
31	60	61	9	2.935	-3	5.88617886178862
32	0	0	0	0	-1	6.33333333333333
33	0	0	0	0	-1	5.5
34	62	63	3	0.02	-3	7
35	0	0	0	0	-1	5
36	64	65	8	0.99302	-3	6.42857142857143
37	66	67	4	3.375	-3	5.78947368421053
38	68	69	11	9.075	-3	5.17903930131004
39	70	71	6	18.5	-3	5.37280701754386
40	72	73	1	7.5	-3	3.33333333333333
41	74	75	11	9.05	-3	4.9375
42	76	77	2	0.9525	-3	4.47619047619048
43	78	79	6	16.5	-3	5.38181818181818
44	80	81	8	0.9971	-3	5.33333333333333
45	82	83	6	7.5	-3	5.9009009009009
46	84	85	4	1.85	-3	5.36231884057971
47	86	87	7	11.5	-3	5.68421052631579
48	0	0	0	0	-1	7
49	88	89	2	0.34	-3	6.31578947368421
50	90	91	9	3.21	-3	6
51	0	0	0	0	-1	6.5
52	92	93	2	0.605	-3	4.84615384615385
53	94	95	7	41.5	-3	5.21276595744681
54	96	97	9	3.275	-3	6.30357142857143
55	98	99	1	9.75	-3	6.61940298507463
56	100	101	7	36.5	-3	6.5625
57	102	103	1	8.05	-3	5.8135593220339
58	104	105	1	7.7	-3	5.92307692307692
59	106	107	9	3.365	-3	5
60	108	109	10	1.37	-3	4.66666666666667
61	110	111	9	3.525	-3	5.94871794871795
62	112	113	11	13.8	-3	6.8
63	0	0	0	0	-1	7.6
64	0	0	0	0	-1	5.66666666666667
65	0	0	0	0	-1	7
66	114	115	1	6.35	-3	5.85714285714286
67	0	0	0	0	-1	5
68	0	0	0	0	-1	4
69	116	117	8	0.99477	-3	5.2
70	118	119	7	13.5	-3	5.44311377245509
71	120	121	5	0.055	-3	5.18032786885246
72	0	0	0	0	-1	3
73	0	0	0	0	-1	5
74	0	0	0	0	-1	5.8
75	122	123	8	1.000025	-3	4.83720930232558
76	124	125	7	8.5	-3	4.8125
77	0	0	0	0	-1	3.4
78	126	127	3	0.025	-3	5.22857142857143
79	128	129	7	75.5	-3	5.65
80	130	131	8	0.99476	-3	4.9375
81	0	0	0	0	-1	6.6
82	132	133	10	0.59	-3	5.42105263157895
83	134	135	2	0.6375	-3	5.94581280788177
84	136	137	8	0.99673	-3	5.70588235294118
85	138	139	2	0.535	-3	5.25
86	140	141	2	0.245	-3	6.22222222222222
87	142	143	1	6.5	-3	5.61194029850746
88	144	145	1	8.15	-3	6.625
89	146	147	8	0.996435	-3	6.09090909090909
90	0	0	0	0	-1	6
91	148	149	3	0.595	-3	6
92	150	151	1	7.9	-3	4.95833333333333
93	0	0	0	0	-1	3.5
94	152	153	6	8.5	-3	5.92307692307692
95	154	155	5	0.0765	-3	4.94117647058824
96	156	157	9	3.145	-3	6.47727272727273
97	158	159	6	5	-3	5.66666666666667
98	160	161	10	0.775	-3	6.84285714285714
99	162	163	2	0.315	-3	6.375
100	0	0	0	0	-1	6
101	164	165	8	0.99562	-3	6.75
102	166	167	11	11.35	-3	5.4375
103	168	169	1	12.45	-3	5.95348837209302
104	0	0	0	0	-1	5
105	170	171	9	2.955	-3	6.09090909090909
106	172	173	10	1.475	-3	5.09090909090909
107	0	0	0	0	-1	3
108	0	0	0	0	-1	5
109	0	0	0	0	-1	4
110	174	175	11	11.15	-3	5.97368421052632
111	0	0	0	0	-1	5
112	176	177	2	0.495	-3	7
113	0	0	0	0	-1	6
114	178	179	7	25.5	-3	5.625
115	180	181	10	0.665	-3	6.05263157894737
116	182	183	8	0.99453	-3	5.75
117	184	185	4	9.3	-3	5.17972350230415
118	186	187	2	0.7225	-3	4.9
119	188	189	4	1.35	-3	5.47770700636943
120	0	0	0	0	-1	6
121	190	191	8	0.99711	-3	5.15254237288136
122	192	193	10	0.675	-3	4.9
123	0	0	0	0	-1	4
124	0	0	0	0	-1	4.25
125	194	195	5	0.0735	-3	5
126	196	197	6	11.5	-3	6
127	198	199	8	0.99506	-3	5.06896551724138
128	200	201	1	8	-3	5.82352941176471
129	0	0	0	0	-1	4.66666666666667
130	0	0	0	0	-1	6
131	202	203	2	0.8675	-3	4.69230769230769
132	204	205	3	0.04	-3	4.88888888888889
133	206	207	10	0.82	-3	5.9
134	208	209	6	23.5	-3	6.04225352112676
135	210	211	11	11.75	-3	5.72131147540984
136	0	0	0	0	-1	5.2
137	212	213	9	3.315	-3	5.91666666666667
138	214	215	4	2.45	-3	5.35135135135135
139	0	0	0	0	-1	5
140	0	0	0	0	-1	7
141	216	217	3	0.375	-3	6.125
142	0	0	0	0	-1	4
143	218	219	3	0.36	-3	5.63636363636364
144	0	0	0	0	-1	6.25
145	0	0	0	0	-1	7
146	0	0	0	0	-1	6
147	0	0	0	0	-1	7
148	220	221	4	2.2	-3	6
149	0	0	0	0	-1	6
150	0	0	0	0	-1	4
151	222	223	10	0.6	-3	5
152	0	0	0	0	-1	7
153	224	225	2	0.325	-3	5.83333333333333
154	226	227	8	0.99795	-3	4.33333333333333
155	228	229	4	2.55	-3	5.07142857142857
156	230	231	11	11.55	-3	6
157	232	233	11	9.9	-3	6.7
158	0	0	0	0	-1	7
159	234	235	2	0.35	-3	5.22222222222222
160	236	237	9	3.25	-3	7.08
161	238	239	1	9.25	-3	6.71111111111111
162	240	241	1	11.65	-3	6.71875
163	242	243	3	0.615	-3	6.03125
164	244	245	10	0.785	-3	7
165	0	0	0	0	-1	6.25
166	246	247	6	21.5	-3	5.25
167	0	0	0	0	-1	6
168	248	249	11	9.9	-3	6.025
169	0	0	0	0	-1	5
170	0	0	0	0	-1	7
171	250	251	3	0.615	-3	6
172	252	253	7	38.5	-3	5.04761904761905
173	0	0	0	0	-1	6
174	254	255	1	11.45	-3	5.64179104477612
175	256	257	4	2.35	-3	6.4468085106383
176	0	0	0	0	-1	7
177	0	0	0	0	-1	7
178	0	0	0	0	-1	6
179	258	259	8	0.99325	-3	5.45454545454545
180	260	261	11	12	-3	6
181	0	0	0	0	-1	7
182	0	0	0	0	-1	5
183	0	0	0	0	-1	6.5
184	262	263	2	0.78	-3	5.16037735849056
185	0	0	0	0	-1	6
186	264	265	2	0.68	-3	5.11111111111111
187	0	0	0	0	-1	3
188	0	0	0	0	-1	4
189	266	267	9	3.295	-3	5.48717948717949
190	268	269	11	9.4	-3	5.30769230769231
191	270	271	10	1.535	-3	5.03030303030303
192	272	273	7	9	-3	4.81081081081081
193	0	0	0	0	-1	6
194	0	0	0	0	-1	5
195	274	275	2	0	-3	5
196	0	0	0	0	-1	6
197	0	0	0	0	-1	6
198	0	0	0	0	-1	4
199	276	277	9	3.27	-3	5.19230769230769
200	278	279	3	0.015	-3	5.93333333333333
201	0	0	0	0	-1	5
202	280	281	6	6.5	-3	4.45454545454546
203	0	0	0	0	-1	6
204	0	0	0	0	-1	4
205	282	283	8	0.9978	-3	5.33333333333333
206	284	285	10	0.71	-3	5.77777777777778
207	0	0	0	0	-1	7
208	286	287	5	0.086	-3	6.16326530612245
209	288	289	2	0.375	-3	5.77272727272727
210	290	291	3	0.035	-3	5.76785714285714
211	0	0	0	0	-1	5.2
212	0	0	0	0	-1	5.75
213	292	293	9	0	-3	6
214	294	295	5	0.15	-3	5.18181818181818
215	296	297	5	0.0805	-3	5.6
216	0	0	0	0	-1	7
217	0	0	0	0	-1	6
218	298	299	1	9.75	-3	5.84375
219	300	301	2	0.925	-3	5.44117647058824
220	0	0	0	0	-1	6
221	302	303	2	0	-3	6
222	304	305	1	0.54	-3	5
223	306	307	9	0.625	-3	5
224	0	0	0	0	-1	5
225	308	309	5	0.0705	-3	5.90909090909091
226	0	0	0	0	-1	5
227	0	0	0	0	-1	3.66666666666667
228	310	311	5	0.084	-3	5
229	312	313	9	3.305	-3	5.2
230	314	315	4	8.85	-3	5.83333333333333
231	0	0	0	0	-1	7
232	316	317	7	58	-3	5.875
233	318	319	3	0.555	-3	7
234	320	321	3	0	-3	5
235	0	0	0	0	-1	6
236	0	0	0	0	-1	7.6
237	322	323	10	0.72	-3	6.95
238	324	325	9	3.235	-3	6.625
239	0	0	0	0	-1	7.4
240	326	327	3	0.475	-3	6.6
241	328	329	8	0.99905	-3	7.14285714285714
242	330	331	8	0.99855	-3	5.85185185185185
243	0	0	0	0	-1	7
244	0	0	0	0	-1	7
245	0	0	0	0	-1	7
246	0	0	0	0	-1	6
247	332	333	2	0.395	-3	5
248	0	0	0	0	-1	5
249	334	335	2	0.285	-3	6.10810810810811
250	336	337	10	0.735	-3	6.11111111111111
251	0	0	0	0	-1	5
252	0	0	0	0	-1	6
253	338	339	7	66.5	-3	5
254	340	341	2	0.445	-3	5.54385964912281
255	342	343	11	10.55	-3	6.2
256	344	345	11	0	-3	6
257	346	347	7	76.5	-3	6.525
258	0	0	0	0	-1	6
259	348	349	6	15	-3	5.25
260	350	351	8	0.99313	-3	6
261	352	353	2	0.505	-3	6
262	354	355	11	9.65	-3	5.15238095238095
263	0	0	0	0	-1	6
264	356	357	5	0.1305	-3	5
265	0	0	0	0	-1	6
266	358	359	1	9.65	-3	5.30882352941177
267	360	361	11	9.75	-3	5.625
268	362	363	8	0.99635	-3	5
269	364	365	4	1.55	-3	5.44444444444444
270	366	367	4	1.7	-3	4.96666666666667
271	0	0	0	0	-1	5.66666666666667
272	0	0	0	0	-1	4
273	368	369	2	0.9725	-3	4.85714285714286
274	0	0	0	0	-1	7
275	370	371	3	0.19	-3	5
276	372	373	7	36.5	-3	5.57142857142857
277	374	375	9	3.545	-3	5.05263157894737
278	0	0	0	0	-1	5
279	376	377	2	12.05	-3	6
280	378	379	5	0.098	-3	4.125
281	0	0	0	0	-1	5.33333333333333
282	0	0	0	0	-1	5
283	0	0	0	0	-1	6
284	380	381	9	3.165	-3	5.875
285	0	0	0	0	-1	5
286	382	383	9	3.395	-3	6.04166666666667
287	384	385	6	12.5	-3	6.5
288	386	387	7	61	-3	5
289	388	389	11	12.4	-3	5.89473684210526
290	390	391	11	11.55	-3	6
291	392	393	11	11.25	-3	5.55172413793103
292	0	0	0	0	-1	5
293	0	0	0	0	-1	6
294	394	395	4	2.05	-3	5.1
295	0	0	0	0	-1	6
296	396	397	2	0.3	-3	5.9
297	0	0	0	0	-1	5
298	398	399	4	2.225	-3	5.74074074074074
299	0	0	0	0	-1	6.4
300	400	401	1	8.85	-3	5.36666666666667
301	0	0	0	0	-1	6
302	0	0	0	0	-1	5
303	402	403	9	3.45	-3	6
304	0	0	0	0	-1	6
305	404	405	7	0	-3	5
306	0	0	0	0	-1	6
307	406	407	11	10.8	-3	5
308	0	0	0	0	-1	5
309	408	409	9	3.125	-3	6
310	0	0	0	0	-1	5
311	0	0	0	0	-1	5
312	410	411	11	10.4	-3	5.11111111111111
313	0	0	0	0	-1	6
314	412	413	5	0.088	-3	5.90909090909091
315	0	0	0	0	-1	5
316	414	415	6	7	-3	6
317	0	0	0	0	-1	5
318	416	417	11	12.3	-3	7.15789473684211
319	0	0	0	0	-1	6
320	0	0	0	0	-1	6
321	418	419	10	0	-3	5
322	0	0	0	0	-1	6.75
323	420	421	6	0	-3	7
324	422	423	11	11.7	-3	6.2
325	424	425	6	4.5	-3	6.76666666666667
326	426	427	5	0.058	-3	6.90909090909091
327	428	429	10	0.845	-3	6.35714285714286
328	0	0	0	0	-1	7.5
329	0	0	0	0	-1	7
330	430	431	3	0.46	-3	6.16666666666667
331	432	433	7	19	-3	5.6
332	434	435	4	2.55	-3	4.875
333	0	0	0	0	-1	6
334	436	437	1	8.35	-3	6.5
335	438	439	5	0.087	-3	6.03225806451613
336	440	441	1	8.4	-3	6
337	442	443	5	0.088	-3	6.28571428571429
338	444	445	10	1.215	-3	5
339	446	447	9	3.17	-3	5
340	448	449	7	93	-3	5.9375
341	450	451	5	0.065	-3	5.39024390243902
342	0	0	0	0	-1	6.5
343	452	453	5	0.08	-3	6
344	0	0	0	0	-1	5
345	454	455	3	0.43	-3	6
346	456	457	10	0.86	-3	6.64705882352941
347	458	459	3	0.685	-3	5.83333333333333
348	0	0	0	0	-1	5
349	0	0	0	0	-1	5.66666666666667
350	0	0	0	0	-1	6
351	460	461	7	44.5	-3	6
352	0	0	0	0	-1	6
353	0	0	0	0	-1	6
354	462	463	10	0.535	-3	5.08108108108108
355	464	465	8	0.99671	-3	5.32258064516129
356	466	467	6	0	-3	5
357	0	0	0	0	-1	5
358	468	469	3	0.265	-3	5.25396825396825
359	0	0	0	0	-1	6
360	470	471	7	50	-3	5.7719298245614
361	472	473	5	0.0865	-3	5.35483870967742
362	474	475	4	0	-3	5
363	0	0	0	0	-1	5
364	0	0	0	0	-1	5
365	476	477	11	9.6	-3	5.53333333333333
366	0	0	0	0	-1	4
367	478	479	10	0.725	-3	5
368	480	481	3	0.265	-3	4.90909090909091
369	0	0	0	0	-1	4
370	0	0	0	0	-1	5
371	0	0	0	0	-1	5
372	0	0	0	0	-1	6
373	0	0	0	0	-1	5
374	482	483	6	13.5	-3	5
375	0	0	0	0	-1	6
376	484	485	2	0.8875	-3	6
377	0	0	0	0	-1	6
378	486	487	2	0	-3	4
379	0	0	0	0	-1	5
380	0	0	0	0	-1	5
381	0	0	0	0	-1	6
382	488	489	7	77.5	-3	5.8125
383	490	491	1	6.7	-3	6.225
384	492	493	9	3.36	-3	7
385	494	495	9	3.335	-3	6.23529411764706
386	0	0	0	0	-1	5
387	0	0	0	0	-1	5
388	496	497	4	1.75	-3	5.83783783783784
389	0	0	0	0	-1	8
390	498	499	11	10.3	-3	5.92
391	0	0	0	0	-1	7
392	500	501	1	8.95	-3	5.38095238095238
393	0	0	0	0	-1	6
394	502	503	5	0.083	-3	5.2
395	504	505	7	54.5	-3	5
396	0	0	0	0	-1	5
397	0	0	0	0	-1	6
398	506	507	11	11.05	-3	6.1
399	508	509	2	0.405	-3	5.52941176470588
400	510	511	10	0.62	-3	5.625
401	512	513	9	3.245	-3	5.07142857142857
402	0	0	0	0	-1	6
403	0	0	0	0	-1	6
404	0	0	0	0	-1	5
405	514	515	8	0.99955	-3	5
406	516	517	8	0	-3	5
407	0	0	0	0	-1	5
408	0	0	0	0	-1	6
409	0	0	0	0	-1	6
410	518	519	3	0.535	-3	5
411	0	0	0	0	-1	6
412	520	521	1	10.75	-3	6
413	0	0	0	0	-1	5
414	0	0	0	0	-1	6
415	0	0	0	0	-1	6
416	522	523	5	0.0795	-3	7.05882352941177
417	0	0	0	0	-1	8
418	0	0	0	0	-1	5
419	0	0	0	0	-1	5
420	0	0	0	0	-1	5
421	524	525	4	0	-3	7
422	0	0	0	0	-1	6
423	0	0	0	0	-1	7
424	0	0	0	0	-1	6
425	526	527	9	3.565	-3	6.85185185185185
426	0	0	0	0	-1	6
427	0	0	0	0	-1	7
428	0	0	0	0	-1	7
429	528	529	6	5	-3	6
430	0	0	0	0	-1	7
431	530	531	1	10.2	-3	6
432	0	0	0	0	-1	5
433	532	533	6	13.5	-3	5.9
434	0	0	0	0	-1	5
435	0	0	0	0	-1	4
436	0	0	0	0	-1	6
437	0	0	0	0	-1	6.75
438	534	535	2	0.33	-3	6
439	0	0	0	0	-1	7
440	0	0	0	0	-1	6
441	536	537	8	0	-3	6
442	538	539	6	6.5	-3	6.16666666666667
443	0	0	0	0	-1	7
444	540	541	1	8.65	-3	5
445	0	0	0	0	-1	5
446	0	0	0	0	-1	5
447	0	0	0	0	-1	5
448	542	543	1	9.95	-3	6.07142857142857
449	0	0	0	0	-1	5
450	0	0	0	0	-1	7
451	544	545	3	0.365	-3	5.30769230769231
452	0	0	0	0	-1	6
453	0	0	0	0	-1	6
454	0	0	0	0	-1	6
455	0	0	0	0	-1	6
456	546	547	11	11.55	-3	6.75
457	548	549	6	8.5	-3	6.16666666666667
458	0	0	0	0	-1	6
459	0	0	0	0	-1	5
460	0	0	0	0	-1	6
461	0	0	0	0	-1	6
462	550	551	1	7.25	-3	5
463	552	553	1	7.7	-3	5.1764705882353
464	554	555	9	3.41	-3	5.14285714285714
465	556	557	5	0.1025	-3	5.55555555555556
466	0	0	0	0	-1	6
467	558	559	5	0.093	-3	5
468	560	561	7	18	-3	5.16666666666667
469	562	563	4	1.85	-3	5.77777777777778
470	564	565	8	0.996675	-3	5.83018867924528
471	0	0	0	0	-1	5
472	566	567	5	0.0785	-3	5.47826086956522
473	568	569	8	0.996795	-3	5
474	0	0	0	0	-1	5
475	570	571	5	0.0765	-3	5
476	0	0	0	0	-1	6
477	572	573	4	2.3	-3	5.3
478	0	0	0	0	-1	5
479	574	575	5	0.129	-3	5
480	576	577	6	5.5	-3	4.96428571428571
481	0	0	0	0	-1	4.6
482	578	579	5	0.0835	-3	5
483	580	581	9	0	-3	5
484	0	0	0	0	-1	6
485	0	0	0	0	-1	6
486	0	0	0	0	-1	6
487	0	0	0	0	-1	4
488	582	583	7	30.5	-3	5.86666666666667
489	0	0	0	0	-1	5
490	584	585	3	0.045	-3	6
491	586	587	2	0.555	-3	6.5
492	0	0	0	0	-1	7
493	0	0	0	0	-1	7
494	588	589	2	0.5975	-3	5.88888888888889
495	590	591	3	0.165	-3	6.625
496	0	0	0	0	-1	5
497	592	593	4	2.05	-3	5.91176470588235
498	0	0	0	0	-1	5
499	594	595	6	40	-3	5.95833333333333
500	596	597	8	0.99882	-3	5.07692307692308
501	598	599	11	11.1	-3	5.875
502	0	0	0	0	-1	5.4
503	0	0	0	0	-1	5
504	0	0	0	0	-1	5
505	600	601	6	0	-3	5
506	602	603	5	0.0815	-3	6
507	0	0	0	0	-1	7
508	0	0	0	0	-1	7
509	604	605	1	9.3	-3	5.4375
510	606	607	3	0.405	-3	5.83333333333333
511	0	0	0	0	-1	5
512	608	609	2	0.405	-3	5
513	0	0	0	0	-1	5.5
514	610	611	8	0	-3	5
515	0	0	0	0	-1	5
516	0	0	0	0	-1	6
517	0	0	0	0	-1	5
518	612	613	7	0	-3	5
519	0	0	0	0	-1	5
520	0	0	0	0	-1	6
521	614	615	4	2.175	-3	6
522	616	617	2	0.345	-3	7.28571428571429
523	618	619	1	10.5	-3	6.9
524	0	0	0	0	-1	5
525	620	621	3	0	-3	7
526	622	623	8	0.99725	-3	6.95833333333333
527	0	0	0	0	-1	6
528	0	0	0	0	-1	6
529	0	0	0	0	-1	6
530	0	0	0	0	-1	5.5
531	624	625	4	2.25	-3	6.125
532	0	0	0	0	-1	6
533	0	0	0	0	-1	5.5
534	626	627	1	9.1	-3	5.85714285714286
535	628	629	6	22.5	-3	6.04347826086957
536	0	0	0	0	-1	6
537	630	631	3	0.35	-3	6
538	0	0	0	0	-1	6
539	0	0	0	0	-1	6.5
540	0	0	0	0	-1	5
541	0	0	0	0	-1	5
542	632	633	9	3.285	-3	5.90909090909091
543	0	0	0	0	-1	6.66666666666667
544	634	635	10	1.175	-3	5.05555555555556
545	636	637	3	0.455	-3	5.52380952380952
546	638	639	4	4.1	-3	6.5
547	640	641	11	13.65	-3	6.88888888888889
548	0	0	0	0	-1	6
549	0	0	0	0	-1	7
550	642	643	7	30	-3	5.21052631578947
551	644	645	7	43.5	-3	4.9344262295082
552	646	647	6	20	-3	5.05714285714286
553	648	649	2	0.575	-3	5.3030303030303
554	650	651	10	0.555	-3	5.18181818181818
555	0	0	0	0	-1	4.5
556	652	653	11	9.8	-3	5.64
557	0	0	0	0	-1	4.5
558	0	0	0	0	-1	5
559	0	0	0	0	-1	5
560	0	0	0	0	-1	6
561	654	655	3	0.135	-3	5.13461538461539
562	0	0	0	0	-1	5
563	656	657	6	0	-3	6
564	658	659	8	0.99607	-3	5.53846153846154
565	660	661	6	16.5	-3	5.925
566	662	663	5	0.067	-3	5.28571428571429
567	664	665	10	0.65	-3	5.77777777777778
568	0	0	0	0	-1	5
569	0	0	0	0	-1	5
570	0	0	0	0	-1	5
571	0	0	0	0	-1	5
572	666	667	2	0.69	-3	5.14285714285714
573	0	0	0	0	-1	5.66666666666667
574	0	0	0	0	-1	5
575	0	0	0	0	-1	5
576	0	0	0	0	-1	4.75
577	668	669	11	9.7	-3	5
578	670	671	10	0	-3	5
579	0	0	0	0	-1	5
580	0	0	0	0	-1	7
581	672	673	4	3.9	-3	5
582	674	675	1	8	-3	5.625
583	676	677	9	3.385	-3	5.95454545454545
584	0	0	0	0	-1	5
585	678	679	3	0.225	-3	6.1
586	680	681	4	1.9	-3	6
587	682	683	3	0.11	-3	7
588	684	685	1	0.735	-3	6
589	0	0	0	0	-1	5.5
590	0	0	0	0	-1	7
591	0	0	0	0	-1	6.25
592	686	687	11	11	-3	5.69230769230769
593	688	689	8	0.995195	-3	6.04761904761905
594	690	691	5	0.1035	-3	6
595	0	0	0	0	-1	5
596	692	693	11	10.95	-3	5
597	0	0	0	0	-1	6
598	694	695	11	0	-3	6
599	0	0	0	0	-1	5
600	0	0	0	0	-1	6
601	696	697	9	3.34	-3	5
602	698	699	4	7.65	-3	6
603	0	0	0	0	-1	6
604	700	701	10	0.605	-3	5
605	702	703	7	52.5	-3	5.875
606	0	0	0	0	-1	5
607	704	705	5	0.064	-3	5.90909090909091
608	706	707	3	0	-3	5
609	0	0	0	0	-1	5
610	0	0	0	0	-1	6
611	708	709	10	0.575	-3	5
612	0	0	0	0	-1	5
613	710	711	7	74	-3	5
614	0	0	0	0	-1	6
615	0	0	0	0	-1	6
616	0	0	0	0	-1	7
617	0	0	0	0	-1	7.66666666666667
618	712	713	11	11.8	-3	7
619	0	0	0	0	-1	6
620	0	0	0	0	-1	5
621	714	715	2	0	-3	7
622	716	717	8	0.99554	-3	6.89473684210526
623	0	0	0	0	-1	7.2
624	718	719	6	7.5	-3	6
625	0	0	0	0	-1	7
626	720	721	8	0.996215	-3	6
627	0	0	0	0	-1	5
628	0	0	0	0	-1	6.33333333333333
629	722	723	7	49	-3	6
630	0	0	0	0	-1	6
631	0	0	0	0	-1	6
632	0	0	0	0	-1	5.66666666666667
633	724	725	3	0.385	-3	6
634	726	727	5	0.0695	-3	5
635	0	0	0	0	-1	6
636	728	729	2	0.62	-3	6
637	730	731	8	0.9995	-3	5.28571428571429
638	732	733	9	3.27	-3	6.66666666666667
639	0	0	0	0	-1	5
640	734	735	7	57.5	-3	6.94117647058824
641	0	0	0	0	-1	6
642	736	737	1	6.95	-3	5
643	738	739	6	14.5	-3	5.36363636363636
644	740	741	3	0.235	-3	4.83333333333333
645	742	743	3	0.205	-3	5
646	744	745	3	0.025	-3	5.03125
647	0	0	0	0	-1	5.33333333333333
648	0	0	0	0	-1	5
649	746	747	1	7.85	-3	5.45454545454545
650	748	749	3	0.17	-3	5.08
651	750	751	10	0.565	-3	5.5
652	752	753	3	0.025	-3	5.47058823529412
653	0	0	0	0	-1	6
654	754	755	2	0.605	-3	5.4375
655	756	757	3	0.255	-3	5
656	0	0	0	0	-1	5
657	758	759	11	9.45	-3	6
658	760	761	10	0.605	-3	5.875
659	0	0	0	0	-1	5
660	762	763	6	10.5	-3	5.94871794871795
661	0	0	0	0	-1	5
662	0	0	0	0	-1	6
663	764	765	4	1.85	-3	5.23076923076923
664	0	0	0	0	-1	6
665	0	0	0	0	-1	5.6
666	0	0	0	0	-1	5
667	0	0	0	0	-1	6
668	766	767	6	6.5	-3	5
669	768	769	7	0	-3	5
670	0	0	0	0	-1	7
671	770	771	1	28.5	-3	5
672	772	773	1	0	-3	5
673	0	0	0	0	-1	5
674	774	775	8	0.995425	-3	5.83333333333333
675	0	0	0	0	-1	5
676	0	0	0	0	-1	6
677	776	777	8	0.99478	-3	5.83333333333333
678	778	779	11	10.15	-3	6.15789473684211
679	0	0	0	0	-1	5
680	0	0	0	0	-1	5
681	780	781	9	3.405	-3	6.125
682	0	0	0	0	-1	7
683	0	0	0	0	-1	7
684	0	0	0	0	-1	6
685	782	783	1	8.15	-3	6
686	784	785	5	0.0795	-3	5.55555555555556
687	0	0	0	0	-1	6
688	0	0	0	0	-1	6.33333333333333
689	0	0	0	0	-1	6
690	786	787	2	0.7975	-3	6
691	0	0	0	0	-1	6
692	788	789	6	37	-3	5.09090909090909
693	0	0	0	0	-1	4
694	0	0	0	0	-1	5
695	790	791	8	0.998975	-3	6
696	0	0	0	0	-1	5
697	0	0	0	0	-1	5
698	0	0	0	0	-1	6
699	0	0	0	0	-1	6
700	792	793	2	0	-3	5
701	0	0	0	0	-1	5
702	0	0	0	0	-1	6
703	0	0	0	0	-1	5
704	0	0	0	0	-1	5
705	0	0	0	0	-1	6
706	0	0	0	0	-1	6
707	0	0	0	0	-1	5
708	0	0	0	0	-1	5
709	0	0	0	0	-1	5
710	0	0	0	0	-1	5
711	0	0	0	0	-1	5
712	0	0	0	0	-1	7
713	0	0	0	0	-1	7
714	0	0	0	0	-1	5
715	794	795	7	17	-3	7
716	0	0	0	0	-1	7
717	0	0	0	0	-1	6.33333333333333
718	0	0	0	0	-1	6
719	0	0	0	0	-1	6
720	0	0	0	0	-1	6
721	0	0	0	0	-1	6
722	0	0	0	0	-1	6
723	796	797	6	29.5	-3	6
724	0	0	0	0	-1	6
725	0	0	0	0	-1	6
726	0	0	0	0	-1	5
727	0	0	0	0	-1	5
728	0	0	0	0	-1	6
729	0	0	0	0	-1	6
730	0	0	0	0	-1	5.75
731	798	799	2	0.6625	-3	5.1
732	0	0	0	0	-1	6.4
733	0	0	0	0	-1	7
734	800	801	10	0.71	-3	7
735	0	0	0	0	-1	6.8
736	0	0	0	0	-1	5
737	802	803	9	0	-3	5
738	0	0	0	0	-1	6
739	804	805	8	0.99556	-3	5.125
740	806	807	2	0.7275	-3	4.95
741	0	0	0	0	-1	4.25
742	808	809	9	3.15	-3	5
743	810	811	1	7.45	-3	5
744	812	813	2	0.585	-3	5.11111111111111
745	0	0	0	0	-1	5
746	0	0	0	0	-1	7
747	814	815	9	3.3	-3	5.38095238095238
748	816	817	7	78.5	-3	5.25
749	818	819	3	0.2	-3	5
750	0	0	0	0	-1	6
751	0	0	0	0	-1	5
752	0	0	0	0	-1	6
753	820	821	7	60	-3	5.25
754	822	823	11	9.95	-3	5.66666666666667
755	824	825	5	0.1065	-3	5.3
756	826	827	11	9.25	-3	4.96774193548387
757	0	0	0	0	-1	5.2
758	0	0	0	0	-1	6
759	0	0	0	0	-1	6
760	0	0	0	0	-1	5
761	828	829	3	0.06	-3	6
762	830	831	2	0.7075	-3	5.84210526315789
763	832	833	4	1.85	-3	6.05
764	0	0	0	0	-1	6
765	834	835	9	3.395	-3	5.09090909090909
766	0	0	0	0	-1	5
767	836	837	6	25.5	-3	5
768	0	0	0	0	-1	5
769	0	0	0	0	-1	5
770	0	0	0	0	-1	5
771	0	0	0	0	-1	5
772	0	0	0	0	-1	6
773	838	839	8	0.99587	-3	5
774	0	0	0	0	-1	6
775	0	0	0	0	-1	5
776	0	0	0	0	-1	5
777	0	0	0	0	-1	6
778	0	0	0	0	-1	7
779	840	841	9	3.57	-3	6
780	0	0	0	0	-1	6.5
781	842	843	1	6.85	-3	6
782	0	0	0	0	-1	6
783	0	0	0	0	-1	6
784	844	845	3	0.225	-3	5.83333333333333
785	0	0	0	0	-1	5
786	846	847	5	0.0645	-3	6
787	848	849	8	0.995495	-3	6
788	850	851	5	0.0835	-3	5
789	0	0	0	0	-1	6
790	0	0	0	0	-1	6
791	0	0	0	0	-1	6
792	0	0	0	0	-1	6
793	0	0	0	0	-1	5
794	0	0	0	0	-1	7
795	852	853	9	3.345	-3	7
796	854	855	9	3.16	-3	6
797	856	857	11	10.7	-3	6
798	0	0	0	0	-1	5
799	0	0	0	0	-1	6
800	0	0	0	0	-1	7
801	858	859	11	12.35	-3	7
802	0	0	0	0	-1	6
803	860	861	10	2	-3	5
804	0	0	0	0	-1	6
805	862	863	10	0	-3	5
806	864	865	4	1.6	-3	5
807	0	0	0	0	-1	4.66666666666667
808	0	0	0	0	-1	5
809	0	0	0	0	-1	5
810	0	0	0	0	-1	5
811	866	867	1	7.9	-3	5
812	0	0	0	0	-1	6
813	868	869	7	9.45	-3	5
814	870	871	8	0.99714	-3	5.15384615384615
815	872	873	8	0.99695	-3	5.75
816	874	875	8	0.995935	-3	5.14285714285714
817	0	0	0	0	-1	6
818	0	0	0	0	-1	5
819	876	877	11	9.85	-3	5
820	0	0	0	0	-1	5.6
821	0	0	0	0	-1	5
822	0	0	0	0	-1	6
823	0	0	0	0	-1	5
824	878	879	2	0.7	-3	5.125
825	0	0	0	0	-1	6
826	0	0	0	0	-1	4.75
827	880	881	9	3.145	-3	5
828	0	0	0	0	-1	6
829	0	0	0	0	-1	6
830	882	883	1	7.8	-3	5.88888888888889
831	0	0	0	0	-1	5
832	0	0	0	0	-1	5
833	884	885	11	9.45	-3	6.10526315789474
834	0	0	0	0	-1	6
835	886	887	9	3.415	-3	5
836	888	889	9	0	-3	5
837	0	0	0	0	-1	5
838	0	0	0	0	-1	5
839	0	0	0	0	-1	5
840	890	891	1	6.3	-3	6
841	0	0	0	0	-1	6
842	0	0	0	0	-1	6
843	0	0	0	0	-1	6
844	0	0	0	0	-1	6
845	0	0	0	0	-1	5
846	0	0	0	0	-1	6
847	892	893	8	0.995155	-3	6
848	0	0	0	0	-1	6
849	894	895	3	0	-3	6
850	0	0	0	0	-1	5
851	0	0	0	0	-1	5
852	0	0	0	0	-1	7
853	0	0	0	0	-1	7
854	0	0	0	0	-1	6
855	0	0	0	0	-1	6
856	0	0	0	0	-1	6
857	896	897	4	1.7	-3	6
858	898	899	2	0.465	-3	7
859	0	0	0	0	-1	7
860	0	0	0	0	-1	5
861	0	0	0	0	-1	5
862	0	0	0	0	-1	5
863	900	901	9	0.465	-3	5
864	0	0	0	0	-1	5
865	902	903	7	33.5	-3	5
866	0	0	0	0	-1	5
867	904	905	5	0	-3	5
868	0	0	0	0	-1	6
869	0	0	0	0	-1	5
870	0	0	0	0	-1	5.5
871	906	907	10	0	-3	5
872	0	0	0	0	-1	5
873	908	909	1	9.15	-3	6
874	910	911	9	1.5	-3	5
875	0	0	0	0	-1	6
876	912	913	11	2.05	-3	5
877	0	0	0	0	-1	5
878	0	0	0	0	-1	5
879	0	0	0	0	-1	5.25
880	0	0	0	0	-1	5
881	0	0	0	0	-1	5
882	914	915	1	7.65	-3	5.81818181818182
883	916	917	9	3.305	-3	6
884	918	919	10	0.845	-3	6
885	920	921	9	3.405	-3	6.28571428571429
886	0	0	0	0	-1	5
887	922	923	1	0	-3	5
888	0	0	0	0	-1	5
889	924	925	2	0.8775	-3	5
890	0	0	0	0	-1	6
891	0	0	0	0	-1	6
892	0	0	0	0	-1	6
893	926	927	10	0.67	-3	6
894	0	0	0	0	-1	6
895	0	0	0	0	-1	6
896	0	0	0	0	-1	6
897	0	0	0	0	-1	6
898	0	0	0	0	-1	7
899	0	0	0	0	-1	7
900	0	0	0	0	-1	6
901	0	0	0	0	-1	5
902	928	929	3	0	-3	5
903	0	0	0	0	-1	5
904	0	0	0	0	-1	5
905	930	931	8	0.997805	-3	5
906	0	0	0	0	-1	5
907	932	933	8	0.998895	-3	5
908	0	0	0	0	-1	6
909	0	0	0	0	-1	6
910	0	0	0	0	-1	6
911	0	0	0	0	-1	5
912	0	0	0	0	-1	6
913	934	935	8	0.99614	-3	5
914	936	937	5	0.0925	-3	5.9
915	0	0	0	0	-1	5
916	0	0	0	0	-1	6
917	0	0	0	0	-1	6
918	938	939	11	9.3	-3	6
919	0	0	0	0	-1	6
920	0	0	0	0	-1	7
921	0	0	0	0	-1	6
922	0	0	0	0	-1	6
923	0	0	0	0	-1	5
924	0	0	0	0	-1	5
925	0	0	0	0	-1	5
926	0	0	0	0	-1	6
927	940	941	5	0.078	-3	6
928	0	0	0	0	-1	5
929	0	0	0	0	-1	5
930	0	0	0	0	-1	5
931	0	0	0	0	-1	5
932	942	943	9	0	-3	5
933	0	0	0	0	-1	5
934	0	0	0	0	-1	5
935	944	945	1	0	-3	5
936	946	947	6	8.5	-3	6
937	0	0	0	0	-1	5
938	948	949	11	9.1	-3	6
939	0	0	0	0	-1	6
940	0	0	0	0	-1	6
941	0	0	0	0	-1	6
942	0	0	0	0	-1	5
943	950	951	6	0	-3	5
944	0	0	0	0	-1	5
945	952	953	10	0.99628	-3	5
946	954	955	11	0	-3	6
947	0	0	0	0	-1	6
948	956	957	7	0	-3	6
949	0	0	0	0	-1	6
950	0	0	0	0	-1	5
951	0	0	0	0	-1	5
952	0	0	0	0	-1	5
953	0	0	0	0	-1	5
954	0	0	0	0	-1	6
955	958	959	10	0.665	-3	6
956	0	0	0	0	-1	6
957	960	961	3	0.5325	-3	6
958	0	0	0	0	-1	6
959	0	0	0	0	-1	6
960	962	963	6	13.5	-3	6
961	0	0	0	0	-1	6
962	0	0	0	0	-1	6
963	0	0	0	0	-1	6
