1	2	3	11	10.525	-3	5.65728580362727
2	4	5	10	0.535	-3	5.3680485338726
3	6	7	10	0.615	-3	6.12622950819672
4	8	9	4	1.3	-3	5.00833333333333
5	10	11	7	82.5	-3	5.48331108144192
6	12	13	4	2.55	-3	5.66666666666667
7	14	15	2	0.875	-3	6.37817258883249
8	0	0	0	0	-1	3
9	16	17	8	0.99424	-3	5.0337552742616
10	18	19	2	0.5475	-3	5.55015673981191
11	20	21	2	0.3	-3	5.0990990990991
12	22	23	11	11.45	-3	5.80985915492958
13	24	25	2	0.55	-3	5.39189189189189
14	26	27	5	0.0705	-3	6.39130434782609
15	0	0	0	0	-1	4.66666666666667
16	0	0	0	0	-1	4
17	28	29	2	0.345	-3	5.05150214592274
18	30	31	1	11.95	-3	5.73219373219373
19	32	33	8	1.0015	-3	5.32752613240418
20	0	0	0	0	-1	7
21	34	35	6	20.5	-3	5.08181818181818
22	36	37	2	0.99	-3	5.61538461538461
23	38	39	7	15.5	-3	6.046875
24	40	41	11	11.6	-3	5.73913043478261
25	42	43	6	15.5	-3	4.82142857142857
26	44	45	2	0.185	-3	6.61184210526316
27	46	47	3	0.335	-3	6.2510460251046
28	48	49	6	5	-3	5.81818181818182
29	50	51	6	3.5	-3	5.01351351351351
30	52	53	2	0.335	-3	5.69811320754717
31	54	55	9	3	-3	6.06060606060606
32	56	57	1	11.5	-3	5.30985915492958
33	0	0	0	0	-1	7
34	58	59	7	87.5	-3	5.31707317073171
35	60	61	2	0.385	-3	4.94202898550725
36	62	63	10	0.585	-3	5.69333333333333
37	0	0	0	0	-1	3.66666666666667
38	64	65	5	0.085	-3	6.47058823529412
39	66	67	10	0.415	-3	5.8936170212766
40	68	69	8	0.99526	-3	5.36363636363636
41	70	71	7	10.5	-3	6.08333333333333
42	72	73	2	0.9675	-3	4.60869565217391
43	0	0	0	0	-1	5.8
44	0	0	0	0	-1	5
45	74	75	11	12.45	-3	6.63333333333333
46	76	77	2	0.485	-3	5.97402597402597
47	78	79	4	2.05	-3	6.38271604938272
48	0	0	0	0	-1	5
49	80	81	5	0.096	-3	5.9
50	82	83	5	0.0785	-3	4.33333333333333
51	84	85	2	0.455	-3	5.0324074074074
52	86	87	2	0.325	-3	6.01587301587302
53	88	89	1	6.15	-3	5.61960784313725
54	90	91	7	18.5	-3	6.875
55	92	93	1	12.3	-3	5.8
56	94	95	8	0.99825	-3	5.33695652173913
57	96	97	4	2.25	-3	4.375
58	98	99	3	0.215	-3	5
59	100	101	1	7.95	-3	5.44827586206897
60	102	103	4	2.55	-3	4.55555555555556
61	104	105	4	1.65	-3	5
62	106	107	2	0.385	-3	5.56862745098039
63	108	109	3	0.005	-3	5.95833333333333
64	110	111	7	9.5	-3	6.30769230769231
65	0	0	0	0	-1	7
66	0	0	0	0	-1	7
67	112	113	4	2.35	-3	5.84444444444444
68	0	0	0	0	-1	6.66666666666667
69	114	115	10	0.585	-3	5.15789473684211
70	0	0	0	0	-1	4
71	116	117	6	32.75	-3	6.17391304347826
72	118	119	6	9	-3	4.8
73	0	0	0	0	-1	3.33333333333333
74	120	121	5	0.0695	-3	6.52293577981651
75	122	123	2	0.48	-3	6.92682926829268
76	124	125	7	55.5	-3	5.4
77	126	127	9	3.66	-3	6.11290322580645
78	128	129	6	23.5	-3	5.96428571428571
79	130	131	9	2.99	-3	6.47014925373134
80	0	0	0	0	-1	6
81	0	0	0	0	-1	5
82	0	0	0	0	-1	5
83	0	0	0	0	-1	3
84	132	133	1	7.05	-3	5.25714285714286
85	134	135	7	8.5	-3	4.98895027624309
86	136	137	10	0.635	-3	5.87931034482759
87	0	0	0	0	-1	7.6
88	0	0	0	0	-1	6.66666666666667
89	138	139	2	0.4725	-3	5.60714285714286
90	0	0	0	0	-1	5
91	140	141	10	0.75	-3	7.14285714285714
92	0	0	0	0	-1	5
93	142	143	2	0.31	-3	6
94	144	145	1	6.75	-3	5.25925925925926
95	146	147	3	0.135	-3	5.61666666666667
96	0	0	0	0	-1	3.25
97	0	0	0	0	-1	5.5
98	148	149	4	0	-3	5
99	0	0	0	0	-1	5
100	150	151	4	3	-3	5.78571428571429
101	152	153	7	127.5	-3	5.13333333333333
102	0	0	0	0	-1	5
103	0	0	0	0	-1	4
104	0	0	0	0	-1	4
105	154	155	6	52.5	-3	5.05263157894737
106	156	157	5	44.5	-3	6
107	158	159	6	5.5	-3	5.45
108	0	0	0	0	-1	5
109	160	161	5	0.0585	-3	6.04545454545455
110	162	163	1	6.45	-3	6.5
111	0	0	0	0	-1	6
112	164	165	11	12.75	-3	5.925
113	0	0	0	0	-1	5.2
114	166	167	11	11.25	-3	4.92307692307692
115	168	169	9	3.075	-3	5.66666666666667
116	170	171	4	5.4	-3	6.05
117	0	0	0	0	-1	7
118	172	173	11	11.15	-3	4.92857142857143
119	174	175	2	0.6975	-3	4.5
120	176	177	8	0.995285	-3	6.48571428571429
121	0	0	0	0	-1	7.5
122	178	179	6	24.5	-3	6.75
123	180	181	8	0.993935	-3	7.17647058823529
124	182	183	2	0.43	-3	5.6
125	0	0	0	0	-1	5
126	184	185	1	7.85	-3	6.06779661016949
127	0	0	0	0	-1	7
128	186	187	9	3.145	-3	6.19047619047619
129	188	189	2	0.34	-3	5.28571428571429
130	0	0	0	0	-1	5.4
131	190	191	5	0.0985	-3	6.51162790697674
132	0	0	0	0	-1	6
133	192	193	5	0.079	-3	5.1875
134	0	0	0	0	-1	4
135	194	195	11	9.075	-3	5
136	196	197	8	0.9984	-3	5.54545454545455
137	198	199	3	0.355	-3	5.95744680851064
138	200	201	9	3.03	-3	5.52439024390244
139	202	203	3	0.435	-3	5.76136363636364
140	204	205	5	0.0735	-3	7
141	0	0	0	0	-1	8
142	0	0	0	0	-1	7
143	206	207	11	10.45	-3	5.88888888888889
144	208	209	9	3.535	-3	4.94444444444444
145	210	211	2	0.6475	-3	5.32222222222222
146	212	213	10	0.705	-3	5.83333333333333
147	214	215	10	0.625	-3	5.4
148	0	0	0	0	-1	3
149	216	217	1	0.99747	-3	5
150	218	219	2	0.51	-3	5.84615384615385
151	0	0	0	0	-1	5
152	220	221	4	0	-3	5
153	0	0	0	0	-1	6
154	222	223	7	87.5	-3	5.01818181818182
155	0	0	0	0	-1	6
156	224	225	9	0	-3	6
157	0	0	0	0	-1	6
158	226	227	5	0.111	-3	4.83333333333333
159	228	229	4	2.05	-3	5.55882352941176
160	0	0	0	0	-1	7
161	230	231	7	35.5	-3	6
162	0	0	0	0	-1	6
163	232	233	4	1.55	-3	6.66666666666667
164	234	235	2	0.6475	-3	5.97142857142857
165	0	0	0	0	-1	5.6
166	236	237	8	0.998435	-3	5.09090909090909
167	0	0	0	0	-1	4
168	0	0	0	0	-1	5
169	0	0	0	0	-1	6
170	238	239	2	0.47	-3	6
171	0	0	0	0	-1	6.2
172	240	241	1	7.15	-3	4.83333333333333
173	242	243	9	3.18	-3	5
174	0	0	0	0	-1	4
175	0	0	0	0	-1	5
176	244	245	1	8.55	-3	6.61538461538462
177	246	247	1	10.45	-3	6.275
178	248	249	5	0.0375	-3	6.9
179	0	0	0	0	-1	6
180	250	251	10	0.655	-3	6.92307692307692
181	0	0	0	0	-1	8
182	252	253	5	0.0785	-3	6
183	0	0	0	0	-1	5
184	254	255	5	0.1215	-3	5.95454545454545
185	256	257	4	2.35	-3	6.4
186	0	0	0	0	-1	7
187	258	259	5	0.072	-3	6.10526315789474
188	0	0	0	0	-1	5
189	0	0	0	0	-1	6
190	260	261	2	0.3625	-3	6.63333333333333
191	262	263	4	4.6	-3	6.23076923076923
192	264	265	8	0.996925	-3	5.5
193	266	267	11	9.9	-3	5.04545454545455
194	268	269	2	0.605	-3	4.375
195	270	271	9	3.53	-3	5.02923976608187
196	272	273	10	0.595	-3	5.66666666666667
197	0	0	0	0	-1	5
198	0	0	0	0	-1	6.66666666666667
199	274	275	7	14	-3	5.90909090909091
200	0	0	0	0	-1	6.66666666666667
201	276	277	11	9.45	-3	5.50310559006211
202	278	279	3	0.14	-3	5.84931506849315
203	280	281	10	1.53	-3	5.33333333333333
204	0	0	0	0	-1	7
205	0	0	0	0	-1	7
206	282	283	8	0.9985	-3	5.94117647058824
207	0	0	0	0	-1	5
208	284	285	11	9.4	-3	5.1
209	286	287	2	0.7325	-3	4.75
210	288	289	3	0.135	-3	5.42857142857143
211	290	291	11	10.15	-3	5.17333333333333
212	0	0	0	0	-1	6
213	292	293	1	7.2	-3	5.6875
214	294	295	5	0.1685	-3	5.0625
215	296	297	3	0.175	-3	5.78571428571429
216	0	0	0	0	-1	5
217	0	0	0	0	-1	5
218	0	0	0	0	-1	5
219	298	299	10	0.55	-3	5.91666666666667
220	0	0	0	0	-1	6
221	300	301	6	16	-3	5
222	0	0	0	0	-1	5.2
223	302	303	4	2.65	-3	5
224	0	0	0	0	-1	5
225	304	305	4	2.05	-3	6
226	0	0	0	0	-1	4.6
227	0	0	0	0	-1	6
228	306	307	7	41	-3	5.26666666666667
229	308	309	2	0.555	-3	5.78947368421053
230	310	311	7	28.5	-3	6
231	0	0	0	0	-1	6
232	0	0	0	0	-1	6
233	0	0	0	0	-1	7
234	312	313	3	0.215	-3	6
235	314	315	6	11	-3	5.83333333333333
236	316	317	4	4.6	-3	5
237	0	0	0	0	-1	6
238	0	0	0	0	-1	6
239	0	0	0	0	-1	6
240	0	0	0	0	-1	4
241	0	0	0	0	-1	5
242	0	0	0	0	-1	5
243	318	319	8	0	-3	5
244	320	321	9	3.195	-3	6.48
245	322	323	2	0.445	-3	7.06666666666667
246	324	325	2	0.225	-3	6.125
247	326	327	6	6.5	-3	6.875
248	0	0	0	0	-1	6
249	328	329	9	3.715	-3	6.94736842105263
250	0	0	0	0	-1	5.5
251	330	331	2	0.5	-3	7.18181818181818
252	0	0	0	0	-1	6
253	0	0	0	0	-1	6
254	332	333	5	0.1115	-3	6
255	0	0	0	0	-1	5
256	334	335	10	0.8	-3	6
257	336	337	9	3.325	-3	6.66666666666667
258	0	0	0	0	-1	7
259	338	339	11	10.9	-3	6.05555555555556
260	340	341	6	4	-3	6.89130434782609
261	342	343	6	38.5	-3	6.36363636363636
262	344	345	9	3.38	-3	6.2972972972973
263	0	0	0	0	-1	5
264	0	0	0	0	-1	6
265	0	0	0	0	-1	5
266	346	347	2	0.355	-3	5
267	0	0	0	0	-1	5.33333333333333
268	0	0	0	0	-1	4
269	0	0	0	0	-1	5
270	348	349	5	0.0785	-3	5.0235294117647
271	0	0	0	0	-1	6
272	0	0	0	0	-1	6
273	0	0	0	0	-1	5.4
274	0	0	0	0	-1	6.4
275	350	351	6	6.5	-3	5.84615384615385
276	352	353	5	0.0815	-3	5.28571428571429
277	354	355	4	2.9	-3	5.56349206349206
278	356	357	7	33	-3	5.67647058823529
279	358	359	6	27	-3	6
280	360	361	1	10.1	-3	5.42857142857143
281	0	0	0	0	-1	4
282	0	0	0	0	-1	5
283	362	363	8	0.9993	-3	6
284	364	365	6	11.5	-3	5.28571428571429
285	366	367	8	0.99535	-3	5
286	368	369	4	1.55	-3	4.92857142857143
287	0	0	0	0	-1	3.5
288	370	371	8	0.996815	-3	5.67391304347826
289	372	373	10	0.595	-3	5.23728813559322
290	374	375	6	3.5	-3	5.05
291	376	377	5	0.1375	-3	5.66666666666667
292	0	0	0	0	-1	5
293	378	379	3	0.06	-3	5.91666666666667
294	380	381	10	3.21	-3	5
295	0	0	0	0	-1	6
296	0	0	0	0	-1	5
297	382	383	9	3.27	-3	5.84615384615385
298	0	0	0	0	-1	5.75
299	384	385	2	0	-3	6
300	386	387	3	11.5	-3	5
301	0	0	0	0	-1	5
302	388	389	7	150	-3	5
303	0	0	0	0	-1	5
304	0	0	0	0	-1	6
305	390	391	11	0	-3	6
306	0	0	0	0	-1	5.8
307	392	393	10	0.555	-3	5
308	0	0	0	0	-1	5
309	394	395	7	12.5	-3	5.9375
310	396	397	1	0	-3	6
311	0	0	0	0	-1	6
312	398	399	8	0.99527	-3	6
313	400	401	2	0.195	-3	6
314	0	0	0	0	-1	5
315	0	0	0	0	-1	6
316	402	403	5	0	-3	5
317	0	0	0	0	-1	5
318	0	0	0	0	-1	6
319	404	405	9	0	-3	5
320	406	407	3	0.265	-3	6
321	408	409	2	0.385	-3	6.54545454545455
322	410	411	2	0.39	-3	7.21428571428571
323	0	0	0	0	-1	5
324	0	0	0	0	-1	7
325	412	413	4	1.65	-3	6.09677419354839
326	0	0	0	0	-1	7
327	0	0	0	0	-1	6.75
328	414	415	4	2.55	-3	6.88888888888889
329	0	0	0	0	-1	8
330	0	0	0	0	-1	8
331	416	417	4	2.25	-3	7
332	418	419	1	7.7	-3	5.97560975609756
333	0	0	0	0	-1	7
334	0	0	0	0	-1	6
335	0	0	0	0	-1	6
336	0	0	0	0	-1	6
337	420	421	7	27	-3	6.85714285714286
338	0	0	0	0	-1	7
339	422	423	8	0.99647	-3	6
340	0	0	0	0	-1	6
341	424	425	11	12.55	-3	6.93181818181818
342	426	427	11	11.45	-3	6.3953488372093
343	0	0	0	0	-1	5
344	428	429	11	11.55	-3	6.41176470588235
345	0	0	0	0	-1	5
346	0	0	0	0	-1	5
347	0	0	0	0	-1	5
348	430	431	11	9.15	-3	5.15625
349	432	433	11	9.35	-3	4.94339622641509
350	434	435	10	0.875	-3	5.45454545454545
351	436	437	4	1.45	-3	6
352	438	439	4	1.85	-3	5.11764705882353
353	440	441	3	0.445	-3	5.44444444444444
354	442	443	2	0.405	-3	5.4954954954955
355	444	445	6	13.5	-3	6.06666666666667
356	446	447	6	4.5	-3	5.90476190476191
357	448	449	11	10.15	-3	5.30769230769231
358	450	451	6	18.5	-3	5.94444444444444
359	0	0	0	0	-1	6.66666666666667
360	452	453	3	0.63	-3	5.2
361	0	0	0	0	-1	6
362	0	0	0	0	-1	6
363	454	455	6	26	-3	6
364	0	0	0	0	-1	6
365	0	0	0	0	-1	5
366	0	0	0	0	-1	5
367	0	0	0	0	-1	5
368	0	0	0	0	-1	4
369	456	457	6	23	-3	5
370	458	459	8	0.99625	-3	5.87096774193548
371	460	461	6	11.5	-3	5.26666666666667
372	462	463	2	0.6325	-3	5
373	464	465	2	0.565	-3	5.41176470588235
374	0	0	0	0	-1	6
375	466	467	5	0.063	-3	5.01724137931035
376	468	469	8	0.9965	-3	5.45454545454545
377	0	0	0	0	-1	6.25
378	0	0	0	0	-1	6
379	0	0	0	0	-1	5
380	470	471	11	0	-3	5
381	0	0	0	0	-1	5
382	472	473	9	3.21	-3	5.66666666666667
383	474	475	2	0	-3	6
384	0	0	0	0	-1	5
385	476	477	7	89.5	-3	6
386	478	479	3	0.095	-3	5
387	0	0	0	0	-1	5
388	480	481	7	121.5	-3	5
389	0	0	0	0	-1	5
390	0	0	0	0	-1	6
391	0	0	0	0	-1	6
392	0	0	0	0	-1	5
393	0	0	0	0	-1	5
394	0	0	0	0	-1	5
395	482	483	11	10.65	-3	6
396	0	0	0	0	-1	5
397	484	485	4	0	-3	6
398	486	487	11	11.75	-3	6
399	0	0	0	0	-1	6
400	0	0	0	0	-1	6
401	488	489	1	7.5	-3	6
402	0	0	0	0	-1	7
403	0	0	0	0	-1	5
404	0	0	0	0	-1	5
405	0	0	0	0	-1	5
406	0	0	0	0	-1	6
407	0	0	0	0	-1	6
408	490	491	8	0.99457	-3	6.8421052631579
409	492	493	1	5.5	-3	6.32
410	494	495	7	24.5	-3	7
411	0	0	0	0	-1	8
412	0	0	0	0	-1	7
413	496	497	8	0.995395	-3	6.06666666666667
414	498	499	4	2.05	-3	7
415	500	501	7	22.5	-3	6.66666666666667
416	0	0	0	0	-1	7
417	0	0	0	0	-1	7
418	502	503	8	0.99691	-3	6.02564102564103
419	0	0	0	0	-1	5
420	0	0	0	0	-1	6
421	504	505	6	0.8	-3	7
422	506	507	6	4.5	-3	6
423	508	509	6	11.5	-3	6
424	510	511	10	0.765	-3	6.90697674418605
425	0	0	0	0	-1	8
426	512	513	2	0.375	-3	6.09523809523809
427	514	515	10	0.7	-3	6.68181818181818
428	516	517	3	0.46	-3	5.71428571428571
429	518	519	11	12.3	-3	6.59259259259259
430	0	0	0	0	-1	6
431	520	521	8	0.99915	-3	5.12903225806452
432	522	523	3	0.295	-3	4.8
433	524	525	7	15	-3	4.97674418604651
434	526	527	3	0.565	-3	5.14285714285714
435	0	0	0	0	-1	6
436	0	0	0	0	-1	6
437	528	529	2	0.245	-3	6
438	0	0	0	0	-1	5
439	530	531	10	0.615	-3	5.25
440	532	533	4	1.95	-3	6
441	534	535	1	11	-3	5.16666666666667
442	536	537	7	41	-3	5.77777777777778
443	538	539	8	0.995915	-3	5.3030303030303
444	0	0	0	0	-1	7
445	540	541	6	18.5	-3	5.92307692307692
446	0	0	0	0	-1	5
447	542	543	10	0.72	-3	6
448	544	545	4	0	-3	5
449	0	0	0	0	-1	6
450	546	547	3	0.17	-3	6
451	0	0	0	0	-1	5.33333333333333
452	548	549	8	1.00141	-3	5
453	0	0	0	0	-1	6
454	0	0	0	0	-1	6
455	0	0	0	0	-1	6
456	0	0	0	0	-1	5
457	0	0	0	0	-1	5
458	550	551	4	2.05	-3	5.625
459	552	553	11	10.1	-3	6.13333333333333
460	0	0	0	0	-1	5.75
461	554	555	6	18.5	-3	5.09090909090909
462	556	557	4	1.65	-3	4.95833333333333
463	0	0	0	0	-1	6
464	558	559	11	9.8	-3	5.07142857142857
465	560	561	10	1.005	-3	5.65
466	0	0	0	0	-1	3
467	562	563	10	0.555	-3	5.05263157894737
468	564	565	7	37.5	-3	5.71428571428571
469	0	0	0	0	-1	5
470	0	0	0	0	-1	5
471	566	567	5	0.091	-3	5
472	0	0	0	0	-1	6
473	0	0	0	0	-1	5
474	0	0	0	0	-1	5
475	568	569	6	16.5	-3	6
476	0	0	0	0	-1	6
477	0	0	0	0	-1	6
478	0	0	0	0	-1	5
479	570	571	2	0	-3	5
480	572	573	6	0	-3	5
481	574	575	7	0.087	-3	5
482	0	0	0	0	-1	6
483	576	577	6	29.5	-3	6
484	0	0	0	0	-1	5
485	578	579	3	0	-3	6
486	0	0	0	0	-1	6
487	0	0	0	0	-1	6
488	580	581	8	0.99232	-3	6
489	0	0	0	0	-1	6
490	0	0	0	0	-1	6
491	582	583	7	28.5	-3	7.06666666666667
492	0	0	0	0	-1	7
493	584	585	7	40	-3	6.19047619047619
494	0	0	0	0	-1	7
495	586	587	7	41	-3	7
496	0	0	0	0	-1	6.33333333333333
497	588	589	3	0.32	-3	6.03703703703704
498	0	0	0	0	-1	7
499	590	591	10	0.78	-3	7
500	0	0	0	0	-1	6
501	0	0	0	0	-1	7
502	592	593	5	0.0805	-3	6
503	0	0	0	0	-1	7
504	0	0	0	0	-1	5
505	0	0	0	0	-1	7
506	0	0	0	0	-1	6
507	0	0	0	0	-1	6
508	0	0	0	0	-1	6
509	0	0	0	0	-1	6
510	594	595	2	0.275	-3	6.69230769230769
511	596	597	5	0.0725	-3	7
512	0	0	0	0	-1	7
513	598	599	10	1.135	-3	6
514	600	601	6	4.5	-3	6.14285714285714
515	602	603	10	0.89	-3	6.93333333333333
516	0	0	0	0	-1	5.33333333333333
517	0	0	0	0	-1	6
518	604	605	5	0.102	-3	6.82352941176471
519	606	607	10	0.735	-3	6.2
520	608	609	7	49.5	-3	5.1
521	0	0	0	0	-1	6
522	610	611	10	0.525	-3	4.93333333333333
523	0	0	0	0	-1	4.4
524	612	613	11	9.8	-3	4.71428571428571
525	614	615	3	0.395	-3	5
526	0	0	0	0	-1	5.25
527	0	0	0	0	-1	5
528	0	0	0	0	-1	6
529	0	0	0	0	-1	6
530	0	0	0	0	-1	6
531	616	617	9	3.46	-3	5
532	0	0	0	0	-1	6
533	0	0	0	0	-1	6
534	618	619	11	8.9	-3	5.09090909090909
535	0	0	0	0	-1	6
536	620	621	11	9.75	-3	6.125
537	622	623	9	3.175	-3	5.7027027027027
538	624	625	2	0.42	-3	5.85714285714286
539	626	627	2	0.455	-3	5.23728813559322
540	0	0	0	0	-1	5
541	628	629	10	0.605	-3	6
542	630	631	9	3.41	-3	6
543	632	633	8	0.055	-3	6
544	0	0	0	0	-1	5
545	634	635	1	7.9	-3	5
546	0	0	0	0	-1	7
547	636	637	1	7.1	-3	5.9
548	638	639	2	0	-3	5
549	0	0	0	0	-1	5
550	640	641	10	6.9	-3	5
551	642	643	2	0.56	-3	6
552	644	645	1	7.75	-3	6.07142857142857
553	0	0	0	0	-1	7
554	646	647	4	1.95	-3	5
555	0	0	0	0	-1	5.5
556	0	0	0	0	-1	6
557	648	649	11	10.2	-3	4.91304347826087
558	650	651	10	1.105	-3	5
559	0	0	0	0	-1	5.25
560	652	653	8	0.998175	-3	5.86666666666667
561	0	0	0	0	-1	5
562	654	655	6	4.5	-3	5.26315789473684
563	656	657	2	0.9425	-3	4.94736842105263
564	0	0	0	0	-1	5.5
565	0	0	0	0	-1	6
566	658	659	2	0	-3	5
567	660	661	7	0	-3	5
568	0	0	0	0	-1	6
569	0	0	0	0	-1	6
570	0	0	0	0	-1	4
571	662	663	7	96.5	-3	5
572	0	0	0	0	-1	7
573	664	665	1	7.75	-3	5
574	0	0	0	0	-1	6
575	666	667	6	33	-3	5
576	668	669	2	0	-3	6
577	0	0	0	0	-1	6
578	0	0	0	0	-1	3
579	670	671	11	0.7725	-3	6
580	0	0	0	0	-1	6
581	0	0	0	0	-1	6
582	672	673	9	3.42	-3	6.85714285714286
583	674	675	7	31.5	-3	7.25
584	676	677	7	28.5	-3	6.30769230769231
585	678	679	10	0.845	-3	6
586	0	0	0	0	-1	7
587	0	0	0	0	-1	7
588	0	0	0	0	-1	6.5
589	680	681	11	10.85	-3	6
590	682	683	10	0.745	-3	7
591	0	0	0	0	-1	7
592	684	685	10	0.865	-3	6.06896551724138
593	686	687	7	70.5	-3	5.77777777777778
594	0	0	0	0	-1	6
595	688	689	5	0.0745	-3	6.81818181818182
596	0	0	0	0	-1	6
597	690	691	6	7.5	-3	7.03448275862069
598	692	693	5	0.0815	-3	6
599	0	0	0	0	-1	6
600	0	0	0	0	-1	7
601	694	695	3	0.475	-3	6
602	696	697	11	12.8	-3	7.08333333333333
603	0	0	0	0	-1	6.33333333333333
604	0	0	0	0	-1	6
605	698	699	1	10.05	-3	6.875
606	0	0	0	0	-1	6
607	0	0	0	0	-1	6.4
608	700	701	7	29.5	-3	5.17857142857143
609	702	703	7	88.5	-3	5.03125
610	704	705	11	0	-3	5
611	0	0	0	0	-1	4
612	0	0	0	0	-1	5
613	0	0	0	0	-1	4.33333333333333
614	706	707	10	0.485	-3	4.98717948717949
615	0	0	0	0	-1	6
616	0	0	0	0	-1	5
617	0	0	0	0	-1	5
618	0	0	0	0	-1	6
619	708	709	5	0.1555	-3	5
620	0	0	0	0	-1	6.5
621	710	711	4	1.7	-3	6
622	712	713	5	0.0985	-3	5
623	714	715	1	9.05	-3	5.89655172413793
624	0	0	0	0	-1	5
625	716	717	1	7.35	-3	6
626	718	719	10	0.665	-3	5.33333333333333
627	720	721	10	0.8	-3	4.92857142857143
628	0	0	0	0	-1	6
629	0	0	0	0	-1	6
630	722	723	1	6.7	-3	6
631	0	0	0	0	-1	6
632	0	0	0	0	-1	5
633	724	725	2	0.51	-3	6
634	726	727	2	0	-3	5
635	0	0	0	0	-1	5
636	0	0	0	0	-1	5
637	728	729	5	0.0635	-3	5.93103448275862
638	0	0	0	0	-1	5
639	730	731	8	0.99975	-3	5
640	0	0	0	0	-1	5
641	0	0	0	0	-1	5
642	0	0	0	0	-1	6
643	0	0	0	0	-1	6
644	0	0	0	0	-1	6
645	0	0	0	0	-1	6.33333333333333
646	0	0	0	0	-1	5
647	732	733	8	0	-3	5
648	734	735	7	62.5	-3	5
649	0	0	0	0	-1	4
650	736	737	8	0.9973	-3	5
651	0	0	0	0	-1	5
652	738	739	8	0.99565	-3	6
653	0	0	0	0	-1	5
654	0	0	0	0	-1	4
655	740	741	7	67.5	-3	5.33333333333333
656	742	743	10	0.95	-3	4.97297297297297
657	0	0	0	0	-1	4
658	0	0	0	0	-1	7
659	744	745	8	1.00005	-3	5
660	0	0	0	0	-1	7
661	0	0	0	0	-1	5
662	0	0	0	0	-1	5
663	0	0	0	0	-1	5
664	0	0	0	0	-1	5
665	0	0	0	0	-1	5
666	0	0	0	0	-1	5
667	746	747	1	0	-3	5
668	0	0	0	0	-1	4
669	748	749	2	0.7275	-3	6
670	0	0	0	0	-1	5
671	0	0	0	0	-1	6
672	750	751	11	11.15	-3	7
673	0	0	0	0	-1	6
674	0	0	0	0	-1	8
675	752	753	3	0.315	-3	7
676	754	755	8	0.99489	-3	6.18181818181818
677	0	0	0	0	-1	7
678	0	0	0	0	-1	6
679	0	0	0	0	-1	6
680	0	0	0	0	-1	6
681	756	757	9	3.13	-3	6
682	0	0	0	0	-1	7
683	0	0	0	0	-1	7
684	758	759	7	19	-3	6.03571428571429
685	0	0	0	0	-1	7
686	760	761	8	0.995395	-3	5.875
687	0	0	0	0	-1	5
688	0	0	0	0	-1	6
689	762	763	2	0.325	-3	7
690	0	0	0	0	-1	7.33333333333333
691	764	765	8	0	-3	7
692	0	0	0	0	-1	6
693	766	767	10	0.735	-3	6
694	0	0	0	0	-1	6
695	0	0	0	0	-1	6
696	768	769	7	67.5	-3	7
697	0	0	0	0	-1	8
698	0	0	0	0	-1	6.33333333333333
699	770	771	2	0	-3	7
700	772	773	11	0	-3	5
701	774	775	1	7.6	-3	5.5
702	776	777	11	9.55	-3	5
703	778	779	3	0.24	-3	5.14285714285714
704	0	0	0	0	-1	7
705	780	781	1	8.1	-3	5
706	782	783	2	0.71	-3	4.89285714285714
707	784	785	2	0.6125	-3	5.04
708	0	0	0	0	-1	5
709	0	0	0	0	-1	5
710	0	0	0	0	-1	6
711	0	0	0	0	-1	6
712	786	787	2	0	-3	5
713	0	0	0	0	-1	5
714	788	789	8	0.9981	-3	5.85185185185185
715	0	0	0	0	-1	6.5
716	0	0	0	0	-1	6
717	0	0	0	0	-1	6
718	790	791	8	0.99905	-3	5.24324324324324
719	792	793	5	0.099	-3	5.75
720	0	0	0	0	-1	5
721	0	0	0	0	-1	4
722	0	0	0	0	-1	6
723	794	795	1	7.15	-3	6
724	0	0	0	0	-1	6
725	0	0	0	0	-1	6
726	0	0	0	0	-1	5
727	0	0	0	0	-1	5
728	0	0	0	0	-1	5
729	796	797	8	0.99777	-3	5.96428571428571
730	0	0	0	0	-1	5
731	0	0	0	0	-1	5
732	0	0	0	0	-1	6
733	798	799	5	0.03	-3	5
734	800	801	6	0	-3	5
735	802	803	11	0	-3	5
736	0	0	0	0	-1	5
737	0	0	0	0	-1	5
738	0	0	0	0	-1	5
739	804	805	9	3.41	-3	6.08333333333333
740	806	807	9	3.255	-3	5.14285714285714
741	0	0	0	0	-1	6
742	808	809	11	9.525	-3	5
743	0	0	0	0	-1	4.8
744	0	0	0	0	-1	5
745	0	0	0	0	-1	5
746	0	0	0	0	-1	7
747	0	0	0	0	-1	5
748	810	811	7	37.5	-3	6
749	0	0	0	0	-1	6
750	0	0	0	0	-1	7
751	0	0	0	0	-1	7
752	0	0	0	0	-1	7
753	0	0	0	0	-1	7
754	812	813	8	0.99401	-3	6
755	0	0	0	0	-1	6.66666666666667
756	0	0	0	0	-1	6
757	814	815	4	2.35	-3	6
758	0	0	0	0	-1	7
759	816	817	1	5.95	-3	6
760	0	0	0	0	-1	5.66666666666667
761	0	0	0	0	-1	6
762	0	0	0	0	-1	7
763	0	0	0	0	-1	7
764	0	0	0	0	-1	6
765	0	0	0	0	-1	7
766	818	819	8	0.99706	-3	6
767	0	0	0	0	-1	6
768	0	0	0	0	-1	7
769	0	0	0	0	-1	7
770	0	0	0	0	-1	5
771	820	821	8	0.996715	-3	7
772	0	0	0	0	-1	6
773	822	823	9	3.32	-3	5
774	824	825	5	0.0695	-3	5.16666666666667
775	0	0	0	0	-1	6
776	826	827	5	13.5	-3	5
777	0	0	0	0	-1	5
778	0	0	0	0	-1	6
779	0	0	0	0	-1	5
780	828	829	6	0	-3	5
781	0	0	0	0	-1	5
782	830	831	4	1.65	-3	5
783	832	833	11	9.9	-3	4.57142857142857
784	834	835	11	9.95	-3	5.13333333333333
785	836	837	8	0.9971	-3	5
786	0	0	0	0	-1	5
787	838	839	6	16	-3	5
788	840	841	6	29.5	-3	5.88461538461539
789	0	0	0	0	-1	5
790	842	843	3	0.395	-3	5.22222222222222
791	0	0	0	0	-1	6
792	844	845	1	7.5	-3	6
793	0	0	0	0	-1	5
794	0	0	0	0	-1	6
795	0	0	0	0	-1	6
796	0	0	0	0	-1	6
797	846	847	4	1.55	-3	5.90909090909091
798	0	0	0	0	-1	5
799	0	0	0	0	-1	5
800	0	0	0	0	-1	6
801	848	849	2	0.565	-3	5
802	0	0	0	0	-1	6
803	850	851	3	0.19	-3	5
804	852	853	8	0.275	-3	6
805	0	0	0	0	-1	7
806	0	0	0	0	-1	6
807	854	855	6	7.5	-3	5.07692307692308
808	856	857	11	9.25	-3	5
809	858	859	11	9.575	-3	5
810	0	0	0	0	-1	6
811	0	0	0	0	-1	6
812	0	0	0	0	-1	6
813	860	861	4	1.7	-3	6
814	862	863	3	0.375	-3	6
815	0	0	0	0	-1	6
816	0	0	0	0	-1	6
817	864	865	2	0.525	-3	6
818	0	0	0	0	-1	6
819	866	867	11	0	-3	6
820	0	0	0	0	-1	7
821	0	0	0	0	-1	7
822	868	869	8	0	-3	5
823	870	871	7	27	-3	5
824	0	0	0	0	-1	6
825	0	0	0	0	-1	5
826	872	873	10	0.435	-3	5
827	0	0	0	0	-1	5
828	0	0	0	0	-1	5
829	874	875	10	0.49	-3	5
830	0	0	0	0	-1	5
831	876	877	6	7.5	-3	5
832	0	0	0	0	-1	4
833	0	0	0	0	-1	5
834	878	879	10	0.5	-3	5.07142857142857
835	0	0	0	0	-1	6
836	880	881	3	0.11	-3	5
837	882	883	3	0.045	-3	5
838	0	0	0	0	-1	5
839	0	0	0	0	-1	5
840	884	885	2	0.365	-3	6
841	886	887	6	30.5	-3	5.57142857142857
842	888	889	11	10.45	-3	5.14814814814815
843	890	891	1	9.7	-3	5.44444444444444
844	0	0	0	0	-1	6
845	0	0	0	0	-1	6
846	0	0	0	0	-1	5
847	892	893	7	45	-3	6
848	0	0	0	0	-1	5
849	0	0	0	0	-1	5
850	0	0	0	0	-1	5
851	0	0	0	0	-1	5
852	0	0	0	0	-1	5
853	894	895	8	0.99727	-3	6
854	0	0	0	0	-1	5.5
855	896	897	4	2.15	-3	5
856	0	0	0	0	-1	5
857	898	899	2	0	-3	5
858	0	0	0	0	-1	5
859	900	901	7	27.5	-3	5
860	0	0	0	0	-1	6
861	0	0	0	0	-1	6
862	0	0	0	0	-1	6
863	902	903	1	20	-3	6
864	0	0	0	0	-1	6
865	0	0	0	0	-1	6
866	0	0	0	0	-1	5
867	904	905	1	0.49	-3	6
868	0	0	0	0	-1	6
869	906	907	2	0.475	-3	5
870	908	909	6	0	-3	5
871	0	0	0	0	-1	5
872	0	0	0	0	-1	5
873	910	911	10	7.75	-3	5
874	912	913	8	0	-3	5
875	0	0	0	0	-1	5
876	0	0	0	0	-1	5
877	0	0	0	0	-1	5
878	0	0	0	0	-1	5.33333333333333
879	914	915	10	9.55	-3	5
880	0	0	0	0	-1	5
881	916	917	8	0	-3	5
882	918	919	7	35.5	-3	5
883	920	921	5	0.0865	-3	5
884	922	923	1	0	-3	6
885	924	925	9	3.305	-3	6
886	0	0	0	0	-1	5
887	0	0	0	0	-1	5.8
888	926	927	11	9.65	-3	5.08333333333333
889	0	0	0	0	-1	5.66666666666667
890	928	929	7	32	-3	5
891	0	0	0	0	-1	6.33333333333333
892	930	931	3	0.265	-3	6
893	0	0	0	0	-1	6
894	0	0	0	0	-1	6
895	932	933	4	2.35	-3	6
896	0	0	0	0	-1	5
897	934	935	5	0.091	-3	5
898	0	0	0	0	-1	7
899	936	937	9	3.21	-3	5
900	938	939	1	0	-3	5
901	940	941	7	0.99655	-3	5
902	0	0	0	0	-1	6
903	0	0	0	0	-1	6
904	0	0	0	0	-1	6
905	0	0	0	0	-1	6
906	0	0	0	0	-1	5
907	0	0	0	0	-1	5
908	0	0	0	0	-1	5
909	942	943	1	6.6	-3	5
910	944	945	5	0	-3	5
911	0	0	0	0	-1	5
912	0	0	0	0	-1	5
913	0	0	0	0	-1	5
914	946	947	11	9.85	-3	5
915	0	0	0	0	-1	5
916	0	0	0	0	-1	5
917	948	949	10	0.51	-3	5
918	0	0	0	0	-1	5
919	950	951	11	0	-3	5
920	952	953	8	0	-3	5
921	0	0	0	0	-1	5
922	0	0	0	0	-1	6
923	0	0	0	0	-1	6
924	0	0	0	0	-1	6
925	954	955	1	0.6	-3	6
926	956	957	9	3.435	-3	5.28571428571429
927	0	0	0	0	-1	5
928	0	0	0	0	-1	5
929	0	0	0	0	-1	5
930	0	0	0	0	-1	6
931	0	0	0	0	-1	6
932	0	0	0	0	-1	6
933	0	0	0	0	-1	6
934	958	959	11	0	-3	5
935	0	0	0	0	-1	5
936	0	0	0	0	-1	5
937	960	961	6	0	-3	5
938	0	0	0	0	-1	6
939	962	963	1	7.05	-3	5
940	0	0	0	0	-1	7
941	964	965	4	2.45	-3	5
942	0	0	0	0	-1	5
943	0	0	0	0	-1	5
944	0	0	0	0	-1	7
945	966	967	9	3.31	-3	5
946	968	969	9	0	-3	5
947	0	0	0	0	-1	5
948	0	0	0	0	-1	5
949	0	0	0	0	-1	5
950	0	0	0	0	-1	6
951	970	971	8	0.9986	-3	5
952	0	0	0	0	-1	7
953	972	973	9	3.21	-3	5
954	0	0	0	0	-1	7
955	974	975	5	0.0895	-3	6
956	0	0	0	0	-1	5
957	0	0	0	0	-1	5.66666666666667
958	0	0	0	0	-1	6
959	976	977	5	0.16	-3	5
960	0	0	0	0	-1	5
961	0	0	0	0	-1	5
962	0	0	0	0	-1	5
963	978	979	2	0	-3	5
964	980	981	4	0	-3	5
965	0	0	0	0	-1	5
966	982	983	3	0	-3	5
967	0	0	0	0	-1	5
968	0	0	0	0	-1	5
969	984	985	6	13.5	-3	5
970	0	0	0	0	-1	5
971	0	0	0	0	-1	5
972	0	0	0	0	-1	5
973	0	0	0	0	-1	5
974	0	0	0	0	-1	6
975	0	0	0	0	-1	6
976	0	0	0	0	-1	5
977	0	0	0	0	-1	5
978	0	0	0	0	-1	7
979	986	987	3	0.14	-3	5
980	0	0	0	0	-1	5
981	988	989	8	0.99675	-3	5
982	0	0	0	0	-1	6
983	990	991	3	0.115	-3	5
984	0	0	0	0	-1	5
985	0	0	0	0	-1	5
986	0	0	0	0	-1	5
987	0	0	0	0	-1	5
988	0	0	0	0	-1	5
989	0	0	0	0	-1	5
990	0	0	0	0	-1	5
991	0	0	0	0	-1	5
