1	2	3	11	11.25	-3	5.63977485928705
2	4	5	9	3.475	-3	5.45682001614205
3	6	7	7	59.5	-3	6.26944444444444
4	8	9	10	0.625	-3	5.5
5	10	11	2	0.97	-3	5.14093959731544
6	12	13	10	0.615	-3	6.32107023411371
7	14	15	11	11.55	-3	6.01639344262295
8	16	17	2	0.285	-3	5.25682182985553
9	18	19	3	0.315	-3	5.82441113490364
10	20	21	8	0.9949	-3	5.23913043478261
11	22	23	6	4	-3	3.90909090909091
12	24	25	9	3.425	-3	5.88695652173913
13	26	27	8	0.99502	-3	6.59239130434782
14	28	29	4	10.75	-3	5.4375
15	30	31	6	32	-3	6.22222222222222
16	32	33	2	0.215	-3	6.2
17	34	35	10	0.535	-3	5.23355263157894
18	36	37	7	51	-3	5.67713004484305
19	38	39	8	0.99611	-3	5.95901639344262
20	40	41	7	37.5	-3	5.57142857142857
21	42	43	11	11.15	-3	5.20161290322581
22	0	0	0	0	-1	5
23	44	45	4	3.25	-3	3.66666666666667
24	46	47	1	12.35	-3	6.11392405063291
25	48	49	7	27.5	-3	5.38888888888889
26	50	51	2	0.425	-3	6.87931034482759
27	52	53	4	4.55	-3	6.46031746031746
28	54	55	8	1.0009	-3	5.64285714285714
29	0	0	0	0	-1	4
30	56	57	10	0.845	-3	5.86206896551724
31	58	59	10	0.785	-3	6.875
32	0	0	0	0	-1	7
33	60	61	6	22.5	-3	5.90909090909091
34	62	63	2	0.5875	-3	5.07258064516129
35	64	65	1	8.05	-3	5.34444444444444
36	66	67	11	9.85	-3	5.85416666666667
37	68	69	11	10.25	-3	5.35443037974684
38	70	71	7	14	-3	6.54545454545455
39	72	73	2	0.365	-3	5.86729857819905
40	74	75	2	0	-3	6
41	76	77	8	0.994125	-3	5
42	78	79	4	3.15	-3	5.22131147540984
43	0	0	0	0	-1	4
44	80	81	7	10.5	-3	3.85714285714286
45	0	0	0	0	-1	3
46	82	83	4	6.25	-3	6.15789473684211
47	0	0	0	0	-1	5
48	84	85	7	9	-3	5.04545454545455
49	86	87	1	6.25	-3	5.92857142857143
50	88	89	11	11.5	-3	7
51	90	91	9	3.24	-3	6.65
52	92	93	6	5.5	-3	6.38392857142857
53	94	95	2	0.6225	-3	7.07142857142857
54	96	97	3	0.405	-3	5.76923076923077
55	0	0	0	0	-1	4
56	98	99	11	12.95	-3	5.56521739130435
57	100	101	6	13.5	-3	7
58	102	103	1	9.25	-3	7.09090909090909
59	0	0	0	0	-1	6.4
60	104	105	4	1.65	-3	6
61	0	0	0	0	-1	5.5
62	106	107	4	3.2	-3	5.19298245614035
63	108	109	4	1.25	-3	4.97014925373134
64	110	111	1	6.65	-3	5.44394618834081
65	112	113	8	1.0007	-3	5.18248175182482
66	114	115	10	0.925	-3	5.65079365079365
67	116	117	5	0.0885	-3	6.01234567901235
68	118	119	4	1.6	-3	5.21818181818182
69	120	121	9	3.38	-3	5.66666666666667
70	122	123	3	0.335	-3	7.25
71	124	125	10	0.805	-3	6.32
72	126	127	4	2.55	-3	6.27777777777778
73	128	129	5	0.096	-3	5.56198347107438
74	0	0	0	0	-1	5
75	0	0	0	0	-1	6
76	0	0	0	0	-1	5
77	0	0	0	0	-1	5
78	130	131	5	0.061	-3	5.26724137931035
79	132	133	4	4.35	-3	4.33333333333333
80	0	0	0	0	-1	3
81	134	135	7	25.5	-3	4
82	136	137	1	6.85	-3	6.21621621621622
83	0	0	0	0	-1	4
84	0	0	0	0	-1	4
85	138	139	8	0.992235	-3	5.09523809523809
86	0	0	0	0	-1	5.75
87	140	141	4	1.6	-3	6
88	0	0	0	0	-1	7.6
89	142	143	9	3.67	-3	6.90909090909091
90	0	0	0	0	-1	8
91	144	145	6	26.5	-3	6.5
92	146	147	1	10.15	-3	5.91666666666667
93	148	149	1	9.85	-3	6.44
94	150	151	1	9.85	-3	7.25
95	0	0	0	0	-1	6
96	0	0	0	0	-1	5.4
97	152	153	6	25.5	-3	6
98	0	0	0	0	-1	6
99	154	155	6	24.5	-3	5.16666666666667
100	0	0	0	0	-1	7
101	0	0	0	0	-1	7
102	0	0	0	0	-1	7
103	0	0	0	0	-1	8
104	0	0	0	0	-1	6
105	156	157	6	10	-3	6
106	158	159	7	27.5	-3	5.16981132075472
107	160	161	2	0.535	-3	5.5
108	0	0	0	0	-1	3
109	162	163	9	3.225	-3	5
110	164	165	9	3.445	-3	5.05555555555556
111	166	167	5	0.0665	-3	5.47804878048781
112	168	169	5	0.0895	-3	5.19852941176471
113	0	0	0	0	-1	3
114	170	171	3	0.055	-3	5.7
115	0	0	0	0	-1	4.66666666666667
116	172	173	2	0.62	-3	5.921875
117	174	175	6	7.5	-3	6.35294117647059
118	0	0	0	0	-1	4
119	176	177	4	3.1	-3	5.24074074074074
120	178	179	4	2.15	-3	5.8
121	0	0	0	0	-1	5
122	0	0	0	0	-1	8
123	180	181	8	0.99554	-3	7
124	182	183	7	60	-3	5.91666666666667
125	184	185	3	0.415	-3	6.69230769230769
126	186	187	6	5.5	-3	6.16129032258065
127	188	189	11	10.45	-3	6.53571428571429
128	190	191	9	3.305	-3	5.79452054794521
129	192	193	3	0.455	-3	5.20833333333333
130	0	0	0	0	-1	4.4
131	194	195	4	2.75	-3	5.30630630630631
132	0	0	0	0	-1	4
133	0	0	0	0	-1	5
134	0	0	0	0	-1	4
135	0	0	0	0	-1	4
136	196	197	7	17.5	-3	6.66666666666667
137	198	199	2	0.505	-3	6.15384615384615
138	0	0	0	0	-1	6
139	200	201	3	0.015	-3	5
140	0	0	0	0	-1	6
141	202	203	3	0.01	-3	6
142	204	205	7	48	-3	6.875
143	0	0	0	0	-1	8
144	206	207	7	13.5	-3	6.375
145	0	0	0	0	-1	7.5
146	208	209	11	11.6	-3	6
147	0	0	0	0	-1	5.5
148	210	211	9	3.375	-3	6.58823529411765
149	212	213	9	3.155	-3	6.28571428571429
150	214	215	6	6.5	-3	7
151	0	0	0	0	-1	7.6
152	0	0	0	0	-1	6
153	0	0	0	0	-1	6
154	216	217	6	12.5	-3	4.88888888888889
155	0	0	0	0	-1	6
156	0	0	0	0	-1	6
157	0	0	0	0	-1	6
158	218	219	2	0.34	-3	5
159	220	221	2	0.525	-3	5.23076923076923
160	0	0	0	0	-1	6
161	0	0	0	0	-1	5
162	222	223	5	0.052	-3	5.18181818181818
163	224	225	6	6.5	-3	4.93939393939394
164	226	227	2	0.35	-3	5
165	0	0	0	0	-1	6
166	228	229	10	0.595	-3	6.2
167	230	231	2	0.6525	-3	5.44102564102564
168	232	233	5	0.0645	-3	5.09090909090909
169	234	235	3	0.14	-3	5.48648648648649
170	236	237	7	26	-3	5.48148148148148
171	238	239	10	0.645	-3	5.87878787878788
172	240	241	2	0.405	-3	6.15
173	242	243	3	0.13	-3	5.54166666666667
174	0	0	0	0	-1	7
175	244	245	4	2.55	-3	6.15384615384615
176	246	247	8	0.996865	-3	5.30952380952381
177	248	249	3	0.125	-3	5
178	0	0	0	0	-1	5.2
179	250	251	10	0.655	-3	6
180	0	0	0	0	-1	7
181	0	0	0	0	-1	7
182	0	0	0	0	-1	6
183	0	0	0	0	-1	5
184	0	0	0	0	-1	6
185	252	253	8	0.99562	-3	6.9
186	0	0	0	0	-1	5.25
187	254	255	1	11.6	-3	6.22413793103448
188	256	257	7	14.5	-3	6
189	258	259	10	0.695	-3	7.07142857142857
190	260	261	2	0.63	-3	5.91525423728814
191	262	263	9	3.4	-3	5.28571428571429
192	264	265	4	2.3	-3	5.45454545454545
193	266	267	10	1.445	-3	5.13513513513514
194	268	269	11	10.75	-3	5.27619047619048
195	270	271	1	6.5	-3	5.83333333333333
196	0	0	0	0	-1	7
197	0	0	0	0	-1	6
198	272	273	3	0.415	-3	6.24444444444445
199	274	275	7	25.5	-3	5.95
200	0	0	0	0	-1	4.5
201	276	277	10	0.585	-3	5.05882352941176
202	0	0	0	0	-1	6
203	0	0	0	0	-1	6
204	278	279	1	6.3	-3	6.96551724137931
205	0	0	0	0	-1	6
206	280	281	2	0.55	-3	6.71428571428571
207	282	283	5	0.0695	-3	6.11111111111111
208	0	0	0	0	-1	6
209	284	285	2	0.44	-3	6
210	286	287	5	0.08	-3	6.88888888888889
211	288	289	10	0.705	-3	6.25
212	290	291	2	0.475	-3	6.7
213	292	293	6	25.5	-3	6.17948717948718
214	0	0	0	0	-1	7
215	0	0	0	0	-1	7
216	0	0	0	0	-1	4
217	294	295	2	0.515	-3	5
218	0	0	0	0	-1	6
219	296	297	3	0.28	-3	4.92307692307692
220	298	299	7	34.5	-3	5.13559322033898
221	300	301	10	0.505	-3	5.52631578947368
222	0	0	0	0	-1	6
223	302	303	4	3.7	-3	5.1
224	304	305	11	9.05	-3	4.75
225	306	307	11	9.25	-3	4.9873417721519
226	0	0	0	0	-1	5
227	308	309	1	6.15	-3	5
228	310	311	7	40	-3	6.375
229	0	0	0	0	-1	5.5
230	312	313	11	10.85	-3	5.52702702702703
231	314	315	4	1.85	-3	5.17021276595745
232	316	317	7	24.5	-3	5.41666666666667
233	318	319	8	0.99835	-3	5.04597701149425
234	0	0	0	0	-1	6
235	320	321	11	10.25	-3	5.3448275862069
236	322	323	2	0.6275	-3	5.76470588235294
237	324	325	7	28.5	-3	5
238	0	0	0	0	-1	5.5
239	326	327	7	48.5	-3	5.93103448275862
240	328	329	4	1.95	-3	6.57142857142857
241	330	331	6	3.5	-3	6.06060606060606
242	332	333	1	7.85	-3	5.92307692307692
243	334	335	9	3.36	-3	5.09090909090909
244	0	0	0	0	-1	7
245	336	337	4	4.25	-3	6
246	338	339	1	8	-3	5.09090909090909
247	340	341	2	0.57	-3	5.55
248	0	0	0	0	-1	5
249	0	0	0	0	-1	5
250	0	0	0	0	-1	6
251	0	0	0	0	-1	6
252	342	343	5	0.0725	-3	7
253	0	0	0	0	-1	6
254	344	345	11	10.25	-3	6.1
255	346	347	3	0.73	-3	7
256	0	0	0	0	-1	7
257	348	349	8	0.9997	-3	5.83333333333333
258	0	0	0	0	-1	8
259	350	351	2	0.265	-3	6.81818181818182
260	352	353	5	0.0915	-3	6
261	0	0	0	0	-1	5
262	354	355	5	0.082	-3	5.5
263	0	0	0	0	-1	5
264	0	0	0	0	-1	5
265	356	357	7	83.5	-3	5.83333333333333
266	358	359	6	15.5	-3	5.11111111111111
267	0	0	0	0	-1	6
268	360	361	1	6.3	-3	5.21276595744681
269	362	363	4	2.35	-3	5.81818181818182
270	0	0	0	0	-1	5
271	0	0	0	0	-1	6
272	364	365	2	0.415	-3	6.61538461538461
273	366	367	4	3.9	-3	6.09375
274	368	369	5	0.0585	-3	5.85714285714286
275	370	371	11	11.95	-3	6
276	372	373	2	0.5	-3	5
277	0	0	0	0	-1	6
278	0	0	0	0	-1	6
279	374	375	9	3.13	-3	7
280	0	0	0	0	-1	6
281	0	0	0	0	-1	7
282	376	377	8	0.992985	-3	6
283	0	0	0	0	-1	6.33333333333333
284	0	0	0	0	-1	6
285	0	0	0	0	-1	6
286	378	379	2	0.33	-3	7.2
287	380	381	9	3.305	-3	6.5
288	382	383	9	3.41	-3	5.77777777777778
289	384	385	2	0.385	-3	6.53333333333333
290	386	387	7	33.5	-3	6.5
291	0	0	0	0	-1	7
292	388	389	3	0.655	-3	6.15789473684211
293	0	0	0	0	-1	7
294	0	0	0	0	-1	5
295	0	0	0	0	-1	5
296	390	391	10	0.435	-3	4.85714285714286
297	392	393	3	0.505	-3	5
298	394	395	11	9.55	-3	5.33333333333333
299	396	397	11	9.1	-3	5.08510638297872
300	398	399	6	33.5	-3	5.81818181818182
301	400	401	2	0.5775	-3	5.125
302	402	403	6	10	-3	5
303	0	0	0	0	-1	6
304	0	0	0	0	-1	4
305	404	405	10	0.38	-3	4.83333333333333
306	0	0	0	0	-1	4
307	406	407	6	9.5	-3	5.02631578947368
308	0	0	0	0	-1	5
309	408	409	2	0.445	-3	5
310	0	0	0	0	-1	7
311	0	0	0	0	-1	6
312	410	411	7	47	-3	5.56428571428571
313	412	413	8	0.99504	-3	4.875
314	414	415	11	9.75	-3	5.53846153846154
315	416	417	1	7.95	-3	5.02941176470588
316	418	419	10	0.605	-3	5.71428571428571
317	0	0	0	0	-1	5
318	420	421	1	10.95	-3	4.93220338983051
319	422	423	4	2.25	-3	5.28571428571429
320	424	425	10	0.59	-3	5.5
321	426	427	4	0	-3	5
322	428	429	10	0.645	-3	5.5
323	0	0	0	0	-1	6
324	0	0	0	0	-1	5
325	430	431	2	0	-3	5
326	432	433	1	8.45	-3	5.95833333333333
327	0	0	0	0	-1	5.8
328	0	0	0	0	-1	7
329	0	0	0	0	-1	6.25
330	0	0	0	0	-1	7
331	434	435	8	0.99515	-3	6.03125
332	0	0	0	0	-1	5.75
333	436	437	5	0.08	-3	6
334	438	439	10	0.655	-3	5
335	0	0	0	0	-1	6
336	440	441	8	0.996545	-3	5.9
337	0	0	0	0	-1	7
338	442	443	1	7.5	-3	5.33333333333333
339	444	445	10	0.715	-3	5
340	446	447	3	0.305	-3	5.76923076923077
341	448	449	7	83.5	-3	5.14285714285714
342	0	0	0	0	-1	7
343	0	0	0	0	-1	7
344	450	451	5	0.0855	-3	5.85185185185185
345	452	453	1	9.45	-3	6.39130434782609
346	454	455	9	2.975	-3	7.14285714285714
347	0	0	0	0	-1	6
348	456	457	4	3.35	-3	6
349	0	0	0	0	-1	5.33333333333333
350	0	0	0	0	-1	6
351	458	459	9	3.37	-3	6.9
352	460	461	4	4.9	-3	5.87234042553191
353	462	463	2	0.395	-3	6.85714285714286
354	464	465	4	2.7	-3	5.16666666666667
355	0	0	0	0	-1	6.5
356	0	0	0	0	-1	6
357	0	0	0	0	-1	5
358	466	467	11	9.15	-3	5.23529411764706
359	468	469	3	0.52	-3	5
360	470	471	7	44.5	-3	5.5
361	472	473	10	0.87	-3	5.18604651162791
362	474	475	5	0.118	-3	5.57142857142857
363	0	0	0	0	-1	6.25
364	476	477	6	13.5	-3	6.88888888888889
365	0	0	0	0	-1	6
366	478	479	9	3.19	-3	5.8695652173913
367	480	481	9	3.25	-3	6.66666666666667
368	0	0	0	0	-1	5
369	0	0	0	0	-1	6
370	482	483	1	0	-3	6
371	0	0	0	0	-1	6
372	0	0	0	0	-1	5
373	0	0	0	0	-1	5
374	0	0	0	0	-1	6
375	484	485	9	3.235	-3	7.03703703703704
376	0	0	0	0	-1	6
377	0	0	0	0	-1	6
378	0	0	0	0	-1	7
379	0	0	0	0	-1	7.6
380	486	487	1	8.65	-3	6.14285714285714
381	0	0	0	0	-1	7
382	0	0	0	0	-1	5
383	488	489	4	2.25	-3	6
384	0	0	0	0	-1	7
385	490	491	5	0.0715	-3	6.3
386	0	0	0	0	-1	6.25
387	0	0	0	0	-1	7
388	492	493	10	0.765	-3	6.13513513513514
389	0	0	0	0	-1	7
390	0	0	0	0	-1	4
391	494	495	1	9.15	-3	4.92307692307692
392	496	497	10	0	-3	5
393	0	0	0	0	-1	5
394	0	0	0	0	-1	6
395	498	499	3	0.245	-3	5.11111111111111
396	0	0	0	0	-1	5.5
397	500	501	6	17	-3	5.06666666666667
398	502	503	1	7.75	-3	6
399	0	0	0	0	-1	5.5
400	504	505	5	0	-3	5
401	0	0	0	0	-1	6
402	506	507	2	0.68	-3	5
403	508	509	5	33	-3	5
404	0	0	0	0	-1	4
405	510	511	7	17	-3	4.9375
406	0	0	0	0	-1	5.75
407	512	513	9	3.4	-3	4.98611111111111
408	514	515	4	0	-3	5
409	0	0	0	0	-1	5
410	516	517	5	0.099	-3	5.85507246376812
411	518	519	7	56.5	-3	5.28169014084507
412	0	0	0	0	-1	5.5
413	0	0	0	0	-1	4.25
414	520	521	8	0.9958	-3	5.25
415	0	0	0	0	-1	6
416	522	523	2	1.0075	-3	4.93548387096774
417	0	0	0	0	-1	6
418	0	0	0	0	-1	6
419	0	0	0	0	-1	5
420	524	525	7	16.5	-3	4.96491228070176
421	0	0	0	0	-1	4
422	526	527	9	3.16	-3	5.625
423	528	529	8	0.99855	-3	5.15
424	530	531	7	32	-3	5.08333333333333
425	532	533	3	0.3	-3	6.125
426	0	0	0	0	-1	8
427	534	535	8	0.99913	-3	5
428	0	0	0	0	-1	6
429	0	0	0	0	-1	5
430	0	0	0	0	-1	5
431	536	537	2	0.65	-3	5
432	538	539	9	3.425	-3	6
433	0	0	0	0	-1	5.5
434	540	541	11	10.575	-3	6.125
435	542	543	2	0.475	-3	6
436	0	0	0	0	-1	6
437	0	0	0	0	-1	6
438	0	0	0	0	-1	5
439	544	545	9	3.295	-3	5
440	0	0	0	0	-1	5
441	546	547	1	10	-3	6
442	0	0	0	0	-1	5
443	0	0	0	0	-1	6
444	548	549	8	0	-3	5
445	550	551	6	0	-3	5
446	552	553	10	1.965	-3	5.83333333333333
447	0	0	0	0	-1	5
448	554	555	6	11	-3	5
449	0	0	0	0	-1	6
450	0	0	0	0	-1	6
451	556	557	1	8.65	-3	5.5
452	558	559	11	10.55	-3	6.09090909090909
453	560	561	3	0.475	-3	6.66666666666667
454	0	0	0	0	-1	8
455	562	563	1	11.75	-3	7
456	0	0	0	0	-1	6
457	0	0	0	0	-1	6
458	564	565	1	10.3	-3	7
459	0	0	0	0	-1	6
460	566	567	1	8.3	-3	5.7906976744186
461	0	0	0	0	-1	6.75
462	0	0	0	0	-1	6
463	568	569	10	0.7	-3	7
464	0	0	0	0	-1	6
465	0	0	0	0	-1	5
466	0	0	0	0	-1	6
467	570	571	6	13.5	-3	5.07142857142857
468	572	573	6	43	-3	5
469	574	575	5	0	-3	5
470	0	0	0	0	-1	5
471	0	0	0	0	-1	6
472	576	577	8	1	-3	5.16666666666667
473	0	0	0	0	-1	6
474	0	0	0	0	-1	5.8
475	0	0	0	0	-1	5
476	578	579	7	9.5	-3	7
477	0	0	0	0	-1	6.5
478	580	581	10	0.545	-3	5.42857142857143
479	582	583	7	14.5	-3	6.0625
480	584	585	3	0.645	-3	7
481	0	0	0	0	-1	6
482	0	0	0	0	-1	6
483	586	587	5	0	-3	6
484	0	0	0	0	-1	7.33333333333333
485	588	589	1	11.75	-3	7
486	0	0	0	0	-1	6
487	0	0	0	0	-1	6.33333333333333
488	0	0	0	0	-1	6
489	0	0	0	0	-1	6
490	0	0	0	0	-1	7
491	590	591	10	0	-3	6
492	592	593	10	0.655	-3	6.03448275862069
493	594	595	3	0.525	-3	6.5
494	596	597	2	0.495	-3	5
495	0	0	0	0	-1	4
496	0	0	0	0	-1	6
497	598	599	3	0.35	-3	5
498	0	0	0	0	-1	6
499	600	601	11	0	-3	5
500	602	603	10	0.485	-3	5
501	604	605	7	53	-3	5.11538461538461
502	0	0	0	0	-1	6
503	0	0	0	0	-1	6
504	0	0	0	0	-1	5
505	0	0	0	0	-1	5
506	606	607	3	0	-3	5
507	0	0	0	0	-1	5
508	608	609	5	0.103	-3	5
509	0	0	0	0	-1	5
510	610	611	2	0.63	-3	5
511	0	0	0	0	-1	4.75
512	612	613	10	0.525	-3	5.01538461538462
513	614	615	3	0.055	-3	4.71428571428571
514	0	0	0	0	-1	5
515	616	617	11	0	-3	5
516	618	619	4	1.65	-3	5.890625
517	0	0	0	0	-1	5.4
518	620	621	5	0.069	-3	5
519	622	623	9	3.415	-3	5.35087719298246
520	0	0	0	0	-1	5
521	0	0	0	0	-1	5.4
522	624	625	2	0.9625	-3	4.9
523	0	0	0	0	-1	6
524	626	627	7	13.5	-3	4.66666666666667
525	628	629	1	8.35	-3	5.02083333333333
526	0	0	0	0	-1	5.4
527	0	0	0	0	-1	6
528	0	0	0	0	-1	6
529	630	631	1	2.65	-3	5
530	0	0	0	0	-1	6
531	632	633	1	8.55	-3	5
532	0	0	0	0	-1	5.5
533	634	635	4	2.2	-3	6.33333333333333
534	636	637	7	0	-3	5
535	0	0	0	0	-1	5
536	0	0	0	0	-1	5
537	0	0	0	0	-1	5
538	0	0	0	0	-1	6
539	638	639	11	0.0855	-3	6
540	0	0	0	0	-1	6.5
541	640	641	1	7.05	-3	6
542	0	0	0	0	-1	5.75
543	642	643	8	0.9966	-3	6.05
544	0	0	0	0	-1	5
545	0	0	0	0	-1	5
546	0	0	0	0	-1	6
547	0	0	0	0	-1	6
548	0	0	0	0	-1	8
549	644	645	9	3.16	-3	5
550	0	0	0	0	-1	5
551	646	647	3	0.13	-3	5
552	648	649	11	9.35	-3	5.90909090909091
553	0	0	0	0	-1	5
554	0	0	0	0	-1	5
555	0	0	0	0	-1	5
556	0	0	0	0	-1	6
557	0	0	0	0	-1	5
558	0	0	0	0	-1	7
559	650	651	9	3.29	-3	5.88888888888889
560	652	653	3	0.465	-3	7
561	0	0	0	0	-1	6.2
562	0	0	0	0	-1	7
563	0	0	0	0	-1	7
564	0	0	0	0	-1	7
565	0	0	0	0	-1	7
566	0	0	0	0	-1	7
567	654	655	1	12.55	-3	5.76190476190476
568	0	0	0	0	-1	7
569	0	0	0	0	-1	7
570	656	657	3	0.635	-3	5
571	0	0	0	0	-1	5.5
572	0	0	0	0	-1	5
573	0	0	0	0	-1	5
574	0	0	0	0	-1	6
575	658	659	9	3.275	-3	5
576	660	661	8	0.99775	-3	5.14634146341464
577	0	0	0	0	-1	6
578	0	0	0	0	-1	7
579	0	0	0	0	-1	7
580	0	0	0	0	-1	6
581	0	0	0	0	-1	5
582	662	663	9	3.24	-3	6.16666666666667
583	664	665	6	18.5	-3	6
584	0	0	0	0	-1	7
585	0	0	0	0	-1	7
586	0	0	0	0	-1	6
587	666	667	6	27.5	-3	6
588	0	0	0	0	-1	7
589	0	0	0	0	-1	7
590	0	0	0	0	-1	6
591	668	669	10	0.865	-3	6
592	0	0	0	0	-1	6.5
593	670	671	10	0.695	-3	6
594	0	0	0	0	-1	6.2
595	0	0	0	0	-1	7
596	0	0	0	0	-1	5
597	672	673	5	0	-3	5
598	0	0	0	0	-1	5
599	674	675	3	0	-3	5
600	0	0	0	0	-1	6
601	676	677	10	0	-3	5
602	678	679	2	0.355	-3	5
603	680	681	2	0.49	-3	5
604	0	0	0	0	-1	6
605	682	683	4	2.3	-3	5.04166666666667
606	0	0	0	0	-1	7
607	684	685	4	0.062	-3	5
608	686	687	2	1.025	-3	5
609	0	0	0	0	-1	5
610	0	0	0	0	-1	5
611	688	689	11	0	-3	5
612	690	691	1	8.15	-3	4.9622641509434
613	692	693	6	16	-3	5.25
614	0	0	0	0	-1	5
615	0	0	0	0	-1	4
616	0	0	0	0	-1	5
617	0	0	0	0	-1	5
618	694	695	3	0.175	-3	5.42857142857143
619	696	697	9	3.405	-3	5.94736842105263
620	0	0	0	0	-1	4.66666666666667
621	698	699	11	9.75	-3	5.09090909090909
622	700	701	5	0.0735	-3	5.29411764705882
623	702	703	5	0.0905	-3	5.83333333333333
624	704	705	5	0.072	-3	5
625	0	0	0	0	-1	4
626	706	707	3	0.27	-3	5
627	0	0	0	0	-1	4
628	708	709	2	0.655	-3	5.07142857142857
629	710	711	6	8.5	-3	5
630	0	0	0	0	-1	6
631	712	713	3	0.175	-3	5
632	0	0	0	0	-1	5
633	714	715	4	0	-3	5
634	0	0	0	0	-1	6
635	0	0	0	0	-1	7
636	0	0	0	0	-1	6
637	0	0	0	0	-1	5
638	0	0	0	0	-1	6
639	716	717	6	12.5	-3	6
640	0	0	0	0	-1	6
641	0	0	0	0	-1	6
642	0	0	0	0	-1	6.5
643	0	0	0	0	-1	6
644	0	0	0	0	-1	5
645	0	0	0	0	-1	5
646	0	0	0	0	-1	5
647	718	719	10	0	-3	5
648	0	0	0	0	-1	5.5
649	720	721	6	26.5	-3	6
650	0	0	0	0	-1	5
651	0	0	0	0	-1	6
652	0	0	0	0	-1	7
653	0	0	0	0	-1	7
654	722	723	1	12.05	-3	5.6969696969697
655	724	725	8	1.00006	-3	6
656	0	0	0	0	-1	5
657	0	0	0	0	-1	5
658	0	0	0	0	-1	5
659	0	0	0	0	-1	5
660	726	727	7	30.5	-3	5.19047619047619
661	728	729	4	2.25	-3	5
662	0	0	0	0	-1	6
663	0	0	0	0	-1	7
664	0	0	0	0	-1	6
665	0	0	0	0	-1	6
666	730	731	4	0	-3	6
667	0	0	0	0	-1	6
668	0	0	0	0	-1	6
669	0	0	0	0	-1	6
670	732	733	11	12.2	-3	6
671	734	735	4	2.1	-3	6
672	0	0	0	0	-1	5
673	736	737	11	9.55	-3	5
674	0	0	0	0	-1	6
675	738	739	6	0	-3	5
676	0	0	0	0	-1	5
677	740	741	2	0.99662	-3	5
678	0	0	0	0	-1	5
679	742	743	8	0	-3	5
680	744	745	3	0.275	-3	5
681	0	0	0	0	-1	5
682	746	747	1	8.45	-3	5
683	748	749	11	10.05	-3	5.125
684	0	0	0	0	-1	7
685	0	0	0	0	-1	5
686	750	751	6	32.5	-3	5
687	0	0	0	0	-1	5
688	0	0	0	0	-1	6
689	752	753	11	9.35	-3	5
690	754	755	1	7.5	-3	5
691	756	757	5	0.0885	-3	4.83333333333333
692	0	0	0	0	-1	6
693	758	759	3	0	-3	5
694	0	0	0	0	-1	5
695	0	0	0	0	-1	6
696	760	761	1	7.9	-3	5.97959183673469
697	762	763	2	0.64	-3	5.75
698	0	0	0	0	-1	6
699	764	765	7	48.5	-3	5
700	766	767	3	0.235	-3	5.66666666666667
701	768	769	2	0.37	-3	5.17948717948718
702	0	0	0	0	-1	6
703	0	0	0	0	-1	5
704	0	0	0	0	-1	5
705	770	771	9	9.55	-3	5
706	0	0	0	0	-1	5
707	0	0	0	0	-1	5
708	772	773	9	3.24	-3	5
709	0	0	0	0	-1	5.25
710	774	775	7	10.2	-3	5
711	776	777	11	9.55	-3	5
712	0	0	0	0	-1	5
713	778	779	9	0	-3	5
714	0	0	0	0	-1	7
715	780	781	7	40	-3	5
716	0	0	0	0	-1	6
717	0	0	0	0	-1	6
718	0	0	0	0	-1	5
719	782	783	4	9.8	-3	5
720	784	785	3	0	-3	6
721	0	0	0	0	-1	6
722	786	787	9	3.055	-3	5.84615384615385
723	788	789	5	0.082	-3	5.14285714285714
724	0	0	0	0	-1	6
725	0	0	0	0	-1	6
726	790	791	5	0.0815	-3	5.42857142857143
727	792	793	8	0.99765	-3	5.12244897959184
728	794	795	10	0.72	-3	5
729	796	797	7	49.5	-3	5
730	0	0	0	0	-1	5
731	798	799	11	0	-3	6
732	0	0	0	0	-1	6
733	0	0	0	0	-1	6
734	0	0	0	0	-1	6
735	800	801	8	0.99669	-3	6
736	0	0	0	0	-1	5
737	0	0	0	0	-1	5
738	0	0	0	0	-1	6
739	0	0	0	0	-1	5
740	0	0	0	0	-1	5
741	0	0	0	0	-1	5
742	0	0	0	0	-1	5
743	802	803	2	0	-3	5
744	0	0	0	0	-1	5
745	0	0	0	0	-1	5
746	804	805	11	9.45	-3	5
747	0	0	0	0	-1	5
748	0	0	0	0	-1	5
749	0	0	0	0	-1	6
750	806	807	11	9.1	-3	5
751	0	0	0	0	-1	5
752	0	0	0	0	-1	5
753	808	809	5	0	-3	5
754	810	811	11	10	-3	5
755	0	0	0	0	-1	5
756	812	813	11	9.35	-3	4.90909090909091
757	0	0	0	0	-1	4
758	0	0	0	0	-1	7
759	814	815	6	30.5	-3	5
760	816	817	1	7.35	-3	6.02222222222222
761	0	0	0	0	-1	5.5
762	818	819	6	15.5	-3	5.85714285714286
763	0	0	0	0	-1	5
764	0	0	0	0	-1	5
765	820	821	6	0	-3	5
766	0	0	0	0	-1	5
767	822	823	10	0	-3	6
768	0	0	0	0	-1	6
769	824	825	11	9.75	-3	5.05882352941176
770	826	827	4	2.85	-3	5
771	0	0	0	0	-1	5
772	0	0	0	0	-1	5
773	828	829	7	0	-3	5
774	0	0	0	0	-1	5
775	830	831	1	0	-3	5
776	832	833	6	29	-3	5
777	834	835	11	0	-3	5
778	0	0	0	0	-1	5
779	836	837	6	22	-3	5
780	0	0	0	0	-1	5
781	838	839	6	0	-3	5
782	0	0	0	0	-1	5
783	0	0	0	0	-1	5
784	0	0	0	0	-1	6
785	0	0	0	0	-1	6
786	0	0	0	0	-1	5
787	840	841	8	0.9987	-3	5.88
788	842	843	3	0.99785	-3	5
789	0	0	0	0	-1	6
790	844	845	7	26.5	-3	5.25
791	0	0	0	0	-1	6.5
792	846	847	5	0.0785	-3	5.10416666666667
793	0	0	0	0	-1	6
794	848	849	1	0	-3	5
795	0	0	0	0	-1	5
796	0	0	0	0	-1	5
797	0	0	0	0	-1	5
798	0	0	0	0	-1	6
799	850	851	8	0.99466	-3	6
800	0	0	0	0	-1	6
801	0	0	0	0	-1	6
802	0	0	0	0	-1	7
803	0	0	0	0	-1	5
804	852	853	10	0	-3	5
805	854	855	4	0	-3	5
806	0	0	0	0	-1	5
807	856	857	4	0	-3	5
808	0	0	0	0	-1	5
809	858	859	6	0	-3	5
810	860	861	9	0	-3	5
811	0	0	0	0	-1	5
812	0	0	0	0	-1	4
813	862	863	1	9.3	-3	5
814	864	865	8	0	-3	5
815	0	0	0	0	-1	5
816	866	867	10	0.605	-3	5.95652173913043
817	868	869	5	0.0845	-3	6.09090909090909
818	870	871	4	2.5	-3	6
819	0	0	0	0	-1	5
820	0	0	0	0	-1	7
821	872	873	11	10.5	-3	5
822	0	0	0	0	-1	5
823	874	875	9	0	-3	6
824	876	877	7	92	-3	5.03225806451613
825	0	0	0	0	-1	5.33333333333333
826	878	879	5	0.078	-3	5
827	880	881	1	0	-3	5
828	0	0	0	0	-1	6
829	882	883	3	0.265	-3	5
830	0	0	0	0	-1	6
831	0	0	0	0	-1	5
832	884	885	6	9.5	-3	5
833	0	0	0	0	-1	5
834	0	0	0	0	-1	6
835	886	887	10	0.585	-3	5
836	888	889	4	2.55	-3	5
837	0	0	0	0	-1	5
838	0	0	0	0	-1	5
839	890	891	7	0	-3	5
840	892	893	3	0.685	-3	6
841	894	895	2	0.43	-3	5.7
842	0	0	0	0	-1	5
843	0	0	0	0	-1	5
844	896	897	4	0.68	-3	5
845	0	0	0	0	-1	6
846	898	899	11	9.75	-3	5
847	900	901	2	0.575	-3	5.25
848	0	0	0	0	-1	5
849	902	903	11	9.5	-3	5
850	0	0	0	0	-1	6
851	0	0	0	0	-1	6
852	0	0	0	0	-1	5
853	904	905	3	0	-3	5
854	0	0	0	0	-1	5
855	0	0	0	0	-1	5
856	0	0	0	0	-1	6
857	906	907	11	9.95	-3	5
858	0	0	0	0	-1	5
859	0	0	0	0	-1	5
860	0	0	0	0	-1	5
861	908	909	2	0.625	-3	5
862	910	911	6	0	-3	5
863	0	0	0	0	-1	5
864	0	0	0	0	-1	6
865	912	913	6	0	-3	5
866	914	915	10	0.595	-3	6
867	0	0	0	0	-1	5.8
868	916	917	4	2.7	-3	6
869	918	919	4	2.25	-3	6.22222222222222
870	0	0	0	0	-1	6
871	0	0	0	0	-1	6
872	920	921	8	0	-3	5
873	0	0	0	0	-1	5
874	0	0	0	0	-1	5
875	922	923	3	0.245	-3	6
876	924	925	5	0.0805	-3	5
877	926	927	8	0.99683	-3	5.1
878	928	929	9	0	-3	5
879	930	931	4	0	-3	5
880	0	0	0	0	-1	7
881	932	933	10	0.57	-3	5
882	0	0	0	0	-1	5
883	0	0	0	0	-1	5
884	0	0	0	0	-1	5
885	934	935	1	0	-3	5
886	0	0	0	0	-1	5
887	0	0	0	0	-1	5
888	0	0	0	0	-1	5
889	936	937	2	0	-3	5
890	0	0	0	0	-1	5
891	0	0	0	0	-1	5
892	938	939	1	9.45	-3	6
893	0	0	0	0	-1	6
894	0	0	0	0	-1	5.25
895	940	941	6	27	-3	6
896	0	0	0	0	-1	6
897	942	943	10	0	-3	5
898	944	945	1	0.05	-3	5
899	0	0	0	0	-1	5
900	946	947	8	0.99578	-3	5
901	948	949	10	0.62	-3	5.55555555555556
902	950	951	6	0	-3	5
903	0	0	0	0	-1	5
904	0	0	0	0	-1	5
905	0	0	0	0	-1	5
906	0	0	0	0	-1	5
907	0	0	0	0	-1	5
908	0	0	0	0	-1	5
909	0	0	0	0	-1	5
910	0	0	0	0	-1	6
911	952	953	7	0	-3	5
912	0	0	0	0	-1	5
913	0	0	0	0	-1	5
914	954	955	2	0.59	-3	6
915	956	957	11	10.45	-3	6
916	958	959	3	0.01	-3	6
917	0	0	0	0	-1	6
918	0	0	0	0	-1	7
919	960	961	4	0	-3	6
920	0	0	0	0	-1	6
921	962	963	11	10.05	-3	5
922	0	0	0	0	-1	6
923	0	0	0	0	-1	6
924	964	965	8	0	-3	5
925	966	967	3	0	-3	5
926	968	969	5	0.0805	-3	5
927	0	0	0	0	-1	5.5
928	0	0	0	0	-1	6
929	970	971	9	3.275	-3	5
930	0	0	0	0	-1	6
931	972	973	5	0.1055	-3	5
932	0	0	0	0	-1	5
933	0	0	0	0	-1	5
934	0	0	0	0	-1	8
935	974	975	10	0.6	-3	5
936	0	0	0	0	-1	6
937	976	977	3	0	-3	5
938	0	0	0	0	-1	6
939	978	979	4	2.15	-3	6
940	0	0	0	0	-1	6
941	0	0	0	0	-1	6
942	0	0	0	0	-1	6
943	0	0	0	0	-1	5
944	0	0	0	0	-1	5
945	980	981	9	3.535	-3	5
946	0	0	0	0	-1	5
947	0	0	0	0	-1	5
948	0	0	0	0	-1	6
949	0	0	0	0	-1	5
950	0	0	0	0	-1	7
951	982	983	11	9.2	-3	5
952	0	0	0	0	-1	5
953	0	0	0	0	-1	5
954	0	0	0	0	-1	6
955	984	985	6	14.5	-3	6
956	0	0	0	0	-1	6
957	0	0	0	0	-1	6
958	0	0	0	0	-1	6
959	0	0	0	0	-1	6
960	0	0	0	0	-1	5
961	986	987	2	0.55	-3	6
962	0	0	0	0	-1	5
963	0	0	0	0	-1	5
964	0	0	0	0	-1	6
965	0	0	0	0	-1	5
966	0	0	0	0	-1	5
967	0	0	0	0	-1	5
968	0	0	0	0	-1	5
969	0	0	0	0	-1	5
970	0	0	0	0	-1	5
971	988	989	8	0	-3	5
972	990	991	10	0	-3	5
973	0	0	0	0	-1	5
974	992	993	7	0	-3	5
975	0	0	0	0	-1	5
976	0	0	0	0	-1	5
977	994	995	1	0	-3	5
978	996	997	9	3.105	-3	6
979	0	0	0	0	-1	6
980	0	0	0	0	-1	5
981	0	0	0	0	-1	5
982	0	0	0	0	-1	5
983	0	0	0	0	-1	5
984	998	999	3	0	-3	6
985	0	0	0	0	-1	6
986	0	0	0	0	-1	6
987	0	0	0	0	-1	6
988	0	0	0	0	-1	5
989	1000	1001	8	0.99637	-3	5
990	0	0	0	0	-1	6
991	1002	1003	7	84	-3	5
992	0	0	0	0	-1	5
993	1004	1005	2	0.6475	-3	5
994	0	0	0	0	-1	6
995	0	0	0	0	-1	5
996	0	0	0	0	-1	6
997	0	0	0	0	-1	6
998	0	0	0	0	-1	6
999	0	0	0	0	-1	6
1000	0	0	0	0	-1	5
1001	0	0	0	0	-1	5
1002	0	0	0	0	-1	5
1003	0	0	0	0	-1	5
1004	1006	1007	2	0	-3	5
1005	0	0	0	0	-1	5
1006	0	0	0	0	-1	5
1007	1008	1009	8	0.99714	-3	5
1008	0	0	0	0	-1	5
1009	0	0	0	0	-1	5
