1	2	3	10	0.625	-3	5.63789868667917
2	4	5	11	11.45	-3	5.36463414634146
3	6	7	11	10.525	-3	5.92554557124518
4	8	9	10	0.555	-3	5.26019690576652
5	10	11	1	6.55	-3	6.04587155963303
6	12	13	10	1.11	-3	5.5707656612529
7	14	15	8	0.993865	-3	6.36494252873563
8	16	17	5	0.2265	-3	5.13019390581717
9	18	19	1	6.35	-3	5.39428571428571
10	20	21	2	0.515	-3	5.57692307692308
11	22	23	5	0.0585	-3	6.19277108433735
12	24	25	11	9.85	-3	5.62148337595908
13	26	27	1	11.65	-3	5.075
14	28	29	9	3.375	-3	6.9
15	30	31	9	3.475	-3	6.31446540880503
16	32	33	3	0.055	-3	5.14206128133704
17	0	0	0	0	-1	3
18	34	35	3	0.055	-3	4.625
19	36	37	7	68.5	-3	5.4311377245509
20	38	39	5	0.0585	-3	6.09090909090909
21	40	41	6	12.5	-3	5.2
22	42	43	6	11.5	-3	5.86666666666667
23	44	45	10	0.545	-3	6.26470588235294
24	46	47	1	10.65	-3	5.43981481481482
25	48	49	2	0.335	-3	5.84571428571429
26	50	51	11	9.7	-3	5.02564102564103
27	0	0	0	0	-1	7
28	52	53	11	12.45	-3	6.6
29	54	55	2	0.35	-3	7.05
30	56	57	11	11.45	-3	6.36933797909407
31	58	59	7	31.5	-3	5.80645161290323
32	60	61	9	3.585	-3	4.82142857142857
33	62	63	8	0.99459	-3	5.24
34	64	65	5	0.058	-3	4.14285714285714
35	0	0	0	0	-1	5
36	66	67	2	0.365	-3	5.51340996168582
37	68	69	8	0.99618	-3	5.13698630136986
38	0	0	0	0	-1	7
39	70	71	1	6.05	-3	6
40	72	73	7	19	-3	4.66666666666667
41	74	75	6	18	-3	5.55555555555556
42	76	77	3	0.345	-3	5.33333333333333
43	78	79	1	7	-3	6.22222222222222
44	80	81	2	0.7025	-3	6
45	82	83	7	15	-3	6.48648648648649
46	84	85	2	0.565	-3	5.33870967741936
47	86	87	2	0.3125	-3	6.06666666666667
48	88	89	10	1.035	-3	6.45714285714286
49	90	91	6	31.5	-3	5.69285714285714
50	92	93	1	8.95	-3	4.93333333333333
51	94	95	3	0.29	-3	5.33333333333333
52	0	0	0	0	-1	6
53	96	97	2	0.295	-3	7
54	0	0	0	0	-1	6
55	98	99	11	13.8	-3	7.16666666666667
56	100	101	3	0.525	-3	6.19642857142857
57	102	103	10	0.735	-3	6.61344537815126
58	104	105	5	0.079	-3	5.46666666666667
59	106	107	10	0.635	-3	6.125
60	108	109	5	0.0795	-3	4.92207792207792
61	110	111	8	0.995485	-3	3.71428571428571
62	112	113	4	1.85	-3	5.83333333333333
63	114	115	11	10.85	-3	5.21292775665399
64	0	0	0	0	-1	5
65	116	117	8	0	-3	4
66	118	119	8	0.9947	-3	5.85714285714286
67	120	121	7	14.5	-3	5.48333333333333
68	122	123	10	0.585	-3	5.44444444444444
69	124	125	11	9.6	-3	5.09375
70	0	0	0	0	-1	6
71	0	0	0	0	-1	6
72	0	0	0	0	-1	5
73	0	0	0	0	-1	4.33333333333333
74	0	0	0	0	-1	6
75	0	0	0	0	-1	5.2
76	0	0	0	0	-1	5
77	0	0	0	0	-1	6
78	0	0	0	0	-1	7
79	126	127	10	0.42	-3	6
80	128	129	2	0.2875	-3	6.06896551724138
81	0	0	0	0	-1	5
82	130	131	10	0.605	-3	6.76470588235294
83	132	133	5	0.0665	-3	6.25
84	134	135	4	1.65	-3	5.50515463917526
85	136	137	3	0.43	-3	5.15730337078652
86	138	139	7	22.5	-3	6.55555555555556
87	140	141	5	0.0775	-3	5.85714285714286
88	142	143	10	0.765	-3	6.36363636363636
89	0	0	0	0	-1	8
90	144	145	7	82.5	-3	5.77165354330709
91	146	147	8	0.99811	-3	4.92307692307692
92	148	149	4	1.55	-3	4.96551724137931
93	0	0	0	0	-1	4
94	0	0	0	0	-1	6
95	0	0	0	0	-1	5
96	0	0	0	0	-1	7
97	0	0	0	0	-1	7
98	150	151	4	1.55	-3	7.06666666666667
99	0	0	0	0	-1	7.66666666666667
100	152	153	7	54.5	-3	6.11428571428571
101	154	155	7	19	-3	6.60714285714286
102	156	157	5	0.061	-3	6.40740740740741
103	158	159	1	12	-3	6.78461538461539
104	160	161	10	0.755	-3	5.90909090909091
105	0	0	0	0	-1	4.25
106	162	163	1	6.6	-3	5.66666666666667
107	164	165	2	0.6575	-3	6.4
108	166	167	3	0.02	-3	4.69230769230769
109	168	169	2	0.595	-3	5.03921568627451
110	0	0	0	0	-1	4
111	0	0	0	0	-1	3
112	170	171	1	8.4	-3	5.6
113	0	0	0	0	-1	7
114	172	173	7	57.5	-3	5.24390243902439
115	174	175	5	0.069	-3	4.76470588235294
116	0	0	0	0	-1	7
117	0	0	0	0	-1	4
118	0	0	0	0	-1	7
119	176	177	5	0.0915	-3	5.8
120	178	179	9	3.445	-3	5
121	180	181	7	18.5	-3	5.54205607476636
122	0	0	0	0	-1	6
123	0	0	0	0	-1	5
124	182	183	4	2.25	-3	4.97435897435898
125	184	185	7	89	-3	5.28
126	0	0	0	0	-1	6
127	186	187	7	52	-3	6
128	188	189	1	9.05	-3	6.25
129	190	191	6	16.5	-3	6
130	192	193	6	4.5	-3	6.90909090909091
131	194	195	2	0.395	-3	6.5
132	196	197	1	7.15	-3	6.71428571428571
133	198	199	1	7.2	-3	6
134	200	201	4	1.45	-3	5.25
135	202	203	10	0.655	-3	5.54117647058824
136	204	205	8	0.9989	-3	5.20779220779221
137	206	207	6	8	-3	4.83333333333333
138	0	0	0	0	-1	6
139	0	0	0	0	-1	7.25
140	0	0	0	0	-1	5
141	208	209	4	3.25	-3	5.9
142	210	211	3	0.505	-3	6.72727272727273
143	212	213	4	1.5	-3	6.18181818181818
144	214	215	2	0.635	-3	5.83050847457627
145	216	217	6	0	-3	5
146	218	219	9	3.42	-3	5.3
147	0	0	0	0	-1	3.66666666666667
148	0	0	0	0	-1	4.5
149	220	221	8	0.996275	-3	5
150	0	0	0	0	-1	7.5
151	222	223	9	0	-3	7
152	224	225	1	12	-3	6.24778761061947
153	226	227	9	3.31	-3	5.55555555555556
154	228	229	8	0.99646	-3	7.33333333333333
155	230	231	8	0.999325	-3	6.40909090909091
156	232	233	4	2.45	-3	6
157	234	235	1	10.15	-3	6.48888888888889
158	236	237	4	2.15	-3	6.83870967741935
159	0	0	0	0	-1	5.66666666666667
160	238	239	4	1.9	-3	6
161	0	0	0	0	-1	5.66666666666667
162	0	0	0	0	-1	6
163	0	0	0	0	-1	5
164	240	241	6	18.5	-3	6.66666666666667
165	0	0	0	0	-1	6
166	242	243	1	8.75	-3	5.07692307692308
167	244	245	2	0.745	-3	4.30769230769231
168	246	247	2	0.505	-3	5.72727272727273
169	248	249	10	0.545	-3	4.85
170	250	251	7	37.5	-3	5.75
171	0	0	0	0	-1	5
172	252	253	9	3.285	-3	5.33333333333333
173	254	255	4	3.9	-3	5.13513513513514
174	256	257	8	0.99479	-3	4.33333333333333
175	0	0	0	0	-1	5
176	258	259	5	0.0725	-3	5.93333333333333
177	0	0	0	0	-1	5.4
178	260	261	1	7.35	-3	4.81818181818182
179	0	0	0	0	-1	6
180	262	263	8	0.99681	-3	6
181	264	265	11	10.45	-3	5.4869109947644
182	266	267	9	3.23	-3	4.92307692307692
183	268	269	3	0.315	-3	5
184	270	271	9	3.49	-3	5.5
185	0	0	0	0	-1	5
186	0	0	0	0	-1	6
187	0	0	0	0	-1	6
188	0	0	0	0	-1	6
189	0	0	0	0	-1	6.5
190	0	0	0	0	-1	6
191	0	0	0	0	-1	6
192	272	273	9	3.175	-3	7
193	0	0	0	0	-1	6.75
194	0	0	0	0	-1	7
195	0	0	0	0	-1	6
196	0	0	0	0	-1	7
197	0	0	0	0	-1	6.33333333333333
198	0	0	0	0	-1	6
199	0	0	0	0	-1	6
200	0	0	0	0	-1	6
201	274	275	7	0.0905	-3	5
202	276	277	7	18	-3	5.27272727272727
203	278	279	7	19.5	-3	5.71153846153846
204	280	281	1	7.3	-3	5.11475409836066
205	282	283	10	0.705	-3	5.5625
206	0	0	0	0	-1	3
207	284	285	9	3.35	-3	5
208	286	287	10	0.775	-3	5.94736842105263
209	0	0	0	0	-1	5
210	288	289	7	24.5	-3	7
211	0	0	0	0	-1	6.25
212	0	0	0	0	-1	7
213	290	291	1	9.9	-3	6.14285714285714
214	292	293	10	0.67	-3	5.92857142857143
215	294	295	3	0.23	-3	5.58823529411765
216	0	0	0	0	-1	6
217	296	297	5	0.0705	-3	5
218	0	0	0	0	-1	6
219	0	0	0	0	-1	5
220	0	0	0	0	-1	5
221	298	299	6	28	-3	5
222	0	0	0	0	-1	5
223	300	301	1	6.5	-3	7
224	302	303	3	0.05	-3	6.29357798165138
225	0	0	0	0	-1	5
226	304	305	7	57.5	-3	6
227	306	307	9	3.445	-3	5.33333333333333
228	0	0	0	0	-1	6.66666666666667
229	0	0	0	0	-1	8
230	308	309	9	3.345	-3	6
231	310	311	2	0.4	-3	6.69230769230769
232	312	313	7	12.5	-3	6.125
233	0	0	0	0	-1	5
234	314	315	9	3.375	-3	6.8695652173913
235	316	317	2	0.505	-3	6.09090909090909
236	318	319	11	11.95	-3	6.5
237	320	321	1	7.65	-3	6.95652173913044
238	0	0	0	0	-1	6
239	322	323	1	6.3	-3	6
240	0	0	0	0	-1	7
241	0	0	0	0	-1	6.33333333333333
242	324	325	7	20.5	-3	5
243	0	0	0	0	-1	6
244	326	327	8	0.995735	-3	4.625
245	0	0	0	0	-1	3.8
246	0	0	0	0	-1	5
247	328	329	6	25.5	-3	5.88888888888889
248	330	331	11	10.95	-3	4.78947368421053
249	0	0	0	0	-1	6
250	0	0	0	0	-1	6
251	0	0	0	0	-1	5.33333333333333
252	332	333	6	5.5	-3	5.140625
253	334	335	1	6.95	-3	5.50704225352113
254	336	337	5	0.0705	-3	5.08247422680413
255	338	339	11	9.55	-3	5.5
256	0	0	0	0	-1	5
257	0	0	0	0	-1	4
258	0	0	0	0	-1	5
259	340	341	1	7.7	-3	6
260	342	343	1	6.65	-3	4.16666666666667
261	344	345	2	0.7925	-3	5.0625
262	346	347	6	8.5	-3	6.5
263	348	349	3	0.375	-3	5.73333333333333
264	350	351	2	0.5475	-3	5.39285714285714
265	352	353	6	12.5	-3	5.74509803921569
266	0	0	0	0	-1	4.75
267	354	355	3	0	-3	5
268	356	357	3	0.24	-3	5
269	0	0	0	0	-1	5
270	358	359	3	0.46	-3	5.75
271	360	361	4	2.25	-3	5.16666666666667
272	0	0	0	0	-1	7
273	0	0	0	0	-1	7
274	0	0	0	0	-1	5
275	362	363	6	21.5	-3	5
276	0	0	0	0	-1	6
277	364	365	9	3.295	-3	5.17241379310345
278	0	0	0	0	-1	5
279	366	367	6	20	-3	5.77083333333333
280	368	369	9	3.465	-3	5.23076923076923
281	370	371	2	0.68	-3	5.02857142857143
282	0	0	0	0	-1	6
283	372	373	7	29.5	-3	5.36363636363636
284	374	375	11	9.35	-3	5
285	0	0	0	0	-1	5
286	376	377	1	11.25	-3	6
287	0	0	0	0	-1	5.75
288	0	0	0	0	-1	7
289	0	0	0	0	-1	7
290	0	0	0	0	-1	6
291	378	379	11	10.35	-3	6.25
292	380	381	11	10.15	-3	5.66666666666667
293	382	383	9	3.085	-3	6.15555555555556
294	384	385	9	3.385	-3	5.79166666666667
295	386	387	3	0.34	-3	5.1
296	0	0	0	0	-1	5
297	388	389	3	0	-3	5
298	390	391	4	1.75	-3	5
299	0	0	0	0	-1	5
300	392	393	11	12.85	-3	7
301	0	0	0	0	-1	7
302	394	395	5	0.073	-3	6
303	396	397	2	0.385	-3	6.33684210526316
304	0	0	0	0	-1	5
305	398	399	8	0.9992	-3	6.125
306	400	401	10	0.735	-3	5.29411764705882
307	0	0	0	0	-1	6
308	402	403	9	3.05	-3	6.125
309	0	0	0	0	-1	5
310	0	0	0	0	-1	7
311	0	0	0	0	-1	6.2
312	0	0	0	0	-1	7
313	404	405	6	0	-3	6
314	406	407	11	11.85	-3	7.13333333333333
315	408	409	7	14	-3	6.375
316	410	411	2	0.365	-3	6
317	0	0	0	0	-1	7
318	412	413	6	25.5	-3	6.8
319	414	415	7	17.5	-3	6
320	0	0	0	0	-1	6
321	416	417	5	0.102	-3	7.02325581395349
322	0	0	0	0	-1	6
323	0	0	0	0	-1	6
324	0	0	0	0	-1	5
325	418	419	4	0	-3	5
326	0	0	0	0	-1	4.25
327	0	0	0	0	-1	5
328	420	421	5	0.0845	-3	6
329	0	0	0	0	-1	5
330	422	423	4	5.175	-3	4.88888888888889
331	0	0	0	0	-1	3
332	424	425	11	9.7	-3	5.46153846153846
333	426	427	2	0.245	-3	5.05882352941177
334	428	429	6	7	-3	5.9
335	430	431	9	3.335	-3	5.44262295081967
336	432	433	10	0.535	-3	5.5
337	434	435	2	0.28	-3	5.04494382022472
338	436	437	4	8.25	-3	5.125
339	438	439	3	0.22	-3	6
340	0	0	0	0	-1	6
341	440	441	3	0	-3	6
342	0	0	0	0	-1	5
343	0	0	0	0	-1	4
344	442	443	9	3.245	-3	5.13333333333333
345	0	0	0	0	-1	4
346	0	0	0	0	-1	6
347	0	0	0	0	-1	7
348	444	445	11	11.05	-3	5.91666666666667
349	0	0	0	0	-1	5
350	446	447	8	0.995825	-3	5.50877192982456
351	448	449	8	1.0006	-3	5.31325301204819
352	450	451	5	0.09	-3	5.35714285714286
353	452	453	6	35	-3	5.89189189189189
354	0	0	0	0	-1	5
355	454	455	3	0.4	-3	5
356	0	0	0	0	-1	5
357	0	0	0	0	-1	5
358	456	457	5	0.0855	-3	5.85714285714286
359	0	0	0	0	-1	5
360	0	0	0	0	-1	6
361	0	0	0	0	-1	5
362	458	459	8	0	-3	5
363	0	0	0	0	-1	5
364	460	461	6	13.5	-3	5
365	462	463	8	0.99699	-3	5.26315789473684
366	464	465	7	88.5	-3	5.93103448275862
367	466	467	3	0.46	-3	5.52631578947368
368	468	469	4	1.65	-3	5.14285714285714
369	0	0	0	0	-1	5.6
370	470	471	2	0.645	-3	5
371	472	473	1	8.5	-3	5.1
372	0	0	0	0	-1	6
373	474	475	6	26.5	-3	4.83333333333333
374	0	0	0	0	-1	5
375	0	0	0	0	-1	5
376	476	477	11	9.4	-3	6
377	0	0	0	0	-1	6
378	478	479	7	30	-3	6
379	0	0	0	0	-1	7
380	480	481	8	0.99716	-3	6.27272727272727
381	482	483	10	0.635	-3	5.42857142857143
382	484	485	9	3.04	-3	6.66666666666667
383	486	487	3	0.63	-3	6.07692307692308
384	488	489	1	7.9	-3	6.1
385	490	491	5	0.088	-3	5.57142857142857
386	0	0	0	0	-1	5
387	0	0	0	0	-1	5.33333333333333
388	0	0	0	0	-1	6
389	492	493	3	0.345	-3	5
390	0	0	0	0	-1	5
391	494	495	7	65	-3	5
392	0	0	0	0	-1	7
393	496	497	10	0.91	-3	7
394	0	0	0	0	-1	6
395	0	0	0	0	-1	6
396	498	499	8	0.9944	-3	6.62857142857143
397	500	501	9	3.43	-3	6.16666666666667
398	502	503	5	0	-3	6
399	0	0	0	0	-1	7
400	504	505	8	0	-3	5
401	506	507	8	0.996265	-3	5.5
402	0	0	0	0	-1	7
403	0	0	0	0	-1	6
404	0	0	0	0	-1	6
405	508	509	6	21	-3	6
406	510	511	4	2.15	-3	7.42857142857143
407	512	513	4	2.75	-3	6.875
408	0	0	0	0	-1	7
409	0	0	0	0	-1	6
410	0	0	0	0	-1	6
411	514	515	6	0	-3	6
412	516	517	7	18	-3	7
413	0	0	0	0	-1	6.33333333333333
414	0	0	0	0	-1	6
415	0	0	0	0	-1	6
416	518	519	1	8.1	-3	7.14285714285714
417	520	521	5	0.1115	-3	6.5
418	0	0	0	0	-1	6
419	522	523	10	0.545	-3	5
420	524	525	1	10.1	-3	6
421	0	0	0	0	-1	6
422	526	527	10	0.47	-3	4.94117647058824
423	0	0	0	0	-1	4
424	528	529	9	0	-3	5
425	530	531	1	9.8	-3	5.85714285714286
426	0	0	0	0	-1	4
427	532	533	9	3.255	-3	5.10204081632653
428	0	0	0	0	-1	5
429	534	535	11	6.55	-3	6
430	536	537	10	0.49	-3	5.6551724137931
431	538	539	4	2.05	-3	5.25
432	0	0	0	0	-1	5
433	0	0	0	0	-1	6
434	0	0	0	0	-1	6
435	540	541	2	0.545	-3	5.03409090909091
436	542	543	10	0	-3	5
437	0	0	0	0	-1	6
438	0	0	0	0	-1	6
439	0	0	0	0	-1	6
440	0	0	0	0	-1	5
441	0	0	0	0	-1	6
442	0	0	0	0	-1	6
443	544	545	8	0	-3	5
444	546	547	1	1.9	-3	6
445	0	0	0	0	-1	5
446	548	549	1	0	-3	5
447	550	551	4	2.25	-3	5.59183673469388
448	552	553	5	0.078	-3	5.34146341463415
449	0	0	0	0	-1	3
450	554	555	6	7.5	-3	5.625
451	556	557	1	9.4	-3	5
452	558	559	8	0.99691	-3	5.94285714285714
453	0	0	0	0	-1	5
454	560	561	11	0	-3	5
455	0	0	0	0	-1	5
456	562	563	10	0.585	-3	6
457	0	0	0	0	-1	5
458	0	0	0	0	-1	5
459	564	565	2	0	-3	5
460	0	0	0	0	-1	5
461	0	0	0	0	-1	5
462	0	0	0	0	-1	5.75
463	566	567	1	7.7	-3	5.13333333333333
464	568	569	10	0.9	-3	5.96428571428571
465	0	0	0	0	-1	5
466	570	571	7	48.5	-3	5.66666666666667
467	0	0	0	0	-1	5
468	0	0	0	0	-1	6
469	572	573	8	0.996555	-3	5.1
470	0	0	0	0	-1	5
471	0	0	0	0	-1	5
472	574	575	11	9.45	-3	5
473	0	0	0	0	-1	5.5
474	0	0	0	0	-1	4.5
475	0	0	0	0	-1	5
476	0	0	0	0	-1	6
477	576	577	11	0	-3	6
478	578	579	9	3.16	-3	6
479	0	0	0	0	-1	6
480	580	581	1	7.55	-3	6
481	0	0	0	0	-1	6.75
482	582	583	1	11.8	-3	5.75
483	584	585	6	16.5	-3	5.1875
484	0	0	0	0	-1	7
485	0	0	0	0	-1	6.5
486	586	587	7	59.5	-3	6
487	0	0	0	0	-1	7
488	0	0	0	0	-1	7
489	588	589	6	23.5	-3	6
490	0	0	0	0	-1	6
491	590	591	3	0.085	-3	5
492	0	0	0	0	-1	5
493	0	0	0	0	-1	5
494	592	593	9	3.045	-3	5
495	0	0	0	0	-1	5
496	0	0	0	0	-1	7
497	0	0	0	0	-1	7
498	0	0	0	0	-1	5
499	594	595	7	16	-3	6.72727272727273
500	596	597	3	0.08	-3	6.07547169811321
501	598	599	4	1.9	-3	6.85714285714286
502	0	0	0	0	-1	5
503	600	601	3	0.18	-3	6
504	0	0	0	0	-1	5
505	602	603	10	0.665	-3	5
506	604	605	1	7.7	-3	5.83333333333333
507	0	0	0	0	-1	5
508	0	0	0	0	-1	6
509	0	0	0	0	-1	6
510	0	0	0	0	-1	8
511	0	0	0	0	-1	7
512	0	0	0	0	-1	6
513	606	607	4	4.2	-3	7
514	0	0	0	0	-1	6
515	0	0	0	0	-1	6
516	0	0	0	0	-1	7
517	0	0	0	0	-1	7
518	0	0	0	0	-1	8
519	608	609	7	17.5	-3	7.0625
520	0	0	0	0	-1	5.5
521	610	611	6	13	-3	6.83333333333333
522	0	0	0	0	-1	5
523	0	0	0	0	-1	5
524	0	0	0	0	-1	6
525	0	0	0	0	-1	6
526	612	613	1	7.85	-3	4.75
527	614	615	4	2.35	-3	5
528	0	0	0	0	-1	6
529	0	0	0	0	-1	5
530	0	0	0	0	-1	6
531	0	0	0	0	-1	5
532	616	617	6	9.5	-3	5.15789473684211
533	618	619	8	0.99734	-3	4.90909090909091
534	0	0	0	0	-1	6
535	620	621	7	49	-3	6
536	622	623	7	46	-3	5.33333333333333
537	624	625	8	0.99563	-3	5.8
538	626	627	5	0.0825	-3	5.5625
539	628	629	4	3.85	-3	4.9375
540	630	631	2	0.525	-3	5.10714285714286
541	632	633	1	7.85	-3	5
542	0	0	0	0	-1	6
543	634	635	1	0	-3	5
544	0	0	0	0	-1	5
545	636	637	2	0.505	-3	5
546	0	0	0	0	-1	5
547	638	639	2	0.65	-3	6
548	0	0	0	0	-1	6
549	640	641	3	0	-3	5
550	642	643	3	0.16	-3	5.81481481481481
551	644	645	7	36	-3	5.31818181818182
552	646	647	11	9.95	-3	5.14705882352941
553	648	649	2	0.6325	-3	5.47916666666667
554	0	0	0	0	-1	5
555	0	0	0	0	-1	6
556	0	0	0	0	-1	5
557	0	0	0	0	-1	5
558	650	651	2	0.425	-3	5.96969696969697
559	0	0	0	0	-1	5.5
560	0	0	0	0	-1	6
561	652	653	6	29.5	-3	5
562	0	0	0	0	-1	6
563	0	0	0	0	-1	6
564	0	0	0	0	-1	5
565	0	0	0	0	-1	5
566	654	655	1	6.6	-3	5
567	0	0	0	0	-1	5.5
568	656	657	10	0.755	-3	6.05
569	658	659	3	0.455	-3	5.75
570	0	0	0	0	-1	6
571	660	661	8	0.998055	-3	5.5
572	0	0	0	0	-1	5.66666666666667
573	662	663	11	9.25	-3	5
574	0	0	0	0	-1	5
575	664	665	8	0	-3	5
576	0	0	0	0	-1	5
577	666	667	2	0	-3	6
578	0	0	0	0	-1	6
579	0	0	0	0	-1	6
580	0	0	0	0	-1	6
581	0	0	0	0	-1	6
582	668	669	1	8.05	-3	5.9
583	0	0	0	0	-1	5
584	670	671	10	0.655	-3	5
585	672	673	8	0.9984	-3	5.375
586	674	675	7	46.5	-3	6.06896551724138
587	676	677	9	3.215	-3	5.71428571428571
588	0	0	0	0	-1	6
589	0	0	0	0	-1	6
590	0	0	0	0	-1	5
591	0	0	0	0	-1	5
592	678	679	9	0	-3	5
593	0	0	0	0	-1	5
594	680	681	4	2.2	-3	6.33333333333333
595	682	683	1	8	-3	6.81481481481482
596	0	0	0	0	-1	7
597	684	685	3	0.11	-3	6.03921568627451
598	0	0	0	0	-1	7
599	0	0	0	0	-1	6.66666666666667
600	0	0	0	0	-1	6
601	0	0	0	0	-1	6
602	0	0	0	0	-1	5
603	0	0	0	0	-1	5
604	0	0	0	0	-1	6
605	0	0	0	0	-1	5
606	0	0	0	0	-1	7
607	0	0	0	0	-1	7
608	0	0	0	0	-1	8
609	686	687	1	0	-3	7
610	0	0	0	0	-1	7
611	0	0	0	0	-1	6
612	688	689	5	3.39	-3	5
613	0	0	0	0	-1	4
614	0	0	0	0	-1	5
615	690	691	3	0.045	-3	5
616	692	693	7	31.5	-3	5
617	694	695	6	18.5	-3	5.33333333333333
618	696	697	1	7.65	-3	5
619	0	0	0	0	-1	4
620	698	699	2	0	-3	6
621	0	0	0	0	-1	6
622	700	701	9	0	-3	5
623	0	0	0	0	-1	6
624	0	0	0	0	-1	5
625	702	703	9	3.3	-3	5.84210526315789
626	704	705	6	25	-3	5.75
627	0	0	0	0	-1	5
628	706	707	9	0.9971	-3	5
629	0	0	0	0	-1	4
630	708	709	6	40.5	-3	5.03846153846154
631	0	0	0	0	-1	6
632	710	711	10	0.51	-3	5
633	712	713	8	0.99729	-3	5
634	0	0	0	0	-1	5
635	0	0	0	0	-1	5
636	714	715	10	0	-3	5
637	0	0	0	0	-1	5
638	716	717	5	0.0785	-3	6
639	0	0	0	0	-1	6
640	0	0	0	0	-1	5
641	718	719	3	0.195	-3	5
642	0	0	0	0	-1	5.4
643	720	721	11	10.3	-3	5.90909090909091
644	0	0	0	0	-1	6
645	722	723	2	0.47	-3	5
646	724	725	8	0.99633	-3	5
647	726	727	3	0.13	-3	5.5
648	728	729	5	0.086	-3	5.61538461538461
649	730	731	7	54.5	-3	5.31818181818182
650	0	0	0	0	-1	5.5
651	732	733	9	3.35	-3	6
652	0	0	0	0	-1	5
653	0	0	0	0	-1	5
654	0	0	0	0	-1	5
655	734	735	9	0	-3	5
656	736	737	5	0.0685	-3	6.11111111111111
657	738	739	1	8.15	-3	6
658	0	0	0	0	-1	5.5
659	0	0	0	0	-1	6
660	0	0	0	0	-1	5
661	0	0	0	0	-1	6
662	0	0	0	0	-1	5
663	0	0	0	0	-1	5
664	0	0	0	0	-1	7
665	0	0	0	0	-1	5
666	0	0	0	0	-1	5
667	0	0	0	0	-1	6
668	0	0	0	0	-1	5
669	740	741	6	11.5	-3	6
670	0	0	0	0	-1	5
671	742	743	9	0	-3	5
672	744	745	9	3.43	-3	5.16666666666667
673	0	0	0	0	-1	6
674	746	747	6	3.5	-3	5.94736842105263
675	748	749	7	49.5	-3	6.3
676	750	751	3	0.575	-3	5.83333333333333
677	0	0	0	0	-1	5
678	0	0	0	0	-1	5
679	0	0	0	0	-1	5
680	0	0	0	0	-1	6
681	0	0	0	0	-1	7
682	752	753	2	0.375	-3	7.07142857142857
683	754	755	6	9.5	-3	6.53846153846154
684	0	0	0	0	-1	6.33333333333333
685	756	757	4	7.6	-3	6.02083333333333
686	0	0	0	0	-1	5
687	758	759	2	0	-3	7
688	0	0	0	0	-1	5
689	0	0	0	0	-1	5
690	760	761	11	0	-3	5
691	0	0	0	0	-1	5
692	762	763	7	25	-3	5
693	764	765	10	0	-3	5
694	766	767	4	1.95	-3	5.54545454545455
695	0	0	0	0	-1	5
696	0	0	0	0	-1	5
697	768	769	2	0	-3	5
698	0	0	0	0	-1	6
699	770	771	9	3.355	-3	6
700	0	0	0	0	-1	5
701	0	0	0	0	-1	5
702	772	773	7	13.5	-3	5.57142857142857
703	774	775	11	9.55	-3	6
704	776	777	7	50	-3	5.90909090909091
705	0	0	0	0	-1	4
706	0	0	0	0	-1	6
707	0	0	0	0	-1	5
708	778	779	1	7.3	-3	5
709	0	0	0	0	-1	6
710	780	781	1	7.55	-3	5
711	782	783	1	7.4	-3	5
712	784	785	9	0	-3	5
713	786	787	9	0.9992	-3	5
714	0	0	0	0	-1	5
715	788	789	8	3.5	-3	5
716	0	0	0	0	-1	6
717	790	791	7	0	-3	6
718	0	0	0	0	-1	5
719	0	0	0	0	-1	5
720	792	793	4	1.45	-3	5.94736842105263
721	0	0	0	0	-1	5.66666666666667
722	794	795	9	3.235	-3	5
723	796	797	10	0.615	-3	5
724	798	799	3	0.135	-3	5
725	800	801	1	6.7	-3	5
726	802	803	5	0.0735	-3	5.83333333333333
727	0	0	0	0	-1	5
728	804	805	8	0.9978	-3	6
729	806	807	8	0.997055	-3	5.33333333333333
730	808	809	3	0.245	-3	5.38095238095238
731	0	0	0	0	-1	4
732	810	811	9	10.6	-3	6
733	812	813	10	0.57	-3	6
734	0	0	0	0	-1	4
735	814	815	3	0.4	-3	5
736	0	0	0	0	-1	7
737	816	817	1	9.25	-3	6
738	818	819	5	0.1345	-3	6
739	0	0	0	0	-1	6
740	0	0	0	0	-1	6
741	0	0	0	0	-1	6
742	0	0	0	0	-1	8
743	820	821	5	0	-3	5
744	0	0	0	0	-1	5.33333333333333
745	0	0	0	0	-1	5
746	0	0	0	0	-1	7
747	822	823	6	4.5	-3	5.88888888888889
748	0	0	0	0	-1	6.6
749	0	0	0	0	-1	6
750	0	0	0	0	-1	6
751	0	0	0	0	-1	5
752	0	0	0	0	-1	7
753	0	0	0	0	-1	8
754	824	825	3	0.48	-3	6.83333333333333
755	826	827	8	0.99536	-3	6.28571428571429
756	828	829	7	21	-3	6
757	0	0	0	0	-1	7
758	0	0	0	0	-1	5
759	830	831	7	0	-3	7
760	0	0	0	0	-1	5
761	0	0	0	0	-1	5
762	832	833	6	0.48	-3	5
763	0	0	0	0	-1	5
764	0	0	0	0	-1	8
765	0	0	0	0	-1	5
766	0	0	0	0	-1	5
767	834	835	2	0.76	-3	5.85714285714286
768	0	0	0	0	-1	7
769	836	837	2	10	-3	5
770	0	0	0	0	-1	6
771	0	0	0	0	-1	6
772	0	0	0	0	-1	5
773	0	0	0	0	-1	5.8
774	838	839	2	0	-3	6
775	0	0	0	0	-1	6
776	840	841	5	0.08	-3	6
777	0	0	0	0	-1	5
778	842	843	10	0	-3	5
779	844	845	5	0.0915	-3	5
780	846	847	1	0	-3	5
781	848	849	10	0.445	-3	5
782	850	851	9	0	-3	5
783	852	853	5	0.295	-3	5
784	0	0	0	0	-1	5
785	854	855	8	0.9971	-3	5
786	0	0	0	0	-1	4
787	856	857	11	0	-3	5
788	0	0	0	0	-1	5
789	0	0	0	0	-1	5
790	0	0	0	0	-1	7
791	858	859	10	0.585	-3	6
792	0	0	0	0	-1	5
793	860	861	1	7.3	-3	6
794	0	0	0	0	-1	5
795	0	0	0	0	-1	5
796	0	0	0	0	-1	5
797	0	0	0	0	-1	5
798	862	863	9	0	-3	5
799	0	0	0	0	-1	5
800	0	0	0	0	-1	5
801	864	865	5	0	-3	5
802	0	0	0	0	-1	5.5
803	0	0	0	0	-1	6
804	0	0	0	0	-1	6
805	0	0	0	0	-1	6
806	0	0	0	0	-1	6
807	866	867	1	8.6	-3	5
808	868	869	11	10.3	-3	5.27777777777778
809	0	0	0	0	-1	6
810	0	0	0	0	-1	6
811	0	0	0	0	-1	6
812	0	0	0	0	-1	6
813	0	0	0	0	-1	6
814	870	871	3	0	-3	5
815	0	0	0	0	-1	5
816	0	0	0	0	-1	6
817	0	0	0	0	-1	6
818	0	0	0	0	-1	6
819	0	0	0	0	-1	6
820	0	0	0	0	-1	6
821	0	0	0	0	-1	5
822	0	0	0	0	-1	5
823	872	873	2	0.605	-3	5.94117647058824
824	0	0	0	0	-1	7
825	0	0	0	0	-1	6
826	0	0	0	0	-1	7
827	874	875	9	3.37	-3	6.16666666666667
828	876	877	10	0.785	-3	6.16666666666667
829	878	879	8	0.99714	-3	5.94285714285714
830	0	0	0	0	-1	5
831	880	881	11	0	-3	7
832	0	0	0	0	-1	5
833	882	883	5	0.061	-3	5
834	884	885	7	23.5	-3	6
835	0	0	0	0	-1	5
836	886	887	3	0	-3	5
837	0	0	0	0	-1	5
838	0	0	0	0	-1	5
839	888	889	7	32	-3	6
840	0	0	0	0	-1	6
841	0	0	0	0	-1	6
842	0	0	0	0	-1	7
843	890	891	8	0.996935	-3	5
844	0	0	0	0	-1	5
845	0	0	0	0	-1	5
846	0	0	0	0	-1	5
847	892	893	8	0.99527	-3	5
848	0	0	0	0	-1	5
849	0	0	0	0	-1	5
850	0	0	0	0	-1	6
851	894	895	1	6.75	-3	5
852	896	897	9	3.325	-3	5
853	0	0	0	0	-1	5
854	898	899	9	0	-3	5
855	0	0	0	0	-1	5
856	0	0	0	0	-1	6
857	900	901	6	33	-3	5
858	0	0	0	0	-1	6
859	0	0	0	0	-1	6
860	902	903	1	6.7	-3	6
861	904	905	4	1.95	-3	6
862	0	0	0	0	-1	5
863	906	907	5	0.074	-3	5
864	0	0	0	0	-1	6
865	908	909	2	0.68	-3	5
866	0	0	0	0	-1	5
867	0	0	0	0	-1	5
868	910	911	11	9.25	-3	5.23529411764706
869	0	0	0	0	-1	6
870	0	0	0	0	-1	6
871	912	913	8	21	-3	5
872	914	915	3	0.07	-3	6
873	0	0	0	0	-1	5
874	0	0	0	0	-1	6
875	0	0	0	0	-1	7
876	916	917	8	0.6725	-3	6
877	0	0	0	0	-1	6.5
878	918	919	6	11.5	-3	6
879	920	921	5	0.092	-3	5.66666666666667
880	0	0	0	0	-1	6
881	0	0	0	0	-1	7
882	0	0	0	0	-1	5
883	922	923	5	0	-3	5
884	0	0	0	0	-1	6
885	0	0	0	0	-1	6
886	0	0	0	0	-1	5
887	924	925	9	3.27	-3	5
888	0	0	0	0	-1	6
889	0	0	0	0	-1	6
890	0	0	0	0	-1	5
891	0	0	0	0	-1	5
892	0	0	0	0	-1	5
893	0	0	0	0	-1	5
894	0	0	0	0	-1	5
895	926	927	10	0	-3	5
896	928	929	10	0	-3	5
897	0	0	0	0	-1	5
898	0	0	0	0	-1	6
899	930	931	2	0.6775	-3	5
900	0	0	0	0	-1	5
901	0	0	0	0	-1	5
902	0	0	0	0	-1	6
903	0	0	0	0	-1	6
904	0	0	0	0	-1	6
905	0	0	0	0	-1	6
906	0	0	0	0	-1	5
907	0	0	0	0	-1	5
908	932	933	6	0.585	-3	5
909	0	0	0	0	-1	5
910	0	0	0	0	-1	6
911	934	935	5	0.08	-3	5.1875
912	0	0	0	0	-1	5
913	0	0	0	0	-1	5
914	0	0	0	0	-1	6
915	936	937	3	0.105	-3	6
916	0	0	0	0	-1	7
917	938	939	4	4.2	-3	6
918	0	0	0	0	-1	6.33333333333333
919	940	941	7	32	-3	5.96153846153846
920	0	0	0	0	-1	6
921	0	0	0	0	-1	5
922	0	0	0	0	-1	4
923	942	943	6	0	-3	5
924	0	0	0	0	-1	5
925	0	0	0	0	-1	5
926	0	0	0	0	-1	6
927	0	0	0	0	-1	5
928	0	0	0	0	-1	5
929	944	945	7	114	-3	5
930	0	0	0	0	-1	5
931	0	0	0	0	-1	5
932	0	0	0	0	-1	5
933	946	947	10	0.565	-3	5
934	0	0	0	0	-1	6
935	948	949	8	0.99608	-3	5
936	0	0	0	0	-1	6
937	0	0	0	0	-1	6
938	0	0	0	0	-1	6
939	0	0	0	0	-1	6
940	950	951	7	27.5	-3	5.88888888888889
941	952	953	7	39.5	-3	6
942	0	0	0	0	-1	6
943	0	0	0	0	-1	5
944	0	0	0	0	-1	5
945	0	0	0	0	-1	5
946	0	0	0	0	-1	5
947	954	955	10	0	-3	5
948	0	0	0	0	-1	5
949	0	0	0	0	-1	5
950	0	0	0	0	-1	6
951	0	0	0	0	-1	5
952	0	0	0	0	-1	6
953	956	957	6	27	-3	6
954	0	0	0	0	-1	7
955	958	959	8	0.9972	-3	5
956	0	0	0	0	-1	6
957	0	0	0	0	-1	6
958	0	0	0	0	-1	5
959	0	0	0	0	-1	5
