1	2	3	2	0.385	-3	5.61913696060038
2	4	5	10	0.615	-3	6.11559139784946
3	6	7	5	0.0655	-3	5.46862265688671
4	8	9	11	9.9	-3	5.81
5	10	11	4	6.95	-3	6.22794117647059
6	12	13	8	0.99278	-3	5.85526315789474
7	14	15	1	9.95	-3	5.41395348837209
8	16	17	3	0.4	-3	5.15384615384615
9	18	19	11	11.6	-3	6.04054054054054
10	20	21	8	0.99553	-3	6.24626865671642
11	0	0	0	0	-1	5
12	22	23	10	0.675	-3	6.81818181818182
13	24	25	10	0.565	-3	5.69230769230769
14	26	27	11	10.15	-3	5.37760702524698
15	28	29	9	3.34	-3	5.61585365853659
16	30	31	8	0.99625	-3	5.26666666666667
17	32	33	11	9.65	-3	5
18	34	35	8	0.99571	-3	5.75862068965517
19	36	37	4	4	-3	6.22222222222222
20	38	39	6	14	-3	6.67647058823529
21	40	41	11	9.75	-3	6.1
22	42	43	6	18.5	-3	6.22222222222222
23	44	45	10	0.835	-3	7.23076923076923
24	46	47	11	13.05	-3	5.13636363636364
25	48	49	6	30	-3	5.97674418604651
26	50	51	10	0.575	-3	5.22297297297297
27	52	53	2	0.9625	-3	5.66457680250784
28	54	55	10	0.635	-3	5.68553459119497
29	0	0	0	0	-1	3.4
30	56	57	9	0	-3	5
31	58	59	2	0.345	-3	5.5
32	60	61	9	3.195	-3	5
33	0	0	0	0	-1	5
34	62	63	6	6	-3	6.2
35	64	65	9	3.305	-3	5.52631578947368
36	66	67	1	10.65	-3	6.16666666666667
37	0	0	0	0	-1	7
38	68	69	3	0.54	-3	6.94444444444445
39	70	71	11	11.05	-3	6.375
40	72	73	7	81.5	-3	5.66
41	74	75	3	0.325	-3	6.24666666666667
42	0	0	0	0	-1	6
43	0	0	0	0	-1	7
44	76	77	10	0.78	-3	7.5
45	78	79	4	1.45	-3	7
46	80	81	7	27	-3	5.21951219512195
47	0	0	0	0	-1	4
48	82	83	8	0.996435	-3	5.9125
49	84	85	6	38	-3	6.83333333333333
50	86	87	2	0.7275	-3	5.05818181818182
51	88	89	2	0.6625	-3	5.36593059936908
52	90	91	9	3.285	-3	5.70550161812298
53	92	93	7	10.5	-3	4.4
54	94	95	8	1.0006	-3	5.12244897959184
55	96	97	8	0.99985	-3	5.93636363636364
56	0	0	0	0	-1	5
57	98	99	4	1.9	-3	5
58	0	0	0	0	-1	5.8
59	0	0	0	0	-1	5
60	100	101	4	0	-3	5
61	0	0	0	0	-1	5
62	0	0	0	0	-1	7
63	102	103	9	3.155	-3	6
64	104	105	8	0.995925	-3	5
65	106	107	5	0.0705	-3	5.83333333333333
66	108	109	5	0.0255	-3	6.225
67	0	0	0	0	-1	5
68	110	111	4	1.6	-3	6.97142857142857
69	0	0	0	0	-1	6
70	112	113	10	0.755	-3	7
71	114	115	10	0.64	-3	6.23076923076923
72	116	117	6	5.5	-3	5.75555555555556
73	0	0	0	0	-1	4.8
74	118	119	5	0.084	-3	5.6
75	120	121	7	17.5	-3	6.31851851851852
76	0	0	0	0	-1	7.25
77	0	0	0	0	-1	8
78	0	0	0	0	-1	7
79	0	0	0	0	-1	7
80	122	123	3	0.395	-3	4.92857142857143
81	124	125	9	3.675	-3	5.84615384615385
82	126	127	5	0.0505	-3	6.01694915254237
83	128	129	1	8.4	-3	5.61904761904762
84	0	0	0	0	-1	7.25
85	0	0	0	0	-1	6
86	130	131	8	0.99734	-3	5.13488372093023
87	132	133	8	0.994865	-3	4.78333333333333
88	134	135	3	0.005	-3	5.41538461538462
89	136	137	8	0.99841	-3	5.14035087719298
90	138	139	11	11.5	-3	6.07692307692308
91	140	141	10	0.585	-3	5.65185185185185
92	0	0	0	0	-1	3
93	142	143	6	16.5	-3	4.55555555555556
94	144	145	11	8.7	-3	5.21276595744681
95	0	0	0	0	-1	3
96	146	147	3	0.34	-3	6.15068493150685
97	148	149	4	3.5	-3	5.51351351351351
98	0	0	0	0	-1	5
99	0	0	0	0	-1	5
100	0	0	0	0	-1	6
101	150	151	1	9.75	-3	5
102	0	0	0	0	-1	7
103	152	153	8	0.99441	-3	5.85714285714286
104	0	0	0	0	-1	4
105	0	0	0	0	-1	5.4
106	0	0	0	0	-1	5.33333333333333
107	154	155	9	3.32	-3	6
108	0	0	0	0	-1	7
109	156	157	7	10.5	-3	6.16216216216216
110	0	0	0	0	-1	6
111	0	0	0	0	-1	7
112	0	0	0	0	-1	7
113	0	0	0	0	-1	7
114	0	0	0	0	-1	8
115	158	159	7	24.5	-3	6.16
116	160	161	4	2.15	-3	5.22222222222222
117	162	163	7	18.5	-3	5.88888888888889
118	164	165	1	7.15	-3	5.9
119	0	0	0	0	-1	5
120	166	167	1	7.45	-3	6.75
121	168	169	1	9.35	-3	6.20560747663551
122	170	171	6	13.5	-3	5
123	0	0	0	0	-1	4
124	172	173	11	12.05	-3	6
125	0	0	0	0	-1	4
126	174	175	11	12.65	-3	5.5
127	176	177	6	13.5	-3	6.14893617021277
128	0	0	0	0	-1	4.8
129	178	179	1	12.45	-3	5.875
130	180	181	8	0.99725	-3	5.20863309352518
131	182	183	11	9.05	-3	5
132	0	0	0	0	-1	3
133	184	185	11	9.58333333333334	-3	4.8135593220339
134	186	187	10	0	-3	6
135	188	189	1	5.8	-3	5.3531914893617
136	190	191	4	1.65	-3	5.0625
137	192	193	1	8.65	-3	5.55555555555556
138	194	195	3	0.235	-3	5.73076923076923
139	196	197	7	15	-3	6.76923076923077
140	198	199	7	8.5	-3	5.34567901234568
141	200	201	11	10.55	-3	5.78306878306878
142	202	203	4	2.65	-3	4.83333333333333
143	0	0	0	0	-1	4
144	0	0	0	0	-1	3
145	204	205	5	0.0755	-3	5.31111111111111
146	206	207	3	0.27	-3	5.36363636363636
147	208	209	6	13.5	-3	6.29032258064516
148	210	211	11	11.25	-3	5.26086956521739
149	212	213	7	74.5	-3	5.92857142857143
150	0	0	0	0	-1	5
151	0	0	0	0	-1	5
152	0	0	0	0	-1	5.66666666666667
153	0	0	0	0	-1	6
154	0	0	0	0	-1	6
155	214	215	1	7.4	-3	6
156	216	217	11	11.85	-3	6.83333333333333
157	218	219	10	0.58	-3	6.03225806451613
158	0	0	0	0	-1	8
159	220	221	2	0.315	-3	6.08333333333333
160	0	0	0	0	-1	6
161	0	0	0	0	-1	5
162	222	223	7	15.5	-3	5.57142857142857
163	224	225	2	0.225	-3	5.96551724137931
164	0	0	0	0	-1	5
165	226	227	10	0.76	-3	6
166	0	0	0	0	-1	8
167	228	229	11	10.95	-3	6.65384615384615
168	230	231	6	43	-3	5.88095238095238
169	232	233	5	0.0595	-3	6.41538461538462
170	234	235	2	0.8625	-3	4.90909090909091
171	0	0	0	0	-1	5.5
172	236	237	3	0.005	-3	5.8
173	0	0	0	0	-1	7
174	238	239	1	5.7	-3	5.85714285714286
175	0	0	0	0	-1	5
176	240	241	3	0.05	-3	6.34615384615385
177	242	243	5	0.0565	-3	5.90476190476191
178	244	245	6	10.5	-3	5.93333333333333
179	0	0	0	0	-1	5
180	246	247	7	10.5	-3	5.19117647058824
181	0	0	0	0	-1	6
182	0	0	0	0	-1	4
183	248	249	9	3.54	-3	5.01333333333333
184	250	251	7	93.5	-3	5.04545454545455
185	252	253	11	9.75	-3	4.67567567567568
186	0	0	0	0	-1	6
187	254	255	8	0.99645	-3	6
188	0	0	0	0	-1	4
189	256	257	11	9.85	-3	5.37068965517241
190	0	0	0	0	-1	5.66666666666667
191	258	259	2	0.955	-3	5.02222222222222
192	260	261	2	0.805	-3	5.33333333333333
193	0	0	0	0	-1	6
194	262	263	1	9.65	-3	6
195	264	265	10	0.54	-3	5.58823529411765
196	0	0	0	0	-1	6
197	266	267	11	12.85	-3	6.90909090909091
198	0	0	0	0	-1	4
199	268	269	8	0.996625	-3	5.41558441558442
200	270	271	2	0.405	-3	5.52112676056338
201	272	273	3	0.225	-3	5.9406779661017
202	0	0	0	0	-1	5
203	0	0	0	0	-1	4
204	274	275	8	0.997855	-3	4.84615384615385
205	276	277	8	0.99685	-3	5.5
206	0	0	0	0	-1	6
207	278	279	1	0	-3	5
208	280	281	11	11.45	-3	6.42105263157895
209	282	283	9	3.025	-3	6.08333333333333
210	284	285	3	0.645	-3	5.15
211	0	0	0	0	-1	6
212	286	287	4	3.75	-3	6.08333333333333
213	0	0	0	0	-1	5
214	0	0	0	0	-1	6
215	0	0	0	0	-1	6
216	0	0	0	0	-1	6
217	0	0	0	0	-1	7
218	288	289	3	0.405	-3	6
219	290	291	5	0.075	-3	6.14285714285714
220	292	293	4	1.95	-3	5.92307692307692
221	294	295	2	0.335	-3	6.27272727272727
222	0	0	0	0	-1	6
223	0	0	0	0	-1	5
224	0	0	0	0	-1	7
225	296	297	3	0.41	-3	5.88888888888889
226	0	0	0	0	-1	6
227	298	299	3	0.28	-3	6
228	300	301	7	11	-3	6.21428571428571
229	302	303	6	5.5	-3	7.16666666666667
230	304	305	7	63	-3	5.85365853658537
231	0	0	0	0	-1	7
232	306	307	7	28	-3	7
233	308	309	5	0.0995	-3	6.32142857142857
234	310	311	3	0.27	-3	5
235	0	0	0	0	-1	4
236	0	0	0	0	-1	5
237	312	313	2	0.595	-3	5.88888888888889
238	0	0	0	0	-1	5
239	314	315	8	0.99351	-3	6
240	316	317	1	6.05	-3	6
241	318	319	2	0.54	-3	6.5625
242	0	0	0	0	-1	5
243	320	321	5	0.0635	-3	5.95
244	322	323	4	4.4	-3	6
245	0	0	0	0	-1	5
246	0	0	0	0	-1	6
247	324	325	11	9.15	-3	5.17910447761194
248	326	327	4	9.3	-3	5
249	0	0	0	0	-1	6
250	328	329	5	0	-3	5
251	0	0	0	0	-1	5.25
252	330	331	1	7.4	-3	4.47058823529412
253	332	333	3	0.21	-3	4.85
254	0	0	0	0	-1	6
255	0	0	0	0	-1	6
256	334	335	8	0.99895	-3	5.33492822966507
257	336	337	3	0.185	-3	5.69565217391304
258	338	339	10	0.705	-3	5.04545454545455
259	0	0	0	0	-1	4
260	0	0	0	0	-1	5
261	0	0	0	0	-1	6
262	340	341	2	0.7675	-3	6
263	0	0	0	0	-1	6
264	0	0	0	0	-1	5
265	342	343	1	9.5	-3	5.76923076923077
266	344	345	8	0.99411	-3	6.8
267	0	0	0	0	-1	8
268	346	347	2	0.75	-3	5.52380952380952
269	348	349	2	0.51	-3	4.92857142857143
270	0	0	0	0	-1	6.6
271	350	351	2	0.76	-3	5.43939393939394
272	352	353	8	0.99667	-3	6.0625
273	354	355	2	0.525	-3	5.68421052631579
274	356	357	2	3.085	-3	5
275	358	359	8	0.99865	-3	4.71428571428571
276	0	0	0	0	-1	7
277	360	361	10	0.555	-3	5.45161290322581
278	0	0	0	0	-1	6
279	362	363	3	0.315	-3	5
280	364	365	1	10.15	-3	6.09090909090909
281	366	367	2	0.58	-3	6.875
282	0	0	0	0	-1	7
283	368	369	4	4.925	-3	6.04347826086957
284	370	371	2	0.6225	-3	5.10526315789474
285	0	0	0	0	-1	6
286	0	0	0	0	-1	7
287	372	373	1	14.75	-3	6
288	374	375	2	0.235	-3	6
289	376	377	4	2.65	-3	6
290	378	379	6	15.5	-3	6
291	0	0	0	0	-1	7
292	0	0	0	0	-1	5.75
293	380	381	1	7.6	-3	6
294	0	0	0	0	-1	7
295	382	383	6	55.5	-3	6
296	384	385	8	0.9993	-3	5.78571428571429
297	386	387	6	8	-3	6
298	0	0	0	0	-1	6
299	0	0	0	0	-1	6
300	388	389	4	2.05	-3	6.5
301	390	391	2	0.365	-3	5.83333333333333
302	0	0	0	0	-1	7.75
303	392	393	7	14	-3	6.875
304	394	395	11	11.95	-3	5.94444444444444
305	0	0	0	0	-1	5.2
306	0	0	0	0	-1	7
307	0	0	0	0	-1	7
308	396	397	5	0.0725	-3	6.42222222222222
309	398	399	5	0.2375	-3	5.90909090909091
310	400	401	2	0.66	-3	4.875
311	0	0	0	0	-1	5.5
312	0	0	0	0	-1	5.5
313	402	403	9	0	-3	6
314	0	0	0	0	-1	6
315	0	0	0	0	-1	6
316	0	0	0	0	-1	7
317	404	405	4	1.75	-3	5.88888888888889
318	406	407	1	9.05	-3	6.3
319	0	0	0	0	-1	7
320	408	409	3	41	-3	6
321	0	0	0	0	-1	5.75
322	410	411	7	16	-3	6
323	0	0	0	0	-1	6
324	412	413	8	0.996425	-3	4.88888888888889
325	414	415	8	0.996695	-3	5.2
326	416	417	8	0.99884	-3	4.98630136986301
327	0	0	0	0	-1	6
328	0	0	0	0	-1	6
329	0	0	0	0	-1	5
330	0	0	0	0	-1	5
331	418	419	11	9.65	-3	4.30769230769231
332	420	421	5	0.076	-3	5
333	0	0	0	0	-1	4.4
334	422	423	9	3.2	-3	5.37037037037037
335	424	425	5	0.079	-3	5
336	0	0	0	0	-1	5
337	426	427	2	0.565	-3	5.84210526315789
338	428	429	3	0.535	-3	5
339	430	431	10	0.72	-3	5.14285714285714
340	432	433	5	0	-3	6
341	0	0	0	0	-1	6
342	434	435	11	11	-3	5.90909090909091
343	0	0	0	0	-1	5
344	0	0	0	0	-1	6
345	436	437	4	2	-3	6.88888888888889
346	438	439	7	16.5	-3	5.59615384615385
347	440	441	10	0.495	-3	5.18181818181818
348	0	0	0	0	-1	6
349	442	443	3	0.025	-3	4.75
350	444	445	8	0.996305	-3	5.32758620689655
351	446	447	9	3.34	-3	6.25
352	448	449	4	1.6	-3	5.97142857142857
353	450	451	5	0.0885	-3	6.7
354	0	0	0	0	-1	6
355	452	453	3	0.28	-3	5.36842105263158
356	0	0	0	0	-1	5
357	0	0	0	0	-1	5
358	0	0	0	0	-1	4
359	0	0	0	0	-1	5
360	0	0	0	0	-1	5
361	454	455	7	74	-3	5.82352941176471
362	0	0	0	0	-1	5
363	0	0	0	0	-1	5
364	0	0	0	0	-1	7
365	456	457	6	9	-3	6
366	458	459	7	25	-3	6.69230769230769
367	0	0	0	0	-1	7.66666666666667
368	0	0	0	0	-1	6
369	0	0	0	0	-1	7
370	460	461	10	1.03	-3	5.05555555555556
371	0	0	0	0	-1	6
372	462	463	3	0.645	-3	6.1
373	0	0	0	0	-1	5
374	0	0	0	0	-1	6
375	0	0	0	0	-1	6
376	0	0	0	0	-1	6
377	0	0	0	0	-1	6
378	0	0	0	0	-1	6
379	0	0	0	0	-1	6
380	464	465	3	0.525	-3	6
381	0	0	0	0	-1	6
382	466	467	4	0	-3	6
383	0	0	0	0	-1	6
384	468	469	8	0.99643	-3	5.91666666666667
385	0	0	0	0	-1	5
386	0	0	0	0	-1	6
387	470	471	7	54.5	-3	6
388	0	0	0	0	-1	6
389	0	0	0	0	-1	7
390	0	0	0	0	-1	5.6
391	0	0	0	0	-1	7
392	0	0	0	0	-1	7
393	0	0	0	0	-1	6.66666666666667
394	472	473	5	0.1	-3	5.91176470588235
395	0	0	0	0	-1	6.5
396	474	475	1	12.35	-3	6.07142857142857
397	476	477	11	11.55	-3	6.58064516129032
398	478	479	3	0.515	-3	6
399	0	0	0	0	-1	5
400	480	481	11	11.55	-3	5
401	0	0	0	0	-1	4.33333333333333
402	0	0	0	0	-1	6
403	482	483	2	0.645	-3	6
404	0	0	0	0	-1	5
405	484	485	7	13.5	-3	6
406	486	487	11	11.65	-3	6.125
407	0	0	0	0	-1	7
408	488	489	2	0.59	-3	6
409	0	0	0	0	-1	6
410	0	0	0	0	-1	6
411	490	491	7	20.5	-3	6
412	0	0	0	0	-1	4
413	492	493	10	0	-3	5
414	494	495	2	0.54	-3	5.13265306122449
415	496	497	2	0.58	-3	5.44444444444444
416	498	499	1	9.7	-3	4.96825396825397
417	500	501	3	0.13	-3	5.1
418	502	503	10	0.495	-3	4.44444444444444
419	0	0	0	0	-1	4
420	504	505	8	0.99768	-3	5
421	506	507	6	4.5	-3	5
422	508	509	2	0.6375	-3	5.13953488372093
423	510	511	1	6.55	-3	5.43835616438356
424	512	513	1	0	-3	5
425	0	0	0	0	-1	5
426	514	515	5	0.0835	-3	5.9375
427	0	0	0	0	-1	5.33333333333333
428	516	517	5	0.0905	-3	5
429	0	0	0	0	-1	5
430	0	0	0	0	-1	6
431	518	519	6	9	-3	5
432	0	0	0	0	-1	6
433	520	521	7	69.5	-3	6
434	522	523	5	0.087	-3	6
435	0	0	0	0	-1	5.5
436	0	0	0	0	-1	8
437	524	525	11	11.85	-3	6.75
438	526	527	8	0.994525	-3	5.11111111111111
439	528	529	6	17.5	-3	5.69767441860465
440	0	0	0	0	-1	6
441	530	531	8	0.995745	-3	4.875
442	0	0	0	0	-1	4
443	532	533	6	14.5	-3	4.9
444	534	535	1	7.1	-3	5.63636363636364
445	536	537	7	40	-3	5.13888888888889
446	538	539	8	0.998435	-3	6
447	0	0	0	0	-1	7
448	0	0	0	0	-1	5
449	540	541	5	0.0955	-3	5.98550724637681
450	0	0	0	0	-1	6
451	542	543	10	0.77	-3	7
452	544	545	6	8	-3	5.15384615384615
453	546	547	3	0.33	-3	5.83333333333333
454	548	549	5	0.0975	-3	5.92307692307692
455	0	0	0	0	-1	5.5
456	550	551	6	6.5	-3	6.05882352941176
457	0	0	0	0	-1	5.66666666666667
458	552	553	6	6.5	-3	6.5
459	0	0	0	0	-1	7
460	554	555	5	1.0008	-3	5
461	0	0	0	0	-1	6
462	556	557	6	5.5	-3	6
463	0	0	0	0	-1	7
464	0	0	0	0	-1	6
465	0	0	0	0	-1	6
466	0	0	0	0	-1	5
467	558	559	9	3.41	-3	6
468	0	0	0	0	-1	5
469	0	0	0	0	-1	6
470	560	561	2	0.325	-3	6
471	0	0	0	0	-1	6
472	562	563	10	0.705	-3	5.96875
473	0	0	0	0	-1	5
474	564	565	3	0.385	-3	6
475	0	0	0	0	-1	7
476	566	567	1	9.9	-3	6.68
477	568	569	6	7.5	-3	6.16666666666667
478	0	0	0	0	-1	6
479	570	571	7	0	-3	6
480	572	573	6	0	-3	5
481	574	575	4	0.049	-3	5
482	0	0	0	0	-1	6
483	0	0	0	0	-1	6
484	0	0	0	0	-1	6
485	0	0	0	0	-1	6
486	0	0	0	0	-1	7
487	576	577	1	8.85	-3	6
488	578	579	7	39	-3	6
489	0	0	0	0	-1	6
490	0	0	0	0	-1	6
491	580	581	1	11.35	-3	6
492	0	0	0	0	-1	7
493	0	0	0	0	-1	5
494	582	583	7	24	-3	5.2972972972973
495	584	585	7	88.5	-3	5.0327868852459
496	586	587	11	9.55	-3	5.26666666666667
497	588	589	11	9.55	-3	5.66666666666667
498	590	591	3	0.295	-3	4.98333333333333
499	0	0	0	0	-1	4.66666666666667
500	0	0	0	0	-1	6
501	0	0	0	0	-1	5
502	0	0	0	0	-1	4
503	0	0	0	0	-1	5
504	0	0	0	0	-1	5
505	0	0	0	0	-1	5
506	0	0	0	0	-1	5
507	592	593	1	0	-3	5
508	594	595	7	34.5	-3	5.07894736842105
509	0	0	0	0	-1	5.6
510	596	597	11	9.45	-3	5
511	598	599	1	7.35	-3	5.47761194029851
512	0	0	0	0	-1	5
513	600	601	9	0	-3	5
514	0	0	0	0	-1	5.8
515	602	603	9	0	-3	6
516	0	0	0	0	-1	5
517	0	0	0	0	-1	5
518	0	0	0	0	-1	5
519	604	605	1	7.35	-3	5
520	0	0	0	0	-1	6
521	0	0	0	0	-1	6
522	0	0	0	0	-1	6
523	0	0	0	0	-1	6
524	0	0	0	0	-1	7
525	0	0	0	0	-1	6.33333333333333
526	0	0	0	0	-1	5
527	0	0	0	0	-1	5.25
528	606	607	6	7.5	-3	5.875
529	608	609	11	11.1	-3	5.47368421052632
530	0	0	0	0	-1	4.66666666666667
531	0	0	0	0	-1	5
532	610	611	2	0	-3	5
533	0	0	0	0	-1	4
534	612	613	8	0.99529	-3	5.38461538461539
535	614	615	8	0.99578	-3	6
536	616	617	10	0.625	-3	5.27777777777778
537	618	619	8	0.39	-3	5
538	0	0	0	0	-1	6
539	0	0	0	0	-1	6
540	620	621	6	4.5	-3	6.0327868852459
541	622	623	6	9.5	-3	5.625
542	0	0	0	0	-1	7
543	0	0	0	0	-1	7
544	0	0	0	0	-1	6
545	0	0	0	0	-1	5
546	0	0	0	0	-1	6
547	0	0	0	0	-1	5
548	624	625	11	0	-3	6
549	0	0	0	0	-1	5.8
550	626	627	1	11	-3	6
551	628	629	9	3.11	-3	6.14285714285714
552	630	631	2	0.5	-3	6.57142857142857
553	0	0	0	0	-1	6
554	632	633	6	13	-3	5
555	0	0	0	0	-1	5
556	0	0	0	0	-1	6
557	634	635	2	0.44	-3	6
558	0	0	0	0	-1	6
559	0	0	0	0	-1	6
560	636	637	6	10.5	-3	6
561	0	0	0	0	-1	6
562	0	0	0	0	-1	5.6
563	638	639	10	0.785	-3	6.03703703703704
564	0	0	0	0	-1	6
565	640	641	4	2.05	-3	6
566	0	0	0	0	-1	6
567	642	643	4	2.25	-3	6.77272727272727
568	0	0	0	0	-1	7
569	0	0	0	0	-1	6
570	0	0	0	0	-1	5
571	644	645	3	0.58	-3	6
572	0	0	0	0	-1	5
573	646	647	10	10.95	-3	5
574	0	0	0	0	-1	6
575	0	0	0	0	-1	5
576	0	0	0	0	-1	6
577	0	0	0	0	-1	6
578	0	0	0	0	-1	6
579	0	0	0	0	-1	6
580	648	649	10	0.62	-3	6
581	0	0	0	0	-1	6
582	650	651	9	3.375	-3	5
583	652	653	6	9.5	-3	5.40740740740741
584	654	655	11	9.65	-3	5
585	656	657	5	0.0925	-3	5.13333333333333
586	658	659	10	0.495	-3	5.15384615384615
587	0	0	0	0	-1	6
588	660	661	3	0.075	-3	5.42857142857143
589	0	0	0	0	-1	6
590	662	663	11	9.45	-3	5
591	664	665	4	2.7	-3	4.9
592	0	0	0	0	-1	6
593	666	667	9	3.455	-3	5
594	0	0	0	0	-1	6
595	668	669	3	0.495	-3	5.02777777777778
596	0	0	0	0	-1	5
597	670	671	10	0	-3	5
598	672	673	5	0.0755	-3	5.70588235294118
599	674	675	7	94.5	-3	5.4
600	0	0	0	0	-1	7
601	0	0	0	0	-1	5
602	0	0	0	0	-1	4
603	676	677	5	0.101	-3	6
604	0	0	0	0	-1	5
605	0	0	0	0	-1	5
606	678	679	11	11.55	-3	5.57142857142857
607	680	681	7	23.5	-3	6
608	682	683	11	10.7	-3	5.30769230769231
609	684	685	8	0.993935	-3	5.83333333333333
610	0	0	0	0	-1	5
611	686	687	11	10.25	-3	5
612	0	0	0	0	-1	6
613	688	689	7	35	-3	5
614	0	0	0	0	-1	6
615	690	691	5	0.086	-3	6
616	692	693	2	0.51	-3	5.83333333333333
617	694	695	3	0.165	-3	5
618	0	0	0	0	-1	6
619	696	697	7	106	-3	5
620	0	0	0	0	-1	7
621	698	699	11	12.2	-3	6
622	0	0	0	0	-1	4.5
623	700	701	8	0.99565	-3	6
624	0	0	0	0	-1	5
625	702	703	9	38	-3	6
626	704	705	9	0.46	-3	6
627	0	0	0	0	-1	6
628	706	707	10	0	-3	6
629	0	0	0	0	-1	7
630	0	0	0	0	-1	6
631	0	0	0	0	-1	7
632	0	0	0	0	-1	5
633	708	709	11	0	-3	5
634	0	0	0	0	-1	6
635	710	711	10	11.5	-3	6
636	0	0	0	0	-1	6
637	712	713	1	9.2	-3	6
638	714	715	11	11.1	-3	6.125
639	716	717	5	0.99663	-3	6
640	718	719	7	39.5	-3	6
641	0	0	0	0	-1	6
642	720	721	3	0.475	-3	6.55555555555556
643	722	723	2	0.35	-3	6.92307692307692
644	0	0	0	0	-1	6
645	0	0	0	0	-1	6
646	0	0	0	0	-1	5
647	0	0	0	0	-1	5
648	0	0	0	0	-1	6
649	0	0	0	0	-1	6
650	0	0	0	0	-1	5
651	0	0	0	0	-1	5
652	724	725	5	0.072	-3	5.85714285714286
653	726	727	4	1.95	-3	5.25
654	728	729	10	0.465	-3	5
655	730	731	4	1.95	-3	5
656	732	733	10	0.55	-3	5.07142857142857
657	0	0	0	0	-1	6
658	0	0	0	0	-1	6
659	734	735	3	0.325	-3	5
660	0	0	0	0	-1	5
661	0	0	0	0	-1	5.75
662	736	737	11	9.25	-3	5
663	0	0	0	0	-1	5
664	738	739	2	0.44	-3	5
665	0	0	0	0	-1	4
666	0	0	0	0	-1	5
667	0	0	0	0	-1	5
668	740	741	11	9.35	-3	5
669	0	0	0	0	-1	5.25
670	0	0	0	0	-1	6
671	742	743	4	1.7	-3	5
672	744	745	7	50.5	-3	5.94117647058824
673	746	747	11	9.25	-3	5.47058823529412
674	748	749	9	3.25	-3	5.51282051282051
675	750	751	5	0.0945	-3	5
676	752	753	3	0.275	-3	6
677	0	0	0	0	-1	6
678	0	0	0	0	-1	5
679	0	0	0	0	-1	6
680	0	0	0	0	-1	6
681	754	755	6	11	-3	6
682	756	757	6	30.5	-3	5.5
683	0	0	0	0	-1	5
684	0	0	0	0	-1	5
685	0	0	0	0	-1	6
686	0	0	0	0	-1	5
687	758	759	4	0	-3	5
688	0	0	0	0	-1	5
689	0	0	0	0	-1	5
690	0	0	0	0	-1	6
691	0	0	0	0	-1	6
692	0	0	0	0	-1	5
693	0	0	0	0	-1	6.66666666666667
694	760	761	10	0	-3	5
695	0	0	0	0	-1	5
696	762	763	6	10.5	-3	5
697	0	0	0	0	-1	5
698	764	765	1	7.7	-3	5.98039215686275
699	766	767	10	0.695	-3	6.125
700	0	0	0	0	-1	6
701	0	0	0	0	-1	6
702	768	769	6	18	-3	6
703	0	0	0	0	-1	6
704	0	0	0	0	-1	4
705	0	0	0	0	-1	6
706	0	0	0	0	-1	6
707	0	0	0	0	-1	6
708	0	0	0	0	-1	4
709	770	771	6	22	-3	5
710	0	0	0	0	-1	6
711	0	0	0	0	-1	6
712	0	0	0	0	-1	6
713	0	0	0	0	-1	6
714	772	773	2	0.33	-3	6
715	0	0	0	0	-1	7
716	774	775	10	0.84	-3	6
717	0	0	0	0	-1	6
718	0	0	0	0	-1	6
719	0	0	0	0	-1	6
720	0	0	0	0	-1	7
721	0	0	0	0	-1	6.2
722	776	777	6	7	-3	7
723	0	0	0	0	-1	6
724	0	0	0	0	-1	5
725	0	0	0	0	-1	6
726	778	779	10	0.555	-3	5.13333333333333
727	0	0	0	0	-1	5.6
728	780	781	1	0	-3	5
729	0	0	0	0	-1	5
730	782	783	5	0	-3	5
731	784	785	10	0	-3	5
732	786	787	3	0.215	-3	5
733	0	0	0	0	-1	6
734	788	789	3	0	-3	5
735	0	0	0	0	-1	5
736	790	791	2	0.595	-3	5
737	792	793	1	9.45	-3	5
738	0	0	0	0	-1	5
739	794	795	5	0	-3	5
740	796	797	3	0.43	-3	5
741	798	799	2	0.44	-3	5
742	0	0	0	0	-1	5
743	800	801	11	0	-3	5
744	802	803	6	13.5	-3	6
745	0	0	0	0	-1	5
746	0	0	0	0	-1	5
747	804	805	2	0.495	-3	5.57142857142857
748	806	807	4	1.8	-3	6
749	808	809	1	7.75	-3	5.44117647058824
750	810	811	3	0.235	-3	5
751	0	0	0	0	-1	5
752	0	0	0	0	-1	6
753	0	0	0	0	-1	6
754	0	0	0	0	-1	6
755	812	813	9	3.35	-3	6
756	0	0	0	0	-1	5.8
757	0	0	0	0	-1	5
758	0	0	0	0	-1	6
759	814	815	10	0.48	-3	5
760	0	0	0	0	-1	6
761	816	817	11	7.75	-3	5
762	0	0	0	0	-1	5
763	818	819	3	0.235	-3	5
764	0	0	0	0	-1	6
765	820	821	1	7.85	-3	5.91666666666667
766	822	823	3	0	-3	6
767	0	0	0	0	-1	7
768	0	0	0	0	-1	6
769	0	0	0	0	-1	6
770	0	0	0	0	-1	5
771	0	0	0	0	-1	5
772	0	0	0	0	-1	6
773	0	0	0	0	-1	6
774	824	825	1	0	-3	6
775	826	827	6	16	-3	6
776	0	0	0	0	-1	7
777	0	0	0	0	-1	7
778	0	0	0	0	-1	5
779	0	0	0	0	-1	5.5
780	0	0	0	0	-1	6
781	828	829	9	3.32	-3	5
782	0	0	0	0	-1	6
783	0	0	0	0	-1	5
784	0	0	0	0	-1	5
785	0	0	0	0	-1	5
786	0	0	0	0	-1	5
787	830	831	8	0	-3	5
788	0	0	0	0	-1	5
789	0	0	0	0	-1	5
790	0	0	0	0	-1	5
791	832	833	8	0	-3	5
792	834	835	11	9.35	-3	5
793	0	0	0	0	-1	5
794	0	0	0	0	-1	5
795	836	837	7	43.5	-3	5
796	0	0	0	0	-1	5
797	0	0	0	0	-1	5
798	0	0	0	0	-1	5
799	0	0	0	0	-1	5
800	0	0	0	0	-1	7
801	0	0	0	0	-1	5
802	838	839	1	0	-3	6
803	0	0	0	0	-1	6
804	0	0	0	0	-1	6
805	840	841	7	31.5	-3	5.33333333333333
806	0	0	0	0	-1	5
807	842	843	8	0.99787	-3	6.11111111111111
808	844	845	6	28	-3	5.21875
809	846	847	2	0.58	-3	5.63888888888889
810	0	0	0	0	-1	5
811	0	0	0	0	-1	5
812	0	0	0	0	-1	6
813	848	849	4	2	-3	6
814	0	0	0	0	-1	5
815	0	0	0	0	-1	5
816	0	0	0	0	-1	6
817	0	0	0	0	-1	5
818	0	0	0	0	-1	5
819	850	851	3	0.33	-3	5
820	0	0	0	0	-1	5.66666666666667
821	852	853	7	0	-3	6
822	0	0	0	0	-1	6
823	0	0	0	0	-1	6
824	0	0	0	0	-1	5
825	854	855	1	27	-3	6
826	0	0	0	0	-1	6
827	0	0	0	0	-1	6
828	856	857	6	27.5	-3	5
829	0	0	0	0	-1	5
830	0	0	0	0	-1	5
831	858	859	11	0	-3	5
832	0	0	0	0	-1	8
833	860	861	9	3.425	-3	5
834	0	0	0	0	-1	5
835	862	863	7	30.5	-3	5
836	0	0	0	0	-1	5
837	0	0	0	0	-1	5
838	0	0	0	0	-1	5
839	864	865	5	0.0665	-3	6
840	0	0	0	0	-1	6
841	866	867	3	0.17	-3	5.25
842	868	869	2	0.57	-3	6
843	0	0	0	0	-1	7
844	870	871	7	88	-3	5.16666666666667
845	0	0	0	0	-1	6
846	872	873	4	2.1	-3	5.76666666666667
847	874	875	2	0.625	-3	5
848	0	0	0	0	-1	6
849	876	877	3	0.065	-3	6
850	0	0	0	0	-1	5
851	0	0	0	0	-1	5
852	0	0	0	0	-1	5
853	878	879	3	8.3	-3	6
854	880	881	11	10.7	-3	6
855	0	0	0	0	-1	6
856	882	883	1	0	-3	5
857	0	0	0	0	-1	5
858	0	0	0	0	-1	5
859	884	885	9	0	-3	5
860	0	0	0	0	-1	5
861	0	0	0	0	-1	5
862	0	0	0	0	-1	5
863	886	887	9	0	-3	5
864	0	0	0	0	-1	6
865	888	889	10	0.77	-3	6
866	890	891	5	0.079	-3	5.14285714285714
867	0	0	0	0	-1	6
868	0	0	0	0	-1	6
869	0	0	0	0	-1	6
870	892	893	4	2.25	-3	5.10714285714286
871	0	0	0	0	-1	6
872	894	895	7	81.5	-3	5.94444444444444
873	896	897	8	0.9985	-3	5.5
874	0	0	0	0	-1	5
875	0	0	0	0	-1	5
876	0	0	0	0	-1	6
877	0	0	0	0	-1	6
878	898	899	2	0	-3	6
879	0	0	0	0	-1	6
880	0	0	0	0	-1	6
881	0	0	0	0	-1	6
882	0	0	0	0	-1	6
883	900	901	2	0.6575	-3	5
884	0	0	0	0	-1	5
885	902	903	5	0.084	-3	5
886	0	0	0	0	-1	5
887	904	905	10	0.555	-3	5
888	906	907	10	0.655	-3	6
889	0	0	0	0	-1	6
890	0	0	0	0	-1	5
891	0	0	0	0	-1	5.5
892	908	909	6	12	-3	5
893	910	911	5	0.094	-3	5.5
894	912	913	10	0.715	-3	6
895	0	0	0	0	-1	5.66666666666667
896	914	915	4	2.45	-3	5.25
897	0	0	0	0	-1	6
898	0	0	0	0	-1	6
899	916	917	5	0.08	-3	6
900	0	0	0	0	-1	5
901	0	0	0	0	-1	5
902	0	0	0	0	-1	5
903	0	0	0	0	-1	5
904	0	0	0	0	-1	5
905	0	0	0	0	-1	5
906	0	0	0	0	-1	6
907	0	0	0	0	-1	6
908	918	919	3	0.22	-3	5
909	0	0	0	0	-1	5
910	0	0	0	0	-1	6
911	0	0	0	0	-1	5
912	920	921	8	0.99795	-3	6
913	0	0	0	0	-1	6
914	922	923	7	69	-3	5
915	0	0	0	0	-1	6
916	0	0	0	0	-1	6
917	0	0	0	0	-1	6
918	924	925	4	0	-3	5
919	0	0	0	0	-1	5
920	926	927	1	8.55	-3	6
921	0	0	0	0	-1	6
922	0	0	0	0	-1	5
923	0	0	0	0	-1	5
924	0	0	0	0	-1	5
925	928	929	7	17.5	-3	5
926	0	0	0	0	-1	6
927	0	0	0	0	-1	6
928	0	0	0	0	-1	5
929	0	0	0	0	-1	5
