1	2	3	8	0.99536	-3	5.65103189493433
2	4	5	11	10.95	-3	6.15497076023392
3	6	7	7	81.5	-3	5.51392203659506
4	8	9	2	0.92	-3	5.58208955223881
5	10	11	2	0.495	-3	6.29454545454545
6	12	13	3	0.305	-3	5.58055290753098
7	14	15	4	1.55	-3	5.17788461538461
8	16	17	5	0.0665	-3	5.68253968253968
9	0	0	0	0	-1	4
10	18	19	1	5.65	-3	6.5
11	20	21	6	31.5	-3	5.86516853932584
12	22	23	2	0.6475	-3	5.36115843270868
13	24	25	11	9.85	-3	5.85930735930736
14	0	0	0	0	-1	4
15	26	27	3	0.025	-3	5.18932038834951
16	28	29	11	9.75	-3	6.07692307692308
17	30	31	6	9.5	-3	5.40540540540541
18	32	33	2	0.38	-3	6.91304347826087
19	34	35	3	0.275	-3	6.44171779141104
20	36	37	5	0.047	-3	5.73076923076923
21	38	39	3	0.105	-3	6.81818181818182
22	40	41	11	10.05	-3	5.53405994550409
23	42	43	4	4.175	-3	5.07272727272727
24	44	45	10	0.655	-3	5.45588235294118
25	46	47	11	11.45	-3	6.02760736196319
26	48	49	2	0.7025	-3	5.66666666666667
27	50	51	1	5.95	-3	5.16751269035533
28	0	0	0	0	-1	5
29	52	53	11	10.1	-3	6.21739130434783
30	54	55	3	0.005	-3	4.85714285714286
31	56	57	9	3.245	-3	5.53333333333333
32	0	0	0	0	-1	6
33	58	59	1	5.45	-3	7.10526315789474
34	60	61	1	8.55	-3	5.87878787878788
35	62	63	4	1.675	-3	6.58461538461538
36	64	65	10	0.71	-3	6.54545454545454
37	66	67	2	1	-3	5.59701492537313
38	68	69	10	0.65	-3	7.25
39	0	0	0	0	-1	5.66666666666667
40	70	71	11	9.075	-3	5.36866359447005
41	72	73	8	0.997145	-3	5.77333333333333
42	74	75	10	0.645	-3	5.12060301507538
43	76	77	4	4.275	-3	4.61904761904762
44	78	79	3	0.645	-3	5.17142857142857
45	80	81	9	2.8	-3	5.75757575757576
46	82	83	10	0.715	-3	5.91603053435115
47	84	85	7	11.5	-3	6.484375
48	86	87	8	0	-3	6
49	0	0	0	0	-1	5
50	0	0	0	0	-1	6
51	88	89	8	0.997315	-3	5.15025906735751
52	0	0	0	0	-1	7
53	90	91	5	0.0655	-3	6.05263157894737
54	0	0	0	0	-1	4
55	0	0	0	0	-1	5.2
56	0	0	0	0	-1	5
57	92	93	5	0.083	-3	5.69565217391304
58	94	95	4	1.45	-3	7
59	0	0	0	0	-1	8
60	96	97	5	0.0985	-3	5.90625
61	0	0	0	0	-1	5
62	98	99	4	1.55	-3	5.90476190476191
63	100	101	9	3.325	-3	6.71559633027523
64	102	103	7	68	-3	6
65	0	0	0	0	-1	7.2
66	104	105	3	0.315	-3	5.64615384615385
67	0	0	0	0	-1	4
68	0	0	0	0	-1	6.75
69	0	0	0	0	-1	7.75
70	106	107	9	3.375	-3	4.66666666666667
71	108	109	2	0.6425	-3	5.38862559241706
72	110	111	4	5.15	-3	5.67479674796748
73	112	113	9	3.5	-3	6.22222222222222
74	114	115	6	12.5	-3	4.99319727891156
75	116	117	9	3.305	-3	5.48076923076923
76	0	0	0	0	-1	3
77	118	119	6	7	-3	4.88888888888889
78	120	121	1	8.4	-3	5.22388059701493
79	0	0	0	0	-1	4
80	0	0	0	0	-1	4
81	122	123	3	0.565	-3	5.78461538461538
82	124	125	5	0.097	-3	5.65034965034965
83	126	127	2	0.335	-3	6.23529411764706
84	0	0	0	0	-1	5.8
85	128	129	7	19.5	-3	6.54237288135593
86	0	0	0	0	-1	6
87	0	0	0	0	-1	6
88	130	131	7	99	-3	5.2258064516129
89	132	133	5	0.0805	-3	5.08
90	134	135	5	0.0645	-3	6.11111111111111
91	0	0	0	0	-1	5
92	136	137	3	0.245	-3	5.88235294117647
93	138	139	4	2.05	-3	5.16666666666667
94	0	0	0	0	-1	6
95	140	141	3	0.175	-3	7.0625
96	142	143	5	0.072	-3	5.96774193548387
97	0	0	0	0	-1	4
98	144	145	1	8.65	-3	6.1875
99	0	0	0	0	-1	5
100	146	147	8	0.99415	-3	6.85135135135135
101	148	149	11	11.05	-3	6.42857142857143
102	0	0	0	0	-1	6
103	0	0	0	0	-1	6
104	150	151	4	4.025	-3	5.6031746031746
105	0	0	0	0	-1	7
106	0	0	0	0	-1	5.33333333333333
107	0	0	0	0	-1	4
108	152	153	1	8.55	-3	5.37378640776699
109	0	0	0	0	-1	6
110	154	155	1	6.75	-3	5.63025210084034
111	0	0	0	0	-1	7
112	156	157	5	0.0885	-3	6.04545454545455
113	0	0	0	0	-1	7
114	158	159	4	2.15	-3	4.82795698924731
115	160	161	11	9.55	-3	5.27777777777778
116	162	163	8	0.99735	-3	5.11764705882353
117	164	165	6	17.5	-3	5.65714285714286
118	0	0	0	0	-1	3.5
119	166	167	8	0.99597	-3	5.0625
120	168	169	1	7.7	-3	5.58823529411765
121	170	171	11	9.15	-3	5.1
122	172	173	7	59	-3	5.91304347826087
123	174	175	9	2.965	-3	5.47368421052632
124	176	177	9	3.005	-3	5.78070175438596
125	178	179	2	0.615	-3	5.13793103448276
126	180	181	7	24.5	-3	6.50819672131148
127	182	183	5	0.127	-3	5.94827586206897
128	184	185	3	0.665	-3	6.95
129	186	187	5	0.063	-3	6.33333333333333
130	188	189	5	0.0985	-3	5.48648648648649
131	190	191	11	11.25	-3	5.05357142857143
132	192	193	4	2.25	-3	5.15555555555556
133	194	195	5	0.2095	-3	5.01818181818182
134	196	197	4	1.7	-3	6.05882352941176
135	0	0	0	0	-1	7
136	198	199	11	10.15	-3	6
137	0	0	0	0	-1	5
138	0	0	0	0	-1	5
139	0	0	0	0	-1	6
140	200	201	3	0	-3	7
141	0	0	0	0	-1	7.33333333333333
142	202	203	6	27.5	-3	6
143	0	0	0	0	-1	5.75
144	204	205	7	23	-3	6
145	0	0	0	0	-1	6.75
146	206	207	7	17	-3	6.55555555555556
147	208	209	3	0.315	-3	7.02127659574468
148	210	211	1	7.35	-3	7
149	212	213	6	27	-3	6.16666666666667
150	214	215	3	0.015	-3	5.65573770491803
151	0	0	0	0	-1	4
152	216	217	5	0.136	-3	5.42196531791908
153	218	219	2	0.495	-3	5.12121212121212
154	220	221	3	0.125	-3	5.07692307692308
155	222	223	2	0.285	-3	5.69811320754717
156	224	225	3	0	-3	6
157	0	0	0	0	-1	6.2
158	226	227	1	6.9	-3	4.68
159	228	229	2	1.01	-3	5
160	230	231	1	7.05	-3	5.03333333333333
161	232	233	7	30.5	-3	5.58333333333333
162	234	235	10	0	-3	5
163	0	0	0	0	-1	5.66666666666667
164	236	237	9	3.555	-3	5.7741935483871
165	0	0	0	0	-1	4.75
166	0	0	0	0	-1	4
167	238	239	7	40.5	-3	5.13333333333333
168	240	241	1	7.25	-3	5.33333333333333
169	242	243	9	3.32	-3	5.875
170	0	0	0	0	-1	5.6
171	244	245	8	0.9964	-3	5.04444444444445
172	246	247	1	14.15	-3	6.05555555555556
173	248	249	6	21.5	-3	5.4
174	0	0	0	0	-1	6
175	250	251	11	9.65	-3	5.375
176	0	0	0	0	-1	7
177	252	253	10	0.635	-3	5.75892857142857
178	254	255	11	10.85	-3	5.10714285714286
179	0	0	0	0	-1	6
180	256	257	1	7.45	-3	6.77777777777778
181	258	259	1	11.55	-3	6.29411764705882
182	260	261	11	10.05	-3	6
183	0	0	0	0	-1	5
184	262	263	6	5.5	-3	7
185	0	0	0	0	-1	6
186	264	265	2	0.305	-3	5.83333333333333
187	266	267	4	3.1	-3	6.42424242424242
188	268	269	6	23.5	-3	5.75
189	0	0	0	0	-1	5
190	270	271	5	0.068	-3	5.07272727272727
191	0	0	0	0	-1	4
192	0	0	0	0	-1	5.8
193	272	273	8	0.9983	-3	5.075
194	274	275	9	3.235	-3	5
195	0	0	0	0	-1	5.33333333333333
196	0	0	0	0	-1	6.5
197	276	277	3	0.18	-3	6
198	0	0	0	0	-1	6
199	0	0	0	0	-1	6
200	278	279	6	17	-3	7
201	0	0	0	0	-1	7
202	280	281	7	41	-3	6
203	0	0	0	0	-1	6
204	0	0	0	0	-1	6
205	282	283	7	0.0525	-3	6
206	0	0	0	0	-1	7
207	284	285	8	0.99358	-3	6.29411764705882
208	286	287	6	17.5	-3	7.75
209	288	289	6	3.5	-3	6.87179487179487
210	0	0	0	0	-1	7
211	0	0	0	0	-1	7
212	290	291	8	0.994925	-3	6.28571428571429
213	0	0	0	0	-1	5.33333333333333
214	292	293	5	0.0565	-3	5.95238095238095
215	294	295	10	0.565	-3	5.5
216	296	297	8	0.996565	-3	5.4
217	298	299	5	0.279	-3	5.875
218	0	0	0	0	-1	5.75
219	300	301	5	0.1025	-3	5.03448275862069
220	302	303	9	3.595	-3	4.625
221	0	0	0	0	-1	5.8
222	0	0	0	0	-1	7
223	304	305	7	43.5	-3	5.67307692307692
224	0	0	0	0	-1	6
225	306	307	11	10.25	-3	6
226	308	309	6	7.5	-3	4.22222222222222
227	310	311	7	39	-3	4.78048780487805
228	312	313	3	0.23	-3	5.07317073170732
229	0	0	0	0	-1	3.5
230	0	0	0	0	-1	5.5
231	314	315	2	0.7625	-3	5
232	316	317	5	2.3	-3	6
233	318	319	11	10.8	-3	5.41176470588235
234	0	0	0	0	-1	5
235	320	321	8	9.9	-3	5
236	322	323	6	4.5	-3	5.96
237	0	0	0	0	-1	5
238	0	0	0	0	-1	6
239	0	0	0	0	-1	5
240	0	0	0	0	-1	5.75
241	0	0	0	0	-1	5
242	324	325	8	0.99718	-3	6
243	0	0	0	0	-1	5.5
244	0	0	0	0	-1	4
245	326	327	7	25.5	-3	5.06818181818182
246	328	329	1	12	-3	6
247	0	0	0	0	-1	7
248	330	331	10	0.94	-3	5
249	0	0	0	0	-1	6
250	332	333	1	8.15	-3	5.16666666666667
251	0	0	0	0	-1	6
252	334	335	3	0.475	-3	5.58108108108108
253	336	337	11	10.05	-3	6.10526315789474
254	338	339	2	0.52	-3	4.95238095238095
255	340	341	9	3.205	-3	5.57142857142857
256	0	0	0	0	-1	8
257	342	343	1	10.15	-3	6.73076923076923
258	344	345	6	41.5	-3	6.11111111111111
259	0	0	0	0	-1	7
260	346	347	10	0.825	-3	6.66666666666667
261	348	349	3	0.485	-3	5.8695652173913
262	0	0	0	0	-1	6
263	350	351	1	9.65	-3	7.05555555555556
264	0	0	0	0	-1	6
265	0	0	0	0	-1	5
266	352	353	6	33.5	-3	6.2
267	354	355	11	12.25	-3	6.76923076923077
268	356	357	6	13	-3	5.88888888888889
269	358	359	4	2.05	-3	5.33333333333333
270	0	0	0	0	-1	5.66666666666667
271	360	361	8	0.9971	-3	5.03846153846154
272	362	363	5	0.0775	-3	5
273	0	0	0	0	-1	5.6
274	364	365	3	0.105	-3	5
275	366	367	11	9.35	-3	5
276	368	369	4	2.05	-3	6
277	0	0	0	0	-1	6
278	0	0	0	0	-1	7
279	0	0	0	0	-1	7
280	370	371	11	11.85	-3	6
281	0	0	0	0	-1	6
282	0	0	0	0	-1	7
283	0	0	0	0	-1	6
284	372	373	2	0.29	-3	7
285	374	375	4	1.75	-3	5.90909090909091
286	376	377	1	7.3	-3	8
287	0	0	0	0	-1	7
288	0	0	0	0	-1	6
289	378	379	10	0.62	-3	6.97142857142857
290	380	381	7	14	-3	6.21052631578947
291	0	0	0	0	-1	7
292	0	0	0	0	-1	5.5
293	382	383	9	3.595	-3	6
294	384	385	5	0.081	-3	5.125
295	386	387	5	0.0545	-3	5.75
296	388	389	9	3.355	-3	5.22950819672131
297	390	391	1	6.6	-3	5.5
298	392	393	1	0	-3	6
299	0	0	0	0	-1	5
300	394	395	2	0.545	-3	5.07142857142857
301	0	0	0	0	-1	4
302	396	397	4	3.4	-3	4.83333333333333
303	0	0	0	0	-1	4
304	398	399	6	6.5	-3	5.84313725490196
305	400	401	4	2.15	-3	5.50943396226415
306	0	0	0	0	-1	6
307	0	0	0	0	-1	6
308	402	403	4	1.9	-3	3.83333333333333
309	0	0	0	0	-1	5
310	404	405	1	9.4	-3	4.88888888888889
311	0	0	0	0	-1	4
312	406	407	11	9.05	-3	5
313	0	0	0	0	-1	5.6
314	0	0	0	0	-1	5
315	0	0	0	0	-1	5
316	408	409	1	7.45	-3	6
317	0	0	0	0	-1	6
318	410	411	2	0.7425	-3	5.66666666666667
319	0	0	0	0	-1	4.8
320	412	413	3	0.13	-3	5
321	0	0	0	0	-1	5
322	0	0	0	0	-1	5.5
323	414	415	2	0.8775	-3	6.04761904761905
324	0	0	0	0	-1	6
325	0	0	0	0	-1	6
326	416	417	5	0.138	-3	5.16666666666667
327	418	419	7	41.5	-3	5
328	420	421	7	16.5	-3	5.96774193548387
329	0	0	0	0	-1	6.33333333333333
330	0	0	0	0	-1	5
331	0	0	0	0	-1	5
332	0	0	0	0	-1	5.5
333	422	423	4	2.45	-3	5
334	424	425	1	9	-3	5.72340425531915
335	426	427	10	0.595	-3	5.33333333333333
336	428	429	3	0.435	-3	6.625
337	430	431	11	10.55	-3	5.96666666666667
338	432	433	6	11.5	-3	5
339	0	0	0	0	-1	4
340	0	0	0	0	-1	6
341	0	0	0	0	-1	5.25
342	0	0	0	0	-1	6.25
343	434	435	10	1.055	-3	6.81818181818182
344	436	437	6	26.5	-3	5.95652173913043
345	0	0	0	0	-1	7
346	438	439	3	0	-3	7
347	0	0	0	0	-1	6
348	440	441	9	3.19	-3	6.12
349	442	443	6	6.5	-3	5.57142857142857
350	444	445	11	11.75	-3	7.14285714285714
351	0	0	0	0	-1	7
352	446	447	11	11.8	-3	6.15789473684211
353	0	0	0	0	-1	7
354	448	449	9	3.26	-3	7
355	0	0	0	0	-1	6.4
356	0	0	0	0	-1	5
357	450	451	1	6.75	-3	5.94117647058824
358	0	0	0	0	-1	5
359	0	0	0	0	-1	6
360	452	453	7	116	-3	5
361	454	455	6	14	-3	5.2
362	456	457	3	0.065	-3	5
363	0	0	0	0	-1	5
364	0	0	0	0	-1	5
365	0	0	0	0	-1	5
366	0	0	0	0	-1	5
367	0	0	0	0	-1	5
368	458	459	9	3.445	-3	6
369	0	0	0	0	-1	6
370	0	0	0	0	-1	6
371	460	461	11	12.45	-3	6
372	0	0	0	0	-1	7
373	0	0	0	0	-1	7
374	0	0	0	0	-1	7
375	462	463	11	11.7	-3	5.8
376	0	0	0	0	-1	8
377	0	0	0	0	-1	8
378	0	0	0	0	-1	6.4
379	464	465	3	0.495	-3	7.06666666666667
380	0	0	0	0	-1	7
381	466	467	8	0.99337	-3	6.11764705882353
382	0	0	0	0	-1	6
383	0	0	0	0	-1	6
384	468	469	10	0.555	-3	5
385	0	0	0	0	-1	6
386	0	0	0	0	-1	5
387	470	471	1	5.6	-3	6
388	472	473	5	0.061	-3	5.16666666666667
389	474	475	6	7	-3	5.46153846153846
390	476	477	5	0.056	-3	5.07692307692308
391	478	479	10	0.535	-3	5.56043956043956
392	0	0	0	0	-1	5
393	480	481	10	0.915	-3	6
394	0	0	0	0	-1	6
395	482	483	5	0.0915	-3	5.03703703703704
396	0	0	0	0	-1	5
397	0	0	0	0	-1	4
398	484	485	2	0.42	-3	5.25
399	486	487	9	3.49	-3	5.95348837209302
400	488	489	7	59.5	-3	5.13636363636364
401	490	491	10	0.48	-3	5.7741935483871
402	0	0	0	0	-1	3
403	0	0	0	0	-1	4
404	492	493	6	4.5	-3	4.85714285714286
405	0	0	0	0	-1	6
406	0	0	0	0	-1	6
407	494	495	6	10.5	-3	4.97142857142857
408	0	0	0	0	-1	6
409	0	0	0	0	-1	6
410	496	497	3	0.065	-3	5.33333333333333
411	498	499	5	0.0765	-3	6
412	0	0	0	0	-1	5
413	500	501	6	0	-3	5
414	502	503	3	0.105	-3	6
415	0	0	0	0	-1	7
416	504	505	2	0.525	-3	5.0625
417	0	0	0	0	-1	6
418	506	507	11	9.55	-3	5
419	508	509	3	0	-3	5
420	510	511	2	0.2925	-3	5.83333333333333
421	512	513	4	9.15	-3	6
422	514	515	2	0	-3	5
423	0	0	0	0	-1	5
424	516	517	7	31	-3	5.56
425	518	519	11	10.1	-3	5.90909090909091
426	520	521	3	0.495	-3	5
427	522	523	7	12	-3	5.69230769230769
428	0	0	0	0	-1	7
429	0	0	0	0	-1	6
430	524	525	11	10.15	-3	5.61538461538461
431	526	527	2	0.375	-3	6.23529411764706
432	528	529	9	29.5	-3	5
433	530	531	11	40	-3	5
434	532	533	11	10.3	-3	6.85714285714286
435	0	0	0	0	-1	6
436	534	535	9	3.38	-3	6.05263157894737
437	0	0	0	0	-1	5.5
438	0	0	0	0	-1	5
439	0	0	0	0	-1	7
440	536	537	8	0.99582	-3	6.5
441	0	0	0	0	-1	6
442	0	0	0	0	-1	5
443	538	539	8	1.00005	-3	5.70588235294118
444	0	0	0	0	-1	8
445	540	541	5	0.0915	-3	7
446	542	543	8	0.99715	-3	6.27272727272727
447	544	545	6	9.5	-3	6
448	0	0	0	0	-1	7
449	0	0	0	0	-1	7
450	0	0	0	0	-1	5
451	0	0	0	0	-1	6
452	546	547	3	0.11	-3	5
453	548	549	10	0.615	-3	5
454	0	0	0	0	-1	6
455	550	551	3	0.285	-3	5.11111111111111
456	0	0	0	0	-1	5
457	552	553	6	10.5	-3	5
458	554	555	9	0	-3	6
459	0	0	0	0	-1	6
460	556	557	10	0.65	-3	6
461	0	0	0	0	-1	6
462	0	0	0	0	-1	5
463	558	559	8	0.99411	-3	6
464	560	561	2	0	-3	7
465	0	0	0	0	-1	8
466	0	0	0	0	-1	6.66666666666667
467	562	563	6	0.99345	-3	6
468	564	565	8	0.99431	-3	5.07692307692308
469	0	0	0	0	-1	4
470	0	0	0	0	-1	5.5
471	566	567	11	11.65	-3	6.0625
472	0	0	0	0	-1	6
473	568	569	1	8.25	-3	5.14893617021277
474	0	0	0	0	-1	5
475	570	571	10	0.655	-3	5.66666666666667
476	0	0	0	0	-1	6
477	572	573	6	8.5	-3	5
478	574	575	6	8.5	-3	5.125
479	576	577	5	0.0745	-3	5.65333333333333
480	0	0	0	0	-1	6
481	0	0	0	0	-1	6
482	578	579	4	1.75	-3	5
483	580	581	9	3.25	-3	5.09090909090909
484	0	0	0	0	-1	6
485	582	583	9	3.23	-3	5
486	584	585	8	0.99601	-3	5.92857142857143
487	0	0	0	0	-1	7
488	586	587	5	0.0775	-3	5.05263157894737
489	0	0	0	0	-1	5.66666666666667
490	0	0	0	0	-1	5
491	588	589	3	0.285	-3	5.82758620689655
492	590	591	5	0.0795	-3	4.55555555555556
493	592	593	2	0.875	-3	4.96153846153846
494	594	595	5	0.2045	-3	5.03846153846154
495	596	597	7	61.5	-3	4.77777777777778
496	0	0	0	0	-1	5
497	0	0	0	0	-1	5.66666666666667
498	0	0	0	0	-1	6
499	0	0	0	0	-1	6
500	0	0	0	0	-1	7
501	598	599	4	1.9	-3	5
502	600	601	10	0.845	-3	6
503	0	0	0	0	-1	6
504	602	603	1	10.3	-3	5
505	0	0	0	0	-1	6
506	604	605	7	0	-3	5
507	0	0	0	0	-1	5
508	0	0	0	0	-1	5
509	606	607	1	0	-3	5
510	0	0	0	0	-1	5
511	0	0	0	0	-1	6
512	608	609	11	9.15	-3	6
513	0	0	0	0	-1	6
514	0	0	0	0	-1	4
515	0	0	0	0	-1	5
516	610	611	3	0.455	-3	5.33333333333333
517	612	613	6	27	-3	5.9
518	614	615	3	0.365	-3	5.33333333333333
519	616	617	5	0.074	-3	6.125
520	618	619	3	0	-3	5
521	620	621	4	0	-3	5
522	0	0	0	0	-1	5
523	622	623	7	31.5	-3	5.9
524	624	625	6	14	-3	6
525	626	627	2	0.42	-3	5.28571428571429
526	0	0	0	0	-1	7
527	628	629	5	0.067	-3	6
528	630	631	6	5	-3	5
529	0	0	0	0	-1	5
530	632	633	6	16	-3	5
531	0	0	0	0	-1	5
532	0	0	0	0	-1	6
533	634	635	5	0.071	-3	6.9
534	636	637	9	3.145	-3	6
535	638	639	1	9	-3	6.16666666666667
536	0	0	0	0	-1	7
537	0	0	0	0	-1	6
538	640	641	3	0.63	-3	6
539	642	643	7	30	-3	5.28571428571429
540	0	0	0	0	-1	7
541	0	0	0	0	-1	7
542	0	0	0	0	-1	7
543	644	645	11	0.755	-3	6
544	0	0	0	0	-1	6
545	646	647	8	0.995625	-3	6
546	0	0	0	0	-1	5
547	648	649	11	0.575	-3	5
548	650	651	7	137	-3	5
549	652	653	10	0	-3	5
550	0	0	0	0	-1	6
551	654	655	3	0.455	-3	5
552	0	0	0	0	-1	5
553	656	657	2	0	-3	5
554	0	0	0	0	-1	5
555	658	659	7	1.85	-3	6
556	0	0	0	0	-1	6
557	0	0	0	0	-1	6
558	0	0	0	0	-1	6
559	0	0	0	0	-1	6
560	0	0	0	0	-1	5
561	660	661	11	0	-3	7
562	0	0	0	0	-1	7
563	662	663	2	0.2	-3	6
564	664	665	7	36	-3	5
565	0	0	0	0	-1	6
566	666	667	2	0.505	-3	6
567	0	0	0	0	-1	6.33333333333333
568	668	669	7	32.5	-3	5.11111111111111
569	0	0	0	0	-1	6
570	670	671	9	3.385	-3	5.75
571	0	0	0	0	-1	5
572	0	0	0	0	-1	5
573	672	673	2	0	-3	5
574	0	0	0	0	-1	6
575	674	675	4	0	-3	5
576	676	677	9	3.245	-3	6.05263157894737
577	678	679	7	70.5	-3	5.51785714285714
578	0	0	0	0	-1	5
579	0	0	0	0	-1	5
580	0	0	0	0	-1	6
581	680	681	6	21	-3	5
582	0	0	0	0	-1	5
583	0	0	0	0	-1	5
584	682	683	9	3.34	-3	6.08333333333333
585	684	685	3	0.175	-3	5.72222222222222
586	0	0	0	0	-1	5.25
587	0	0	0	0	-1	5
588	686	687	7	69.5	-3	5.95652173913043
589	688	689	7	54	-3	5.33333333333333
590	690	691	8	0.9967	-3	4.33333333333333
591	0	0	0	0	-1	5
592	692	693	1	7.1	-3	5
593	694	695	11	9.75	-3	4.85714285714286
594	696	697	5	0.0825	-3	5
595	0	0	0	0	-1	6
596	698	699	8	0.99794	-3	4.875
597	0	0	0	0	-1	4
598	700	701	8	0	-3	5
599	0	0	0	0	-1	5
600	0	0	0	0	-1	6
601	0	0	0	0	-1	6
602	702	703	9	0	-3	5
603	704	705	6	0	-3	5
604	0	0	0	0	-1	5
605	706	707	5	0	-3	5
606	0	0	0	0	-1	5
607	708	709	7	67	-3	5
608	0	0	0	0	-1	6
609	710	711	8	0.99715	-3	6
610	712	713	3	0.315	-3	5.23076923076923
611	0	0	0	0	-1	6
612	714	715	11	10.2	-3	6
613	0	0	0	0	-1	5
614	0	0	0	0	-1	6
615	0	0	0	0	-1	5
616	0	0	0	0	-1	6.5
617	716	717	3	0.4	-3	6
618	0	0	0	0	-1	6
619	0	0	0	0	-1	5
620	0	0	0	0	-1	6
621	718	719	10	0.575	-3	5
622	0	0	0	0	-1	5.75
623	720	721	8	0.34	-3	6
624	0	0	0	0	-1	6
625	0	0	0	0	-1	6
626	0	0	0	0	-1	5
627	0	0	0	0	-1	6
628	0	0	0	0	-1	6
629	722	723	9	0	-3	6
630	0	0	0	0	-1	5
631	724	725	7	0	-3	5
632	0	0	0	0	-1	5
633	0	0	0	0	-1	5
634	726	727	9	3.205	-3	6.77777777777778
635	728	729	3	1.03	-3	7
636	0	0	0	0	-1	6
637	730	731	1	9.5	-3	6
638	0	0	0	0	-1	6.5
639	0	0	0	0	-1	6
640	732	733	3	0.56	-3	5.75
641	0	0	0	0	-1	7
642	0	0	0	0	-1	5
643	0	0	0	0	-1	5.5
644	0	0	0	0	-1	6
645	734	735	1	0	-3	6
646	0	0	0	0	-1	6
647	0	0	0	0	-1	6
648	0	0	0	0	-1	5
649	736	737	10	0	-3	5
650	738	739	3	0.165	-3	5
651	740	741	2	0	-3	5
652	0	0	0	0	-1	6
653	742	743	1	8.05	-3	5
654	744	745	11	0	-3	5
655	0	0	0	0	-1	5
656	0	0	0	0	-1	6
657	746	747	1	0	-3	5
658	0	0	0	0	-1	5
659	748	749	2	43	-3	6
660	0	0	0	0	-1	5
661	750	751	4	1.9	-3	7
662	0	0	0	0	-1	6
663	752	753	7	31	-3	6
664	754	755	4	2.5	-3	5
665	0	0	0	0	-1	5
666	0	0	0	0	-1	6
667	756	757	5	0.079	-3	6
668	758	759	5	0.0725	-3	5.26666666666667
669	760	761	11	9.55	-3	5.03333333333333
670	0	0	0	0	-1	6
671	0	0	0	0	-1	5.5
672	0	0	0	0	-1	6
673	762	763	9	3.52	-3	5
674	0	0	0	0	-1	6
675	0	0	0	0	-1	5
676	0	0	0	0	-1	7
677	764	765	7	36	-3	6
678	766	767	4	2.7	-3	5.4375
679	768	769	11	0	-3	6
680	770	771	4	0	-3	5
681	0	0	0	0	-1	5
682	0	0	0	0	-1	6.5
683	772	773	1	6.95	-3	6
684	0	0	0	0	-1	5.2
685	774	775	3	0.245	-3	5.92307692307692
686	776	777	7	0	-3	6
687	0	0	0	0	-1	5.5
688	0	0	0	0	-1	6
689	0	0	0	0	-1	5
690	0	0	0	0	-1	5
691	0	0	0	0	-1	4
692	0	0	0	0	-1	5
693	778	779	7	33	-3	5
694	0	0	0	0	-1	5
695	0	0	0	0	-1	4.5
696	0	0	0	0	-1	5
697	0	0	0	0	-1	5
698	780	781	3	0	-3	5
699	0	0	0	0	-1	4
700	0	0	0	0	-1	7
701	782	783	1	8.9	-3	5
702	0	0	0	0	-1	5
703	784	785	1	0	-3	5
704	0	0	0	0	-1	4
705	786	787	5	0	-3	5
706	0	0	0	0	-1	6
707	0	0	0	0	-1	5
708	788	789	8	0	-3	5
709	0	0	0	0	-1	5
710	0	0	0	0	-1	6
711	790	791	1	10.6	-3	6
712	0	0	0	0	-1	6
713	792	793	7	19.5	-3	5.09090909090909
714	0	0	0	0	-1	6
715	0	0	0	0	-1	6
716	0	0	0	0	-1	6
717	0	0	0	0	-1	6
718	0	0	0	0	-1	5
719	0	0	0	0	-1	5
720	0	0	0	0	-1	7
721	0	0	0	0	-1	6
722	0	0	0	0	-1	7
723	0	0	0	0	-1	6
724	0	0	0	0	-1	7
725	794	795	4	0	-3	5
726	796	797	4	2.4	-3	7
727	0	0	0	0	-1	6.33333333333333
728	798	799	9	1.045	-3	7
729	0	0	0	0	-1	7
730	800	801	10	8.9	-3	6
731	0	0	0	0	-1	6
732	802	803	5	0.0735	-3	6
733	0	0	0	0	-1	5
734	0	0	0	0	-1	4
735	804	805	4	2.3	-3	6
736	0	0	0	0	-1	5
737	806	807	7	104.5	-3	5
738	0	0	0	0	-1	5
739	0	0	0	0	-1	5
740	0	0	0	0	-1	8
741	808	809	10	0.595	-3	5
742	0	0	0	0	-1	5
743	0	0	0	0	-1	5
744	0	0	0	0	-1	5
745	810	811	7	0	-3	5
746	0	0	0	0	-1	8
747	812	813	2	0.595	-3	5
748	814	815	10	0.66	-3	6
749	0	0	0	0	-1	6
750	0	0	0	0	-1	7
751	816	817	11	12.7	-3	7
752	0	0	0	0	-1	6
753	818	819	1	0	-3	6
754	0	0	0	0	-1	5
755	0	0	0	0	-1	5
756	0	0	0	0	-1	6
757	0	0	0	0	-1	6
758	820	821	6	0	-3	5
759	822	823	5	0.0765	-3	5.44444444444444
760	824	825	4	1.65	-3	5
761	826	827	11	9.65	-3	5.11111111111111
762	0	0	0	0	-1	5
763	0	0	0	0	-1	5
764	828	829	7	19	-3	6.05882352941176
765	0	0	0	0	-1	5
766	830	831	2	0.445	-3	5.37209302325581
767	0	0	0	0	-1	6
768	0	0	0	0	-1	6
769	0	0	0	0	-1	6
770	0	0	0	0	-1	6
771	832	833	2	8.95	-3	5
772	0	0	0	0	-1	6
773	834	835	4	1.85	-3	6
774	836	837	6	7.5	-3	6
775	0	0	0	0	-1	5
776	0	0	0	0	-1	6
777	838	839	6	35	-3	6
778	840	841	4	1.95	-3	5
779	0	0	0	0	-1	5
780	0	0	0	0	-1	5
781	842	843	4	2.25	-3	5
782	0	0	0	0	-1	5
783	0	0	0	0	-1	5
784	0	0	0	0	-1	6
785	0	0	0	0	-1	5
786	0	0	0	0	-1	8
787	844	845	4	0	-3	5
788	0	0	0	0	-1	5
789	0	0	0	0	-1	5
790	846	847	7	25.5	-3	6
791	848	849	3	0	-3	6
792	0	0	0	0	-1	5.33333333333333
793	850	851	4	2	-3	5
794	0	0	0	0	-1	3
795	0	0	0	0	-1	5
796	0	0	0	0	-1	7
797	0	0	0	0	-1	7
798	0	0	0	0	-1	5
799	852	853	10	0.88	-3	7
800	0	0	0	0	-1	6
801	0	0	0	0	-1	6
802	0	0	0	0	-1	6
803	0	0	0	0	-1	6
804	0	0	0	0	-1	6
805	0	0	0	0	-1	6
806	854	855	4	1.75	-3	5
807	856	857	10	0	-3	5
808	858	859	8	0	-3	5
809	0	0	0	0	-1	5
810	0	0	0	0	-1	5
811	0	0	0	0	-1	5
812	0	0	0	0	-1	5
813	0	0	0	0	-1	5
814	0	0	0	0	-1	6
815	0	0	0	0	-1	6
816	860	861	9	0	-3	7
817	0	0	0	0	-1	7
818	0	0	0	0	-1	5
819	862	863	2	0.36	-3	6
820	0	0	0	0	-1	6
821	0	0	0	0	-1	5
822	0	0	0	0	-1	6
823	864	865	8	0.995885	-3	5.28571428571429
824	0	0	0	0	-1	5
825	0	0	0	0	-1	5
826	0	0	0	0	-1	6
827	866	867	3	0.055	-3	5
828	868	869	6	8	-3	6.16666666666667
829	870	871	9	3.565	-3	6
830	0	0	0	0	-1	5
831	872	873	3	0.145	-3	5.43243243243243
832	0	0	0	0	-1	5
833	0	0	0	0	-1	5
834	0	0	0	0	-1	6
835	874	875	8	0.0805	-3	6
836	0	0	0	0	-1	6
837	876	877	6	9	-3	6
838	0	0	0	0	-1	6
839	0	0	0	0	-1	6
840	878	879	4	0	-3	5
841	0	0	0	0	-1	5
842	0	0	0	0	-1	5
843	0	0	0	0	-1	5
844	0	0	0	0	-1	3
845	0	0	0	0	-1	5
846	880	881	4	0	-3	6
847	0	0	0	0	-1	6
848	0	0	0	0	-1	5
849	882	883	10	0.875	-3	6
850	0	0	0	0	-1	5
851	0	0	0	0	-1	5
852	0	0	0	0	-1	7
853	0	0	0	0	-1	7
854	0	0	0	0	-1	5
855	0	0	0	0	-1	5
856	0	0	0	0	-1	7
857	884	885	10	0.575	-3	5
858	0	0	0	0	-1	7
859	886	887	3	0.235	-3	5
860	0	0	0	0	-1	5
861	888	889	10	0.675	-3	7
862	0	0	0	0	-1	6
863	0	0	0	0	-1	6
864	0	0	0	0	-1	5
865	0	0	0	0	-1	5.66666666666667
866	0	0	0	0	-1	5
867	890	891	10	0	-3	5
868	0	0	0	0	-1	6
869	0	0	0	0	-1	7
870	892	893	3	0.045	-3	6
871	0	0	0	0	-1	6
872	894	895	8	0.99675	-3	5.25
873	896	897	2	0.555	-3	5.64705882352941
874	0	0	0	0	-1	5
875	898	899	5	0.0805	-3	6
876	0	0	0	0	-1	6
877	0	0	0	0	-1	6
878	0	0	0	0	-1	7
879	0	0	0	0	-1	5
880	0	0	0	0	-1	5
881	900	901	10	0.795	-3	6
882	0	0	0	0	-1	6
883	0	0	0	0	-1	6
884	0	0	0	0	-1	5
885	0	0	0	0	-1	5
886	0	0	0	0	-1	5
887	0	0	0	0	-1	5
888	0	0	0	0	-1	7
889	0	0	0	0	-1	7
890	0	0	0	0	-1	6
891	902	903	9	0	-3	5
892	0	0	0	0	-1	6
893	0	0	0	0	-1	6
894	0	0	0	0	-1	6
895	904	905	11	9.9	-3	5.16666666666667
896	906	907	7	53.5	-3	6
897	908	909	10	0.585	-3	5.25
898	910	911	4	2.15	-3	6
899	0	0	0	0	-1	6
900	0	0	0	0	-1	6
901	0	0	0	0	-1	6
902	0	0	0	0	-1	6
903	0	0	0	0	-1	5
904	912	913	9	3.265	-3	5.0625
905	0	0	0	0	-1	6
906	914	915	3	0.2	-3	6.125
907	0	0	0	0	-1	5
908	0	0	0	0	-1	6
909	916	917	8	0	-3	5
910	0	0	0	0	-1	6
911	0	0	0	0	-1	6
912	0	0	0	0	-1	5.5
913	918	919	10	0.685	-3	5
914	0	0	0	0	-1	7
915	920	921	7	44	-3	6
916	0	0	0	0	-1	5
917	0	0	0	0	-1	5
918	922	923	7	0	-3	5
919	924	925	10	0	-3	5
920	0	0	0	0	-1	6
921	0	0	0	0	-1	6
922	0	0	0	0	-1	6
923	926	927	8	0.997325	-3	5
924	0	0	0	0	-1	5
925	928	929	8	0.996975	-3	5
926	0	0	0	0	-1	5
927	0	0	0	0	-1	5
928	0	0	0	0	-1	5
929	0	0	0	0	-1	5
