1	2	3	2	0.445	-3	5.62351469668543
2	4	5	6	13.5	-3	5.98811544991511
3	6	7	5	0.0735	-3	5.41089108910891
4	8	9	11	10.75	-3	6.18027210884353
5	10	11	5	0.0615	-3	5.79661016949153
6	12	13	10	0.645	-3	5.5979020979021
7	14	15	7	109.5	-3	5.33701657458563
8	16	17	5	0.0855	-3	5.85401459854015
9	18	19	6	3.5	-3	6.46496815286624
10	20	21	8	0.995345	-3	6.43181818181818
11	22	23	2	0.315	-3	5.68525896414343
12	24	25	8	0.99333	-3	5.35593220338983
13	26	27	4	1.65	-3	5.9908256880734
14	28	29	7	23.5	-3	5.37248840803709
15	30	31	10	1.545	-3	5.03896103896104
16	32	33	3	0.68	-3	6.03658536585366
17	34	35	1	11.4	-3	5.58181818181818
18	36	37	4	4.35	-3	5.84210526315789
19	38	39	1	7.85	-3	6.55072463768116
20	40	41	9	3.715	-3	6.61764705882353
21	42	43	10	0.605	-3	5.8
22	44	45	7	71	-3	6.14285714285714
23	46	47	8	0.99565	-3	5.55384615384615
24	48	49	4	2.35	-3	5.82608695652174
25	50	51	3	0.025	-3	5.28571428571429
26	0	0	0	0	-1	5
27	52	53	11	11.6	-3	6.02857142857143
28	54	55	2	0.715	-3	5.14093959731544
29	56	57	1	8.55	-3	5.44176706827309
30	58	59	10	1.07	-3	4.98630136986301
31	0	0	0	0	-1	6
32	60	61	10	0.995	-3	5.9875
33	0	0	0	0	-1	8
34	62	63	8	0.99895	-3	5.37209302325581
35	64	65	2	0.41	-3	6.33333333333333
36	66	67	2	0.35	-3	6.14285714285714
37	0	0	0	0	-1	5
38	68	69	5	0.094	-3	6.16666666666667
39	70	71	5	0.1055	-3	6.63157894736842
40	72	73	1	6.6	-3	6.53125
41	0	0	0	0	-1	8
42	0	0	0	0	-1	4.5
43	74	75	10	0.915	-3	6.125
44	76	77	11	9.3	-3	6.04255319148936
45	78	79	4	1.95	-3	6.66666666666667
46	80	81	3	0.255	-3	6.375
47	82	83	11	10.65	-3	5.39263803680982
48	84	85	7	97.5	-3	6
49	0	0	0	0	-1	5.2
50	86	87	1	7.2	-3	5.57142857142857
51	88	89	5	0.0715	-3	5.20168067226891
52	90	91	7	61.5	-3	5.85
53	92	93	7	40	-3	6.6
54	94	95	10	0.655	-3	5.45054945054945
55	96	97	10	0.675	-3	4.6551724137931
56	98	99	8	0.995665	-3	5.37746478873239
57	100	101	11	10.25	-3	5.6013986013986
58	102	103	1	8.05	-3	5
59	0	0	0	0	-1	4.5
60	104	105	4	2.65	-3	5.89473684210526
61	0	0	0	0	-1	7.75
62	106	107	2	0.355	-3	5.27027027027027
63	108	109	8	1	-3	6
64	110	111	10	0.625	-3	5.85714285714286
65	0	0	0	0	-1	7
66	112	113	10	0.78	-3	6.2
67	0	0	0	0	-1	6
68	114	115	11	12.6	-3	6.26086956521739
69	0	0	0	0	-1	4
70	116	117	1	9.45	-3	6.72
71	118	119	6	11.5	-3	6
72	120	121	1	4.95	-3	6.1
73	122	123	5	0.0485	-3	6.72727272727273
74	124	125	2	0.29	-3	6.28571428571429
75	0	0	0	0	-1	5
76	0	0	0	0	-1	5
77	126	127	10	0.685	-3	6.08888888888889
78	128	129	2	0.24	-3	7.33333333333333
79	0	0	0	0	-1	5.33333333333333
80	130	131	3	0.225	-3	6
81	132	133	7	39	-3	6.6
82	134	135	9	3.07	-3	5.28571428571429
83	136	137	10	0.775	-3	5.75675675675676
84	138	139	9	3.51	-3	5.94117647058824
85	0	0	0	0	-1	7
86	140	141	2	0.485	-3	5.27272727272727
87	142	143	7	27	-3	6.07692307692308
88	144	145	4	1.85	-3	5.25242718446602
89	146	147	9	3.365	-3	4.875
90	148	149	9	3.195	-3	5.94117647058824
91	150	151	8	0.99653	-3	5.33333333333333
92	152	153	5	0.0725	-3	6.92307692307692
93	154	155	8	0.995405	-3	6.25
94	156	157	7	11.5	-3	5.25
95	158	159	11	11.25	-3	5.83870967741935
96	160	161	8	0.99775	-3	4.58181818181818
97	0	0	0	0	-1	6
98	162	163	10	0.575	-3	5.5375
99	164	165	5	0.0885	-3	5.33090909090909
100	166	167	2	0.565	-3	5.33684210526316
101	168	169	9	3.335	-3	6.125
102	170	171	9	3.255	-3	5
103	172	173	2	0.665	-3	5
104	174	175	9	3.335	-3	5.95652173913044
105	176	177	10	0.74	-3	5.28571428571429
106	178	179	3	0.445	-3	5
107	180	181	8	0.9984	-3	5.4
108	0	0	0	0	-1	6.2
109	0	0	0	0	-1	5
110	0	0	0	0	-1	5
111	182	183	10	0.865	-3	6
112	184	185	8	0.994705	-3	6.11111111111111
113	0	0	0	0	-1	7
114	186	187	10	0.705	-3	6.10526315789474
115	0	0	0	0	-1	7
116	188	189	1	8.25	-3	6.83018867924528
117	190	191	4	2.5	-3	6.59574468085106
118	192	193	7	30.5	-3	5.72727272727273
119	0	0	0	0	-1	7
120	0	0	0	0	-1	7
121	194	195	11	10.8	-3	5.875
122	196	197	11	0	-3	7
123	198	199	6	17	-3	6.5
124	0	0	0	0	-1	6.66666666666667
125	0	0	0	0	-1	6
126	200	201	1	7.05	-3	5.80952380952381
127	202	203	9	3.305	-3	6.33333333333333
128	0	0	0	0	-1	7
129	0	0	0	0	-1	7.66666666666667
130	0	0	0	0	-1	6
131	0	0	0	0	-1	6
132	204	205	7	29.5	-3	6.14285714285714
133	206	207	6	22.5	-3	6.84615384615385
134	208	209	11	10.1	-3	5.84615384615385
135	210	211	8	0.99581	-3	5.2212389380531
136	212	213	7	79.5	-3	5.95238095238095
137	214	215	10	0.9	-3	5.5
138	216	217	9	3.46	-3	6
139	0	0	0	0	-1	5.8
140	0	0	0	0	-1	4
141	218	219	7	21.5	-3	5.4
142	220	221	3	0.01	-3	6.3
143	0	0	0	0	-1	5.33333333333333
144	222	223	1	10.55	-3	4.95454545454545
145	224	225	8	0.9995	-3	5.33333333333333
146	226	227	9	3.295	-3	5
147	0	0	0	0	-1	4.33333333333333
148	228	229	7	33	-3	5.58333333333333
149	230	231	3	0.15	-3	6.01785714285714
150	0	0	0	0	-1	6
151	232	233	3	0.425	-3	5
152	234	235	2	0.505	-3	7
153	0	0	0	0	-1	6
154	236	237	8	0.99308	-3	6.1
155	0	0	0	0	-1	7
156	238	239	4	2.15	-3	5.875
157	240	241	10	0.61	-3	5.15384615384615
158	242	243	8	0.9995	-3	5.5
159	244	245	9	3.195	-3	6.30769230769231
160	246	247	7	22.5	-3	4.71428571428572
161	248	249	3	0.075	-3	4.15384615384615
162	250	251	3	0.01	-3	5.18421052631579
163	252	253	6	28.5	-3	5.85714285714286
164	254	255	7	41	-3	5.39175257731959
165	256	257	11	9.15	-3	5.18518518518519
166	258	259	5	0.412	-3	5.63888888888889
167	260	261	11	9.05	-3	5.15254237288136
168	262	263	2	0.54	-3	5.975
169	264	265	2	0.675	-3	6.875
170	266	267	3	3.15	-3	5
171	268	269	1	0	-3	5
172	270	271	7	120.5	-3	5
173	272	273	1	9.55	-3	5
174	274	275	11	10.45	-3	6.09090909090909
175	276	277	1	8.6	-3	5.42857142857143
176	0	0	0	0	-1	5
177	0	0	0	0	-1	6
178	0	0	0	0	-1	5
179	278	279	3	0	-3	5
180	280	281	10	0.58	-3	5.58823529411765
181	282	283	10	0.58	-3	5
182	0	0	0	0	-1	6
183	0	0	0	0	-1	6
184	0	0	0	0	-1	7
185	284	285	1	10.1	-3	6
186	286	287	2	0.435	-3	6
187	0	0	0	0	-1	6.66666666666667
188	288	289	2	0.19	-3	6.53333333333333
189	290	291	2	0.425	-3	6.94736842105263
190	292	293	8	0.996405	-3	6.3448275862069
191	294	295	7	17.5	-3	7
192	296	297	10	0.765	-3	5.88888888888889
193	0	0	0	0	-1	5
194	0	0	0	0	-1	5
195	298	299	6	0	-3	6
196	0	0	0	0	-1	5
197	300	301	6	35.5	-3	7
198	0	0	0	0	-1	8
199	302	303	5	0.0595	-3	6.36363636363636
200	0	0	0	0	-1	5
201	304	305	7	64	-3	5.89473684210526
202	306	307	6	15	-3	6
203	308	309	3	0.41	-3	6.53333333333333
204	0	0	0	0	-1	7
205	310	311	9	3.24	-3	6
206	0	0	0	0	-1	6
207	312	313	8	0.99532	-3	7
208	314	315	6	19.5	-3	6.1
209	0	0	0	0	-1	5
210	316	317	10	0.56	-3	4.5
211	318	319	4	1.55	-3	5.26168224299066
212	320	321	7	69.5	-3	5.9
213	0	0	0	0	-1	7
214	322	323	7	49.5	-3	5.4
215	0	0	0	0	-1	7
216	0	0	0	0	-1	6
217	0	0	0	0	-1	6
218	324	325	2	0.8525	-3	4.71428571428571
219	326	327	9	3.345	-3	5.76923076923077
220	328	329	6	11.5	-3	6.125
221	0	0	0	0	-1	7
222	330	331	7	8.5	-3	5
223	0	0	0	0	-1	4
224	332	333	6	18.5	-3	5.2987012987013
225	0	0	0	0	-1	6
226	334	335	7	0.0725	-3	5
227	0	0	0	0	-1	5
228	336	337	7	24.5	-3	5.16666666666667
229	338	339	11	11.3	-3	6
230	340	341	8	0.995765	-3	5.83333333333333
231	342	343	3	0.175	-3	6.35
232	344	345	6	0	-3	5
233	0	0	0	0	-1	5
234	0	0	0	0	-1	7
235	346	347	7	0	-3	7
236	0	0	0	0	-1	7
237	348	349	6	44.5	-3	6
238	0	0	0	0	-1	4.66666666666667
239	0	0	0	0	-1	6.6
240	350	351	2	0.485	-3	5.27906976744186
241	352	353	11	8.975	-3	4.55555555555556
242	354	355	1	7.75	-3	5.75
243	356	357	10	1.001875	-3	5
244	0	0	0	0	-1	6.8
245	358	359	1	8.6	-3	6
246	360	361	10	0.58	-3	4.76923076923077
247	0	0	0	0	-1	4
248	362	363	10	0.53	-3	3.42857142857143
249	364	365	8	0.998975	-3	5
250	366	367	1	6.1	-3	4.66666666666667
251	368	369	5	0.0985	-3	5.3448275862069
252	370	371	5	0.142	-3	5.94117647058824
253	372	373	4	2.05	-3	5.5
254	374	375	11	11.35	-3	5.54794520547945
255	376	377	8	0.99836	-3	5.29752066115703
256	378	379	4	1.8	-3	5.625
257	380	381	7	27	-3	5.13698630136986
258	382	383	1	9.95	-3	5.68571428571429
259	0	0	0	0	-1	4
260	0	0	0	0	-1	4
261	384	385	10	1.255	-3	5.23636363636364
262	386	387	10	0.8	-3	5.71428571428571
263	388	389	7	66	-3	6.11538461538461
264	390	391	8	0.99825	-3	7
265	0	0	0	0	-1	6
266	392	393	9	0	-3	5
267	0	0	0	0	-1	5
268	0	0	0	0	-1	5
269	0	0	0	0	-1	5
270	394	395	11	9.65	-3	5
271	396	397	6	0.08	-3	5
272	398	399	7	149	-3	5
273	400	401	5	0	-3	5
274	402	403	1	14.2	-3	6
275	404	405	4	2	-3	6.55555555555556
276	406	407	10	0.69	-3	5.33333333333333
277	0	0	0	0	-1	6
278	0	0	0	0	-1	5
279	408	409	8	0.99669	-3	5
280	0	0	0	0	-1	5
281	410	411	1	8.15	-3	5.71428571428571
282	0	0	0	0	-1	5
283	412	413	1	0	-3	5
284	0	0	0	0	-1	6
285	0	0	0	0	-1	6
286	414	415	4	1.5	-3	6
287	0	0	0	0	-1	6
288	0	0	0	0	-1	5
289	416	417	10	0.805	-3	6.64285714285714
290	418	419	6	5	-3	6.97297297297297
291	0	0	0	0	-1	6
292	420	421	3	0.425	-3	6.14285714285714
293	422	423	7	20.5	-3	6.53333333333333
294	0	0	0	0	-1	7.66666666666667
295	424	425	11	11.85	-3	6.86666666666667
296	426	427	2	0.4	-3	6
297	0	0	0	0	-1	5.66666666666667
298	0	0	0	0	-1	5
299	428	429	2	0.3975	-3	6
300	0	0	0	0	-1	7
301	0	0	0	0	-1	7
302	430	431	7	37.5	-3	6.125
303	0	0	0	0	-1	7
304	432	433	8	0.9978	-3	6
305	0	0	0	0	-1	5
306	0	0	0	0	-1	6
307	434	435	6	27	-3	6
308	436	437	9	3.43	-3	7
309	438	439	2	0.285	-3	6
310	0	0	0	0	-1	6
311	0	0	0	0	-1	6
312	440	441	9	3.33	-3	7
313	0	0	0	0	-1	7
314	442	443	7	51	-3	6
315	0	0	0	0	-1	7
316	0	0	0	0	-1	4
317	0	0	0	0	-1	5
318	0	0	0	0	-1	3
319	444	445	11	9.45	-3	5.30476190476191
320	0	0	0	0	-1	6
321	446	447	9	3.345	-3	5.66666666666667
322	0	0	0	0	-1	6.33333333333333
323	448	449	2	0.425	-3	5.16666666666667
324	450	451	9	3.465	-3	4.5
325	0	0	0	0	-1	6
326	0	0	0	0	-1	5
327	452	453	10	0.535	-3	5.83333333333333
328	454	455	4	1.55	-3	6
329	0	0	0	0	-1	7
330	0	0	0	0	-1	4
331	456	457	8	0.99484	-3	5.05
332	458	459	11	9.05	-3	5.20689655172414
333	460	461	3	0.11	-3	5.57894736842105
334	0	0	0	0	-1	5
335	462	463	11	9.75	-3	5
336	0	0	0	0	-1	6
337	0	0	0	0	-1	5
338	0	0	0	0	-1	6
339	0	0	0	0	-1	6
340	464	465	1	6.1	-3	5.95652173913043
341	466	467	2	0.625	-3	5.61538461538461
342	0	0	0	0	-1	7
343	468	469	7	42.5	-3	6.13333333333333
344	0	0	0	0	-1	6
345	470	471	11	10.05	-3	5
346	0	0	0	0	-1	5
347	472	473	2	0.6975	-3	7
348	474	475	2	0.6	-3	6
349	0	0	0	0	-1	6
350	0	0	0	0	-1	4
351	476	477	4	2.35	-3	5.34146341463415
352	0	0	0	0	-1	3
353	478	479	3	0.04	-3	5
354	0	0	0	0	-1	5.25
355	480	481	11	11.05	-3	6
356	0	0	0	0	-1	5
357	0	0	0	0	-1	5
358	0	0	0	0	-1	6
359	482	483	3	11.8	-3	6
360	484	485	5	0.169	-3	4.84375
361	486	487	9	3.415	-3	4.42857142857143
362	0	0	0	0	-1	3
363	0	0	0	0	-1	4
364	0	0	0	0	-1	5
365	0	0	0	0	-1	5
366	0	0	0	0	-1	5
367	0	0	0	0	-1	3.5
368	488	489	7	36	-3	5.17391304347826
369	490	491	1	7.75	-3	6
370	492	493	11	9.65	-3	5.96969696969697
371	0	0	0	0	-1	5
372	0	0	0	0	-1	5
373	0	0	0	0	-1	6
374	494	495	9	3.335	-3	5.52777777777778
375	0	0	0	0	-1	7
376	496	497	6	12.5	-3	5.26724137931035
377	0	0	0	0	-1	6
378	0	0	0	0	-1	5.25
379	0	0	0	0	-1	6
380	0	0	0	0	-1	4
381	498	499	4	2.35	-3	5.16901408450704
382	500	501	7	55	-3	5.56
383	502	503	4	2.45	-3	6
384	504	505	3	0.185	-3	5.19230769230769
385	0	0	0	0	-1	6
386	506	507	8	0.99819	-3	5.42857142857143
387	508	509	11	11.3	-3	6
388	510	511	6	12	-3	6
389	0	0	0	0	-1	6.75
390	0	0	0	0	-1	7
391	0	0	0	0	-1	7
392	0	0	0	0	-1	6
393	0	0	0	0	-1	5
394	512	513	7	0	-3	5
395	0	0	0	0	-1	5
396	0	0	0	0	-1	5
397	514	515	4	2.95	-3	5
398	0	0	0	0	-1	5
399	0	0	0	0	-1	5
400	0	0	0	0	-1	5
401	516	517	4	2.35	-3	5
402	518	519	3	0.295	-3	5.95454545454546
403	0	0	0	0	-1	7
404	0	0	0	0	-1	6
405	520	521	9	3.215	-3	6.83333333333333
406	522	523	3	0.105	-3	5.18181818181818
407	0	0	0	0	-1	7
408	0	0	0	0	-1	5
409	0	0	0	0	-1	5
410	524	525	2	0.405	-3	5.33333333333333
411	0	0	0	0	-1	6
412	0	0	0	0	-1	5
413	0	0	0	0	-1	5
414	0	0	0	0	-1	6
415	526	527	11	12.15	-3	6
416	528	529	10	0.66	-3	6.9
417	0	0	0	0	-1	6
418	0	0	0	0	-1	6.33333333333333
419	530	531	9	3.345	-3	7.02941176470588
420	0	0	0	0	-1	7
421	532	533	3	0.445	-3	6
422	534	535	5	0.0895	-3	6.125
423	536	537	8	0.9977	-3	7
424	538	539	8	1.00005	-3	6.77777777777778
425	540	541	4	3.375	-3	7
426	0	0	0	0	-1	6
427	0	0	0	0	-1	6
428	0	0	0	0	-1	6
429	0	0	0	0	-1	6
430	0	0	0	0	-1	7
431	0	0	0	0	-1	6
432	0	0	0	0	-1	6
433	0	0	0	0	-1	6
434	0	0	0	0	-1	6
435	0	0	0	0	-1	6
436	542	543	5	0.0695	-3	7
437	0	0	0	0	-1	7
438	0	0	0	0	-1	6
439	0	0	0	0	-1	6
440	0	0	0	0	-1	7
441	0	0	0	0	-1	7
442	0	0	0	0	-1	6
443	0	0	0	0	-1	6
444	544	545	9	3.325	-3	5.14285714285714
445	546	547	5	0.0815	-3	5.41269841269841
446	0	0	0	0	-1	6
447	0	0	0	0	-1	5
448	0	0	0	0	-1	5
449	0	0	0	0	-1	7
450	0	0	0	0	-1	4
451	0	0	0	0	-1	4.75
452	0	0	0	0	-1	5
453	548	549	11	11.35	-3	6
454	0	0	0	0	-1	6
455	0	0	0	0	-1	6
456	550	551	7	10.5	-3	5.16666666666667
457	552	553	2	0	-3	5
458	0	0	0	0	-1	6
459	554	555	3	0.05	-3	5.14814814814815
460	556	557	6	27	-3	6.28571428571429
461	558	559	9	3.28	-3	5.16666666666667
462	560	561	11	0	-3	5
463	0	0	0	0	-1	5
464	562	563	7	20.5	-3	5.875
465	564	565	5	0.053	-3	6
466	0	0	0	0	-1	5
467	566	567	4	0	-3	6
468	568	569	10	0.69	-3	6
469	0	0	0	0	-1	7
470	0	0	0	0	-1	5
471	0	0	0	0	-1	5
472	0	0	0	0	-1	7
473	0	0	0	0	-1	7
474	0	0	0	0	-1	6
475	0	0	0	0	-1	6
476	570	571	5	0.161	-3	5.11111111111111
477	572	573	8	0.99925	-3	5.78571428571429
478	0	0	0	0	-1	4
479	0	0	0	0	-1	5.4
480	574	575	10	0.72	-3	6.14285714285714
481	0	0	0	0	-1	5
482	576	577	4	3.25	-3	6
483	0	0	0	0	-1	6
484	578	579	7	17.5	-3	4.9
485	0	0	0	0	-1	4
486	0	0	0	0	-1	5
487	0	0	0	0	-1	3.66666666666667
488	580	581	1	7.85	-3	5.44444444444444
489	0	0	0	0	-1	5
490	0	0	0	0	-1	6
491	0	0	0	0	-1	6
492	0	0	0	0	-1	5
493	582	583	1	6.3	-3	6
494	584	585	2	0.6775	-3	5.83333333333333
495	586	587	3	0.025	-3	5.42592592592593
496	588	589	6	10.5	-3	5.08108108108108
497	590	591	10	0.63	-3	5.35443037974684
498	592	593	11	10.2	-3	5.02941176470588
499	594	595	4	2.55	-3	5.2972972972973
500	596	597	7	44.5	-3	6.2
501	598	599	7	90	-3	5.13333333333333
502	0	0	0	0	-1	6
503	0	0	0	0	-1	6
504	600	601	9	3.355	-3	5.5
505	602	603	10	0.595	-3	5.07894736842105
506	0	0	0	0	-1	5
507	0	0	0	0	-1	5.75
508	0	0	0	0	-1	6
509	0	0	0	0	-1	6
510	604	605	7	53	-3	6
511	606	607	4	2.4	-3	6
512	0	0	0	0	-1	5
513	0	0	0	0	-1	5
514	0	0	0	0	-1	5
515	0	0	0	0	-1	5
516	0	0	0	0	-1	5
517	0	0	0	0	-1	5
518	0	0	0	0	-1	6.6
519	608	609	11	10.35	-3	5.87179487179487
520	0	0	0	0	-1	7
521	0	0	0	0	-1	6.5
522	0	0	0	0	-1	6
523	610	611	10	0.55	-3	5.1
524	0	0	0	0	-1	5.66666666666667
525	0	0	0	0	-1	5
526	612	613	9	3.36	-3	6
527	0	0	0	0	-1	6
528	0	0	0	0	-1	6.66666666666667
529	614	615	3	0.335	-3	7
530	0	0	0	0	-1	7
531	0	0	0	0	-1	7.2
532	0	0	0	0	-1	5
533	616	617	11	12.05	-3	6.09090909090909
534	0	0	0	0	-1	6
535	0	0	0	0	-1	7
536	0	0	0	0	-1	7
537	0	0	0	0	-1	7
538	618	619	7	31	-3	6.875
539	0	0	0	0	-1	6
540	0	0	0	0	-1	7
541	0	0	0	0	-1	7
542	0	0	0	0	-1	7
543	0	0	0	0	-1	7
544	0	0	0	0	-1	5
545	620	621	7	62.5	-3	5.31578947368421
546	622	623	4	1.85	-3	5.29268292682927
547	624	625	5	0.0975	-3	5.63636363636364
548	626	627	6	16	-3	6
549	0	0	0	0	-1	6
550	0	0	0	0	-1	6
551	0	0	0	0	-1	5
552	0	0	0	0	-1	6
553	628	629	5	0.605	-3	5
554	0	0	0	0	-1	6
555	630	631	7	12.5	-3	5.09803921568628
556	0	0	0	0	-1	6
557	0	0	0	0	-1	6.66666666666667
558	0	0	0	0	-1	6
559	632	633	2	0.595	-3	5
560	0	0	0	0	-1	5
561	634	635	10	0.44	-3	5
562	0	0	0	0	-1	5
563	636	637	7	52.5	-3	6
564	0	0	0	0	-1	6
565	638	639	8	0.994995	-3	6
566	0	0	0	0	-1	7
567	0	0	0	0	-1	6
568	0	0	0	0	-1	7
569	640	641	9	3.31	-3	5.91666666666667
570	642	643	3	0.005	-3	5.07692307692308
571	0	0	0	0	-1	6
572	644	645	1	9.05	-3	6
573	0	0	0	0	-1	5.4
574	0	0	0	0	-1	7
575	646	647	8	0.995755	-3	6
576	0	0	0	0	-1	6
577	0	0	0	0	-1	6
578	648	649	9	3.465	-3	5.04761904761905
579	650	651	1	8.25	-3	4.55555555555556
580	652	653	7	25.5	-3	5.66666666666667
581	0	0	0	0	-1	5
582	0	0	0	0	-1	5.8
583	654	655	1	6.55	-3	6.03703703703704
584	656	657	1	7.6	-3	6
585	0	0	0	0	-1	5
586	658	659	11	9.85	-3	5.06666666666667
587	660	661	7	37.5	-3	5.56410256410256
588	662	663	10	0.55	-3	5.35714285714286
589	664	665	2	0.6475	-3	4.91304347826087
590	666	667	7	86.5	-3	5.28787878787879
591	668	669	3	0.05	-3	5.69230769230769
592	670	671	9	3.295	-3	5.06060606060606
593	0	0	0	0	-1	4
594	672	673	8	0.99596	-3	5.53846153846154
595	674	675	7	95	-3	5.16666666666667
596	676	677	9	3.16	-3	6
597	0	0	0	0	-1	6.5
598	678	679	4	2.45	-3	5
599	0	0	0	0	-1	5.5
600	680	681	6	20	-3	5.7
601	0	0	0	0	-1	5
602	682	683	4	2.75	-3	4.95454545454545
603	684	685	1	9.95	-3	5.25
604	0	0	0	0	-1	6
605	0	0	0	0	-1	6
606	0	0	0	0	-1	6
607	0	0	0	0	-1	6
608	686	687	5	0.0785	-3	5.89473684210526
609	0	0	0	0	-1	5
610	0	0	0	0	-1	5.5
611	688	689	11	9.25	-3	5
612	0	0	0	0	-1	6
613	0	0	0	0	-1	6
614	0	0	0	0	-1	7
615	0	0	0	0	-1	7
616	690	691	4	2.1	-3	6
617	0	0	0	0	-1	6.5
618	692	693	6	10	-3	7
619	0	0	0	0	-1	6
620	694	695	9	3.39	-3	5.6
621	696	697	5	0	-3	5
622	698	699	8	0.99644	-3	5.83333333333333
623	700	701	10	0.585	-3	5.2
624	702	703	11	10.25	-3	5.77777777777778
625	0	0	0	0	-1	5
626	0	0	0	0	-1	6
627	0	0	0	0	-1	6
628	704	705	8	0.995875	-3	5
629	0	0	0	0	-1	5
630	0	0	0	0	-1	4.5
631	706	707	11	13.05	-3	5.12244897959184
632	708	709	7	0	-3	5
633	0	0	0	0	-1	5
634	0	0	0	0	-1	5
635	0	0	0	0	-1	5
636	0	0	0	0	-1	6
637	0	0	0	0	-1	6
638	0	0	0	0	-1	6
639	710	711	10	0.67	-3	6
640	0	0	0	0	-1	5.5
641	712	713	9	3.465	-3	6
642	0	0	0	0	-1	5.66666666666667
643	0	0	0	0	-1	5
644	714	715	4	2.45	-3	6
645	0	0	0	0	-1	6
646	0	0	0	0	-1	6
647	0	0	0	0	-1	6
648	716	717	5	0.0785	-3	5
649	0	0	0	0	-1	5.2
650	0	0	0	0	-1	5
651	0	0	0	0	-1	4
652	0	0	0	0	-1	5
653	0	0	0	0	-1	6
654	0	0	0	0	-1	7
655	718	719	8	0.99562	-3	6
656	0	0	0	0	-1	6
657	720	721	9	3.315	-3	6
658	722	723	7	26	-3	4.92307692307692
659	0	0	0	0	-1	6
660	724	725	11	9.55	-3	5.40740740740741
661	726	727	8	0.99855	-3	5.91666666666667
662	0	0	0	0	-1	5
663	728	729	10	0.6	-3	5.55555555555556
664	730	731	1	7.25	-3	5
665	0	0	0	0	-1	4
666	732	733	6	13.5	-3	5.14634146341463
667	734	735	2	0.57	-3	5.52
668	0	0	0	0	-1	5
669	736	737	3	0.285	-3	5.9
670	738	739	9	3.235	-3	5
671	0	0	0	0	-1	5.66666666666667
672	0	0	0	0	-1	5
673	740	741	7	62	-3	5.77777777777778
674	742	743	11	10.8	-3	5.09090909090909
675	0	0	0	0	-1	6
676	0	0	0	0	-1	6
677	0	0	0	0	-1	6
678	0	0	0	0	-1	5
679	0	0	0	0	-1	5
680	744	745	3	0	-3	6
681	0	0	0	0	-1	5
682	0	0	0	0	-1	5
683	746	747	3	0.29	-3	4.85714285714286
684	748	749	6	10	-3	5.09090909090909
685	0	0	0	0	-1	5.6
686	750	751	1	10.05	-3	5.8
687	0	0	0	0	-1	6
688	0	0	0	0	-1	5
689	752	753	7	0	-3	5
690	0	0	0	0	-1	6
691	0	0	0	0	-1	6
692	0	0	0	0	-1	7
693	0	0	0	0	-1	7
694	754	755	4	1.8	-3	5.75
695	0	0	0	0	-1	5
696	0	0	0	0	-1	5
697	756	757	8	0	-3	5
698	0	0	0	0	-1	5
699	0	0	0	0	-1	6
700	0	0	0	0	-1	5.75
701	758	759	5	0.0755	-3	5.12903225806452
702	760	761	10	0.615	-3	5.86666666666667
703	0	0	0	0	-1	5.33333333333333
704	0	0	0	0	-1	5
705	0	0	0	0	-1	5
706	762	763	10	0.545	-3	5.14583333333333
707	0	0	0	0	-1	4
708	0	0	0	0	-1	6
709	764	765	6	0.35	-3	5
710	0	0	0	0	-1	6
711	0	0	0	0	-1	6
712	0	0	0	0	-1	6
713	0	0	0	0	-1	6
714	0	0	0	0	-1	6
715	766	767	9	3.29	-3	6
716	0	0	0	0	-1	5
717	768	769	2	0.78	-3	5
718	0	0	0	0	-1	6
719	0	0	0	0	-1	6
720	0	0	0	0	-1	6
721	0	0	0	0	-1	6
722	0	0	0	0	-1	4
723	770	771	9	3.495	-3	5
724	772	773	5	0.0765	-3	5.875
725	774	775	10	0.685	-3	5.21052631578947
726	776	777	8	0.9981	-3	6
727	0	0	0	0	-1	5
728	0	0	0	0	-1	6
729	778	779	10	0.685	-3	5.33333333333333
730	0	0	0	0	-1	5
731	0	0	0	0	-1	5
732	0	0	0	0	-1	6
733	780	781	5	0.0785	-3	5.1025641025641
734	782	783	1	7.95	-3	5.11111111111111
735	784	785	2	0.65	-3	5.75
736	786	787	11	11.4	-3	6
737	0	0	0	0	-1	5
738	0	0	0	0	-1	5
739	788	789	2	0	-3	5
740	790	791	2	0.51	-3	5.875
741	0	0	0	0	-1	5
742	792	793	8	0.99674	-3	5
743	0	0	0	0	-1	6
744	0	0	0	0	-1	6
745	794	795	8	0.997995	-3	6
746	796	797	2	0.69	-3	5
747	0	0	0	0	-1	4
748	0	0	0	0	-1	5.5
749	0	0	0	0	-1	5
750	798	799	4	2.15	-3	5.6
751	0	0	0	0	-1	6
752	0	0	0	0	-1	5
753	800	801	8	0.995775	-3	5
754	0	0	0	0	-1	5.33333333333333
755	0	0	0	0	-1	6
756	0	0	0	0	-1	5
757	802	803	2	0	-3	5
758	804	805	5	0.072	-3	4.86666666666667
759	806	807	5	0.0775	-3	5.375
760	0	0	0	0	-1	5.33333333333333
761	808	809	5	0.0955	-3	6
762	810	811	4	3.825	-3	4.9375
763	812	813	1	7.95	-3	5.25
764	0	0	0	0	-1	5
765	0	0	0	0	-1	5
766	0	0	0	0	-1	6
767	0	0	0	0	-1	6
768	0	0	0	0	-1	5
769	814	815	8	0	-3	5
770	816	817	1	0	-3	5
771	0	0	0	0	-1	5
772	0	0	0	0	-1	5
773	818	819	3	0	-3	6
774	820	821	5	0.083	-3	5.07142857142857
775	0	0	0	0	-1	5.6
776	822	823	8	0.996925	-3	6
777	0	0	0	0	-1	6
778	0	0	0	0	-1	5
779	0	0	0	0	-1	6
780	824	825	1	7.05	-3	5
781	826	827	11	9.55	-3	5.36363636363636
782	828	829	7	0	-3	5
783	0	0	0	0	-1	5.5
784	830	831	7	89.5	-3	5.92307692307692
785	0	0	0	0	-1	5
786	0	0	0	0	-1	6
787	0	0	0	0	-1	6
788	0	0	0	0	-1	5
789	0	0	0	0	-1	5
790	0	0	0	0	-1	5
791	0	0	0	0	-1	6
792	0	0	0	0	-1	5
793	832	833	11	0	-3	5
794	0	0	0	0	-1	6
795	0	0	0	0	-1	6
796	0	0	0	0	-1	5
797	0	0	0	0	-1	5
798	834	835	4	1.55	-3	5.85714285714286
799	0	0	0	0	-1	5
800	0	0	0	0	-1	5
801	0	0	0	0	-1	5
802	0	0	0	0	-1	7
803	836	837	2	67.5	-3	5
804	838	839	9	3.32	-3	5
805	0	0	0	0	-1	4.5
806	0	0	0	0	-1	6
807	840	841	3	0.33	-3	5.16666666666667
808	842	843	9	3.275	-3	5.90909090909091
809	0	0	0	0	-1	7
810	0	0	0	0	-1	5
811	0	0	0	0	-1	4.66666666666667
812	844	845	11	12.4	-3	5.38095238095238
813	846	847	11	9.7	-3	5
814	0	0	0	0	-1	6
815	848	849	2	0	-3	5
816	0	0	0	0	-1	5
817	850	851	10	0.535	-3	5
818	0	0	0	0	-1	4
819	852	853	5	0	-3	6
820	854	855	3	0.15	-3	5
821	0	0	0	0	-1	5.5
822	0	0	0	0	-1	6
823	0	0	0	0	-1	6
824	0	0	0	0	-1	5
825	856	857	5	0.32	-3	5
826	0	0	0	0	-1	5
827	858	859	3	0.335	-3	5.66666666666667
828	0	0	0	0	-1	7
829	860	861	9	3.445	-3	5
830	0	0	0	0	-1	5.75
831	0	0	0	0	-1	6
832	0	0	0	0	-1	5
833	862	863	11	0.097	-3	5
834	0	0	0	0	-1	5
835	864	865	5	0.059	-3	6
836	0	0	0	0	-1	5
837	0	0	0	0	-1	5
838	0	0	0	0	-1	5
839	866	867	2	0	-3	5
840	0	0	0	0	-1	5
841	868	869	6	27.5	-3	5.25
842	0	0	0	0	-1	5
843	870	871	11	19.5	-3	6
844	872	873	11	10	-3	5.57142857142857
845	874	875	11	0	-3	5
846	0	0	0	0	-1	5
847	0	0	0	0	-1	5
848	0	0	0	0	-1	6
849	0	0	0	0	-1	5
850	0	0	0	0	-1	5
851	876	877	8	0	-3	5
852	0	0	0	0	-1	4
853	0	0	0	0	-1	6
854	0	0	0	0	-1	5
855	878	879	9	15.5	-3	5
856	880	881	5	0.0775	-3	5
857	0	0	0	0	-1	5
858	0	0	0	0	-1	5.8
859	0	0	0	0	-1	5
860	0	0	0	0	-1	5
861	0	0	0	0	-1	5
862	0	0	0	0	-1	6
863	882	883	3	0.11	-3	5
864	0	0	0	0	-1	6
865	0	0	0	0	-1	6
866	0	0	0	0	-1	7
867	884	885	10	0.665	-3	5
868	0	0	0	0	-1	6
869	886	887	8	0.998445	-3	5
870	888	889	4	0.385	-3	6
871	0	0	0	0	-1	6
872	0	0	0	0	-1	5
873	0	0	0	0	-1	6
874	0	0	0	0	-1	7
875	890	891	11	12.9	-3	5
876	0	0	0	0	-1	6
877	892	893	1	6.85	-3	5
878	894	895	5	0.0755	-3	5
879	0	0	0	0	-1	5
880	896	897	4	3.315	-3	5
881	898	899	6	0	-3	5
882	0	0	0	0	-1	5
883	0	0	0	0	-1	5
884	0	0	0	0	-1	5
885	900	901	5	0	-3	5
886	0	0	0	0	-1	5
887	0	0	0	0	-1	5
888	0	0	0	0	-1	5
889	902	903	4	7.7	-3	6
890	0	0	0	0	-1	5
891	0	0	0	0	-1	5
892	0	0	0	0	-1	5
893	0	0	0	0	-1	5
894	0	0	0	0	-1	5
895	904	905	2	0	-3	5
896	906	907	11	9.4	-3	5
897	0	0	0	0	-1	5
898	0	0	0	0	-1	6
899	0	0	0	0	-1	5
900	0	0	0	0	-1	6
901	0	0	0	0	-1	5
902	0	0	0	0	-1	6
903	0	0	0	0	-1	6
904	0	0	0	0	-1	5
905	908	909	6	13.5	-3	5
906	0	0	0	0	-1	5
907	910	911	1	7.15	-3	5
908	0	0	0	0	-1	5
909	0	0	0	0	-1	5
910	0	0	0	0	-1	5
911	912	913	7	0	-3	5
912	0	0	0	0	-1	6
913	914	915	6	16.5	-3	5
914	0	0	0	0	-1	5
915	0	0	0	0	-1	5
