1	2	3	11	11.05	-3	5.61788617886179
2	4	5	11	9.85	-3	5.42100977198697
3	6	7	10	0.615	-3	6.26954177897574
4	8	9	10	0.575	-3	5.26758409785932
5	10	11	3	0.425	-3	5.59581881533101
6	12	13	4	10.75	-3	5.85271317829457
7	14	15	9	2.935	-3	6.49173553719008
8	16	17	8	0.99689	-3	5.05514705882353
9	18	19	1	12.45	-3	5.41884816753927
10	20	21	2	0.865	-3	5.47747747747748
11	22	23	2	0.3625	-3	6
12	24	25	3	0.25	-3	5.8671875
13	0	0	0	0	-1	4
14	0	0	0	0	-1	5
15	26	27	6	13.5	-3	6.51046025104602
16	28	29	5	0.2265	-3	5.192
17	30	31	2	0.8825	-3	4.93877551020408
18	32	33	10	0.925	-3	5.37967914438503
19	34	35	9	2.965	-3	7.25
20	36	37	5	0.1205	-3	5.55555555555556
21	38	39	4	3.2	-3	4.4
22	40	41	10	0.645	-3	6.32307692307692
23	42	43	3	0.53	-3	5.67692307692308
24	44	45	7	26.5	-3	5.625
25	46	47	9	3.2	-3	6.109375
26	48	49	11	11.55	-3	6.66393442622951
27	50	51	8	0.99482	-3	6.35042735042735
28	52	53	7	11	-3	5.20967741935484
29	0	0	0	0	-1	3
30	54	55	8	1.0007	-3	5.02919708029197
31	56	57	11	9.55	-3	3.7
32	58	59	8	0.99665	-3	5.4112426035503
33	60	61	4	1.55	-3	5.08333333333333
34	0	0	0	0	-1	8
35	0	0	0	0	-1	6.5
36	62	63	10	0.525	-3	5.59343434343434
37	64	65	1	8.8	-3	4.72222222222222
38	66	67	6	17.5	-3	4.81818181818182
39	68	69	7	34	-3	3.25
40	70	71	7	11.5	-3	5.6
41	72	73	9	3.165	-3	6.45454545454546
42	74	75	6	31.5	-3	5.44736842105263
43	76	77	9	3.27	-3	6
44	78	79	2	0.9	-3	5.2
45	80	81	1	4.65	-3	5.81818181818182
46	82	83	5	0.067	-3	5.8695652173913
47	84	85	7	10.5	-3	6.24390243902439
48	86	87	7	64.5	-3	6.16666666666667
49	88	89	4	2.55	-3	6.82608695652174
50	90	91	5	0.052	-3	6.56666666666667
51	92	93	9	3.01	-3	6.12280701754386
52	0	0	0	0	-1	5.8
53	94	95	7	24	-3	5.18487394957983
54	96	97	5	0.0665	-3	5.04411764705882
55	0	0	0	0	-1	3
56	98	99	5	0.068	-3	4.16666666666667
57	0	0	0	0	-1	3
58	100	101	3	0.015	-3	5.06756756756757
59	102	103	5	0.0665	-3	5.50757575757576
60	0	0	0	0	-1	4.5
61	104	105	5	0.3	-3	5.11764705882353
62	106	107	4	3.3	-3	5.16666666666667
63	108	109	6	25.5	-3	5.68827160493827
64	110	111	6	6.5	-3	5.06666666666667
65	0	0	0	0	-1	3
66	112	113	5	0.1345	-3	4.94736842105263
67	0	0	0	0	-1	4
68	0	0	0	0	-1	3
69	0	0	0	0	-1	5
70	0	0	0	0	-1	6
71	114	115	1	7.85	-3	5.33333333333333
72	116	117	11	10.95	-3	6.86666666666667
73	118	119	3	0.655	-3	6.3
74	120	121	10	0.7	-3	5.52941176470588
75	0	0	0	0	-1	4.75
76	122	123	7	63	-3	6.16666666666667
77	0	0	0	0	-1	4.66666666666667
78	124	125	1	6.95	-3	5.41176470588235
79	0	0	0	0	-1	4
80	0	0	0	0	-1	4
81	126	127	5	0.054	-3	5.86046511627907
82	128	129	11	11.35	-3	6.25
83	130	131	6	7	-3	5.66666666666667
84	0	0	0	0	-1	7
85	132	133	7	75.5	-3	6.13888888888889
86	134	135	7	19.5	-3	6.24137931034483
87	0	0	0	0	-1	4
88	136	137	6	6.5	-3	6.98214285714286
89	138	139	9	3.39	-3	6.58333333333333
90	140	141	5	0.0485	-3	6.21428571428571
91	142	143	8	0.994155	-3	6.67391304347826
92	0	0	0	0	-1	5
93	144	145	4	3.15	-3	6.16363636363636
94	146	147	9	3.46	-3	4.875
95	148	149	1	8.35	-3	5.26315789473684
96	0	0	0	0	-1	6
97	150	151	4	9.25	-3	5.02255639097744
98	0	0	0	0	-1	4
99	0	0	0	0	-1	5
100	152	153	2	0.565	-3	5.33333333333333
101	154	155	7	15	-3	5.03076923076923
102	156	157	6	12	-3	6.25
103	158	159	2	0.585	-3	5.47222222222222
104	160	161	9	3.305	-3	5
105	162	163	4	1.95	-3	5.23529411764706
106	164	165	6	6.5	-3	5.03389830508475
107	166	167	10	0.44	-3	5.76923076923077
108	168	169	7	82	-3	5.76518218623482
109	170	171	4	4.75	-3	5.44155844155844
110	0	0	0	0	-1	5.75
111	172	173	7	44.5	-3	4.81818181818182
112	174	175	8	0.99584	-3	5.0625
113	0	0	0	0	-1	4.33333333333333
114	0	0	0	0	-1	6
115	0	0	0	0	-1	5.2
116	176	177	9	3.08	-3	6.69230769230769
117	0	0	0	0	-1	8
118	178	179	5	0.059	-3	6.26315789473684
119	0	0	0	0	-1	7
120	180	181	5	0.0895	-3	5.3
121	182	183	10	0.84	-3	5.85714285714286
122	184	185	6	6.5	-3	6.27272727272727
123	0	0	0	0	-1	5
124	186	187	7	9.5	-3	5
125	188	189	3	0.075	-3	5.77777777777778
126	190	191	7	39	-3	5.55555555555556
127	192	193	11	11.3	-3	5.94117647058824
128	0	0	0	0	-1	7
129	194	195	5	0.06	-3	6.14285714285714
130	0	0	0	0	-1	5
131	196	197	2	0.265	-3	6
132	198	199	5	0.053	-3	6.0625
133	0	0	0	0	-1	6.75
134	200	201	11	11.25	-3	5.9375
135	202	203	2	0.38	-3	6.61538461538461
136	204	205	8	0.99469	-3	6.69565217391304
137	206	207	2	0.53	-3	7.18181818181818
138	208	209	6	6.5	-3	6.67647058823529
139	0	0	0	0	-1	5
140	210	211	11	13.1833333333334	-3	6.625
141	212	213	8	0.99265	-3	5.66666666666667
142	214	215	11	13.4	-3	6.28571428571429
143	216	217	8	0.994235	-3	7
144	218	219	9	3.49	-3	6.11538461538462
145	0	0	0	0	-1	7
146	220	221	3	0.005	-3	4.91304347826087
147	0	0	0	0	-1	4
148	222	223	8	0.996695	-3	5.2247191011236
149	224	225	2	0.7125	-3	5.83333333333333
150	226	227	4	1.7	-3	5.00763358778626
151	0	0	0	0	-1	6
152	0	0	0	0	-1	6
153	228	229	10	0	-3	5
154	0	0	0	0	-1	5.33333333333333
155	230	231	5	0.11	-3	5.01612903225806
156	232	233	1	11.35	-3	6
157	0	0	0	0	-1	7
158	234	235	10	0.645	-3	5.58333333333333
159	236	237	9	3.145	-3	5.29166666666667
160	238	239	8	0.998305	-3	5
161	240	241	8	0.99945	-3	5
162	242	243	2	0.39	-3	5.13333333333333
163	0	0	0	0	-1	6
164	244	245	4	1.65	-3	4.69230769230769
165	246	247	6	12.5	-3	5.1304347826087
166	0	0	0	0	-1	5
167	248	249	10	0.6675	-3	6
168	250	251	8	0.99574	-3	5.8
169	252	253	9	2.985	-3	5.29411764705882
170	254	255	1	7.05	-3	5.47887323943662
171	0	0	0	0	-1	5
172	0	0	0	0	-1	4
173	256	257	9	0	-3	5
174	0	0	0	0	-1	5.33333333333333
175	258	259	7	3.535	-3	5
176	260	261	7	17	-3	7
177	262	263	4	2.65	-3	6.33333333333333
178	0	0	0	0	-1	7
179	264	265	7	79	-3	6.15151515151515
180	266	267	3	0.455	-3	5.5
181	268	269	8	0.99731	-3	5
182	270	271	5	0.049	-3	6
183	0	0	0	0	-1	5
184	0	0	0	0	-1	5.6
185	272	273	9	3.08	-3	6.47058823529412
186	0	0	0	0	-1	4
187	274	275	6	7.5	-3	5.14285714285714
188	276	277	3	0.005	-3	6.16666666666667
189	0	0	0	0	-1	5
190	0	0	0	0	-1	5
191	0	0	0	0	-1	6
192	0	0	0	0	-1	5.5
193	278	279	2	0.8175	-3	6
194	0	0	0	0	-1	5.8
195	0	0	0	0	-1	7
196	0	0	0	0	-1	5
197	280	281	1	9.65	-3	6.11111111111111
198	0	0	0	0	-1	5
199	282	283	7	16.5	-3	6.09677419354839
200	0	0	0	0	-1	5
201	284	285	6	4	-3	6
202	286	287	2	0.345	-3	7
203	288	289	4	2.5	-3	6.28571428571429
204	290	291	2	0.295	-3	7
205	292	293	11	11.85	-3	6.41666666666667
206	294	295	6	8	-3	7.03846153846154
207	296	297	4	1.3	-3	7.71428571428571
208	298	299	4	4.35	-3	6.41176470588235
209	300	301	8	0.9971	-3	6.94117647058824
210	0	0	0	0	-1	6
211	302	303	7	74	-3	6.83333333333333
212	0	0	0	0	-1	6
213	0	0	0	0	-1	5
214	304	305	4	2.05	-3	6.10526315789474
215	0	0	0	0	-1	8
216	0	0	0	0	-1	8
217	306	307	4	1.85	-3	6.91304347826087
218	308	309	3	0.015	-3	6.16666666666667
219	0	0	0	0	-1	5.5
220	0	0	0	0	-1	4
221	310	311	11	9.125	-3	4.95454545454545
222	312	313	3	0.265	-3	5.12857142857143
223	314	315	1	7.75	-3	5.57894736842105
224	0	0	0	0	-1	6
225	0	0	0	0	-1	5
226	0	0	0	0	-1	4.33333333333333
227	316	317	9	3.54	-3	5.0234375
228	0	0	0	0	-1	7
229	0	0	0	0	-1	5
230	318	319	2	0.875	-3	5
231	0	0	0	0	-1	5.33333333333333
232	320	321	1	7.45	-3	6
233	0	0	0	0	-1	6
234	322	323	4	2.1	-3	5.41333333333333
235	324	325	7	16.5	-3	5.74074074074074
236	0	0	0	0	-1	6
237	326	327	11	9.275	-3	5.25274725274725
238	0	0	0	0	-1	5
239	0	0	0	0	-1	5
240	0	0	0	0	-1	5
241	0	0	0	0	-1	5
242	0	0	0	0	-1	6
243	328	329	11	9.25	-3	5
244	0	0	0	0	-1	4
245	330	331	10	0.495	-3	4.9
246	332	333	6	9.5	-3	5.41666666666667
247	334	335	7	34	-3	5.02941176470588
248	336	337	2	0.998285	-3	6
249	0	0	0	0	-1	6
250	338	339	3	0.005	-3	5.97260273972603
251	340	341	10	0.685	-3	5.71974522292994
252	0	0	0	0	-1	6
253	342	343	6	10	-3	5.07692307692308
254	344	345	11	10.65	-3	5.21052631578947
255	346	347	6	29.5	-3	5.57692307692308
256	0	0	0	0	-1	4
257	348	349	3	0.01	-3	5
258	0	0	0	0	-1	5
259	350	351	1	7.75	-3	5
260	0	0	0	0	-1	7
261	0	0	0	0	-1	7
262	0	0	0	0	-1	6
263	0	0	0	0	-1	7
264	352	353	2	0.355	-3	6.125
265	0	0	0	0	-1	7
266	0	0	0	0	-1	6
267	354	355	7	24	-3	5.25
268	0	0	0	0	-1	5
269	356	357	2	0	-3	5
270	0	0	0	0	-1	7
271	358	359	7	93.5	-3	5.90909090909091
272	360	361	10	0.78	-3	6.85714285714286
273	362	363	4	2.9	-3	6.2
274	0	0	0	0	-1	5.5
275	0	0	0	0	-1	5
276	0	0	0	0	-1	6.33333333333333
277	0	0	0	0	-1	6
278	364	365	10	0.525	-3	5.96428571428571
279	0	0	0	0	-1	6.5
280	366	367	3	0.54	-3	6
281	0	0	0	0	-1	6.33333333333333
282	368	369	7	11.5	-3	6.22222222222222
283	370	371	6	23	-3	6.04545454545455
284	0	0	0	0	-1	6
285	372	373	3	0.425	-3	6
286	0	0	0	0	-1	7
287	0	0	0	0	-1	7
288	0	0	0	0	-1	6
289	0	0	0	0	-1	6.66666666666667
290	0	0	0	0	-1	7
291	374	375	2	0.615	-3	7
292	0	0	0	0	-1	7
293	376	377	2	0.2925	-3	6.22222222222222
294	0	0	0	0	-1	7.5
295	378	379	3	0	-3	7
296	0	0	0	0	-1	7
297	380	381	6	12.5	-3	7.83333333333333
298	382	383	5	0	-3	6
299	384	385	7	21.5	-3	6.875
300	386	387	5	0	-3	7
301	0	0	0	0	-1	6.75
302	0	0	0	0	-1	6.66666666666667
303	0	0	0	0	-1	7
304	388	389	2	0.41	-3	6.33333333333333
305	390	391	1	7.3	-3	6
306	0	0	0	0	-1	6
307	392	393	2	0.22	-3	7.10526315789474
308	394	395	5	0.0785	-3	6.5
309	396	397	3	0.325	-3	6.11904761904762
310	0	0	0	0	-1	4
311	398	399	2	0.8925	-3	5
312	400	401	11	9.75	-3	5.16923076923077
313	0	0	0	0	-1	4.6
314	0	0	0	0	-1	6
315	402	403	4	2.15	-3	5.42857142857143
316	404	405	7	30.5	-3	5.00793650793651
317	0	0	0	0	-1	6
318	406	407	4	1.85	-3	5.01724137931035
319	0	0	0	0	-1	4
320	0	0	0	0	-1	6
321	0	0	0	0	-1	6
322	408	409	9	3.305	-3	5.6875
323	410	411	11	9.45	-3	5.2093023255814
324	412	413	8	0.9981	-3	5.38461538461539
325	414	415	3	0.46	-3	5.80882352941176
326	416	417	8	0.9979	-3	5.66666666666667
327	418	419	8	1.000225	-3	5.15068493150685
328	0	0	0	0	-1	5
329	420	421	10	1.295	-3	5
330	422	423	1	0	-3	5
331	0	0	0	0	-1	4
332	0	0	0	0	-1	5
333	424	425	5	0.082	-3	5.83333333333333
334	0	0	0	0	-1	5.5
335	426	427	1	6.95	-3	5
336	428	429	6	0	-3	6
337	0	0	0	0	-1	6
338	0	0	0	0	-1	5
339	430	431	1	6.15	-3	6
340	432	433	4	4.75	-3	5.55670103092783
341	434	435	7	55.5	-3	5.98333333333333
342	0	0	0	0	-1	6
343	436	437	3	0.33	-3	5
344	0	0	0	0	-1	5
345	0	0	0	0	-1	6
346	438	439	4	2.9	-3	5.27272727272727
347	440	441	9	3.375	-3	5.8
348	0	0	0	0	-1	5
349	442	443	8	0	-3	5
350	444	445	10	0	-3	5
351	446	447	10	1.11	-3	5
352	448	449	6	15	-3	6.06666666666667
353	0	0	0	0	-1	7
354	450	451	8	13	-3	5
355	0	0	0	0	-1	6
356	0	0	0	0	-1	5
357	452	453	9	3.065	-3	5
358	0	0	0	0	-1	6
359	0	0	0	0	-1	5
360	454	455	4	1.45	-3	7
361	0	0	0	0	-1	6
362	456	457	1	12.85	-3	6
363	0	0	0	0	-1	6.5
364	0	0	0	0	-1	5.75
365	458	459	3	0.035	-3	6
366	0	0	0	0	-1	6
367	0	0	0	0	-1	6
368	460	461	10	0.555	-3	6
369	0	0	0	0	-1	6.66666666666667
370	462	463	3	0.545	-3	6
371	0	0	0	0	-1	7
372	0	0	0	0	-1	6
373	464	465	10	0	-3	6
374	0	0	0	0	-1	7
375	466	467	6	4.5	-3	7
376	0	0	0	0	-1	7
377	468	469	2	0.48	-3	6
378	0	0	0	0	-1	5
379	0	0	0	0	-1	7
380	0	0	0	0	-1	8
381	0	0	0	0	-1	7
382	0	0	0	0	-1	5
383	470	471	10	0.64	-3	6
384	472	473	11	12	-3	7
385	0	0	0	0	-1	6.5
386	0	0	0	0	-1	5
387	474	475	7	26.5	-3	7
388	0	0	0	0	-1	6
389	0	0	0	0	-1	7
390	476	477	3	0	-3	6
391	0	0	0	0	-1	6
392	0	0	0	0	-1	6
393	478	479	1	9.15	-3	7.16666666666667
394	0	0	0	0	-1	7
395	0	0	0	0	-1	6
396	480	481	5	0.0565	-3	5.94117647058824
397	482	483	2	0.51	-3	6.24
398	0	0	0	0	-1	5
399	0	0	0	0	-1	5
400	484	485	2	0.54	-3	5.08
401	486	487	4	2.15	-3	5.46666666666667
402	488	489	10	0.545	-3	5
403	490	491	6	12	-3	5.75
404	492	493	8	0.99799	-3	4.90625
405	494	495	5	0.09	-3	5.04255319148936
406	496	497	8	0.996315	-3	5.05263157894737
407	498	499	3	0.13	-3	5
408	500	501	10	0.585	-3	5.92857142857143
409	502	503	8	0.997135	-3	5.5
410	504	505	6	14.5	-3	5.08695652173913
411	506	507	4	2.35	-3	5.35
412	0	0	0	0	-1	5
413	508	509	3	0.565	-3	5.625
414	510	511	1	6.7	-3	5.88135593220339
415	512	513	7	81	-3	5.33333333333333
416	514	515	3	0.025	-3	5.25
417	0	0	0	0	-1	6
418	516	517	8	1.000175	-3	5.16666666666667
419	0	0	0	0	-1	4
420	518	519	7	0	-3	5
421	0	0	0	0	-1	5
422	0	0	0	0	-1	7
423	520	521	11	12.5	-3	5
424	0	0	0	0	-1	6
425	0	0	0	0	-1	5
426	0	0	0	0	-1	5
427	522	523	5	0.0775	-3	5
428	0	0	0	0	-1	6
429	0	0	0	0	-1	6
430	524	525	7	22	-3	5.5
431	526	527	7	18.5	-3	6.04615384615385
432	528	529	9	3.545	-3	5.51086956521739
433	0	0	0	0	-1	6.4
434	530	531	7	48	-3	6.12
435	532	533	7	59	-3	5.3
436	0	0	0	0	-1	5
437	534	535	7	0	-3	5
438	536	537	7	44	-3	5.15789473684211
439	0	0	0	0	-1	6
440	538	539	5	0.0685	-3	6
441	540	541	3	0.355	-3	5.57142857142857
442	0	0	0	0	-1	5
443	542	543	3	0.105	-3	5
444	0	0	0	0	-1	5
445	0	0	0	0	-1	5
446	0	0	0	0	-1	5
447	0	0	0	0	-1	5
448	544	545	1	11.65	-3	6.15384615384615
449	546	547	9	3.185	-3	6
450	0	0	0	0	-1	5
451	0	0	0	0	-1	5
452	0	0	0	0	-1	5
453	0	0	0	0	-1	5
454	0	0	0	0	-1	7
455	0	0	0	0	-1	7
456	0	0	0	0	-1	6
457	0	0	0	0	-1	6
458	548	549	4	1.6	-3	6
459	550	551	8	0.99305	-3	6
460	0	0	0	0	-1	6
461	0	0	0	0	-1	6
462	552	553	1	3.24	-3	6
463	0	0	0	0	-1	6
464	0	0	0	0	-1	5
465	554	555	4	2.2	-3	6
466	0	0	0	0	-1	7
467	0	0	0	0	-1	7
468	0	0	0	0	-1	6
469	0	0	0	0	-1	6
470	0	0	0	0	-1	6
471	556	557	11	0	-3	6
472	0	0	0	0	-1	7
473	0	0	0	0	-1	7
474	558	559	11	12.3	-3	7
475	0	0	0	0	-1	7
476	0	0	0	0	-1	5
477	560	561	7	26	-3	6
478	562	563	8	0.994715	-3	7.11764705882353
479	0	0	0	0	-1	8
480	0	0	0	0	-1	5
481	564	565	6	40.5	-3	6
482	566	567	3	0.695	-3	6.17391304347826
483	0	0	0	0	-1	7
484	568	569	7	25.5	-3	5.17391304347826
485	570	571	9	3.225	-3	5
486	572	573	1	7.6	-3	5.77777777777778
487	574	575	5	0.081	-3	5
488	0	0	0	0	-1	5
489	0	0	0	0	-1	5
490	0	0	0	0	-1	5.5
491	0	0	0	0	-1	6
492	576	577	8	0.997905	-3	4.76470588235294
493	578	579	4	4.8	-3	5.06666666666667
494	580	581	6	11.5	-3	5.01587301587302
495	582	583	2	0.6675	-3	5.09677419354839
496	584	585	11	26	-3	5
497	0	0	0	0	-1	5.25
498	0	0	0	0	-1	5
499	586	587	9	3.265	-3	5
500	0	0	0	0	-1	5.66666666666667
501	0	0	0	0	-1	6
502	588	589	10	0.585	-3	5.77777777777778
503	590	591	7	47	-3	5.22222222222222
504	592	593	3	0.315	-3	5.28571428571429
505	594	595	8	0.997825	-3	5
506	0	0	0	0	-1	6
507	596	597	2	0.48	-3	5.23529411764706
508	598	599	3	0.43	-3	5.83333333333333
509	0	0	0	0	-1	5
510	0	0	0	0	-1	5
511	600	601	5	0.0695	-3	5.92857142857143
512	0	0	0	0	-1	5.8
513	0	0	0	0	-1	4.75
514	0	0	0	0	-1	6
515	0	0	0	0	-1	4.8
516	602	603	3	0.035	-3	5.14285714285714
517	0	0	0	0	-1	6
518	0	0	0	0	-1	7
519	604	605	2	0	-3	5
520	0	0	0	0	-1	5
521	0	0	0	0	-1	5
522	606	607	10	0	-3	5
523	608	609	11	0	-3	5
524	0	0	0	0	-1	4
525	0	0	0	0	-1	5.8
526	610	611	8	0.995615	-3	6.36363636363636
527	612	613	10	0.67	-3	5.98148148148148
528	614	615	7	13.5	-3	5.5632183908046
529	0	0	0	0	-1	4.6
530	616	617	7	16.5	-3	6.02325581395349
531	618	619	5	0.0885	-3	6.71428571428571
532	0	0	0	0	-1	5
533	620	621	4	2.05	-3	5.5
534	0	0	0	0	-1	5
535	622	623	7	95	-3	5
536	0	0	0	0	-1	6
537	624	625	11	10.15	-3	5.05882352941176
538	0	0	0	0	-1	7
539	626	627	5	0.092	-3	5.85714285714286
540	628	629	10	0.61	-3	5.25
541	630	631	10	0.795	-3	6
542	0	0	0	0	-1	5
543	0	0	0	0	-1	5
544	632	633	9	3.345	-3	6.08333333333333
545	0	0	0	0	-1	7
546	0	0	0	0	-1	6
547	634	635	2	3.4	-3	6
548	0	0	0	0	-1	6
549	0	0	0	0	-1	6
550	0	0	0	0	-1	6
551	636	637	11	11.55	-3	6
552	0	0	0	0	-1	5
553	638	639	7	24.5	-3	6
554	0	0	0	0	-1	6
555	0	0	0	0	-1	6
556	0	0	0	0	-1	6
557	640	641	10	0.67	-3	6
558	0	0	0	0	-1	7
559	0	0	0	0	-1	7
560	0	0	0	0	-1	6
561	642	643	10	0.665	-3	6
562	644	645	11	0	-3	7
563	0	0	0	0	-1	8
564	646	647	5	0.104	-3	6.06666666666667
565	0	0	0	0	-1	5
566	648	649	8	0.995355	-3	6.13636363636364
567	0	0	0	0	-1	7
568	0	0	0	0	-1	6
569	650	651	8	0.99552	-3	5.09523809523809
570	652	653	3	0.074	-3	5
571	654	655	5	0	-3	5
572	0	0	0	0	-1	5.6
573	0	0	0	0	-1	6
574	0	0	0	0	-1	5
575	0	0	0	0	-1	5
576	656	657	4	3.5	-3	4.86666666666667
577	0	0	0	0	-1	4
578	658	659	8	0	-3	5
579	0	0	0	0	-1	6
580	660	661	11	9.3	-3	4.91666666666667
581	662	663	2	0.36	-3	5.03921568627451
582	664	665	9	3.085	-3	5
583	0	0	0	0	-1	6
584	666	667	4	0	-3	5
585	0	0	0	0	-1	5
586	0	0	0	0	-1	5
587	0	0	0	0	-1	5
588	0	0	0	0	-1	5.33333333333333
589	668	669	1	3.435	-3	6
590	0	0	0	0	-1	5
591	0	0	0	0	-1	5.5
592	0	0	0	0	-1	5.66666666666667
593	0	0	0	0	-1	5
594	0	0	0	0	-1	5
595	670	671	2	0	-3	5
596	672	673	5	0.0895	-3	5.4
597	674	675	6	0	-3	5
598	0	0	0	0	-1	5
599	0	0	0	0	-1	6
600	0	0	0	0	-1	5
601	676	677	11	9.65	-3	5.94545454545455
602	678	679	8	0.997455	-3	5.35714285714286
603	680	681	6	33.5	-3	5.08928571428571
604	0	0	0	0	-1	5
605	0	0	0	0	-1	5
606	0	0	0	0	-1	6
607	0	0	0	0	-1	5
608	0	0	0	0	-1	5
609	682	683	11	10.05	-3	5
610	684	685	2	0.355	-3	6.125
611	0	0	0	0	-1	7
612	686	687	11	10.35	-3	5.88636363636364
613	688	689	1	7.1	-3	6.4
614	0	0	0	0	-1	4.75
615	690	691	8	0.995775	-3	5.60240963855422
616	692	693	2	0.355	-3	6.71428571428571
617	694	695	1	10.75	-3	5.88888888888889
618	0	0	0	0	-1	6.33333333333333
619	0	0	0	0	-1	7
620	0	0	0	0	-1	5
621	0	0	0	0	-1	6
622	0	0	0	0	-1	5
623	0	0	0	0	-1	5
624	0	0	0	0	-1	4.75
625	696	697	1	7.25	-3	5.15384615384615
626	698	699	4	0	-3	6
627	0	0	0	0	-1	5.33333333333333
628	0	0	0	0	-1	6
629	0	0	0	0	-1	5
630	0	0	0	0	-1	6
631	0	0	0	0	-1	6
632	0	0	0	0	-1	6
633	0	0	0	0	-1	7
634	700	701	11	10.9	-3	6
635	0	0	0	0	-1	6
636	0	0	0	0	-1	6
637	702	703	4	2.4	-3	6
638	0	0	0	0	-1	6
639	704	705	3	0.285	-3	6
640	0	0	0	0	-1	6
641	0	0	0	0	-1	6
642	0	0	0	0	-1	6
643	0	0	0	0	-1	6
644	0	0	0	0	-1	6
645	706	707	4	0	-3	7
646	708	709	1	8.45	-3	6
647	0	0	0	0	-1	6.33333333333333
648	710	711	1	7.25	-3	6.5
649	712	713	9	3.355	-3	6
650	714	715	7	51	-3	5
651	716	717	10	0.475	-3	5.2
652	0	0	0	0	-1	5
653	718	719	11	9.25	-3	5
654	0	0	0	0	-1	6
655	720	721	4	2.275	-3	5
656	722	723	8	0.99774	-3	4.92857142857143
657	0	0	0	0	-1	4
658	0	0	0	0	-1	6
659	724	725	3	0.39	-3	5
660	0	0	0	0	-1	4
661	726	727	2	0.705	-3	5
662	0	0	0	0	-1	5.25
663	728	729	9	3.32	-3	5.02127659574468
664	730	731	2	0	-3	5
665	732	733	5	0.0965	-3	5
666	0	0	0	0	-1	5
667	734	735	7	0.135	-3	5
668	0	0	0	0	-1	5
669	0	0	0	0	-1	6
670	0	0	0	0	-1	6
671	736	737	7	115.5	-3	5
672	738	739	7	79	-3	5.14285714285714
673	0	0	0	0	-1	6
674	0	0	0	0	-1	7
675	0	0	0	0	-1	5
676	740	741	7	61	-3	5.96153846153846
677	0	0	0	0	-1	5.66666666666667
678	742	743	7	59	-3	5.66666666666667
679	744	745	2	0.7425	-3	5.125
680	746	747	1	10.55	-3	5.05660377358491
681	0	0	0	0	-1	5.66666666666667
682	748	749	8	0.995995	-3	5
683	750	751	9	0	-3	5
684	0	0	0	0	-1	7
685	0	0	0	0	-1	6
686	752	753	7	25.5	-3	5.71428571428571
687	754	755	2	0.44	-3	5.96666666666667
688	0	0	0	0	-1	7
689	756	757	3	0.405	-3	6
690	0	0	0	0	-1	5
691	758	759	1	9.8	-3	5.64102564102564
692	0	0	0	0	-1	8
693	760	761	5	0.0995	-3	6.5
694	762	763	9	3.215	-3	5.94117647058824
695	0	0	0	0	-1	5
696	0	0	0	0	-1	5.4
697	764	765	1	7.6	-3	5
698	0	0	0	0	-1	6
699	0	0	0	0	-1	6
700	766	767	3	0.46	-3	6
701	0	0	0	0	-1	6
702	0	0	0	0	-1	6
703	0	0	0	0	-1	6
704	0	0	0	0	-1	6
705	768	769	10	0.57	-3	6
706	0	0	0	0	-1	5
707	770	771	8	0	-3	7
708	0	0	0	0	-1	6
709	772	773	10	0	-3	6
710	0	0	0	0	-1	6
711	0	0	0	0	-1	6.75
712	774	775	8	0.99581	-3	6
713	776	777	11	11.95	-3	6
714	0	0	0	0	-1	5
715	778	779	5	0	-3	5
716	0	0	0	0	-1	5
717	780	781	4	1.95	-3	5.33333333333333
718	0	0	0	0	-1	5
719	0	0	0	0	-1	5
720	782	783	2	0.07	-3	5
721	0	0	0	0	-1	5
722	0	0	0	0	-1	5
723	0	0	0	0	-1	4.66666666666667
724	0	0	0	0	-1	5
725	784	785	3	0	-3	5
726	786	787	7	32.5	-3	5
727	0	0	0	0	-1	5
728	788	789	3	0.16	-3	5.04545454545455
729	790	791	1	8.05	-3	5
730	0	0	0	0	-1	5
731	792	793	5	0	-3	5
732	0	0	0	0	-1	5
733	794	795	2	0	-3	5
734	0	0	0	0	-1	6
735	796	797	6	30.5	-3	5
736	798	799	3	0.47	-3	5
737	0	0	0	0	-1	5
738	0	0	0	0	-1	5
739	0	0	0	0	-1	5.5
740	800	801	1	7.75	-3	6
741	802	803	5	0.225	-3	5.75
742	0	0	0	0	-1	5.33333333333333
743	0	0	0	0	-1	6
744	804	805	3	0	-3	5
745	0	0	0	0	-1	6
746	806	807	5	0.0895	-3	5.03846153846154
747	0	0	0	0	-1	6
748	0	0	0	0	-1	5
749	808	809	10	0	-3	5
750	0	0	0	0	-1	6
751	810	811	7	91.5	-3	5
752	0	0	0	0	-1	5
753	0	0	0	0	-1	6
754	0	0	0	0	-1	5.75
755	812	813	5	0.073	-3	6
756	0	0	0	0	-1	6
757	0	0	0	0	-1	6
758	814	815	2	0.7875	-3	5.59420289855072
759	0	0	0	0	-1	6
760	0	0	0	0	-1	6.25
761	0	0	0	0	-1	7
762	0	0	0	0	-1	7
763	816	817	10	1.09	-3	5.90909090909091
764	0	0	0	0	-1	5
765	0	0	0	0	-1	5
766	0	0	0	0	-1	6
767	818	819	5	0.0715	-3	6
768	0	0	0	0	-1	6
769	0	0	0	0	-1	6
770	0	0	0	0	-1	5
771	820	821	2	0.405	-3	7
772	0	0	0	0	-1	5
773	822	823	5	0.072	-3	6
774	0	0	0	0	-1	6
775	824	825	8	0.996195	-3	6
776	0	0	0	0	-1	6
777	0	0	0	0	-1	6
778	0	0	0	0	-1	6
779	826	827	2	0	-3	5
780	0	0	0	0	-1	5
781	0	0	0	0	-1	5.66666666666667
782	0	0	0	0	-1	5
783	828	829	2	0.58	-3	5
784	0	0	0	0	-1	6
785	830	831	4	2.25	-3	5
786	0	0	0	0	-1	5
787	0	0	0	0	-1	5
788	832	833	10	0.545	-3	5.11111111111111
789	0	0	0	0	-1	5
790	0	0	0	0	-1	5
791	834	835	4	0	-3	5
792	0	0	0	0	-1	5
793	836	837	9	0	-3	5
794	0	0	0	0	-1	3
795	0	0	0	0	-1	5
796	0	0	0	0	-1	5
797	0	0	0	0	-1	5
798	0	0	0	0	-1	5
799	0	0	0	0	-1	5
800	838	839	8	0.997355	-3	6
801	840	841	2	3.305	-3	6
802	842	843	7	71.5	-3	5.85714285714286
803	0	0	0	0	-1	5
804	0	0	0	0	-1	5
805	0	0	0	0	-1	5
806	844	845	2	0.6125	-3	5
807	846	847	6	12	-3	5.08333333333333
808	0	0	0	0	-1	7
809	848	849	7	9.3	-3	5
810	850	851	6	0	-3	5
811	0	0	0	0	-1	5
812	0	0	0	0	-1	6
813	852	853	6	0	-3	6
814	854	855	7	55.5	-3	5.52542372881356
815	856	857	3	0	-3	6
816	858	859	9	3.65	-3	5.9375
817	0	0	0	0	-1	5
818	0	0	0	0	-1	6
819	860	861	8	0.99867	-3	6
820	0	0	0	0	-1	7
821	0	0	0	0	-1	7
822	0	0	0	0	-1	6
823	0	0	0	0	-1	6
824	0	0	0	0	-1	6
825	862	863	9	75	-3	6
826	0	0	0	0	-1	7
827	0	0	0	0	-1	5
828	0	0	0	0	-1	5
829	0	0	0	0	-1	5
830	0	0	0	0	-1	5
831	0	0	0	0	-1	5
832	0	0	0	0	-1	6
833	0	0	0	0	-1	5
834	0	0	0	0	-1	5
835	0	0	0	0	-1	5
836	0	0	0	0	-1	5
837	0	0	0	0	-1	5
838	0	0	0	0	-1	6
839	864	865	7	34.5	-3	6
840	866	867	8	0.9985	-3	6
841	0	0	0	0	-1	6
842	0	0	0	0	-1	5
843	868	869	11	0.0795	-3	6
844	870	871	3	0	-3	5
845	872	873	10	0.78	-3	5
846	0	0	0	0	-1	5.5
847	874	875	7	100	-3	5
848	0	0	0	0	-1	6
849	0	0	0	0	-1	5
850	0	0	0	0	-1	6
851	876	877	6	15	-3	5
852	0	0	0	0	-1	5
853	878	879	8	0.99534	-3	6
854	880	881	3	0.345	-3	5.46153846153846
855	882	883	8	0	-3	6
856	0	0	0	0	-1	6
857	884	885	1	7.8	-3	6
858	886	887	2	0.6925	-3	5.96774193548387
859	0	0	0	0	-1	5
860	0	0	0	0	-1	6
861	0	0	0	0	-1	6
862	888	889	11	0	-3	6
863	0	0	0	0	-1	6
864	890	891	11	9.55	-3	6
865	0	0	0	0	-1	6
866	0	0	0	0	-1	6
867	0	0	0	0	-1	6
868	0	0	0	0	-1	6
869	0	0	0	0	-1	6
870	0	0	0	0	-1	6
871	892	893	5	8.15	-3	5
872	894	895	11	0	-3	5
873	0	0	0	0	-1	5
874	896	897	4	3.2	-3	5
875	0	0	0	0	-1	5
876	0	0	0	0	-1	5
877	0	0	0	0	-1	5
878	0	0	0	0	-1	6
879	898	899	1	7.15	-3	6
880	900	901	6	15.5	-3	5.51020408163265
881	0	0	0	0	-1	4.66666666666667
882	0	0	0	0	-1	6
883	902	903	5	0.076	-3	6
884	0	0	0	0	-1	6
885	0	0	0	0	-1	6
886	904	905	6	3.5	-3	6
887	0	0	0	0	-1	5.66666666666667
888	0	0	0	0	-1	5
889	906	907	2	0.41	-3	6
890	908	909	4	2.05	-3	6
891	0	0	0	0	-1	6
892	0	0	0	0	-1	5
893	0	0	0	0	-1	5
894	0	0	0	0	-1	5
895	910	911	3	0.1	-3	5
896	912	913	4	2.3	-3	5
897	914	915	10	0	-3	5
898	0	0	0	0	-1	6
899	916	917	4	2.15	-3	6
900	918	919	5	0.0775	-3	5.4390243902439
901	920	921	5	0.1055	-3	5.875
902	0	0	0	0	-1	6
903	0	0	0	0	-1	6
904	0	0	0	0	-1	6
905	922	923	1	0.9994	-3	6
906	0	0	0	0	-1	6
907	0	0	0	0	-1	6
908	0	0	0	0	-1	6
909	0	0	0	0	-1	6
910	924	925	10	0	-3	5
911	926	927	10	0.62	-3	5
912	0	0	0	0	-1	5
913	0	0	0	0	-1	5
914	0	0	0	0	-1	6
915	928	929	1	9.25	-3	5
916	0	0	0	0	-1	6
917	0	0	0	0	-1	6
918	930	931	11	10.65	-3	5.66666666666667
919	932	933	7	29	-3	5.30769230769231
920	934	935	10	0.635	-3	6
921	0	0	0	0	-1	5
922	0	0	0	0	-1	5
923	936	937	11	10.75	-3	6
924	0	0	0	0	-1	6
925	938	939	2	0.68	-3	5
926	0	0	0	0	-1	5
927	0	0	0	0	-1	5
928	0	0	0	0	-1	5
929	0	0	0	0	-1	5
930	940	941	4	2.35	-3	5.76923076923077
931	0	0	0	0	-1	5
932	942	943	9	3.43	-3	5.53333333333333
933	944	945	6	10	-3	5
934	0	0	0	0	-1	6
935	0	0	0	0	-1	6
936	946	947	8	0.99835	-3	6
937	0	0	0	0	-1	6
938	948	949	3	0	-3	5
939	0	0	0	0	-1	5
940	950	951	11	9.95	-3	5.90909090909091
941	0	0	0	0	-1	5
942	952	953	2	0.6575	-3	5.66666666666667
943	0	0	0	0	-1	5
944	0	0	0	0	-1	5
945	954	955	5	0.1065	-3	5
946	956	957	11	10.55	-3	6
947	0	0	0	0	-1	6
948	0	0	0	0	-1	6
949	958	959	2	0	-3	5
950	0	0	0	0	-1	5
951	960	961	8	0.995915	-3	6
952	962	963	2	0	-3	6
953	0	0	0	0	-1	5.2
954	964	965	1	0	-3	5
955	0	0	0	0	-1	5
956	0	0	0	0	-1	6
957	966	967	7	21.5	-3	6
958	0	0	0	0	-1	6
959	0	0	0	0	-1	5
960	0	0	0	0	-1	6
961	968	969	7	16.5	-3	6
962	0	0	0	0	-1	5
963	970	971	2	0.525	-3	6
964	0	0	0	0	-1	6
965	972	973	10	0.625	-3	5
966	0	0	0	0	-1	6
967	0	0	0	0	-1	6
968	0	0	0	0	-1	6
969	0	0	0	0	-1	6
970	0	0	0	0	-1	6
971	0	0	0	0	-1	6
972	0	0	0	0	-1	5
973	0	0	0	0	-1	5
