1	2	3	10	0.635	-3	5.66854283927455
2	4	5	8	0.99461	-3	5.40951276102088
3	6	7	11	10.525	-3	5.97150610583446
4	8	9	1	6.35	-3	5.875
5	10	11	5	0.254	-3	5.3283378746594
6	12	13	7	29.5	-3	5.58072916666667
7	14	15	11	11.55	-3	6.39660056657223
8	16	17	11	11.45	-3	5.46551724137931
9	18	19	7	69.5	-3	6.21428571428572
10	20	21	11	10.25	-3	5.33789329685362
11	0	0	0	0	-1	3
12	22	23	3	0.68	-3	5.85185185185185
13	24	25	5	0.0925	-3	5.43373493975904
14	26	27	2	0.8625	-3	6.1504854368932
15	28	29	8	0.99289	-3	6.74149659863945
16	30	31	1	5.3	-3	4.91666666666667
17	32	33	5	0.0535	-3	5.85294117647059
18	34	35	3	0.31	-3	6.11864406779661
19	36	37	11	12.5	-3	6.72727272727273
20	38	39	11	8.7	-3	5.20245398773006
21	40	41	2	1	-3	5.61157024793388
22	42	43	2	0.5625	-3	5.81679389312977
23	0	0	0	0	-1	7
24	44	45	3	0.315	-3	5.63503649635036
25	46	47	9	2.935	-3	5.1875
26	48	49	5	0.0625	-3	6.18811881188119
27	0	0	0	0	-1	4.25
28	50	51	6	12.5	-3	7.22727272727273
29	52	53	6	13.5	-3	6.656
30	0	0	0	0	-1	4
31	54	55	1	5.95	-3	5.04761904761905
32	56	57	4	1.4	-3	5.22222222222222
33	58	59	10	0.61	-3	6.08
34	60	61	4	1.25	-3	5.97222222222222
35	62	63	6	6.5	-3	6.34782608695652
36	64	65	4	2.15	-3	7.14285714285714
37	0	0	0	0	-1	6
38	0	0	0	0	-1	3
39	66	67	4	4.05	-3	5.21149897330595
40	68	69	11	11.25	-3	5.68103448275862
41	70	71	5	0.0835	-3	4
42	72	73	8	0.9985	-3	5.92708333333333
43	74	75	2	0.6225	-3	5.51428571428571
44	76	77	4	2.35	-3	5.4367816091954
45	78	79	4	2.2	-3	5.98
46	0	0	0	0	-1	6
47	80	81	2	0.405	-3	5.15740740740741
48	82	83	4	2.35	-3	6.64285714285714
49	84	85	8	0.99433	-3	6.11494252873563
50	0	0	0	0	-1	8
51	86	87	8	0.99119	-3	7
52	88	89	7	31.5	-3	6.80769230769231
53	90	91	11	14.25	-3	6.40425531914894
54	92	93	4	1.55	-3	4.90909090909091
55	94	95	6	32	-3	5.2
56	0	0	0	0	-1	6
57	96	97	6	0	-3	5
58	98	99	4	2.35	-3	5.85
59	0	0	0	0	-1	7
60	0	0	0	0	-1	7
61	100	101	7	23	-3	5.91176470588235
62	0	0	0	0	-1	7
63	102	103	4	3.45	-3	6.21052631578947
64	0	0	0	0	-1	8
65	104	105	6	36.75	-3	7
66	106	107	1	10.25	-3	5.23529411764706
67	108	109	2	0.83	-3	4.82142857142857
68	110	111	2	0.61	-3	5.5679012345679
69	112	113	2	0.57	-3	5.94285714285714
70	114	115	4	2	-3	4.5
71	0	0	0	0	-1	3.25
72	116	117	11	9.85	-3	6.09677419354839
73	118	119	3	0.55	-3	5.61764705882353
74	120	121	8	0.998845	-3	5.25
75	122	123	9	3.325	-3	5.65217391304348
76	124	125	8	0.9957	-3	5.32352941176471
77	126	127	1	6.7	-3	5.84210526315789
78	128	129	7	64	-3	6.42105263157895
79	130	131	2	0.4175	-3	5.70967741935484
80	132	133	6	24	-3	5.5
81	134	135	4	1.55	-3	5.08888888888889
82	136	137	2	0.265	-3	6.72
83	0	0	0	0	-1	6
84	0	0	0	0	-1	7.33333333333333
85	138	139	3	0.525	-3	6.09356725146199
86	0	0	0	0	-1	6
87	140	141	3	0.21	-3	7.13333333333333
88	142	143	4	1.65	-3	6.87142857142857
89	144	145	5	0.074	-3	6.25
90	146	147	11	12.05	-3	6.43478260869565
91	0	0	0	0	-1	5
92	0	0	0	0	-1	4
93	148	149	2	0.5775	-3	5
94	150	151	3	0.085	-3	5.11111111111111
95	0	0	0	0	-1	6
96	0	0	0	0	-1	5
97	152	153	1	5.3	-3	5
98	154	155	1	5.9	-3	6
99	0	0	0	0	-1	5.25
100	156	157	9	3.385	-3	5.625
101	158	159	6	31.5	-3	6
102	160	161	5	0.0755	-3	6.11764705882353
103	0	0	0	0	-1	7
104	0	0	0	0	-1	7
105	0	0	0	0	-1	7
106	162	163	2	0.7275	-3	5.21678321678321
107	164	165	1	10.65	-3	5.5
108	166	167	2	0.595	-3	4.95833333333333
109	0	0	0	0	-1	4
110	168	169	4	4.8	-3	5.67619047619048
111	170	171	8	0.998065	-3	5.36842105263158
112	172	173	10	0.5	-3	6.16666666666667
113	174	175	1	6.55	-3	5.70588235294118
114	0	0	0	0	-1	5
115	0	0	0	0	-1	4
116	176	177	9	3.27	-3	5.9375
117	178	179	10	0.725	-3	6.26666666666667
118	180	181	6	6.5	-3	5.76923076923077
119	182	183	4	2.4	-3	5.125
120	184	185	10	0.685	-3	5
121	0	0	0	0	-1	5.75
122	186	187	11	9.525	-3	5.16666666666667
123	188	189	2	0.675	-3	5.82352941176471
124	190	191	7	39	-3	5.875
125	192	193	9	3.24	-3	5.25
126	0	0	0	0	-1	5
127	194	195	6	9.5	-3	5.94117647058824
128	196	197	11	9.95	-3	6.21428571428571
129	0	0	0	0	-1	7
130	198	199	8	0.99737	-3	5.94736842105263
131	200	201	8	0.998175	-3	5.33333333333333
132	202	203	7	67	-3	5.9
133	204	205	9	3.095	-3	5
134	0	0	0	0	-1	3
135	206	207	1	10.05	-3	5.13636363636364
136	0	0	0	0	-1	6
137	208	209	2	0.45	-3	6.85714285714286
138	210	211	8	1.001875	-3	6.02173913043478
139	212	213	1	9.3	-3	6.39393939393939
140	0	0	0	0	-1	7
141	0	0	0	0	-1	8
142	0	0	0	0	-1	6
143	214	215	1	7.85	-3	6.89705882352941
144	0	0	0	0	-1	7
145	216	217	10	0.685	-3	6
146	218	219	7	63	-3	6.26086956521739
147	220	221	7	58	-3	6.60869565217391
148	222	223	3	0	-3	5
149	0	0	0	0	-1	5
150	0	0	0	0	-1	5
151	0	0	0	0	-1	5.2
152	0	0	0	0	-1	5
153	0	0	0	0	-1	5
154	224	225	3	0.13	-3	6
155	226	227	10	11.8	-3	6
156	0	0	0	0	-1	5.4
157	0	0	0	0	-1	6
158	228	229	2	0.6675	-3	6
159	0	0	0	0	-1	6
160	230	231	6	7.5	-3	6.0625
161	0	0	0	0	-1	7
162	232	233	10	0.525	-3	5.27717391304348
163	234	235	5	0.0625	-3	4.85245901639344
164	236	237	2	0.48	-3	6
165	238	239	9	3.22	-3	5.25
166	240	241	7	36	-3	4.5
167	242	243	3	0.01	-3	5.11111111111111
168	244	245	3	0.07	-3	5.61224489795918
169	246	247	4	7.5	-3	6.57142857142857
170	248	249	9	3.325	-3	5.25
171	250	251	4	2.6	-3	6
172	0	0	0	0	-1	7
173	252	253	4	4.8	-3	6.11764705882353
174	254	255	11	11.45	-3	4.5
175	256	257	6	6.5	-3	5.96428571428571
176	258	259	1	7.6	-3	5.875
177	260	261	9	3.29	-3	6
178	262	263	1	11.8	-3	5.9375
179	264	265	6	4	-3	6.64285714285714
180	266	267	4	2.2	-3	5.52941176470588
181	268	269	11	9.3	-3	6.22222222222222
182	270	271	10	0	-3	5
183	0	0	0	0	-1	6
184	0	0	0	0	-1	5
185	272	273	10	0	-3	5
186	0	0	0	0	-1	5.5
187	0	0	0	0	-1	5
188	274	275	7	26.5	-3	6
189	0	0	0	0	-1	5.4
190	0	0	0	0	-1	5.5
191	0	0	0	0	-1	6
192	276	277	4	1.65	-3	4.88888888888889
193	278	279	7	75	-3	5.31372549019608
194	0	0	0	0	-1	5
195	280	281	11	2.75	-3	6
196	0	0	0	0	-1	5
197	282	283	4	2.05	-3	6.30769230769231
198	0	0	0	0	-1	5
199	284	285	3	0.36	-3	6.05882352941176
200	286	287	5	0.089	-3	5.1
201	0	0	0	0	-1	6.5
202	288	289	9	3.035	-3	6
203	0	0	0	0	-1	5
204	0	0	0	0	-1	5
205	0	0	0	0	-1	5
206	290	291	2	0.605	-3	5.07792207792208
207	292	293	4	3.95	-3	5.54545454545455
208	294	295	8	0.99433	-3	6.94736842105263
209	0	0	0	0	-1	6
210	296	297	7	102.5	-3	6.04444444444445
211	0	0	0	0	-1	5
212	298	299	9	3.385	-3	5.83333333333333
213	300	301	6	5.5	-3	6.51851851851852
214	302	303	11	12.15	-3	6.5
215	304	305	1	9.65	-3	6.95
216	0	0	0	0	-1	6
217	0	0	0	0	-1	6
218	306	307	1	9.3	-3	6.11111111111111
219	0	0	0	0	-1	6.8
220	308	309	10	0.695	-3	6.77777777777778
221	0	0	0	0	-1	6
222	0	0	0	0	-1	5
223	0	0	0	0	-1	5
224	0	0	0	0	-1	6
225	0	0	0	0	-1	6
226	310	311	4	2.25	-3	6
227	0	0	0	0	-1	6
228	312	313	10	0.575	-3	6
229	0	0	0	0	-1	6
230	0	0	0	0	-1	6.5
231	0	0	0	0	-1	6
232	314	315	5	0.1025	-3	5.11827956989247
233	316	317	11	9.85	-3	5.33090909090909
234	0	0	0	0	-1	3
235	318	319	6	6.5	-3	4.88333333333333
236	0	0	0	0	-1	6
237	320	321	7	56.5	-3	6
238	322	323	11	9.1	-3	5.36842105263158
239	0	0	0	0	-1	3
240	0	0	0	0	-1	4
241	0	0	0	0	-1	5
242	0	0	0	0	-1	5.5
243	324	325	6	24	-3	5.0625
244	326	327	9	3.34	-3	6.02941176470588
245	328	329	8	0.99804	-3	5.390625
246	0	0	0	0	-1	7
247	0	0	0	0	-1	6
248	330	331	4	1.65	-3	4.8
249	332	333	8	0.99675	-3	5.45454545454545
250	0	0	0	0	-1	6
251	0	0	0	0	-1	6
252	334	335	3	0.67	-3	6
253	0	0	0	0	-1	6.8
254	0	0	0	0	-1	6
255	0	0	0	0	-1	4.2
256	0	0	0	0	-1	5
257	336	337	10	0.565	-3	6.17391304347826
258	0	0	0	0	-1	5
259	338	339	5	0.064	-3	5.93333333333333
260	0	0	0	0	-1	6
261	340	341	5	0.072	-3	6
262	342	343	6	8.5	-3	5.78571428571429
263	0	0	0	0	-1	7
264	0	0	0	0	-1	8
265	344	345	11	10.25	-3	6.53846153846154
266	346	347	5	10.2	-3	6
267	348	349	9	3.205	-3	5.27272727272727
268	0	0	0	0	-1	6.66666666666667
269	350	351	4	2.25	-3	6
270	0	0	0	0	-1	6
271	352	353	5	0.074	-3	5
272	0	0	0	0	-1	6
273	354	355	3	0.27	-3	5
274	0	0	0	0	-1	6
275	0	0	0	0	-1	6
276	0	0	0	0	-1	4
277	356	357	5	0.069	-3	5
278	358	359	8	0.99805	-3	5.22222222222222
279	360	361	1	7.1	-3	6
280	0	0	0	0	-1	7
281	362	363	11	9.4	-3	6
282	364	365	2	0.475	-3	6.1
283	0	0	0	0	-1	7
284	0	0	0	0	-1	7
285	366	367	10	0.675	-3	6
286	0	0	0	0	-1	5
287	0	0	0	0	-1	6
288	0	0	0	0	-1	6
289	368	369	2	0.37	-3	6
290	370	371	2	0.47	-3	5.14285714285714
291	372	373	4	3.2	-3	5
292	374	375	7	43.5	-3	5.28571428571429
293	0	0	0	0	-1	6
294	0	0	0	0	-1	6
295	376	377	6	23	-3	7
296	378	379	5	0.1055	-3	6.0763358778626
297	0	0	0	0	-1	5
298	0	0	0	0	-1	6
299	0	0	0	0	-1	5
300	0	0	0	0	-1	7.66666666666667
301	380	381	9	3.265	-3	6.375
302	0	0	0	0	-1	6
303	0	0	0	0	-1	7
304	382	383	2	0.415	-3	7.05
305	384	385	10	0.85	-3	6.75
306	386	387	5	0.0885	-3	6
307	0	0	0	0	-1	6.66666666666667
308	0	0	0	0	-1	6.4
309	388	389	4	3.25	-3	6.92307692307692
310	0	0	0	0	-1	6
311	0	0	0	0	-1	6
312	390	391	8	0.99292	-3	6
313	0	0	0	0	-1	6
314	392	393	2	0.275	-3	5.14772727272727
315	0	0	0	0	-1	4.6
316	394	395	7	116.5	-3	5.26190476190476
317	396	397	8	0.99548	-3	5.55384615384615
318	398	399	2	0.7625	-3	4.33333333333333
319	400	401	11	9.1	-3	4.94444444444445
320	0	0	0	0	-1	6
321	0	0	0	0	-1	6
322	0	0	0	0	-1	6
323	402	403	4	2.15	-3	5.25
324	0	0	0	0	-1	6
325	404	405	8	0.99885	-3	5
326	406	407	4	1.85	-3	6.36363636363636
327	408	409	6	9	-3	5.8695652173913
328	410	411	1	9.45	-3	5.3
329	412	413	4	2.75	-3	5.71428571428571
330	0	0	0	0	-1	4
331	414	415	8	0.997225	-3	4.92307692307692
332	416	417	8	0.99624	-3	5.55172413793103
333	0	0	0	0	-1	4.75
334	418	419	1	7.15	-3	6.03571428571429
335	0	0	0	0	-1	5
336	420	421	4	2	-3	6.66666666666667
337	422	423	8	0.99523	-3	6
338	0	0	0	0	-1	5
339	424	425	5	12.5	-3	6
340	0	0	0	0	-1	6
341	0	0	0	0	-1	6
342	0	0	0	0	-1	6
343	0	0	0	0	-1	5
344	0	0	0	0	-1	6.2
345	426	427	5	0.1955	-3	6.75
346	0	0	0	0	-1	6
347	0	0	0	0	-1	6
348	428	429	10	0.65	-3	5
349	0	0	0	0	-1	6
350	0	0	0	0	-1	6
351	0	0	0	0	-1	6
352	0	0	0	0	-1	5
353	0	0	0	0	-1	5
354	0	0	0	0	-1	5
355	0	0	0	0	-1	5
356	0	0	0	0	-1	5
357	430	431	10	0.715	-3	5
358	432	433	6	12.5	-3	5.13157894736842
359	434	435	3	0.285	-3	5.71428571428571
360	0	0	0	0	-1	6
361	0	0	0	0	-1	6
362	0	0	0	0	-1	6
363	436	437	8	0	-3	6
364	438	439	10	1.07	-3	6
365	0	0	0	0	-1	7
366	0	0	0	0	-1	6
367	440	441	2	0.36	-3	6
368	0	0	0	0	-1	6
369	0	0	0	0	-1	6
370	442	443	5	0.0975	-3	5
371	444	445	10	1.02	-3	5.27272727272727
372	446	447	2	0.72	-3	5
373	448	449	3	0	-3	5
374	0	0	0	0	-1	6
375	0	0	0	0	-1	5
376	450	451	2	0.375	-3	7.0625
377	0	0	0	0	-1	6.5
378	452	453	8	0.995075	-3	6.11764705882353
379	454	455	2	0.49	-3	5.66666666666667
380	456	457	8	1.0023	-3	6.28571428571429
381	0	0	0	0	-1	7
382	458	459	8	0.99734	-3	7
383	0	0	0	0	-1	8
384	460	461	4	4.8	-3	6.9375
385	0	0	0	0	-1	6
386	0	0	0	0	-1	6
387	0	0	0	0	-1	6
388	462	463	4	2.85	-3	6.83333333333333
389	0	0	0	0	-1	8
390	0	0	0	0	-1	6
391	464	465	5	0.076	-3	6
392	0	0	0	0	-1	4
393	466	467	2	0.585	-3	5.16091954022989
394	468	469	4	2.05	-3	5.29891304347826
395	470	471	11	3.5	-3	5
396	472	473	9	3.32	-3	5
397	474	475	9	3.155	-3	5.65454545454545
398	0	0	0	0	-1	3
399	0	0	0	0	-1	4.6
400	0	0	0	0	-1	5.66666666666667
401	476	477	5	0.0795	-3	4.90196078431373
402	478	479	5	0.068	-3	5.66666666666667
403	480	481	9	3.005	-3	5
404	0	0	0	0	-1	5
405	0	0	0	0	-1	5
406	0	0	0	0	-1	7
407	482	483	5	0	-3	6
408	0	0	0	0	-1	5
409	484	485	4	1.6	-3	5.95238095238095
410	486	487	3	0.505	-3	5.17948717948718
411	488	489	11	10.7	-3	5.72727272727273
412	490	491	3	0.515	-3	5.5
413	492	493	1	9.1	-3	6
414	494	495	1	9.35	-3	5
415	0	0	0	0	-1	4.66666666666667
416	496	497	8	0.995455	-3	5.40909090909091
417	498	499	10	6.75	-3	6
418	500	501	4	2.15	-3	5.66666666666667
419	502	503	7	10.5	-3	6.13636363636364
420	0	0	0	0	-1	6
421	0	0	0	0	-1	7
422	0	0	0	0	-1	6
423	504	505	9	3.445	-3	6
424	506	507	8	0.9983	-3	6
425	0	0	0	0	-1	6
426	0	0	0	0	-1	7
427	0	0	0	0	-1	6
428	0	0	0	0	-1	5
429	508	509	10	0	-3	5
430	0	0	0	0	-1	5
431	0	0	0	0	-1	5
432	0	0	0	0	-1	5.5
433	510	511	5	0.0585	-3	5.08823529411765
434	0	0	0	0	-1	6
435	0	0	0	0	-1	5
436	0	0	0	0	-1	5
437	512	513	6	10.5	-3	6
438	514	515	1	10.25	-3	6
439	0	0	0	0	-1	6
440	0	0	0	0	-1	6
441	0	0	0	0	-1	6
442	516	517	1	0	-3	5
443	518	519	7	1.8	-3	5
444	520	521	10	0.665	-3	5.15789473684211
445	0	0	0	0	-1	6
446	522	523	2	0.655	-3	5
447	524	525	11	9.6	-3	5
448	0	0	0	0	-1	5
449	526	527	9	3.29	-3	5
450	528	529	2	0.365	-3	7
451	0	0	0	0	-1	7.25
452	530	531	1	7.75	-3	5.70588235294118
453	532	533	1	6.15	-3	6.18627450980392
454	534	535	6	14	-3	5.375
455	0	0	0	0	-1	6.25
456	536	537	8	0.99688	-3	6.21052631578947
457	0	0	0	0	-1	7
458	538	539	10	0	-3	7
459	0	0	0	0	-1	7
460	540	541	7	15.5	-3	6.76923076923077
461	0	0	0	0	-1	7.66666666666667
462	542	543	4	2.3	-3	6.90909090909091
463	0	0	0	0	-1	6
464	544	545	9	3.38	-3	6
465	0	0	0	0	-1	6
466	546	547	3	0.165	-3	5.24074074074074
467	548	549	8	0.997735	-3	5.03030303030303
468	550	551	10	0.565	-3	5.44871794871795
469	552	553	2	0.41	-3	5.18867924528302
470	0	0	0	0	-1	5
471	554	555	10	0.585	-3	5
472	0	0	0	0	-1	5
473	0	0	0	0	-1	5
474	0	0	0	0	-1	5
475	556	557	9	3.49	-3	5.73469387755102
476	558	559	8	0.99662	-3	5.11111111111111
477	560	561	8	0.997725	-3	4.85714285714286
478	0	0	0	0	-1	5.33333333333333
479	0	0	0	0	-1	6
480	0	0	0	0	-1	5
481	562	563	11	0	-3	5
482	0	0	0	0	-1	7
483	564	565	1	8.95	-3	6
484	0	0	0	0	-1	5
485	566	567	2	0.585	-3	6
486	568	569	11	10.35	-3	5.21052631578947
487	0	0	0	0	-1	4
488	570	571	3	0.475	-3	5.5
489	0	0	0	0	-1	6
490	0	0	0	0	-1	5
491	0	0	0	0	-1	5.8
492	0	0	0	0	-1	6
493	0	0	0	0	-1	6
494	0	0	0	0	-1	5
495	0	0	0	0	-1	5
496	572	573	11	11	-3	6
497	574	575	8	0.995795	-3	5.1875
498	576	577	10	0.585	-3	6
499	0	0	0	0	-1	6
500	0	0	0	0	-1	4
501	0	0	0	0	-1	6
502	578	579	2	0.37	-3	6.42857142857143
503	580	581	6	6.5	-3	6
504	0	0	0	0	-1	6
505	0	0	0	0	-1	6
506	582	583	2	0.38	-3	6
507	0	0	0	0	-1	6
508	0	0	0	0	-1	7
509	584	585	9	3.105	-3	5
510	0	0	0	0	-1	6
511	586	587	2	0.615	-3	5.03125
512	0	0	0	0	-1	6
513	0	0	0	0	-1	6
514	0	0	0	0	-1	6
515	0	0	0	0	-1	6
516	0	0	0	0	-1	6
517	0	0	0	0	-1	5
518	0	0	0	0	-1	4
519	588	589	7	65.5	-3	5
520	0	0	0	0	-1	5.6
521	590	591	7	0	-3	5
522	592	593	3	0	-3	5
523	0	0	0	0	-1	5
524	594	595	11	0	-3	5
525	0	0	0	0	-1	5
526	0	0	0	0	-1	5
527	0	0	0	0	-1	5
528	596	597	3	0.395	-3	7
529	0	0	0	0	-1	7
530	598	599	9	3.47	-3	5.92307692307692
531	0	0	0	0	-1	5
532	0	0	0	0	-1	5.33333333333333
533	600	601	6	50.5	-3	6.21212121212121
534	0	0	0	0	-1	5
535	0	0	0	0	-1	6
536	0	0	0	0	-1	7
537	602	603	11	11.35	-3	6.16666666666667
538	0	0	0	0	-1	5
539	0	0	0	0	-1	7
540	604	605	9	3.065	-3	7
541	0	0	0	0	-1	6.25
542	0	0	0	0	-1	6.66666666666667
543	606	607	8	0.99524	-3	7
544	0	0	0	0	-1	6
545	0	0	0	0	-1	6
546	608	609	4	1.65	-3	5.61111111111111
547	610	611	7	88.5	-3	5.05555555555556
548	612	613	1	8.5	-3	4.96551724137931
549	0	0	0	0	-1	5.5
550	614	615	7	88.5	-3	5.22222222222222
551	616	617	2	0.6475	-3	5.56862745098039
552	618	619	7	55.5	-3	5.71428571428571
553	620	621	3	0.035	-3	5.15151515151515
554	0	0	0	0	-1	5
555	0	0	0	0	-1	5
556	622	623	7	78	-3	5.70833333333333
557	0	0	0	0	-1	7
558	0	0	0	0	-1	5.33333333333333
559	624	625	9	2.55	-3	5
560	626	627	3	0.24	-3	4.89189189189189
561	0	0	0	0	-1	4.6
562	0	0	0	0	-1	6
563	628	629	7	14.5	-3	5
564	0	0	0	0	-1	6
565	0	0	0	0	-1	6
566	0	0	0	0	-1	6
567	0	0	0	0	-1	6
568	0	0	0	0	-1	6
569	630	631	8	0.99505	-3	5.18918918918919
570	0	0	0	0	-1	5.75
571	0	0	0	0	-1	5
572	0	0	0	0	-1	6
573	0	0	0	0	-1	6
574	0	0	0	0	-1	5
575	632	633	11	10.5	-3	5.42857142857143
576	0	0	0	0	-1	6
577	0	0	0	0	-1	6
578	0	0	0	0	-1	6.2
579	0	0	0	0	-1	7
580	0	0	0	0	-1	6
581	0	0	0	0	-1	6
582	0	0	0	0	-1	6
583	634	635	3	0.115	-3	6
584	0	0	0	0	-1	5
585	0	0	0	0	-1	5
586	636	637	10	0.705	-3	5
587	638	639	10	0.815	-3	5.1
588	640	641	2	0	-3	5
589	0	0	0	0	-1	5
590	0	0	0	0	-1	6
591	0	0	0	0	-1	5
592	0	0	0	0	-1	6
593	642	643	1	0	-3	5
594	0	0	0	0	-1	5
595	644	645	10	0.95	-3	5
596	0	0	0	0	-1	7
597	0	0	0	0	-1	7
598	0	0	0	0	-1	6
599	0	0	0	0	-1	5.66666666666667
600	646	647	6	24.5	-3	6.1875
601	0	0	0	0	-1	7
602	648	649	6	8	-3	6.06666666666667
603	0	0	0	0	-1	6.66666666666667
604	0	0	0	0	-1	7
605	0	0	0	0	-1	7
606	0	0	0	0	-1	7
607	0	0	0	0	-1	7
608	0	0	0	0	-1	4.66666666666667
609	650	651	8	0.99552	-3	5.8
610	652	653	11	9.1	-3	5.02941176470588
611	0	0	0	0	-1	5.5
612	654	655	10	0.475	-3	5
613	656	657	2	0.6325	-3	4.83333333333333
614	658	659	6	12.5	-3	5.1304347826087
615	0	0	0	0	-1	5.75
616	660	661	7	80.5	-3	5.64444444444444
617	662	663	8	0.09	-3	5
618	664	665	11	9.3	-3	5.83333333333333
619	0	0	0	0	-1	5
620	666	667	7	25.5	-3	5.33333333333333
621	668	669	7	113	-3	5.11111111111111
622	670	671	9	3.45	-3	5.75555555555556
623	0	0	0	0	-1	5
624	0	0	0	0	-1	5
625	0	0	0	0	-1	5
626	672	673	7	60.5	-3	4.9375
627	0	0	0	0	-1	4.6
628	0	0	0	0	-1	5
629	0	0	0	0	-1	5
630	0	0	0	0	-1	5.75
631	674	675	6	24	-3	5.12121212121212
632	0	0	0	0	-1	6
633	0	0	0	0	-1	5.2
634	0	0	0	0	-1	6
635	0	0	0	0	-1	6
636	0	0	0	0	-1	5
637	0	0	0	0	-1	5
638	676	677	3	0	-3	5
639	0	0	0	0	-1	6
640	0	0	0	0	-1	6
641	678	679	7	0	-3	5
642	0	0	0	0	-1	6
643	0	0	0	0	-1	5
644	680	681	10	0	-3	5
645	0	0	0	0	-1	5
646	682	683	3	0.475	-3	6.27941176470588
647	684	685	10	0.86	-3	5.96428571428571
648	686	687	1	11.85	-3	6
649	0	0	0	0	-1	6.25
650	0	0	0	0	-1	5
651	688	689	10	0.46	-3	5.92307692307692
652	0	0	0	0	-1	6
653	690	691	2	0.565	-3	5
654	692	693	5	0	-3	5
655	694	695	6	28	-3	5
656	0	0	0	0	-1	4
657	0	0	0	0	-1	5
658	0	0	0	0	-1	5
659	696	697	8	0.996135	-3	5.25
660	698	699	5	0.0725	-3	5.71794871794872
661	700	701	9	3.29	-3	5.16666666666667
662	0	0	0	0	-1	6
663	0	0	0	0	-1	5
664	0	0	0	0	-1	5
665	0	0	0	0	-1	6
666	0	0	0	0	-1	6
667	702	703	7	86.5	-3	5.25
668	704	705	2	0.7025	-3	5.08860759493671
669	0	0	0	0	-1	6
670	706	707	10	0.565	-3	5.82926829268293
671	0	0	0	0	-1	5
672	708	709	7	21	-3	5
673	0	0	0	0	-1	4.6
674	710	711	6	3.5	-3	5.06666666666667
675	0	0	0	0	-1	5.66666666666667
676	0	0	0	0	-1	5
677	0	0	0	0	-1	5
678	0	0	0	0	-1	6
679	0	0	0	0	-1	5
680	0	0	0	0	-1	6
681	712	713	11	9.35	-3	5
682	714	715	7	73.5	-3	6.3921568627451
683	716	717	5	0.0645	-3	5.94117647058824
684	718	719	3	0.355	-3	6
685	0	0	0	0	-1	5.5
686	0	0	0	0	-1	6
687	720	721	9	3.115	-3	6
688	0	0	0	0	-1	5
689	722	723	3	0.135	-3	6
690	724	725	10	0.515	-3	5
691	0	0	0	0	-1	5
692	0	0	0	0	-1	6
693	726	727	1	8.05	-3	5
694	728	729	4	0	-3	5
695	730	731	4	0	-3	5
696	732	733	10	0.535	-3	5
697	734	735	8	0.99695	-3	5.5
698	736	737	1	6.7	-3	5.14285714285714
699	738	739	8	0.996345	-3	5.84375
700	0	0	0	0	-1	6
701	0	0	0	0	-1	5
702	740	741	10	0	-3	5
703	742	743	5	0.0805	-3	5.57142857142857
704	744	745	11	9.25	-3	5.06578947368421
705	0	0	0	0	-1	5.66666666666667
706	746	747	1	0	-3	6
707	748	749	5	0.0835	-3	5.70833333333333
708	750	751	10	0.865	-3	5
709	0	0	0	0	-1	5
710	0	0	0	0	-1	6
711	752	753	6	19.5	-3	5.03448275862069
712	0	0	0	0	-1	5
713	0	0	0	0	-1	5
714	754	755	8	0.996365	-3	6.42
715	0	0	0	0	-1	5
716	0	0	0	0	-1	5.66666666666667
717	0	0	0	0	-1	6
718	756	757	11	11.0333333333333	-3	6
719	0	0	0	0	-1	6
720	0	0	0	0	-1	6
721	0	0	0	0	-1	6
722	758	759	9	3.355	-3	6
723	0	0	0	0	-1	6
724	0	0	0	0	-1	5
725	760	761	5	53	-3	5
726	762	763	2	0	-3	5
727	0	0	0	0	-1	5
728	0	0	0	0	-1	5
729	764	765	5	0.065	-3	5
730	0	0	0	0	-1	7
731	766	767	10	0	-3	5
732	0	0	0	0	-1	5
733	0	0	0	0	-1	5
734	0	0	0	0	-1	6
735	0	0	0	0	-1	5
736	0	0	0	0	-1	5.5
737	0	0	0	0	-1	5
738	768	769	6	7.5	-3	5
739	770	771	7	36	-3	6.03846153846154
740	0	0	0	0	-1	4
741	772	773	9	3.54	-3	5
742	0	0	0	0	-1	5.25
743	0	0	0	0	-1	6
744	774	775	6	11.5	-3	4.94117647058824
745	776	777	7	36.5	-3	5.10169491525424
746	0	0	0	0	-1	6
747	0	0	0	0	-1	6
748	778	779	8	0.9973	-3	5.33333333333333
749	780	781	9	3.425	-3	5.93333333333333
750	782	783	3	0.055	-3	5
751	0	0	0	0	-1	5
752	784	785	2	0.495	-3	5
753	0	0	0	0	-1	5.25
754	786	787	6	23	-3	6.2
755	788	789	10	0.695	-3	6.56666666666667
756	790	791	11	10.8	-3	6
757	792	793	11	11.45	-3	6
758	0	0	0	0	-1	6
759	0	0	0	0	-1	6
760	0	0	0	0	-1	5
761	0	0	0	0	-1	5
762	0	0	0	0	-1	5
763	0	0	0	0	-1	5
764	0	0	0	0	-1	5
765	0	0	0	0	-1	5
766	0	0	0	0	-1	6
767	0	0	0	0	-1	5
768	0	0	0	0	-1	5
769	0	0	0	0	-1	5
770	794	795	8	0.997	-3	6.33333333333333
771	796	797	4	1.7	-3	5.88235294117647
772	798	799	5	0	-3	5
773	0	0	0	0	-1	5
774	0	0	0	0	-1	4.66666666666667
775	800	801	8	0	-3	5
776	802	803	11	9.35	-3	5.33333333333333
777	804	805	7	91	-3	5.06
778	806	807	9	3.415	-3	5.14285714285714
779	0	0	0	0	-1	6
780	808	809	1	7.2	-3	6
781	0	0	0	0	-1	5.5
782	810	811	4	0	-3	5
783	0	0	0	0	-1	5
784	812	813	3	0.45	-3	5
785	0	0	0	0	-1	5
786	814	815	2	0.265	-3	6.11111111111111
787	0	0	0	0	-1	7
788	816	817	2	0.425	-3	7
789	818	819	9	3.335	-3	6.43478260869565
790	0	0	0	0	-1	6
791	0	0	0	0	-1	6
792	820	821	1	6.65	-3	6
793	0	0	0	0	-1	6
794	0	0	0	0	-1	6.75
795	0	0	0	0	-1	6
796	0	0	0	0	-1	5
797	822	823	4	1.95	-3	5.9375
798	0	0	0	0	-1	3
799	824	825	1	7.15	-3	5
800	0	0	0	0	-1	5
801	826	827	4	0.565	-3	5
802	0	0	0	0	-1	5.66666666666667
803	828	829	8	0.99598	-3	5.16666666666667
804	830	831	2	0.66	-3	5.02380952380952
805	832	833	11	9.6	-3	5.25
806	0	0	0	0	-1	5
807	0	0	0	0	-1	6
808	0	0	0	0	-1	6
809	834	835	11	0.103	-3	6
810	0	0	0	0	-1	5
811	836	837	4	3.315	-3	5
812	838	839	2	0.425	-3	5
813	0	0	0	0	-1	5
814	0	0	0	0	-1	7
815	840	841	3	0.225	-3	6.05882352941176
816	0	0	0	0	-1	7
817	0	0	0	0	-1	7
818	842	843	2	0.405	-3	6.29411764705882
819	844	845	6	19	-3	6.83333333333333
820	0	0	0	0	-1	6
821	0	0	0	0	-1	6
822	846	847	8	0.996925	-3	6
823	0	0	0	0	-1	5.8
824	0	0	0	0	-1	5
825	0	0	0	0	-1	5
826	0	0	0	0	-1	5
827	848	849	9	3.065	-3	5
828	0	0	0	0	-1	6
829	0	0	0	0	-1	5
830	850	851	9	3.3	-3	5
831	0	0	0	0	-1	5.33333333333333
832	0	0	0	0	-1	5.4
833	0	0	0	0	-1	5
834	0	0	0	0	-1	6
835	852	853	11	9.95	-3	6
836	0	0	0	0	-1	5
837	0	0	0	0	-1	5
838	854	855	1	0	-3	5
839	856	857	6	0	-3	5
840	0	0	0	0	-1	6.5
841	858	859	9	3.25	-3	6
842	0	0	0	0	-1	7
843	860	861	9	3.11	-3	6
844	0	0	0	0	-1	6
845	0	0	0	0	-1	7
846	862	863	2	0	-3	6
847	0	0	0	0	-1	6
848	0	0	0	0	-1	5
849	864	865	2	0	-3	5
850	0	0	0	0	-1	5
851	866	867	4	2.35	-3	5
852	0	0	0	0	-1	6
853	868	869	5	0.087	-3	6
854	0	0	0	0	-1	5
855	870	871	9	3.445	-3	5
856	0	0	0	0	-1	5
857	872	873	2	0	-3	5
858	0	0	0	0	-1	6
859	874	875	10	0.645	-3	6
860	0	0	0	0	-1	6
861	876	877	7	55.5	-3	6
862	0	0	0	0	-1	6
863	878	879	10	0.996825	-3	6
864	0	0	0	0	-1	7
865	880	881	9	3.305	-3	5
866	882	883	2	0.5	-3	5
867	884	885	8	0.0775	-3	5
868	0	0	0	0	-1	6
869	886	887	4	0	-3	6
870	0	0	0	0	-1	5
871	0	0	0	0	-1	5
872	0	0	0	0	-1	5
873	0	0	0	0	-1	5
874	0	0	0	0	-1	6
875	0	0	0	0	-1	6
876	888	889	11	11.45	-3	6
877	0	0	0	0	-1	6
878	0	0	0	0	-1	6
879	0	0	0	0	-1	6
880	0	0	0	0	-1	5
881	0	0	0	0	-1	5
882	0	0	0	0	-1	5
883	890	891	7	0	-3	5
884	0	0	0	0	-1	7
885	892	893	8	0.997825	-3	5
886	0	0	0	0	-1	6
887	894	895	7	46.5	-3	6
888	0	0	0	0	-1	6
889	0	0	0	0	-1	6
890	0	0	0	0	-1	5
891	0	0	0	0	-1	5
892	896	897	5	3.425	-3	5
893	0	0	0	0	-1	5
894	0	0	0	0	-1	6
895	0	0	0	0	-1	6
896	898	899	7	72	-3	5
897	0	0	0	0	-1	5
898	0	0	0	0	-1	5
899	900	901	6	0	-3	5
900	0	0	0	0	-1	7
901	902	903	8	3.52	-3	5
902	0	0	0	0	-1	5
903	0	0	0	0	-1	5
