1	2	3	11	10.525	-3	5.64102564102564
2	4	5	2	0.4125	-3	5.38438438438438
3	6	7	2	0.425	-3	6.06833333333333
4	8	9	10	0.725	-3	5.72685185185185
5	10	11	3	0.85	-3	5.28991060025543
6	12	13	9	3.265	-3	6.36330935251798
7	14	15	6	5.5	-3	5.81366459627329
8	16	17	8	0.994615	-3	5.43410852713178
9	18	19	8	0.99625	-3	6.16091954022989
10	20	21	11	9.95	-3	5.29820051413881
11	0	0	0	0	-1	4
12	22	23	10	0.615	-3	6.61111111111111
13	24	25	9	3.7	-3	6.1578947368421
14	26	27	2	0.495	-3	5.5
15	28	29	2	0.9125	-3	5.86594202898551
16	0	0	0	0	-1	7
17	30	31	8	0.99635	-3	5.421875
18	0	0	0	0	-1	7.75
19	32	33	6	27.5	-3	6.08433734939759
20	34	35	10	0.535	-3	5.20289855072463
21	36	37	3	0.595	-3	5.53097345132743
22	38	39	11	11.45	-3	6.2972972972973
23	40	41	4	1.4	-3	6.74157303370786
24	42	43	8	0.99553	-3	6.12080536912752
25	0	0	0	0	-1	8
26	44	45	10	0.605	-3	6.27272727272727
27	46	47	8	0.99399	-3	5.25714285714286
28	48	49	3	0.525	-3	5.93536121673004
29	50	51	5	0.059	-3	4.46153846153846
30	52	53	5	0.0695	-3	5.19444444444444
31	54	55	1	7.45	-3	5.51086956521739
32	56	57	3	0.535	-3	6.19718309859155
33	58	59	11	10.05	-3	5.41666666666667
34	60	61	1	6.85	-3	4.98351648351648
35	62	63	11	8.55	-3	5.31081081081081
36	64	65	4	2.95	-3	5.49074074074074
37	66	67	4	3	-3	6.4
38	68	69	5	0.0675	-3	5.76923076923077
39	70	71	2	0.275	-3	6.58333333333333
40	0	0	0	0	-1	6
41	72	73	2	0.385	-3	6.76744186046512
42	74	75	1	8.1	-3	6.33783783783784
43	76	77	3	0.405	-3	5.90666666666667
44	0	0	0	0	-1	7
45	0	0	0	0	-1	6
46	78	79	1	6.1	-3	6.16666666666667
47	80	81	3	0.085	-3	5.06896551724138
48	82	83	6	7.5	-3	5.86610878661088
49	84	85	3	0.775	-3	6.625
50	86	87	9	3.64	-3	5.16666666666667
51	88	89	3	0.255	-3	3.85714285714286
52	0	0	0	0	-1	4.5
53	90	91	11	10.2	-3	5.28125
54	92	93	6	33	-3	5.88888888888889
55	94	95	2	0.365	-3	5.41891891891892
56	96	97	2	0.395	-3	6.05882352941177
57	98	99	8	0.99805	-3	6.55
58	100	101	6	31	-3	5
59	0	0	0	0	-1	6.25
60	102	103	11	9.7	-3	4.625
61	104	105	6	38	-3	5.01807228915662
62	0	0	0	0	-1	3
63	106	107	6	18.5	-3	5.32336956521739
64	108	109	7	13.5	-3	5.57303370786517
65	110	111	9	3.26	-3	5.10526315789474
66	0	0	0	0	-1	5.8
67	0	0	0	0	-1	7
68	0	0	0	0	-1	7
69	112	113	7	20.5	-3	5.66666666666667
70	114	115	7	21.5	-3	6.16666666666667
71	116	117	11	13.1	-3	6.72222222222222
72	118	119	11	11.9	-3	6.87323943661972
73	120	121	6	27	-3	6.26666666666667
74	122	123	10	0.795	-3	6.08333333333333
75	124	125	11	11.75	-3	6.80769230769231
76	126	127	10	0.615	-3	5.65
77	128	129	3	0.485	-3	6.2
78	0	0	0	0	-1	7
79	0	0	0	0	-1	5.75
80	130	131	7	13.5	-3	4.6
81	132	133	1	7.9	-3	5.57142857142857
82	134	135	2	0.45	-3	5.52777777777778
83	136	137	10	0.575	-3	5.92610837438424
84	138	139	11	11.35	-3	6.77272727272727
85	0	0	0	0	-1	5
86	0	0	0	0	-1	5.5
87	0	0	0	0	-1	5
88	140	141	11	11.1	-3	3.66666666666667
89	0	0	0	0	-1	5
90	142	143	6	23.5	-3	5.20689655172414
91	0	0	0	0	-1	6
92	144	145	10	0.505	-3	5.94117647058824
93	0	0	0	0	-1	5
94	146	147	5	0.0825	-3	5.58536585365854
95	148	149	7	68.5	-3	5.21212121212121
96	150	151	3	0.415	-3	5.97826086956522
97	0	0	0	0	-1	6.8
98	152	153	11	9.6	-3	6.85714285714286
99	154	155	7	21	-3	5.83333333333333
100	0	0	0	0	-1	5
101	0	0	0	0	-1	5
102	0	0	0	0	-1	5
103	156	157	2	0.775	-3	4.14285714285714
104	158	159	1	7	-3	5
105	0	0	0	0	-1	5.6
106	160	161	9	3.205	-3	5.44166666666667
107	162	163	10	1.365	-3	5.1015625
108	164	165	10	0.42	-3	4.71428571428571
109	166	167	3	0.015	-3	5.60818713450292
110	0	0	0	0	-1	5.75
111	168	169	1	8.55	-3	5.02941176470588
112	0	0	0	0	-1	5
113	170	171	1	12.45	-3	5.88888888888889
114	0	0	0	0	-1	6.33333333333333
115	0	0	0	0	-1	6
116	172	173	3	0.275	-3	6.8125
117	0	0	0	0	-1	6
118	174	175	3	0.315	-3	7
119	176	177	1	9.8	-3	6.4375
120	178	179	2	0.405	-3	6.35714285714286
121	0	0	0	0	-1	5
122	180	181	11	11.15	-3	5.975
123	182	183	7	44.5	-3	6.625
124	0	0	0	0	-1	7.5
125	184	185	1	10	-3	6.68181818181818
126	186	187	6	10.5	-3	4.71428571428571
127	188	189	7	27.5	-3	5.84848484848485
128	190	191	8	0.99727	-3	6.81818181818182
129	192	193	10	0.805	-3	5.91666666666667
130	194	195	3	0.06	-3	4.76923076923077
131	0	0	0	0	-1	3.5
132	0	0	0	0	-1	6
133	196	197	7	14.5	-3	5.33333333333333
134	198	199	6	6.5	-3	6.1
135	200	201	1	10.6	-3	5.30769230769231
136	202	203	11	11.35	-3	5.51063829787234
137	204	205	8	0.9928	-3	6.05128205128205
138	0	0	0	0	-1	6.25
139	206	207	2	0.465	-3	6.88888888888889
140	0	0	0	0	-1	3
141	0	0	0	0	-1	4
142	208	209	4	2.2	-3	5.04761904761905
143	210	211	2	0.38	-3	5.625
144	0	0	0	0	-1	5.66666666666667
145	212	213	8	0.99654	-3	6
146	214	215	4	1.85	-3	5.77777777777778
147	216	217	2	0.355	-3	5.21428571428571
148	218	219	10	0.665	-3	5.34782608695652
149	220	221	2	0.385	-3	4.9
150	222	223	3	0.405	-3	5.72727272727273
151	224	225	1	14.15	-3	6.05714285714286
152	0	0	0	0	-1	5
153	226	227	4	0	-3	7
154	0	0	0	0	-1	5
155	0	0	0	0	-1	6
156	0	0	0	0	-1	5
157	0	0	0	0	-1	3.5
158	0	0	0	0	-1	4
159	228	229	11	9.65	-3	5.00625
160	230	231	1	9	-3	5.24193548387097
161	232	233	11	9.85	-3	5.51123595505618
162	234	235	1	10.35	-3	5.0495867768595
163	0	0	0	0	-1	6
164	0	0	0	0	-1	4
165	236	237	2	0.6875	-3	4.83333333333333
166	238	239	7	23	-3	6.23076923076923
167	240	241	7	76.5	-3	5.55696202531646
168	242	243	3	0.025	-3	5
169	244	245	1	8.9	-3	5.16666666666667
170	0	0	0	0	-1	6
171	0	0	0	0	-1	5
172	0	0	0	0	-1	6
173	246	247	2	0.32	-3	6.92857142857143
174	0	0	0	0	-1	8
175	248	249	7	64.5	-3	6.92156862745098
176	250	251	3	0.435	-3	6.58333333333333
177	0	0	0	0	-1	6
178	252	253	10	0.64	-3	6.14285714285714
179	254	255	8	0.9971	-3	6.57142857142857
180	256	257	2	0.245	-3	5.66666666666667
181	258	259	7	9.5	-3	6.10714285714286
182	0	0	0	0	-1	7
183	0	0	0	0	-1	6
184	260	261	6	3.5	-3	6.75
185	0	0	0	0	-1	6
186	262	263	7	16.5	-3	4.5
187	0	0	0	0	-1	6
188	0	0	0	0	-1	6.75
189	264	265	10	0.895	-3	5.72413793103448
190	266	267	10	0.63	-3	6.16666666666667
191	0	0	0	0	-1	7.6
192	268	269	7	95.5	-3	5.80952380952381
193	0	0	0	0	-1	6.66666666666667
194	270	271	5	0.091	-3	4.90909090909091
195	0	0	0	0	-1	4
196	0	0	0	0	-1	6
197	272	273	4	3.975	-3	5
198	0	0	0	0	-1	6
199	0	0	0	0	-1	7
200	274	275	5	0.065	-3	5.18181818181818
201	0	0	0	0	-1	6
202	276	277	4	1.95	-3	5.28
203	278	279	10	0.555	-3	5.77272727272727
204	280	281	6	12.5	-3	7
205	282	283	4	5.2	-3	5.97931034482759
206	0	0	0	0	-1	6
207	284	285	4	5.7	-3	6.94117647058824
208	286	287	7	33.5	-3	5
209	0	0	0	0	-1	6
210	0	0	0	0	-1	6
211	0	0	0	0	-1	5.4
212	0	0	0	0	-1	6
213	288	289	3	0.195	-3	6
214	290	291	7	13.5	-3	6
215	292	293	6	35	-3	5.64705882352941
216	294	295	8	0.99748	-3	5.15384615384615
217	0	0	0	0	-1	6
218	296	297	8	0.99645	-3	5.15789473684211
219	0	0	0	0	-1	6.25
220	0	0	0	0	-1	4.5
221	298	299	10	0.63	-3	5
222	300	301	8	0.9998	-3	5.88888888888889
223	0	0	0	0	-1	5
224	302	303	7	13.5	-3	6
225	0	0	0	0	-1	7
226	0	0	0	0	-1	5
227	304	305	1	9.35	-3	7
228	306	307	9	3.375	-3	4.97087378640777
229	308	309	1	7.15	-3	5.07017543859649
230	310	311	6	7	-3	5.07894736842105
231	312	313	9	3.015	-3	5.5
232	314	315	4	1.85	-3	5.47590361445783
233	316	317	3	0.265	-3	6
234	318	319	8	1.003055	-3	5.09649122807018
235	320	321	9	3.31	-3	4.28571428571429
236	0	0	0	0	-1	5
237	0	0	0	0	-1	4
238	322	323	1	7.5	-3	7
239	324	325	6	16.5	-3	5.57142857142857
240	326	327	4	2.05	-3	5.6231884057971
241	328	329	5	0.078	-3	5.1
242	0	0	0	0	-1	5
243	330	331	10	0.62	-3	5
244	0	0	0	0	-1	6
245	0	0	0	0	-1	5
246	332	333	2	0.29	-3	7
247	0	0	0	0	-1	6.8
248	334	335	7	9	-3	6.9
249	0	0	0	0	-1	8
250	336	337	4	2.85	-3	6.16666666666667
251	338	339	6	5.5	-3	7
252	0	0	0	0	-1	7
253	340	341	3	0.555	-3	6
254	0	0	0	0	-1	7
255	0	0	0	0	-1	6.25
256	0	0	0	0	-1	5
257	342	343	8	0.995	-3	6
258	0	0	0	0	-1	7
259	344	345	10	0.505	-3	6.07407407407407
260	0	0	0	0	-1	6
261	346	347	11	11.85	-3	6.83333333333333
262	0	0	0	0	-1	4
263	0	0	0	0	-1	4.75
264	348	349	2	0.285	-3	5.80769230769231
265	0	0	0	0	-1	5
266	0	0	0	0	-1	7
267	0	0	0	0	-1	6
268	350	351	2	0.325	-3	5.94444444444444
269	0	0	0	0	-1	5
270	352	353	9	3.47	-3	5
271	0	0	0	0	-1	4
272	0	0	0	0	-1	5
273	0	0	0	0	-1	5
274	354	355	2	0.695	-3	5.5
275	356	357	4	2.25	-3	5.0625
276	358	359	2	0.47	-3	5.75
277	360	361	3	0.01	-3	5.05882352941176
278	362	363	11	11.75	-3	5.53846153846154
279	364	365	6	31.5	-3	6.11111111111111
280	0	0	0	0	-1	8
281	366	367	3	0.03	-3	6.77777777777778
282	368	369	3	0.225	-3	5.95774647887324
283	0	0	0	0	-1	7
284	370	371	9	3.205	-3	7.06666666666667
285	0	0	0	0	-1	6
286	372	373	5	0.082	-3	5
287	0	0	0	0	-1	5
288	0	0	0	0	-1	6
289	0	0	0	0	-1	6
290	0	0	0	0	-1	6
291	374	375	1	0	-3	6
292	376	377	10	0.6	-3	5.73333333333333
293	0	0	0	0	-1	5
294	0	0	0	0	-1	5.5
295	378	379	7	0	-3	5
296	0	0	0	0	-1	6
297	380	381	11	9.65	-3	5.11111111111111
298	382	383	6	0	-3	5
299	0	0	0	0	-1	5
300	384	385	11	10.1	-3	6
301	0	0	0	0	-1	5
302	0	0	0	0	-1	6.25
303	386	387	7	18	-3	5.96551724137931
304	0	0	0	0	-1	7
305	0	0	0	0	-1	7
306	388	389	3	0.015	-3	4.98876404494382
307	390	391	9	3.385	-3	4.85714285714286
308	392	393	6	14.5	-3	5.5
309	394	395	5	0.098	-3	5.01960784313726
310	0	0	0	0	-1	5.8
311	396	397	3	0.595	-3	4.96969696969697
312	0	0	0	0	-1	6
313	398	399	1	10.35	-3	5.36842105263158
314	400	401	10	0.83	-3	5.18181818181818
315	402	403	2	0.495	-3	5.54887218045113
316	0	0	0	0	-1	6
317	0	0	0	0	-1	6
318	404	405	2	0.945	-3	5.07207207207207
319	0	0	0	0	-1	6
320	0	0	0	0	-1	5
321	0	0	0	0	-1	3.33333333333333
322	0	0	0	0	-1	7
323	0	0	0	0	-1	7
324	0	0	0	0	-1	5
325	0	0	0	0	-1	6
326	406	407	6	4.5	-3	5.47142857142857
327	408	409	6	6.5	-3	5.77941176470588
328	0	0	0	0	-1	6
329	410	411	10	1.13	-3	5.05263157894737
330	412	413	1	0	-3	5
331	414	415	5	7.2	-3	5
332	0	0	0	0	-1	7
333	0	0	0	0	-1	7
334	0	0	0	0	-1	6
335	416	417	10	0.64	-3	6.91836734693878
336	0	0	0	0	-1	6
337	0	0	0	0	-1	7
338	0	0	0	0	-1	7
339	0	0	0	0	-1	7
340	0	0	0	0	-1	6
341	0	0	0	0	-1	6
342	0	0	0	0	-1	5.6
343	0	0	0	0	-1	6.66666666666667
344	0	0	0	0	-1	7
345	418	419	3	0.06	-3	6
346	420	421	9	3.355	-3	6.5
347	422	423	10	0.715	-3	7
348	0	0	0	0	-1	6.4
349	424	425	10	0.8	-3	5.66666666666667
350	426	427	8	0.99821	-3	5.71428571428571
351	428	429	11	10.9	-3	6.09090909090909
352	0	0	0	0	-1	5
353	430	431	1	0	-3	5
354	0	0	0	0	-1	5.25
355	0	0	0	0	-1	6
356	432	433	10	0.56	-3	5
357	0	0	0	0	-1	5.25
358	0	0	0	0	-1	5
359	434	435	10	0.565	-3	5.85714285714286
360	0	0	0	0	-1	5.66666666666667
361	436	437	6	9.5	-3	4.92857142857143
362	0	0	0	0	-1	5
363	438	439	1	6.25	-3	5.77777777777778
364	440	441	1	7.35	-3	6
365	0	0	0	0	-1	7
366	0	0	0	0	-1	6.33333333333333
367	442	443	11	12.55	-3	7
368	444	445	5	0.0895	-3	6.06024096385542
369	446	447	2	0.6	-3	5.8135593220339
370	0	0	0	0	-1	7
371	0	0	0	0	-1	8
372	448	449	9	0	-3	5
373	450	451	5	0	-3	5
374	0	0	0	0	-1	6
375	0	0	0	0	-1	6
376	452	453	10	0.525	-3	6
377	454	455	10	0.665	-3	5.55555555555556
378	0	0	0	0	-1	5
379	456	457	10	0.49	-3	5
380	458	459	6	26.5	-3	5.22222222222222
381	460	461	3	0.57	-3	5
382	0	0	0	0	-1	5
383	462	463	2	0.405	-3	5
384	0	0	0	0	-1	6
385	0	0	0	0	-1	6
386	0	0	0	0	-1	5.66666666666667
387	464	465	11	9.15	-3	6
388	466	467	1	8.15	-3	4.83333333333333
389	468	469	4	2.7	-3	5
390	0	0	0	0	-1	4.33333333333333
391	470	471	4	2.25	-3	5
392	0	0	0	0	-1	5
393	0	0	0	0	-1	6
394	472	473	6	11.5	-3	4.97916666666667
395	0	0	0	0	-1	5.66666666666667
396	474	475	7	28.5	-3	4.9375
397	0	0	0	0	-1	6
398	476	477	8	0.9984	-3	5.58333333333333
399	478	479	5	0	-3	5
400	480	481	8	0.9971	-3	5.12903225806452
401	0	0	0	0	-1	6
402	482	483	6	7.5	-3	5.21052631578947
403	484	485	11	9.1	-3	5.60526315789474
404	486	487	6	23.5	-3	5.09090909090909
405	0	0	0	0	-1	3
406	0	0	0	0	-1	7
407	488	489	3	0.1	-3	5.44927536231884
408	490	491	7	38	-3	5.2
409	492	493	10	0.605	-3	5.87931034482759
410	494	495	5	0.0885	-3	5
411	0	0	0	0	-1	6
412	0	0	0	0	-1	5
413	496	497	9	0	-3	5
414	0	0	0	0	-1	5
415	0	0	0	0	-1	5
416	0	0	0	0	-1	6
417	498	499	6	5.5	-3	6.95744680851064
418	0	0	0	0	-1	6
419	500	501	1	7.9	-3	6
420	0	0	0	0	-1	7
421	0	0	0	0	-1	6
422	0	0	0	0	-1	7
423	502	503	4	2.65	-3	7
424	504	505	9	3.41	-3	5.41666666666667
425	0	0	0	0	-1	6
426	506	507	6	22	-3	5.83333333333333
427	0	0	0	0	-1	5
428	0	0	0	0	-1	7
429	508	509	6	17.5	-3	6
430	0	0	0	0	-1	5
431	510	511	11	11.15	-3	5
432	0	0	0	0	-1	5.5
433	512	513	2	0.475	-3	4.9
434	514	515	8	0.99319	-3	6
435	0	0	0	0	-1	5
436	0	0	0	0	-1	6
437	516	517	2	0.66	-3	4.84615384615385
438	0	0	0	0	-1	5
439	518	519	4	0	-3	6
440	0	0	0	0	-1	6
441	0	0	0	0	-1	6
442	0	0	0	0	-1	7
443	0	0	0	0	-1	7
444	520	521	6	44	-3	5.98571428571429
445	522	523	11	10.75	-3	6.46153846153846
446	524	525	5	0.095	-3	5.91489361702128
447	526	527	2	0.6525	-3	5.41666666666667
448	0	0	0	0	-1	7
449	528	529	3	0.2	-3	5
450	0	0	0	0	-1	5
451	530	531	4	4.5	-3	5
452	0	0	0	0	-1	6
453	0	0	0	0	-1	6
454	0	0	0	0	-1	5
455	0	0	0	0	-1	6
456	0	0	0	0	-1	5
457	532	533	11	0	-3	5
458	534	535	5	0.152	-3	5.125
459	0	0	0	0	-1	6
460	0	0	0	0	-1	5
461	0	0	0	0	-1	5
462	0	0	0	0	-1	5
463	0	0	0	0	-1	5
464	0	0	0	0	-1	6
465	536	537	10	0	-3	6
466	0	0	0	0	-1	5
467	0	0	0	0	-1	4.5
468	538	539	1	7.85	-3	5.01515151515152
469	540	541	6	19	-3	4.94117647058824
470	542	543	11	9.45	-3	5
471	0	0	0	0	-1	5
472	544	545	7	58.5	-3	4.89473684210526
473	546	547	10	0.475	-3	5.03448275862069
474	0	0	0	0	-1	4
475	548	549	4	2.1	-3	4.96774193548387
476	0	0	0	0	-1	5
477	550	551	4	3.175	-3	6
478	0	0	0	0	-1	5
479	552	553	1	9.7	-3	5
480	554	555	8	0.99589	-3	5.04347826086957
481	556	557	2	0.68	-3	5.375
482	0	0	0	0	-1	6
483	558	559	2	0.465	-3	5.11764705882353
484	560	561	10	0.595	-3	6
485	562	563	1	9.15	-3	5.57142857142857
486	564	565	8	0.99735	-3	5.2093023255814
487	566	567	3	0.335	-3	5.01492537313433
488	568	569	4	1.95	-3	5.78260869565217
489	570	571	8	0.99767	-3	5.28260869565217
490	572	573	7	15.5	-3	5.11111111111111
491	0	0	0	0	-1	6
492	574	575	11	10.15	-3	5.63333333333333
493	576	577	4	2.25	-3	6.14285714285714
494	578	579	11	7.55	-3	5
495	0	0	0	0	-1	5
496	0	0	0	0	-1	5
497	0	0	0	0	-1	5
498	580	581	2	0.34	-3	7.2
499	582	583	10	1.055	-3	6.89189189189189
500	584	585	3	0	-3	6
501	0	0	0	0	-1	6
502	586	587	2	0.215	-3	7
503	0	0	0	0	-1	7
504	588	589	4	2.35	-3	5.125
505	0	0	0	0	-1	6
506	0	0	0	0	-1	6
507	0	0	0	0	-1	5
508	0	0	0	0	-1	6
509	0	0	0	0	-1	6
510	0	0	0	0	-1	5
511	0	0	0	0	-1	5
512	0	0	0	0	-1	4
513	0	0	0	0	-1	5
514	0	0	0	0	-1	6
515	0	0	0	0	-1	6
516	590	591	11	10.8	-3	5
517	0	0	0	0	-1	4.33333333333333
518	0	0	0	0	-1	5
519	592	593	4	2	-3	6
520	594	595	7	15	-3	6.02985074626866
521	0	0	0	0	-1	5
522	0	0	0	0	-1	7
523	596	597	3	0.095	-3	6.3
524	598	599	9	3.205	-3	6
525	0	0	0	0	-1	5.2
526	600	601	2	10.85	-3	5
527	602	603	8	1.0006	-3	5.83333333333333
528	0	0	0	0	-1	5
529	0	0	0	0	-1	5
530	0	0	0	0	-1	5
531	0	0	0	0	-1	5
532	0	0	0	0	-1	6
533	604	605	7	39	-3	5
534	606	607	3	0	-3	5
535	0	0	0	0	-1	6
536	0	0	0	0	-1	5
537	608	609	4	1.5	-3	6
538	610	611	2	0.565	-3	5.05555555555556
539	612	613	10	0.505	-3	5
540	0	0	0	0	-1	4.66666666666667
541	614	615	9	0	-3	5
542	616	617	11	0	-3	5
543	0	0	0	0	-1	5
544	0	0	0	0	-1	5
545	0	0	0	0	-1	4
546	0	0	0	0	-1	5.33333333333333
547	618	619	1	25.5	-3	5
548	0	0	0	0	-1	5
549	620	621	9	3.195	-3	4.875
550	0	0	0	0	-1	6
551	0	0	0	0	-1	6
552	0	0	0	0	-1	5
553	0	0	0	0	-1	5
554	622	623	7	56.5	-3	5.14285714285714
555	624	625	5	0.139	-3	5
556	626	627	3	0.08	-3	5.16666666666667
557	0	0	0	0	-1	6
558	628	629	5	0.082	-3	5
559	630	631	10	0.645	-3	5.28571428571429
560	0	0	0	0	-1	6
561	0	0	0	0	-1	6
562	632	633	6	16.5	-3	5.59405940594059
563	0	0	0	0	-1	5
564	634	635	7	72.5	-3	5.4375
565	636	637	5	0.0875	-3	5.07407407407407
566	638	639	2	0.855	-3	4.93877551020408
567	640	641	2	0.45	-3	5.22222222222222
568	642	643	2	0.6125	-3	5.92857142857143
569	644	645	7	33.5	-3	5.55555555555556
570	646	647	2	0.5975	-3	5.21428571428571
571	0	0	0	0	-1	6
572	0	0	0	0	-1	6
573	648	649	9	3.305	-3	5
574	650	651	9	3.29	-3	5.375
575	652	653	5	0.0715	-3	5.92857142857143
576	654	655	11	10.3	-3	6.45454545454546
577	656	657	5	0.0865	-3	5.94117647058824
578	0	0	0	0	-1	6
579	658	659	8	0.9984	-3	5
580	660	661	5	0	-3	7
581	0	0	0	0	-1	8
582	662	663	5	0.0875	-3	6.94285714285714
583	0	0	0	0	-1	6
584	0	0	0	0	-1	7
585	664	665	2	21.5	-3	6
586	0	0	0	0	-1	7
587	0	0	0	0	-1	7
588	0	0	0	0	-1	6
589	666	667	2	0	-3	5
590	0	0	0	0	-1	5
591	668	669	5	0	-3	5
592	0	0	0	0	-1	6
593	0	0	0	0	-1	6
594	0	0	0	0	-1	7
595	670	671	5	0.0555	-3	6.01515151515152
596	672	673	7	24	-3	6.125
597	0	0	0	0	-1	7
598	674	675	5	0.0565	-3	5.8
599	676	677	4	2.65	-3	6.0625
600	0	0	0	0	-1	5
601	0	0	0	0	-1	5
602	0	0	0	0	-1	6.25
603	0	0	0	0	-1	5
604	0	0	0	0	-1	5
605	0	0	0	0	-1	5
606	0	0	0	0	-1	5
607	678	679	1	8.2	-3	5
608	0	0	0	0	-1	6
609	680	681	8	54.5	-3	6
610	0	0	0	0	-1	5.25
611	682	683	4	1.9	-3	5
612	684	685	5	0.0965	-3	5
613	0	0	0	0	-1	5
614	0	0	0	0	-1	6
615	0	0	0	0	-1	5
616	0	0	0	0	-1	5
617	686	687	9	0	-3	5
618	688	689	3	0.085	-3	5
619	0	0	0	0	-1	5
620	690	691	3	0	-3	5
621	0	0	0	0	-1	4
622	692	693	10	0.59	-3	5
623	0	0	0	0	-1	6
624	694	695	3	0	-3	5
625	0	0	0	0	-1	5
626	0	0	0	0	-1	5.5
627	0	0	0	0	-1	5
628	0	0	0	0	-1	5
629	696	697	9	0	-3	5
630	0	0	0	0	-1	5
631	0	0	0	0	-1	6
632	698	699	4	2.05	-3	5.67058823529412
633	700	701	4	2.15	-3	5.1875
634	702	703	7	33	-3	5
635	704	705	11	9.6	-3	5.875
636	706	707	2	0.535	-3	5
637	0	0	0	0	-1	5.4
638	708	709	10	1.095	-3	4.97872340425532
639	0	0	0	0	-1	4
640	0	0	0	0	-1	6
641	710	711	4	2.75	-3	5.06666666666667
642	712	713	7	38	-3	6
643	0	0	0	0	-1	5.5
644	0	0	0	0	-1	5
645	714	715	3	0.07	-3	5.71428571428571
646	716	717	8	0.99526	-3	5.47368421052632
647	718	719	5	0.0875	-3	5
648	720	721	4	0	-3	5
649	0	0	0	0	-1	5
650	722	723	6	12.5	-3	5.75
651	724	725	4	2.4	-3	5
652	0	0	0	0	-1	5.75
653	0	0	0	0	-1	6
654	726	727	7	58	-3	6.625
655	0	0	0	0	-1	6
656	728	729	11	10.35	-3	5.57142857142857
657	730	731	6	13.5	-3	6.2
658	732	733	7	0	-3	5
659	0	0	0	0	-1	5
660	0	0	0	0	-1	5
661	734	735	8	0.99776	-3	7
662	736	737	10	0.91	-3	7.04
663	738	739	6	10	-3	6.7
664	740	741	7	14.5	-3	6
665	0	0	0	0	-1	6
666	0	0	0	0	-1	5
667	0	0	0	0	-1	5
668	0	0	0	0	-1	5
669	742	743	6	21	-3	5
670	0	0	0	0	-1	5.33333333333333
671	744	745	2	0.79	-3	6.04761904761905
672	0	0	0	0	-1	7
673	746	747	8	0	-3	6
674	0	0	0	0	-1	5
675	748	749	7	46	-3	6
676	750	751	11	12.45	-3	6
677	752	753	7	36.5	-3	6.33333333333333
678	0	0	0	0	-1	5
679	0	0	0	0	-1	5
680	754	755	9	3.325	-3	6
681	0	0	0	0	-1	6
682	0	0	0	0	-1	5
683	756	757	4	0	-3	5
684	758	759	5	0	-3	5
685	760	761	6	0	-3	5
686	0	0	0	0	-1	5
687	0	0	0	0	-1	5
688	0	0	0	0	-1	5
689	0	0	0	0	-1	5
690	0	0	0	0	-1	6
691	762	763	3	0	-3	5
692	0	0	0	0	-1	5
693	0	0	0	0	-1	5
694	0	0	0	0	-1	5
695	764	765	1	6.55	-3	5
696	0	0	0	0	-1	5
697	766	767	8	0.99696	-3	5
698	768	769	2	0.695	-3	5.56410256410256
699	770	771	2	0.675	-3	5.76086956521739
700	772	773	1	7.65	-3	5.42857142857143
701	774	775	6	7.15	-3	5
702	0	0	0	0	-1	5
703	776	777	2	0	-3	5
704	0	0	0	0	-1	6
705	0	0	0	0	-1	5
706	778	779	6	0	-3	5
707	780	781	6	0	-3	5
708	782	783	1	6.85	-3	5.02222222222222
709	0	0	0	0	-1	4
710	0	0	0	0	-1	5
711	0	0	0	0	-1	5.25
712	0	0	0	0	-1	6
713	0	0	0	0	-1	6
714	0	0	0	0	-1	6
715	0	0	0	0	-1	5
716	0	0	0	0	-1	6
717	784	785	7	31	-3	5.375
718	786	787	3	0.28	-3	5.05
719	0	0	0	0	-1	4.66666666666667
720	0	0	0	0	-1	6
721	788	789	3	3.135	-3	5
722	0	0	0	0	-1	5
723	790	791	9	0.52	-3	6
724	792	793	10	0	-3	5
725	0	0	0	0	-1	5
726	794	795	6	12	-3	6.83333333333333
727	0	0	0	0	-1	6
728	0	0	0	0	-1	5
729	0	0	0	0	-1	5.8
730	0	0	0	0	-1	6.4
731	0	0	0	0	-1	6
732	0	0	0	0	-1	5
733	796	797	1	7.55	-3	5
734	0	0	0	0	-1	7
735	0	0	0	0	-1	7
736	798	799	9	0	-3	7
737	0	0	0	0	-1	7.2
738	800	801	6	7.5	-3	6.875
739	0	0	0	0	-1	6
740	0	0	0	0	-1	6
741	802	803	2	0.3925	-3	6
742	0	0	0	0	-1	5
743	0	0	0	0	-1	5
744	804	805	2	0.6375	-3	6.03225806451613
745	0	0	0	0	-1	7
746	0	0	0	0	-1	7
747	806	807	5	0.121	-3	6
748	808	809	2	0.455	-3	6
749	0	0	0	0	-1	6
750	0	0	0	0	-1	6
751	0	0	0	0	-1	6
752	0	0	0	0	-1	7
753	0	0	0	0	-1	6
754	0	0	0	0	-1	6
755	0	0	0	0	-1	6
756	0	0	0	0	-1	5
757	810	811	5	0	-3	5
758	0	0	0	0	-1	5
759	812	813	4	2.25	-3	5
760	0	0	0	0	-1	7
761	0	0	0	0	-1	5
762	0	0	0	0	-1	6
763	0	0	0	0	-1	5
764	814	815	6	0	-3	5
765	816	817	1	7.9	-3	5
766	0	0	0	0	-1	5
767	818	819	8	0	-3	5
768	820	821	11	9.35	-3	5.67647058823529
769	0	0	0	0	-1	4.8
770	822	823	2	0.655	-3	5.66666666666667
771	824	825	10	0.79	-3	6
772	0	0	0	0	-1	5.6
773	0	0	0	0	-1	5
774	0	0	0	0	-1	5
775	826	827	2	0.7025	-3	5
776	0	0	0	0	-1	7
777	828	829	3	0.996865	-3	5
778	0	0	0	0	-1	5
779	830	831	9	0	-3	5
780	0	0	0	0	-1	5
781	0	0	0	0	-1	5
782	832	833	10	0.75	-3	5.125
783	834	835	10	0.665	-3	5
784	836	837	9	3.42	-3	5.66666666666667
785	838	839	8	0	-3	5
786	840	841	5	0	-3	5
787	842	843	11	10.1	-3	5.16666666666667
788	0	0	0	0	-1	5
789	0	0	0	0	-1	5
790	0	0	0	0	-1	7
791	0	0	0	0	-1	6
792	0	0	0	0	-1	5
793	0	0	0	0	-1	5
794	0	0	0	0	-1	6.5
795	0	0	0	0	-1	7
796	0	0	0	0	-1	5
797	0	0	0	0	-1	5
798	0	0	0	0	-1	7
799	844	845	7	0.99452	-3	7
800	0	0	0	0	-1	6.75
801	0	0	0	0	-1	7
802	846	847	6	21.5	-3	6
803	0	0	0	0	-1	6
804	848	849	7	34	-3	6.08888888888889
805	850	851	11	10.75	-3	5.88235294117647
806	0	0	0	0	-1	6
807	0	0	0	0	-1	6
808	0	0	0	0	-1	6
809	0	0	0	0	-1	6
810	0	0	0	0	-1	6
811	0	0	0	0	-1	5
812	0	0	0	0	-1	5
813	0	0	0	0	-1	5
814	0	0	0	0	-1	6
815	852	853	8	3.585	-3	5
816	0	0	0	0	-1	5
817	0	0	0	0	-1	5
818	0	0	0	0	-1	6
819	854	855	9	0	-3	5
820	856	857	10	0.6	-3	5.22222222222222
821	858	859	11	9.55	-3	5.84
822	860	861	7	53	-3	5.73333333333333
823	0	0	0	0	-1	5
824	862	863	11	0	-3	6
825	0	0	0	0	-1	6
826	864	865	2	0	-3	5
827	0	0	0	0	-1	5
828	0	0	0	0	-1	5
829	0	0	0	0	-1	5
830	0	0	0	0	-1	5
831	866	867	1	0	-3	5
832	868	869	2	0	-3	5
833	0	0	0	0	-1	6
834	870	871	8	0.9966	-3	5
835	872	873	6	31.5	-3	5
836	874	875	1	8.2	-3	6
837	0	0	0	0	-1	5
838	0	0	0	0	-1	6
839	876	877	3	0.22	-3	5
840	0	0	0	0	-1	5
841	878	879	11	10.05	-3	5
842	0	0	0	0	-1	5
843	0	0	0	0	-1	6
844	0	0	0	0	-1	5
845	0	0	0	0	-1	7
846	880	881	10	47.5	-3	6
847	0	0	0	0	-1	6
848	882	883	8	0.99691	-3	6.21428571428571
849	884	885	5	0.063	-3	6.03225806451613
850	0	0	0	0	-1	5
851	886	887	8	0.996235	-3	5.9375
852	0	0	0	0	-1	5
853	0	0	0	0	-1	5
854	0	0	0	0	-1	6
855	0	0	0	0	-1	5
856	0	0	0	0	-1	6
857	888	889	5	0	-3	5
858	890	891	7	21.5	-3	6.14285714285714
859	892	893	10	0.62	-3	5.45454545454545
860	894	895	1	7.45	-3	5.84615384615385
861	0	0	0	0	-1	5
862	0	0	0	0	-1	6
863	896	897	9	3.275	-3	6
864	0	0	0	0	-1	7
865	898	899	4	2.6	-3	5
866	0	0	0	0	-1	6
867	900	901	8	0.997525	-3	5
868	0	0	0	0	-1	6
869	902	903	4	1.95	-3	5
870	0	0	0	0	-1	5
871	0	0	0	0	-1	5
872	0	0	0	0	-1	5
873	904	905	3	0	-3	5
874	0	0	0	0	-1	6
875	0	0	0	0	-1	6
876	0	0	0	0	-1	5
877	0	0	0	0	-1	5
878	906	907	6	11.5	-3	5
879	908	909	6	0	-3	5
880	910	911	5	0.0555	-3	6
881	0	0	0	0	-1	6
882	912	913	4	2.35	-3	6.08333333333333
883	0	0	0	0	-1	7
884	0	0	0	0	-1	6.5
885	914	915	11	11.7	-3	6
886	916	917	4	2.3	-3	6
887	0	0	0	0	-1	5.66666666666667
888	0	0	0	0	-1	4
889	918	919	2	0.625	-3	5
890	0	0	0	0	-1	7
891	920	921	9	3.36	-3	6.07692307692308
892	0	0	0	0	-1	6
893	922	923	2	0.0795	-3	5
894	924	925	5	0.067	-3	6
895	926	927	11	9.65	-3	5.63636363636364
896	928	929	3	0.15	-3	6
897	0	0	0	0	-1	6
898	0	0	0	0	-1	5
899	0	0	0	0	-1	5
900	0	0	0	0	-1	5
901	930	931	9	3.365	-3	5
902	0	0	0	0	-1	5
903	0	0	0	0	-1	5
904	0	0	0	0	-1	5
905	932	933	2	0.605	-3	5
906	0	0	0	0	-1	5
907	0	0	0	0	-1	5
908	0	0	0	0	-1	6
909	934	935	6	13	-3	5
910	0	0	0	0	-1	6
911	936	937	8	0.99493	-3	6
912	938	939	3	0.08	-3	6
913	0	0	0	0	-1	6.33333333333333
914	940	941	11	11.5	-3	6
915	0	0	0	0	-1	6
916	942	943	7	38.5	-3	6
917	0	0	0	0	-1	6
918	0	0	0	0	-1	5
919	0	0	0	0	-1	5
920	944	945	2	0.55	-3	6
921	0	0	0	0	-1	6.5
922	0	0	0	0	-1	5
923	0	0	0	0	-1	5
924	0	0	0	0	-1	6
925	946	947	5	0.0695	-3	6
926	948	949	2	0.6075	-3	5.77777777777778
927	0	0	0	0	-1	5
928	0	0	0	0	-1	6
929	0	0	0	0	-1	6
930	0	0	0	0	-1	5
931	0	0	0	0	-1	5
932	0	0	0	0	-1	5
933	0	0	0	0	-1	5
934	0	0	0	0	-1	5
935	0	0	0	0	-1	5
936	0	0	0	0	-1	6
937	0	0	0	0	-1	6
938	0	0	0	0	-1	6
939	0	0	0	0	-1	6
940	0	0	0	0	-1	6
941	0	0	0	0	-1	6
942	950	951	8	0.99576	-3	6
943	0	0	0	0	-1	6
944	952	953	2	0	-3	6
945	0	0	0	0	-1	6
946	0	0	0	0	-1	6
947	0	0	0	0	-1	6
948	954	955	5	6.5	-3	6
949	0	0	0	0	-1	5.33333333333333
950	0	0	0	0	-1	6
951	0	0	0	0	-1	6
952	0	0	0	0	-1	7
953	956	957	5	0.0755	-3	6
954	0	0	0	0	-1	6
955	0	0	0	0	-1	6
956	0	0	0	0	-1	6
957	0	0	0	0	-1	6
