1	2	3	11	10.725	-3	5.6266416510319
2	4	5	11	9.975	-3	5.3849902534113
3	6	7	10	0.635	-3	6.05933682373473
4	8	9	10	0.515	-3	5.29286798179059
5	10	11	10	0.545	-3	5.55040871934605
6	12	13	10	0.585	-3	5.69076305220884
7	14	15	11	11.55	-3	6.34259259259259
8	16	17	7	11	-3	5.03333333333333
9	18	19	11	9.925	-3	5.35064935064935
10	20	21	6	7.5	-3	5.075
11	22	23	9	3.425	-3	5.68292682926829
12	24	25	2	1	-3	5.54777070063694
13	26	27	6	41.25	-3	5.93478260869565
14	28	29	3	0.525	-3	6.11052631578947
15	30	31	7	39	-3	6.67164179104477
16	0	0	0	0	-1	5.8
17	32	33	9	3.365	-3	5
18	34	35	2	0.3175	-3	5.35501858736059
19	0	0	0	0	-1	3
20	36	37	4	3.925	-3	4.76666666666667
21	38	39	4	3.5	-3	5.26
22	40	41	7	81	-3	5.76923076923077
23	42	43	5	0.0725	-3	5.30188679245283
24	44	45	11	11.05	-3	5.6551724137931
25	46	47	11	10.95	-3	4.25
26	48	49	5	0.0535	-3	5.86516853932584
27	0	0	0	0	-1	8
28	50	51	10	0.845	-3	6.03726708074534
29	52	53	3	0.54	-3	6.51724137931035
30	54	55	7	36	-3	6.80952380952381
31	56	57	8	0.995365	-3	6.44
32	58	59	11	9.65	-3	5.09183673469388
33	60	61	7	41.5	-3	4.47058823529412
34	62	63	1	11.8	-3	5.875
35	64	65	7	38.5	-3	5.31325301204819
36	66	67	3	0.295	-3	4.89285714285714
37	0	0	0	0	-1	3
38	68	69	3	0.025	-3	5.17777777777778
39	0	0	0	0	-1	6
40	70	71	5	0.0655	-3	5.84615384615385
41	72	73	10	1.175	-3	5.15384615384615
42	74	75	6	7	-3	5.75
43	76	77	4	2.05	-3	5.17073170731707
44	78	79	4	1.95	-3	5.17857142857143
45	80	81	1	6.55	-3	5.76923076923077
46	0	0	0	0	-1	5
47	82	83	11	11.3	-3	4
48	84	85	3	0.055	-3	5.26666666666667
49	86	87	10	0.595	-3	5.98648648648649
50	88	89	1	10.75	-3	5.91935483870968
51	90	91	3	0.475	-3	6.43243243243243
52	0	0	0	0	-1	7.5
53	92	93	3	0.69	-3	6.36
54	94	95	10	0.915	-3	6.75641025641026
55	96	97	2	0.355	-3	7.5
56	98	99	4	2.35	-3	6.66666666666667
57	100	101	9	3.175	-3	6.1
58	102	103	2	0.28	-3	5.0253164556962
59	104	105	6	13	-3	5.36842105263158
60	106	107	5	0.077	-3	4.25
61	0	0	0	0	-1	5
62	108	109	6	23.5	-3	5.66666666666667
63	110	111	4	1.85	-3	6.85714285714286
64	112	113	3	0.55	-3	5.48295454545455
65	114	115	1	10.3	-3	5.22049689440994
66	116	117	8	0.9961	-3	4.64285714285714
67	118	119	2	0.34	-3	5.14285714285714
68	120	121	1	6.65	-3	5.875
69	122	123	7	30.5	-3	5.02702702702703
70	124	125	11	10.65	-3	6.27272727272727
71	126	127	5	0.0725	-3	5.76571428571429
72	128	129	9	3.15	-3	5.08333333333333
73	0	0	0	0	-1	6
74	0	0	0	0	-1	4
75	130	131	11	10.15	-3	5.90909090909091
76	132	133	9	3.615	-3	4.95
77	134	135	4	2.5	-3	5.38095238095238
78	0	0	0	0	-1	6.25
79	136	137	5	0.1145	-3	5
80	138	139	10	0.495	-3	5.45714285714286
81	140	141	10	0.555	-3	5.90243902439024
82	142	143	9	0	-3	4
83	0	0	0	0	-1	4
84	0	0	0	0	-1	6
85	144	145	2	0.79	-3	5.08333333333333
86	146	147	5	0.062	-3	6.44444444444444
87	148	149	9	3.565	-3	5.83928571428571
88	150	151	7	99	-3	5.97413793103448
89	152	153	10	0.755	-3	5.125
90	154	155	4	2.15	-3	6.62068965517241
91	156	157	3	0.505	-3	5.75
92	158	159	10	0.715	-3	6.2
93	0	0	0	0	-1	7
94	160	161	10	0.68	-3	6.80281690140845
95	162	163	10	1.06	-3	6.28571428571429
96	0	0	0	0	-1	8
97	0	0	0	0	-1	7
98	164	165	5	0.0655	-3	6.86666666666667
99	166	167	7	49	-3	6.46666666666667
100	0	0	0	0	-1	7
101	168	169	9	3.185	-3	6
102	0	0	0	0	-1	4
103	170	171	2	0.545	-3	5.06578947368421
104	172	173	1	8.25	-3	5.1
105	174	175	10	0.505	-3	5.66666666666667
106	0	0	0	0	-1	5
107	176	177	2	0.8075	-3	4.1
108	178	179	3	0.625	-3	5.75862068965517
109	0	0	0	0	-1	5
110	0	0	0	0	-1	6
111	180	181	4	2.45	-3	7
112	182	183	10	0.535	-3	5.53125
113	184	185	3	0.655	-3	5
114	186	187	2	0.6075	-3	5.24838709677419
115	188	189	9	3.245	-3	4.5
116	190	191	11	0	-3	5
117	0	0	0	0	-1	4
118	0	0	0	0	-1	6
119	192	193	7	15.5	-3	5.07692307692308
120	0	0	0	0	-1	5
121	194	195	2	0.62	-3	6
122	0	0	0	0	-1	5.25
123	196	197	9	3.32	-3	5
124	198	199	6	4	-3	6.35483870967742
125	0	0	0	0	-1	5
126	200	201	11	10.35	-3	5.33333333333333
127	202	203	7	11	-3	5.84459459459459
128	0	0	0	0	-1	5.66666666666667
129	204	205	2	0.525	-3	5
130	0	0	0	0	-1	5.25
131	206	207	2	0.36	-3	6.28571428571429
132	208	209	10	0	-3	5
133	0	0	0	0	-1	4.5
134	210	211	10	0.64	-3	5.72727272727273
135	212	213	7	44.5	-3	5
136	214	215	3	0.03	-3	4.95454545454545
137	0	0	0	0	-1	5.5
138	216	217	9	3.47	-3	6
139	218	219	3	0.2	-3	5.26923076923077
140	220	221	2	0.595	-3	6.06382978723404
141	222	223	4	5.45	-3	5.68571428571429
142	0	0	0	0	-1	6
143	224	225	2	1.03	-3	4
144	226	227	3	0.185	-3	5
145	0	0	0	0	-1	5.5
146	0	0	0	0	-1	7
147	228	229	6	4.5	-3	6.23076923076923
148	230	231	1	5.7	-3	5.95744680851064
149	232	233	11	12.25	-3	5.22222222222222
150	234	235	1	7.6	-3	6.0462962962963
151	236	237	9	3.385	-3	5
152	238	239	1	0	-3	5
153	0	0	0	0	-1	6
154	240	241	10	0.86	-3	6.90476190476191
155	242	243	3	0.37	-3	5.875
156	244	245	8	0.999	-3	6
157	0	0	0	0	-1	5
158	246	247	5	0.0655	-3	6
159	248	249	1	12	-3	6.5
160	250	251	2	0.495	-3	6.46153846153846
161	252	253	3	0.46	-3	6.87931034482759
162	0	0	0	0	-1	6
163	0	0	0	0	-1	7
164	254	255	4	1.85	-3	7.125
165	256	257	10	0.79	-3	6.57142857142857
166	258	259	7	40.5	-3	6.875
167	260	261	8	91	-3	6
168	0	0	0	0	-1	5.5
169	262	263	11	11.65	-3	6.0625
170	264	265	5	0.081	-3	5.22222222222222
171	266	267	4	2.575	-3	4.925
172	0	0	0	0	-1	5
173	0	0	0	0	-1	5.5
174	0	0	0	0	-1	6
175	0	0	0	0	-1	5.25
176	268	269	8	0.48	-3	4
177	0	0	0	0	-1	4.33333333333333
178	270	271	5	0.091	-3	5.71428571428571
179	0	0	0	0	-1	7
180	0	0	0	0	-1	7.2
181	0	0	0	0	-1	6
182	272	273	3	0.14	-3	5
183	274	275	8	0.997665	-3	5.57432432432432
184	276	277	5	0	-3	5
185	0	0	0	0	-1	5
186	278	279	7	106.5	-3	5.33879781420765
187	280	281	5	0.096	-3	5.11811023622047
188	282	283	2	0.415	-3	5.33333333333333
189	284	285	6	35	-3	3.66666666666667
190	0	0	0	0	-1	7
191	286	287	2	0.535	-3	5
192	0	0	0	0	-1	6
193	288	289	9	3.205	-3	5
194	0	0	0	0	-1	6
195	0	0	0	0	-1	6
196	0	0	0	0	-1	5
197	290	291	10	0.525	-3	5
198	0	0	0	0	-1	7.5
199	292	293	11	10.55	-3	6.27586206896552
200	294	295	8	0.995025	-3	5.61111111111111
201	296	297	3	0.45	-3	4.77777777777778
202	0	0	0	0	-1	4.66666666666667
203	298	299	4	5.35	-3	5.86896551724138
204	300	301	8	7.05	-3	5
205	302	303	2	0	-3	5
206	0	0	0	0	-1	7
207	304	305	11	10.575	-3	6.16666666666667
208	0	0	0	0	-1	6
209	306	307	9	3.525	-3	5
210	308	309	6	14.5	-3	6
211	0	0	0	0	-1	5
212	310	311	4	2.9	-3	5
213	0	0	0	0	-1	5
214	0	0	0	0	-1	4.5
215	312	313	2	0.8125	-3	5.05555555555556
216	0	0	0	0	-1	6
217	314	315	2	0	-3	6
218	316	317	10	0.55	-3	5
219	318	319	11	0.265	-3	6
220	320	321	10	0.475	-3	6.2
221	322	323	1	7	-3	5.28571428571429
222	324	325	2	0.24	-3	5.90322580645161
223	0	0	0	0	-1	4
224	0	0	0	0	-1	4
225	0	0	0	0	-1	4
226	0	0	0	0	-1	5
227	0	0	0	0	-1	5
228	0	0	0	0	-1	7
229	326	327	6	9	-3	5.88888888888889
230	0	0	0	0	-1	7
231	328	329	2	0.295	-3	5.91111111111111
232	0	0	0	0	-1	4.6
233	0	0	0	0	-1	6
234	330	331	1	7.35	-3	6.22222222222222
235	332	333	7	11.5	-3	5.92063492063492
236	334	335	6	0	-3	5
237	0	0	0	0	-1	5
238	0	0	0	0	-1	5
239	0	0	0	0	-1	5
240	336	337	8	0.99526	-3	6.66666666666667
241	338	339	6	0	-3	7
242	0	0	0	0	-1	6
243	0	0	0	0	-1	5
244	0	0	0	0	-1	6
245	0	0	0	0	-1	6
246	0	0	0	0	-1	6
247	0	0	0	0	-1	6
248	0	0	0	0	-1	6.8
249	0	0	0	0	-1	6
250	340	341	4	2.3	-3	6.3
251	0	0	0	0	-1	7
252	342	343	9	3.315	-3	6.78947368421053
253	344	345	2	0.58	-3	7.05
254	0	0	0	0	-1	6.75
255	0	0	0	0	-1	7.5
256	0	0	0	0	-1	6.8
257	0	0	0	0	-1	6
258	0	0	0	0	-1	6
259	346	347	6	27	-3	7
260	348	349	10	0.725	-3	6
261	0	0	0	0	-1	6
262	0	0	0	0	-1	6.25
263	350	351	11	11.75	-3	6
264	352	353	11	9.45	-3	5.57142857142857
265	354	355	5	0.395	-3	5
266	356	357	2	0.855	-3	4.96551724137931
267	358	359	3	0.28	-3	4.81818181818182
268	0	0	0	0	-1	6
269	360	361	7	25	-3	4
270	362	363	8	0.99605	-3	5.83333333333333
271	0	0	0	0	-1	5
272	0	0	0	0	-1	5
273	364	365	3	0	-3	5
274	366	367	11	9.05	-3	5.46534653465346
275	368	369	4	1.7	-3	5.80851063829787
276	0	0	0	0	-1	8
277	370	371	1	10.1	-3	5
278	372	373	10	0.775	-3	5.41258741258741
279	374	375	11	9.85	-3	5.075
280	376	377	7	76	-3	5.17073170731707
281	378	379	8	0.99599	-3	5.02222222222222
282	0	0	0	0	-1	6
283	0	0	0	0	-1	4.66666666666667
284	0	0	0	0	-1	3.33333333333333
285	0	0	0	0	-1	4
286	0	0	0	0	-1	5
287	380	381	4	0	-3	5
288	382	383	9	0	-3	5
289	0	0	0	0	-1	5
290	384	385	4	0.99642	-3	5
291	386	387	11	0	-3	5
292	388	389	11	10.05	-3	6.16666666666667
293	0	0	0	0	-1	6.8
294	0	0	0	0	-1	7
295	390	391	1	11	-3	5.52941176470588
296	0	0	0	0	-1	5
297	0	0	0	0	-1	4
298	392	393	6	10.5	-3	5.83211678832117
299	394	395	3	0.315	-3	6.5
300	0	0	0	0	-1	5
301	0	0	0	0	-1	5
302	0	0	0	0	-1	4
303	396	397	7	89.5	-3	5
304	0	0	0	0	-1	6.5
305	0	0	0	0	-1	6
306	0	0	0	0	-1	5
307	0	0	0	0	-1	5
308	398	399	11	10.3	-3	6.14285714285714
309	0	0	0	0	-1	5
310	400	401	4	0	-3	5
311	0	0	0	0	-1	5
312	402	403	1	8.9	-3	5
313	0	0	0	0	-1	5.33333333333333
314	0	0	0	0	-1	7
315	404	405	9	3.545	-3	6
316	406	407	10	0.525	-3	5.25
317	408	409	10	0.57	-3	4.57142857142857
318	0	0	0	0	-1	4
319	410	411	4	1.95	-3	6
320	412	413	6	5.5	-3	5.85714285714286
321	414	415	4	3.2	-3	6.27272727272727
322	0	0	0	0	-1	5
323	0	0	0	0	-1	5.5
324	0	0	0	0	-1	7
325	416	417	6	6.5	-3	5.82758620689655
326	0	0	0	0	-1	5
327	418	419	7	116	-3	6
328	0	0	0	0	-1	5
329	420	421	2	0.34	-3	5.95348837209302
330	422	423	1	5.7	-3	6.07894736842105
331	424	425	8	0	-3	7
332	0	0	0	0	-1	7
333	426	427	8	0.99885	-3	5.88524590163934
334	0	0	0	0	-1	5
335	428	429	1	6.95	-3	5
336	0	0	0	0	-1	6
337	0	0	0	0	-1	7
338	0	0	0	0	-1	5
339	430	431	11	0	-3	7
340	432	433	2	0.435	-3	6
341	0	0	0	0	-1	6.75
342	434	435	11	12.95	-3	6.95454545454546
343	436	437	7	10.5	-3	6.5625
344	0	0	0	0	-1	7
345	0	0	0	0	-1	7.5
346	0	0	0	0	-1	7
347	0	0	0	0	-1	7
348	0	0	0	0	-1	6
349	0	0	0	0	-1	6
350	0	0	0	0	-1	6
351	438	439	8	0.996415	-3	6
352	440	441	6	11	-3	5.77777777777778
353	0	0	0	0	-1	5.2
354	442	443	6	13.5	-3	5
355	0	0	0	0	-1	5
356	444	445	5	0.075	-3	5
357	0	0	0	0	-1	4.75
358	446	447	11	0	-3	5
359	0	0	0	0	-1	4
360	0	0	0	0	-1	4
361	0	0	0	0	-1	4
362	0	0	0	0	-1	5
363	448	449	4	2.8	-3	5.90909090909091
364	0	0	0	0	-1	4
365	0	0	0	0	-1	5
366	450	451	6	36	-3	6
367	452	453	7	35.5	-3	5.40659340659341
368	0	0	0	0	-1	4
369	454	455	6	16.5	-3	5.84782608695652
370	0	0	0	0	-1	5
371	456	457	7	0	-3	5
372	458	459	5	0.0825	-3	5.47967479674797
373	460	461	10	1.67	-3	5
374	462	463	9	3.26	-3	5
375	0	0	0	0	-1	5.6
376	464	465	8	0.998455	-3	5.04166666666667
377	466	467	1	7.3	-3	5.35294117647059
378	0	0	0	0	-1	6
379	468	469	3	0.235	-3	5
380	0	0	0	0	-1	6
381	470	471	7	12	-3	5
382	0	0	0	0	-1	5
383	472	473	10	0	-3	5
384	0	0	0	0	-1	6
385	474	475	5	0	-3	5
386	0	0	0	0	-1	5
387	476	477	9	3.42	-3	5
388	0	0	0	0	-1	6.4
389	478	479	4	2.45	-3	6.10526315789474
390	480	481	7	19	-3	5.27272727272727
391	482	483	7	12.5	-3	6
392	484	485	1	11.25	-3	5.62962962962963
393	486	487	6	13.5	-3	5.96385542168675
394	0	0	0	0	-1	5.66666666666667
395	0	0	0	0	-1	7
396	0	0	0	0	-1	5
397	0	0	0	0	-1	5
398	0	0	0	0	-1	7
399	0	0	0	0	-1	6
400	0	0	0	0	-1	5
401	488	489	3	0.11	-3	5
402	490	491	3	0.065	-3	5
403	492	493	8	0	-3	5
404	0	0	0	0	-1	6
405	0	0	0	0	-1	6
406	0	0	0	0	-1	4.8
407	494	495	6	21.5	-3	5.57142857142857
408	0	0	0	0	-1	4
409	0	0	0	0	-1	5
410	0	0	0	0	-1	6
411	0	0	0	0	-1	6
412	0	0	0	0	-1	5
413	496	497	8	0.991765	-3	6
414	498	499	5	0.0585	-3	6.17241379310345
415	0	0	0	0	-1	7
416	500	501	11	11.6	-3	5.33333333333333
417	502	503	11	12.05	-3	6.05
418	504	505	4	0	-3	6
419	0	0	0	0	-1	6
420	0	0	0	0	-1	7
421	506	507	6	26.5	-3	5.92857142857143
422	0	0	0	0	-1	5
423	508	509	11	11.15	-3	6.10810810810811
424	0	0	0	0	-1	7
425	510	511	1	0	-3	7
426	512	513	2	0.185	-3	5.84210526315789
427	0	0	0	0	-1	6.5
428	0	0	0	0	-1	5
429	0	0	0	0	-1	5
430	0	0	0	0	-1	7
431	514	515	3	0	-3	7
432	0	0	0	0	-1	6
433	0	0	0	0	-1	6
434	516	517	4	1.8	-3	6.90476190476191
435	0	0	0	0	-1	8
436	0	0	0	0	-1	7
437	518	519	2	0.56	-3	6.46153846153846
438	0	0	0	0	-1	6
439	520	521	11	15.5	-3	6
440	0	0	0	0	-1	5
441	522	523	3	0.28	-3	6
442	524	525	10	0	-3	5
443	0	0	0	0	-1	5
444	526	527	7	0	-3	5
445	528	529	6	14	-3	5
446	0	0	0	0	-1	6
447	530	531	1	6.9	-3	5
448	532	533	5	0.059	-3	6
449	0	0	0	0	-1	5.33333333333333
450	0	0	0	0	-1	6
451	0	0	0	0	-1	6
452	534	535	1	8.65	-3	5.46835443037975
453	536	537	9	3.545	-3	5
454	538	539	2	0.665	-3	5.86666666666667
455	0	0	0	0	-1	5
456	0	0	0	0	-1	6
457	0	0	0	0	-1	5
458	540	541	7	45.5	-3	5.58904109589041
459	542	543	5	0.2095	-3	5.32
460	544	545	3	0.405	-3	5.05263157894737
461	0	0	0	0	-1	4
462	546	547	8	0.9977	-3	5
463	548	549	7	17.5	-3	5
464	550	551	11	9.25	-3	5
465	0	0	0	0	-1	5.66666666666667
466	552	553	10	0.595	-3	5
467	554	555	5	0.093	-3	5.5
468	556	557	2	0.7375	-3	5
469	558	559	8	0.997535	-3	5
470	0	0	0	0	-1	5
471	0	0	0	0	-1	5
472	0	0	0	0	-1	6
473	0	0	0	0	-1	5
474	0	0	0	0	-1	5
475	560	561	9	3.365	-3	5
476	562	563	7	0	-3	5
477	0	0	0	0	-1	5
478	564	565	3	0.52	-3	6.05555555555556
479	0	0	0	0	-1	7
480	0	0	0	0	-1	6
481	566	567	5	0.068	-3	5.11111111111111
482	0	0	0	0	-1	7
483	0	0	0	0	-1	5.5
484	568	569	3	0.255	-3	5.53333333333333
485	570	571	8	0.9998	-3	6.11111111111111
486	572	573	5	0.0835	-3	6.36363636363636
487	574	575	3	0.315	-3	5.90277777777778
488	0	0	0	0	-1	5
489	0	0	0	0	-1	5
490	0	0	0	0	-1	5
491	576	577	3	0	-3	5
492	0	0	0	0	-1	6
493	578	579	7	34.5	-3	5
494	0	0	0	0	-1	5.8
495	0	0	0	0	-1	5
496	0	0	0	0	-1	6
497	0	0	0	0	-1	6
498	0	0	0	0	-1	5
499	580	581	3	0.46	-3	6.21428571428571
500	582	583	11	11.25	-3	5.14285714285714
501	0	0	0	0	-1	6
502	584	585	5	0.08	-3	6
503	0	0	0	0	-1	7
504	0	0	0	0	-1	7
505	586	587	6	30.5	-3	6
506	588	589	1	10.6	-3	6
507	0	0	0	0	-1	5.4
508	590	591	5	0.0805	-3	5.94117647058824
509	592	593	6	28.5	-3	6.25
510	0	0	0	0	-1	7
511	0	0	0	0	-1	7
512	0	0	0	0	-1	5
513	594	595	2	0.405	-3	5.87272727272727
514	0	0	0	0	-1	6
515	596	597	1	7.4	-3	7
516	0	0	0	0	-1	6
517	598	599	9	3.225	-3	6.95
518	600	601	8	0.99516	-3	6.22222222222222
519	0	0	0	0	-1	7
520	602	603	8	1.00005	-3	6
521	0	0	0	0	-1	6
522	0	0	0	0	-1	6
523	0	0	0	0	-1	6
524	0	0	0	0	-1	5
525	604	605	3	0.575	-3	5
526	0	0	0	0	-1	5
527	0	0	0	0	-1	5
528	0	0	0	0	-1	5
529	606	607	10	0.445	-3	5
530	0	0	0	0	-1	5
531	0	0	0	0	-1	5
532	0	0	0	0	-1	6
533	608	609	4	0	-3	6
534	610	611	3	0.23	-3	5.55555555555556
535	612	613	11	9.45	-3	5.125
536	0	0	0	0	-1	5
537	614	615	9	0	-3	5
538	616	617	2	0.385	-3	5.94594594594595
539	618	619	9	3.355	-3	5.5
540	620	621	6	13.5	-3	5
541	622	623	11	9.35	-3	5.64179104477612
542	624	625	7	63.5	-3	5.26086956521739
543	0	0	0	0	-1	6
544	0	0	0	0	-1	5.2
545	0	0	0	0	-1	5
546	626	627	11	0	-3	5
547	628	629	10	0	-3	5
548	0	0	0	0	-1	5
549	630	631	6	28	-3	5
550	632	633	8	0.99718	-3	4.71428571428571
551	634	635	6	9	-3	5.05263157894737
552	636	637	6	15.5	-3	5
553	0	0	0	0	-1	5
554	638	639	6	20.5	-3	5.29411764705882
555	640	641	1	0	-3	6
556	642	643	3	0.555	-3	5
557	644	645	1	82.5	-3	5
558	646	647	7	121.5	-3	5
559	0	0	0	0	-1	5
560	648	649	4	0	-3	5
561	650	651	10	0	-3	5
562	0	0	0	0	-1	5
563	0	0	0	0	-1	5
564	0	0	0	0	-1	6
565	0	0	0	0	-1	6.5
566	0	0	0	0	-1	6
567	652	653	10	0.605	-3	5
568	654	655	10	0.63	-3	5.78260869565217
569	656	657	5	0.077	-3	5.27272727272727
570	658	659	2	0.4325	-3	6
571	0	0	0	0	-1	7
572	0	0	0	0	-1	5.66666666666667
573	660	661	8	0.99902	-3	6.625
574	662	663	8	0.99747	-3	6.02222222222222
575	664	665	2	0.6275	-3	5.7037037037037
576	0	0	0	0	-1	6
577	666	667	6	13	-3	5
578	0	0	0	0	-1	5
579	0	0	0	0	-1	5
580	668	669	6	5.5	-3	6.33333333333333
581	670	671	4	2.15	-3	6
582	0	0	0	0	-1	5.66666666666667
583	0	0	0	0	-1	4.75
584	672	673	4	1.8	-3	6
585	0	0	0	0	-1	6
586	0	0	0	0	-1	6
587	0	0	0	0	-1	6
588	674	675	6	12	-3	6.03030303030303
589	0	0	0	0	-1	5.75
590	676	677	10	0.765	-3	6
591	0	0	0	0	-1	5.75
592	678	679	1	6.5	-3	6.41666666666667
593	680	681	3	43.5	-3	6
594	682	683	10	0.805	-3	6.09090909090909
595	684	685	5	0.1005	-3	5.72727272727273
596	0	0	0	0	-1	7
597	686	687	7	10.45	-3	7
598	0	0	0	0	-1	6.5
599	0	0	0	0	-1	7
600	0	0	0	0	-1	6
601	0	0	0	0	-1	6.5
602	0	0	0	0	-1	6
603	0	0	0	0	-1	6
604	0	0	0	0	-1	5
605	0	0	0	0	-1	5
606	0	0	0	0	-1	5
607	688	689	11	0	-3	5
608	0	0	0	0	-1	5
609	0	0	0	0	-1	6
610	690	691	5	0.0655	-3	5.67307692307692
611	692	693	7	0.635	-3	5
612	694	695	5	0.087	-3	5.33333333333333
613	696	697	11	9.8	-3	5
614	0	0	0	0	-1	7
615	698	699	2	0	-3	5
616	700	701	10	0.64	-3	5.66666666666667
617	702	703	11	9.65	-3	6
618	0	0	0	0	-1	6
619	0	0	0	0	-1	5
620	0	0	0	0	-1	5
621	0	0	0	0	-1	5
622	0	0	0	0	-1	5
623	704	705	8	0.99745	-3	5.69354838709677
624	706	707	11	9.65	-3	5.47058823529412
625	708	709	7	90.5	-3	5.13793103448276
626	0	0	0	0	-1	5
627	0	0	0	0	-1	5
628	0	0	0	0	-1	5
629	0	0	0	0	-1	5
630	710	711	1	8.55	-3	5
631	0	0	0	0	-1	5
632	0	0	0	0	-1	5
633	0	0	0	0	-1	4
634	0	0	0	0	-1	5.4
635	712	713	4	1.75	-3	5
636	0	0	0	0	-1	5
637	0	0	0	0	-1	5
638	714	715	1	8.15	-3	5.55555555555556
639	716	717	9	3.235	-3	5
640	0	0	0	0	-1	7
641	718	719	2	0	-3	6
642	720	721	8	0.9971	-3	5
643	0	0	0	0	-1	5
644	0	0	0	0	-1	5
645	0	0	0	0	-1	5
646	722	723	11	0	-3	5
647	0	0	0	0	-1	5
648	0	0	0	0	-1	6
649	724	725	3	0.99578	-3	5
650	0	0	0	0	-1	7
651	0	0	0	0	-1	5
652	0	0	0	0	-1	5
653	726	727	5	0	-3	5
654	728	729	2	0.7725	-3	6
655	730	731	10	0.685	-3	5.5
656	732	733	4	2.5	-3	5.71428571428571
657	734	735	6	5.5	-3	5.06666666666667
658	0	0	0	0	-1	6
659	0	0	0	0	-1	6
660	0	0	0	0	-1	7
661	0	0	0	0	-1	6
662	736	737	5	0.0765	-3	5.96551724137931
663	738	739	9	3.335	-3	6.125
664	740	741	10	0.655	-3	5.8
665	0	0	0	0	-1	4.5
666	0	0	0	0	-1	5
667	0	0	0	0	-1	5
668	0	0	0	0	-1	7
669	742	743	2	0.585	-3	6.14285714285714
670	0	0	0	0	-1	6
671	744	745	3	0.625	-3	6
672	0	0	0	0	-1	6
673	746	747	11	0	-3	6
674	748	749	1	8.9	-3	6.08333333333333
675	0	0	0	0	-1	6
676	750	751	5	0.067	-3	6
677	0	0	0	0	-1	6
678	0	0	0	0	-1	7
679	752	753	3	0.08	-3	6.22222222222222
680	0	0	0	0	-1	6
681	0	0	0	0	-1	6
682	754	755	3	0.43	-3	5.94444444444444
683	0	0	0	0	-1	6.75
684	756	757	1	7.85	-3	5.85185185185185
685	758	759	8	0.99718	-3	5.16666666666667
686	0	0	0	0	-1	6
687	760	761	9	3.36	-3	7
688	0	0	0	0	-1	5
689	762	763	2	0.6875	-3	5
690	0	0	0	0	-1	5
691	764	765	4	1.35	-3	5.72916666666667
692	0	0	0	0	-1	5
693	766	767	7	16.5	-3	5
694	0	0	0	0	-1	5
695	0	0	0	0	-1	6
696	768	769	8	0	-3	5
697	0	0	0	0	-1	5
698	0	0	0	0	-1	6
699	770	771	1	0	-3	5
700	0	0	0	0	-1	5
701	0	0	0	0	-1	5.8
702	772	773	6	5.5	-3	6
703	0	0	0	0	-1	6
704	774	775	6	33.5	-3	5.78723404255319
705	776	777	7	80.5	-3	5.4
706	778	779	2	0.44	-3	5.375
707	0	0	0	0	-1	7
708	780	781	1	7.3	-3	5.05
709	782	783	3	0.295	-3	5.33333333333333
710	784	785	5	0.078	-3	5
711	0	0	0	0	-1	5
712	786	787	3	0	-3	5
713	0	0	0	0	-1	5
714	788	789	10	0.585	-3	5.83333333333333
715	0	0	0	0	-1	5
716	0	0	0	0	-1	5
717	790	791	2	0	-3	5
718	0	0	0	0	-1	5
719	0	0	0	0	-1	6
720	0	0	0	0	-1	5
721	792	793	3	0.08	-3	5
722	0	0	0	0	-1	6
723	794	795	2	0	-3	5
724	0	0	0	0	-1	5
725	0	0	0	0	-1	5
726	0	0	0	0	-1	5
727	796	797	8	0.998075	-3	5
728	0	0	0	0	-1	6
729	0	0	0	0	-1	6
730	0	0	0	0	-1	5
731	0	0	0	0	-1	6
732	0	0	0	0	-1	5.5
733	0	0	0	0	-1	6
734	0	0	0	0	-1	6
735	798	799	11	0	-3	5
736	800	801	5	0.0755	-3	5.85714285714286
737	802	803	2	0.61	-3	6
738	804	805	4	2.6	-3	6.06666666666667
739	0	0	0	0	-1	7
740	806	807	2	0.455	-3	5.3
741	808	809	7	50.5	-3	6.13333333333333
742	810	811	7	14.5	-3	6.07692307692308
743	0	0	0	0	-1	7
744	0	0	0	0	-1	6
745	0	0	0	0	-1	6
746	0	0	0	0	-1	7
747	812	813	4	2.05	-3	6
748	0	0	0	0	-1	6
749	0	0	0	0	-1	6.33333333333333
750	0	0	0	0	-1	6
751	814	815	10	0	-3	6
752	0	0	0	0	-1	7
753	816	817	5	0.0625	-3	6.125
754	818	819	5	0.0905	-3	6
755	0	0	0	0	-1	5.66666666666667
756	0	0	0	0	-1	5
757	820	821	8	0.99541	-3	5.92
758	0	0	0	0	-1	6
759	0	0	0	0	-1	5
760	0	0	0	0	-1	7
761	0	0	0	0	-1	7
762	0	0	0	0	-1	5
763	0	0	0	0	-1	5
764	0	0	0	0	-1	4
765	822	823	8	0.99763	-3	5.76595744680851
766	0	0	0	0	-1	5
767	824	825	2	0	-3	5
768	0	0	0	0	-1	5
769	826	827	10	0.6	-3	5
770	0	0	0	0	-1	7
771	0	0	0	0	-1	5
772	0	0	0	0	-1	6
773	828	829	11	0	-3	6
774	830	831	1	7.25	-3	5.82222222222222
775	0	0	0	0	-1	5
776	0	0	0	0	-1	5
777	832	833	6	23	-3	5.54545454545455
778	0	0	0	0	-1	5
779	834	835	5	0.0875	-3	5.54545454545455
780	836	837	4	1.95	-3	5.16666666666667
781	838	839	4	0	-3	5
782	840	841	7	93	-3	5.25
783	0	0	0	0	-1	6
784	0	0	0	0	-1	5
785	0	0	0	0	-1	5
786	0	0	0	0	-1	5
787	0	0	0	0	-1	5
788	0	0	0	0	-1	6
789	0	0	0	0	-1	5
790	0	0	0	0	-1	6
791	842	843	11	8.4	-3	5
792	844	845	8	0	-3	5
793	846	847	1	0	-3	5
794	0	0	0	0	-1	6
795	848	849	6	15	-3	5
796	0	0	0	0	-1	5
797	0	0	0	0	-1	5
798	0	0	0	0	-1	6
799	0	0	0	0	-1	5
800	0	0	0	0	-1	6
801	0	0	0	0	-1	5.5
802	850	851	2	0.5575	-3	6
803	0	0	0	0	-1	6
804	0	0	0	0	-1	6.2
805	852	853	3	0.255	-3	6
806	854	855	11	10.2	-3	5.125
807	0	0	0	0	-1	6
808	0	0	0	0	-1	6.5
809	0	0	0	0	-1	6
810	0	0	0	0	-1	6.33333333333333
811	856	857	5	0	-3	6
812	0	0	0	0	-1	6
813	0	0	0	0	-1	6
814	0	0	0	0	-1	6
815	858	859	1	7.25	-3	6
816	0	0	0	0	-1	7
817	860	861	8	3.415	-3	6
818	862	863	6	18.5	-3	6
819	0	0	0	0	-1	6
820	0	0	0	0	-1	5
821	864	865	8	0.995925	-3	6.04545454545455
822	866	867	7	34.5	-3	5.8
823	0	0	0	0	-1	5
824	0	0	0	0	-1	6
825	868	869	1	0	-3	5
826	870	871	4	0	-3	5
827	0	0	0	0	-1	5
828	0	0	0	0	-1	6
829	872	873	11	9.15	-3	6
830	874	875	2	0.51	-3	6
831	876	877	6	18.5	-3	5.72413793103448
832	878	879	8	0.99762	-3	5.16666666666667
833	0	0	0	0	-1	6
834	0	0	0	0	-1	5
835	880	881	11	9.45	-3	5.75
836	0	0	0	0	-1	6
837	0	0	0	0	-1	5
838	0	0	0	0	-1	5
839	0	0	0	0	-1	5
840	0	0	0	0	-1	6
841	0	0	0	0	-1	5
842	0	0	0	0	-1	5
843	0	0	0	0	-1	5
844	0	0	0	0	-1	5
845	882	883	6	0	-3	5
846	0	0	0	0	-1	6
847	884	885	3	0.19	-3	5
848	0	0	0	0	-1	5
849	886	887	10	0	-3	5
850	888	889	8	0.9966	-3	6
851	0	0	0	0	-1	6
852	0	0	0	0	-1	6
853	0	0	0	0	-1	6
854	0	0	0	0	-1	6
855	890	891	1	0	-3	5
856	0	0	0	0	-1	5
857	892	893	10	0	-3	6
858	0	0	0	0	-1	6
859	0	0	0	0	-1	6
860	894	895	2	0.615	-3	6
861	0	0	0	0	-1	6
862	896	897	9	0	-3	6
863	0	0	0	0	-1	6
864	0	0	0	0	-1	7
865	898	899	2	0.7	-3	6
866	900	901	3	0.005	-3	5.77272727272727
867	0	0	0	0	-1	7
868	0	0	0	0	-1	5
869	0	0	0	0	-1	5
870	0	0	0	0	-1	5
871	902	903	11	0.0725	-3	5
872	0	0	0	0	-1	6
873	0	0	0	0	-1	6
874	0	0	0	0	-1	6
875	0	0	0	0	-1	6
876	904	905	2	0.5775	-3	5.92857142857143
877	906	907	2	0.365	-3	5.53333333333333
878	0	0	0	0	-1	5
879	0	0	0	0	-1	5.33333333333333
880	0	0	0	0	-1	6
881	0	0	0	0	-1	5.33333333333333
882	0	0	0	0	-1	4
883	0	0	0	0	-1	5
884	0	0	0	0	-1	5
885	0	0	0	0	-1	5
886	0	0	0	0	-1	6
887	0	0	0	0	-1	5
888	908	909	6	19	-3	6
889	0	0	0	0	-1	6
890	0	0	0	0	-1	5
891	0	0	0	0	-1	5
892	0	0	0	0	-1	7
893	910	911	11	12.35	-3	6
894	0	0	0	0	-1	6
895	0	0	0	0	-1	6
896	0	0	0	0	-1	7
897	912	913	11	11.1	-3	6
898	914	915	8	0.99835	-3	6
899	0	0	0	0	-1	6
900	916	917	5	0.082	-3	5.42857142857143
901	918	919	1	6.5	-3	5.83783783783784
902	0	0	0	0	-1	6
903	0	0	0	0	-1	5
904	920	921	2	0.41	-3	6
905	0	0	0	0	-1	5
906	0	0	0	0	-1	6
907	922	923	7	72.5	-3	5.3
908	0	0	0	0	-1	6
909	924	925	5	0.0985	-3	6
910	926	927	9	32	-3	6
911	0	0	0	0	-1	6
912	0	0	0	0	-1	6
913	928	929	9	0	-3	6
914	930	931	9	3.3	-3	6
915	0	0	0	0	-1	6
916	0	0	0	0	-1	5.75
917	0	0	0	0	-1	5
918	0	0	0	0	-1	5
919	932	933	9	3.525	-3	5.91176470588235
920	0	0	0	0	-1	6
921	0	0	0	0	-1	6
922	934	935	7	65.5	-3	5.125
923	0	0	0	0	-1	6
924	0	0	0	0	-1	6
925	0	0	0	0	-1	6
926	936	937	11	11.75	-3	6
927	0	0	0	0	-1	6
928	0	0	0	0	-1	7
929	938	939	6	10.5	-3	6
930	940	941	7	15	-3	6
931	0	0	0	0	-1	6
932	942	943	10	0.835	-3	5.93939393939394
933	0	0	0	0	-1	5
934	0	0	0	0	-1	5
935	0	0	0	0	-1	5.25
936	0	0	0	0	-1	6
937	0	0	0	0	-1	6
938	0	0	0	0	-1	6
939	0	0	0	0	-1	6
940	0	0	0	0	-1	6
941	0	0	0	0	-1	6
942	944	945	2	0.6525	-3	5.96666666666667
943	0	0	0	0	-1	5.66666666666667
944	0	0	0	0	-1	6
945	0	0	0	0	-1	5.8
