1	2	3	3	0.295	-3	5.59599749843652
2	4	5	1	5.5	-3	5.41460674157303
3	6	7	11	10.55	-3	5.82369534555712
4	8	9	8	0.99305	-3	6.37037037037037
5	10	11	11	9.95	-3	5.38470451911935
6	12	13	11	9.65	-3	5.44502617801047
7	14	15	3	0.315	-3	6.26605504587156
8	16	17	7	73	-3	6.83333333333333
9	18	19	11	11.55	-3	5.44444444444444
10	20	21	2	0.8125	-3	5.18300653594771
11	22	23	2	0.87	-3	5.61386138613861
12	24	25	4	1.85	-3	5.21134020618557
13	26	27	3	0.655	-3	5.68617021276596
14	28	29	2	0.39	-3	7.2
15	30	31	1	10.75	-3	6.23659305993691
16	0	0	0	0	-1	6
17	32	33	9	0	-3	7
18	34	35	6	36.5	-3	5
19	0	0	0	0	-1	6.33333333333333
20	36	37	4	1.75	-3	5.22588235294117
21	38	39	4	2.15	-3	4.64705882352941
22	40	41	4	1.45	-3	5.68617021276596
23	42	43	5	0.0585	-3	4.64285714285714
24	44	45	11	9.45	-3	5.46153846153846
25	46	47	11	8.6	-3	5.14838709677419
26	48	49	5	0.1285	-3	5.64044943820225
27	50	51	8	0.99935	-3	6.5
28	52	53	8	0.99496	-3	7.71428571428571
29	0	0	0	0	-1	6
30	54	55	10	0.725	-3	6.31395348837209
31	56	57	2	0.355	-3	5.89830508474576
32	0	0	0	0	-1	5
33	0	0	0	0	-1	7
34	0	0	0	0	-1	5.2
35	0	0	0	0	-1	4
36	58	59	5	0.0765	-3	5.06578947368421
37	60	61	8	0.99669	-3	5.26074498567335
38	62	63	9	3.335	-3	4.0625
39	64	65	2	0.96	-3	5.16666666666667
40	66	67	10	0.67	-3	6.7
41	68	69	10	0.585	-3	5.65846994535519
42	0	0	0	0	-1	5.6
43	70	71	4	1.95	-3	4.43478260869565
44	72	73	7	38	-3	5.35483870967742
45	74	75	9	3.225	-3	5.875
46	0	0	0	0	-1	3
47	76	77	2	0.365	-3	5.16233766233766
48	78	79	2	0.62	-3	5.68421052631579
49	80	81	8	0.99811	-3	4.57142857142857
50	0	0	0	0	-1	8
51	82	83	9	3.065	-3	6.33333333333333
52	0	0	0	0	-1	8
53	0	0	0	0	-1	7
54	84	85	9	3.155	-3	6.08527131782946
55	86	87	11	11.65	-3	6.54263565891473
56	88	89	2	0.28	-3	6.46666666666667
57	90	91	8	0.99856	-3	5.70454545454545
58	92	93	7	46	-3	5.225
59	94	95	7	103.5	-3	4.88888888888889
60	96	97	5	0.0695	-3	5.13636363636364
61	98	99	9	3.155	-3	5.31799163179916
62	100	101	9	3.305	-3	3.84615384615385
63	0	0	0	0	-1	5
64	102	103	1	7.3	-3	5.0625
65	0	0	0	0	-1	6
66	104	105	10	0.475	-3	6.33333333333333
67	0	0	0	0	-1	7.25
68	106	107	6	5.5	-3	5.45637583892618
69	108	109	11	10.55	-3	5.79723502304148
70	110	111	9	3.225	-3	5
71	112	113	6	3.5	-3	4.23529411764706
72	114	115	6	5.5	-3	5.64285714285714
73	116	117	2	0.265	-3	5.11764705882353
74	0	0	0	0	-1	5.5
75	118	119	10	0.605	-3	6
76	120	121	8	0.9999	-3	5.5
77	122	123	3	0.645	-3	5.02727272727273
78	124	125	4	2.65	-3	5.78145695364238
79	126	127	2	0.6425	-3	4.95
80	0	0	0	0	-1	5
81	0	0	0	0	-1	3.5
82	0	0	0	0	-1	6
83	0	0	0	0	-1	6.75
84	128	129	9	3.145	-3	6.5625
85	130	131	11	12.05	-3	6.01769911504425
86	132	133	7	60	-3	6.33333333333333
87	134	135	4	2.15	-3	6.78333333333333
88	0	0	0	0	-1	5.66666666666667
89	136	137	2	0.315	-3	6.66666666666667
90	138	139	7	14	-3	5.41666666666667
91	140	141	1	13.25	-3	5.8125
92	142	143	2	0.575	-3	5.36
93	144	145	8	0.99576	-3	5
94	146	147	2	0.7525	-3	4.96969696969697
95	0	0	0	0	-1	4
96	148	149	1	7.25	-3	5.57142857142857
97	150	151	6	4	-3	5.10679611650485
98	152	153	7	134.5	-3	5.08333333333333
99	154	155	2	0.555	-3	5.34418604651163
100	156	157	2	0.96	-3	4.22222222222222
101	0	0	0	0	-1	3
102	0	0	0	0	-1	5.66666666666667
103	158	159	9	3.54	-3	4.92307692307692
104	0	0	0	0	-1	7
105	0	0	0	0	-1	6
106	160	161	6	3.5	-3	4.78378378378378
107	162	163	6	18.5	-3	5.67857142857143
108	164	165	4	1.6	-3	5.57894736842105
109	166	167	1	6.55	-3	5.91489361702128
110	0	0	0	0	-1	5
111	0	0	0	0	-1	5
112	0	0	0	0	-1	3
113	168	169	11	11.45	-3	4.3125
114	0	0	0	0	-1	5
115	0	0	0	0	-1	6
116	0	0	0	0	-1	6
117	170	171	3	0.635	-3	5.0625
118	0	0	0	0	-1	6
119	0	0	0	0	-1	6
120	172	173	1	11.05	-3	5.34285714285714
121	174	175	2	0.275	-3	6.11111111111111
122	176	177	1	12.6	-3	5.08653846153846
123	178	179	5	0.2305	-3	4
124	180	181	10	0.595	-3	5.91176470588235
125	182	183	5	0.075	-3	5.51020408163265
126	0	0	0	0	-1	4
127	184	185	8	0.99708	-3	5.26666666666667
128	186	187	5	0.066	-3	6.35714285714286
129	0	0	0	0	-1	8
130	188	189	5	0.055	-3	5.85365853658537
131	190	191	3	0.415	-3	6.45161290322581
132	192	193	4	2.15	-3	6.44262295081967
133	194	195	9	3.415	-3	5.5
134	196	197	11	11.85	-3	6.5
135	198	199	1	7.9	-3	6.925
136	200	201	1	0	-3	7
137	202	203	5	0.0795	-3	6.33333333333333
138	0	0	0	0	-1	6
139	204	205	11	11.9	-3	5.125
140	206	207	6	5.5	-3	5.89655172413793
141	0	0	0	0	-1	5
142	208	209	3	0.15	-3	5.75
143	210	211	4	3.33	-3	5
144	212	213	7	0	-3	5
145	214	215	4	1.45	-3	5
146	216	217	8	0.997425	-3	5.03225806451613
147	0	0	0	0	-1	4
148	0	0	0	0	-1	6
149	0	0	0	0	-1	5
150	0	0	0	0	-1	6
151	218	219	11	9.125	-3	5.09803921568628
152	220	221	6	5.5	-3	5.04347826086957
153	0	0	0	0	-1	6
154	222	223	7	53.5	-3	5.64705882352941
155	224	225	9	3.365	-3	5.25
156	226	227	10	0.52	-3	4.125
157	0	0	0	0	-1	5
158	228	229	5	0.085	-3	5
159	0	0	0	0	-1	4
160	0	0	0	0	-1	5.66666666666667
161	230	231	2	0.8375	-3	4.70588235294118
162	232	233	9	3.33	-3	5.54545454545455
163	234	235	11	11.25	-3	5.80701754385965
164	0	0	0	0	-1	4
165	236	237	3	0.015	-3	5.6
166	238	239	8	0.995285	-3	5.65116279069767
167	240	241	3	0.225	-3	6.03061224489796
168	242	243	4	2.2	-3	4.21428571428571
169	0	0	0	0	-1	5
170	244	245	10	0.61	-3	5
171	0	0	0	0	-1	5.25
172	246	247	1	8.45	-3	5.20689655172414
173	0	0	0	0	-1	6
174	0	0	0	0	-1	7
175	248	249	6	13.5	-3	6
176	250	251	8	1.00329	-3	5.06
177	0	0	0	0	-1	5.75
178	0	0	0	0	-1	3
179	0	0	0	0	-1	5
180	252	253	4	2.25	-3	5.42857142857143
181	254	255	5	0.0625	-3	5.98863636363636
182	256	257	9	0	-3	5
183	258	259	4	4.8	-3	5.80645161290323
184	0	0	0	0	-1	6
185	260	261	9	3.305	-3	5.15384615384615
186	0	0	0	0	-1	7
187	262	263	2	0.475	-3	6.18181818181818
188	264	265	9	3.375	-3	5
189	266	267	8	0.99721	-3	5.92105263157895
190	268	269	4	2.2	-3	6.76923076923077
191	270	271	2	0.32	-3	6.22222222222222
192	272	273	8	0.99555	-3	6.6
193	274	275	2	0.335	-3	6.29032258064516
194	276	277	2	2.1	-3	5
195	0	0	0	0	-1	7
196	278	279	8	0.9952	-3	7
197	280	281	5	0.145	-3	6.09090909090909
198	282	283	9	3.445	-3	6.66666666666667
199	284	285	4	2.25	-3	6.97058823529412
200	0	0	0	0	-1	6
201	0	0	0	0	-1	7
202	0	0	0	0	-1	7
203	0	0	0	0	-1	5.66666666666667
204	0	0	0	0	-1	5
205	0	0	0	0	-1	5.33333333333333
206	0	0	0	0	-1	5.4
207	286	287	1	11.25	-3	6
208	288	289	3	0.005	-3	5.88888888888889
209	0	0	0	0	-1	5.33333333333333
210	290	291	10	0.565	-3	5
211	0	0	0	0	-1	5
212	0	0	0	0	-1	6
213	292	293	1	6.35	-3	5
214	0	0	0	0	-1	5
215	294	295	6	0	-3	5
216	296	297	8	0.99717	-3	5
217	0	0	0	0	-1	5.5
218	0	0	0	0	-1	4
219	298	299	3	0.155	-3	5.10891089108911
220	0	0	0	0	-1	6
221	300	301	11	9.15	-3	5
222	302	303	11	9.75	-3	5.88571428571429
223	304	305	10	0.47	-3	5.125
224	306	307	2	0.78	-3	5.35714285714286
225	308	309	9	3.415	-3	5.1375
226	0	0	0	0	-1	4
227	0	0	0	0	-1	5
228	0	0	0	0	-1	5
229	0	0	0	0	-1	5
230	310	311	7	10	-3	4.8
231	0	0	0	0	-1	4
232	312	313	11	10.15	-3	5.83333333333333
233	314	315	4	3.1	-3	5.32258064516129
234	316	317	9	3.34	-3	5.625
235	318	319	6	31.5	-3	6.23529411764706
236	320	321	1	7.15	-3	5.28571428571429
237	322	323	7	31	-3	5.67213114754098
238	324	325	3	0.255	-3	5.90322580645161
239	326	327	1	6.35	-3	5
240	328	329	11	10.85	-3	6.15151515151515
241	330	331	6	15	-3	5.78125
242	332	333	2	1.335	-3	3.85714285714286
243	334	335	11	11.15	-3	4.57142857142857
244	0	0	0	0	-1	5
245	336	337	5	0.084	-3	5
246	338	339	7	92	-3	5.85714285714286
247	340	341	2	0.27	-3	5
248	0	0	0	0	-1	6
249	0	0	0	0	-1	6
250	342	343	8	0.99674	-3	5.04081632653061
251	0	0	0	0	-1	6
252	344	345	6	22	-3	5.85714285714286
253	0	0	0	0	-1	5
254	346	347	3	0.325	-3	6.45454545454546
255	348	349	7	70	-3	5.92207792207792
256	0	0	0	0	-1	7
257	350	351	9	0.31	-3	5
258	352	353	3	0.405	-3	5.61538461538461
259	0	0	0	0	-1	6.8
260	354	355	2	0.925	-3	5.08333333333333
261	0	0	0	0	-1	6
262	356	357	4	0	-3	6
263	0	0	0	0	-1	7
264	0	0	0	0	-1	4.25
265	0	0	0	0	-1	6.5
266	358	359	4	1.85	-3	6.03225806451613
267	360	361	8	0.99849	-3	5.42857142857143
268	0	0	0	0	-1	6.25
269	362	363	3	0.36	-3	7
270	364	365	1	8.25	-3	6.5
271	366	367	2	0.47	-3	6.08333333333333
272	368	369	4	1.4	-3	6.92307692307692
273	370	371	10	0.81	-3	6.35294117647059
274	372	373	10	0.76	-3	7
275	374	375	8	0.998295	-3	6.04347826086957
276	0	0	0	0	-1	5
277	0	0	0	0	-1	5
278	0	0	0	0	-1	7
279	0	0	0	0	-1	7
280	376	377	7	21.5	-3	6
281	0	0	0	0	-1	7
282	0	0	0	0	-1	6.33333333333333
283	0	0	0	0	-1	7
284	0	0	0	0	-1	6.75
285	0	0	0	0	-1	7
286	0	0	0	0	-1	6
287	378	379	5	0.094	-3	6
288	0	0	0	0	-1	5
289	380	381	3	0.035	-3	6
290	382	383	8	0	-3	5
291	0	0	0	0	-1	5
292	0	0	0	0	-1	5
293	0	0	0	0	-1	5
294	0	0	0	0	-1	7
295	384	385	2	0.595	-3	5
296	386	387	3	0.005	-3	5
297	0	0	0	0	-1	5
298	388	389	5	0.101	-3	5.19047619047619
299	390	391	1	7.45	-3	5.05084745762712
300	0	0	0	0	-1	5
301	392	393	11	0	-3	5
302	394	395	10	0.82	-3	6
303	396	397	10	0.63	-3	5.5
304	0	0	0	0	-1	6
305	398	399	6	17.5	-3	5.06666666666667
306	400	401	4	2.85	-3	5.28947368421053
307	402	403	3	0.79	-3	6
308	404	405	10	0.47	-3	4.875
309	406	407	9	3.435	-3	5.203125
310	408	409	11	10.7	-3	4.25
311	0	0	0	0	-1	5
312	410	411	7	25.5	-3	5.5
313	412	413	4	1.85	-3	6.16666666666667
314	414	415	10	0.525	-3	5.25
315	0	0	0	0	-1	6
316	0	0	0	0	-1	6
317	416	417	8	0.99536	-3	5.28571428571429
318	418	419	6	27.5	-3	6
319	0	0	0	0	-1	7
320	420	421	2	0.7375	-3	4.75
321	422	423	9	3.325	-3	6
322	424	425	4	2.7	-3	5.89473684210526
323	426	427	5	0.0765	-3	5.57142857142857
324	428	429	5	0.082	-3	5.96551724137931
325	0	0	0	0	-1	5
326	430	431	6	27.5	-3	5.5
327	0	0	0	0	-1	4
328	432	433	3	0.055	-3	6.4
329	434	435	7	11.5	-3	6.04347826086957
330	436	437	7	26.5	-3	5.53846153846154
331	438	439	5	0.086	-3	5.94736842105263
332	440	441	8	0.99536	-3	4
333	0	0	0	0	-1	3
334	0	0	0	0	-1	5
335	0	0	0	0	-1	4
336	0	0	0	0	-1	5
337	442	443	11	0	-3	5
338	444	445	7	0.9976	-3	6
339	0	0	0	0	-1	5
340	0	0	0	0	-1	5
341	446	447	9	3.235	-3	5
342	0	0	0	0	-1	5.6
343	448	449	8	0.998125	-3	5.01075268817204
344	450	451	2	0.315	-3	6
345	0	0	0	0	-1	5
346	0	0	0	0	-1	7
347	452	453	5	0.0575	-3	6.14285714285714
348	454	455	3	0.625	-3	6
349	456	457	2	0.465	-3	5.25
350	0	0	0	0	-1	7
351	458	459	10	0.575	-3	5
352	460	461	3	0.34	-3	5.16666666666667
353	462	463	9	3.18	-3	5.75
354	464	465	1	9.95	-3	5
355	0	0	0	0	-1	5.5
356	0	0	0	0	-1	6
357	466	467	11	11.75	-3	6
358	468	469	5	0.0675	-3	5.64705882352941
359	470	471	7	33	-3	6.17777777777778
360	472	473	10	0.7	-3	5.2
361	0	0	0	0	-1	6
362	0	0	0	0	-1	8
363	474	475	2	0.405	-3	6.875
364	0	0	0	0	-1	6
365	0	0	0	0	-1	6.75
366	476	477	8	0.995285	-3	6
367	0	0	0	0	-1	7
368	0	0	0	0	-1	6
369	478	479	9	3.205	-3	7
370	480	481	10	0	-3	6
371	482	483	11	10.7	-3	6.85714285714286
372	0	0	0	0	-1	7
373	0	0	0	0	-1	7
374	484	485	8	0.9976	-3	5.95
375	0	0	0	0	-1	6.66666666666667
376	0	0	0	0	-1	6
377	486	487	8	0.994	-3	6
378	488	489	7	48	-3	6
379	490	491	8	1.0001	-3	6
380	0	0	0	0	-1	6
381	0	0	0	0	-1	6
382	0	0	0	0	-1	5
383	492	493	11	9.45	-3	5
384	0	0	0	0	-1	5
385	0	0	0	0	-1	5
386	0	0	0	0	-1	5
387	494	495	8	0.996125	-3	5
388	496	497	2	0.515	-3	5.11111111111111
389	498	499	1	7.4	-3	5.66666666666667
390	500	501	10	0.55	-3	5.21428571428571
391	502	503	5	0.0795	-3	5
392	0	0	0	0	-1	5
393	0	0	0	0	-1	5
394	504	505	8	0.997	-3	6.04347826086957
395	0	0	0	0	-1	5.75
396	0	0	0	0	-1	6
397	0	0	0	0	-1	5
398	0	0	0	0	-1	5.5
399	506	507	10	0.56	-3	5
400	508	509	3	0.245	-3	5.4
401	510	511	5	0.0695	-3	5.07692307692308
402	0	0	0	0	-1	6
403	0	0	0	0	-1	6
404	0	0	0	0	-1	4
405	512	513	11	9.2	-3	5.07692307692308
406	0	0	0	0	-1	6
407	514	515	7	85.5	-3	5.17741935483871
408	0	0	0	0	-1	4.66666666666667
409	0	0	0	0	-1	4
410	516	517	1	8.7	-3	5.28571428571429
411	0	0	0	0	-1	5.8
412	0	0	0	0	-1	7
413	518	519	10	0.565	-3	5.88888888888889
414	520	521	11	12.45	-3	5.06666666666667
415	522	523	10	0.555	-3	5.46153846153846
416	524	525	5	0.0745	-3	5.09090909090909
417	526	527	7	47.5	-3	5.5
418	528	529	5	0.43	-3	6
419	0	0	0	0	-1	6
420	0	0	0	0	-1	5
421	0	0	0	0	-1	4
422	0	0	0	0	-1	6
423	0	0	0	0	-1	6
424	530	531	6	10.5	-3	5.94444444444444
425	0	0	0	0	-1	5
426	532	533	2	0.6675	-3	5.23076923076923
427	534	535	6	15.5	-3	5.72413793103448
428	536	537	9	3.625	-3	5.88888888888889
429	0	0	0	0	-1	7
430	0	0	0	0	-1	5
431	0	0	0	0	-1	6
432	538	539	1	7.3	-3	6
433	540	541	9	3.35	-3	6.66666666666667
434	0	0	0	0	-1	7
435	542	543	11	11.55	-3	6.02222222222222
436	544	545	8	0	-3	6
437	546	547	5	0	-3	5
438	548	549	6	17	-3	6
439	0	0	0	0	-1	5.5
440	0	0	0	0	-1	4
441	0	0	0	0	-1	4
442	0	0	0	0	-1	5
443	0	0	0	0	-1	5
444	0	0	0	0	-1	5
445	0	0	0	0	-1	6
446	550	551	5	0	-3	5
447	0	0	0	0	-1	5
448	552	553	6	6.5	-3	4.93478260869565
449	554	555	8	0.998175	-3	5.08510638297872
450	0	0	0	0	-1	6
451	0	0	0	0	-1	6
452	0	0	0	0	-1	6.5
453	0	0	0	0	-1	6
454	556	557	9	3.26	-3	6.078125
455	0	0	0	0	-1	5
456	558	559	6	27	-3	5
457	0	0	0	0	-1	6
458	0	0	0	0	-1	5
459	560	561	5	0	-3	5
460	0	0	0	0	-1	5
461	0	0	0	0	-1	5.33333333333333
462	562	563	5	0.0875	-3	5.28571428571429
463	564	565	3	0.465	-3	6
464	0	0	0	0	-1	5
465	0	0	0	0	-1	5
466	0	0	0	0	-1	6
467	0	0	0	0	-1	6
468	566	567	7	9	-3	5.84615384615385
469	0	0	0	0	-1	5
470	568	569	3	0.41	-3	6.27586206896552
471	570	571	8	0.99714	-3	6
472	572	573	1	8.4	-3	5
473	0	0	0	0	-1	6
474	574	575	1	8.5	-3	7
475	0	0	0	0	-1	6
476	0	0	0	0	-1	6
477	576	577	6	5	-3	6
478	0	0	0	0	-1	7
479	578	579	9	0	-3	7
480	0	0	0	0	-1	5
481	580	581	6	3.5	-3	6
482	0	0	0	0	-1	6.66666666666667
483	0	0	0	0	-1	7
484	0	0	0	0	-1	6
485	0	0	0	0	-1	5
486	0	0	0	0	-1	6
487	0	0	0	0	-1	6
488	0	0	0	0	-1	6
489	0	0	0	0	-1	6
490	0	0	0	0	-1	6
491	0	0	0	0	-1	6
492	0	0	0	0	-1	5
493	582	583	10	0	-3	5
494	584	585	1	7.35	-3	5
495	586	587	6	7.55	-3	5
496	588	589	7	51	-3	5.375
497	590	591	5	0.095	-3	5.03571428571429
498	0	0	0	0	-1	5.33333333333333
499	0	0	0	0	-1	6
500	592	593	2	0.435	-3	5
501	594	595	9	3.28	-3	5.5
502	0	0	0	0	-1	5
503	596	597	7	61.5	-3	5
504	0	0	0	0	-1	6.25
505	598	599	11	9.25	-3	6
506	0	0	0	0	-1	5
507	600	601	2	0	-3	5
508	602	603	9	3.195	-3	5.55555555555556
509	604	605	3	0	-3	5
510	0	0	0	0	-1	6
511	606	607	11	9.15	-3	5.04
512	0	0	0	0	-1	6
513	608	609	11	9.45	-3	5
514	610	611	6	8.5	-3	5.09803921568628
515	612	613	5	0.0775	-3	5.54545454545455
516	0	0	0	0	-1	5
517	0	0	0	0	-1	6
518	0	0	0	0	-1	6
519	0	0	0	0	-1	5
520	614	615	3	0	-3	5
521	0	0	0	0	-1	6
522	616	617	3	0.08	-3	5.83333333333333
523	618	619	8	0.996675	-3	5.14285714285714
524	0	0	0	0	-1	5.5
525	0	0	0	0	-1	5
526	0	0	0	0	-1	6
527	620	621	9	3.42	-3	5.16666666666667
528	0	0	0	0	-1	6
529	0	0	0	0	-1	6
530	622	623	6	8.5	-3	5.73333333333333
531	0	0	0	0	-1	7
532	624	625	11	10.25	-3	5.16666666666667
533	0	0	0	0	-1	6
534	626	627	3	0.25	-3	5.46153846153846
535	628	629	3	0.16	-3	5.9375
536	630	631	4	2	-3	5.92307692307692
537	0	0	0	0	-1	5
538	0	0	0	0	-1	6
539	0	0	0	0	-1	6
540	0	0	0	0	-1	7
541	632	633	2	0.5675	-3	6.5
542	634	635	7	14	-3	5.94444444444444
543	636	637	3	0.045	-3	6.33333333333333
544	0	0	0	0	-1	6
545	638	639	10	0.625	-3	6
546	0	0	0	0	-1	6
547	0	0	0	0	-1	5
548	0	0	0	0	-1	6
549	640	641	6	18.5	-3	6
550	0	0	0	0	-1	6
551	0	0	0	0	-1	5
552	0	0	0	0	-1	5.5
553	642	643	7	55.5	-3	4.90909090909091
554	0	0	0	0	-1	6
555	644	645	5	0.209	-3	5.06521739130435
556	646	647	6	4	-3	6.23076923076923
557	648	649	2	0.295	-3	5.84
558	0	0	0	0	-1	5
559	0	0	0	0	-1	5
560	0	0	0	0	-1	5
561	650	651	3	0.5	-3	5
562	0	0	0	0	-1	6
563	0	0	0	0	-1	5
564	0	0	0	0	-1	6
565	0	0	0	0	-1	6
566	0	0	0	0	-1	7
567	652	653	11	11.45	-3	5.75
568	654	655	9	3.335	-3	6.66666666666667
569	656	657	8	0.99624	-3	6.1
570	658	659	5	0.105	-3	6
571	0	0	0	0	-1	6
572	0	0	0	0	-1	5
573	660	661	4	0	-3	5
574	0	0	0	0	-1	7
575	0	0	0	0	-1	7
576	0	0	0	0	-1	6
577	662	663	9	0	-3	6
578	0	0	0	0	-1	6
579	664	665	10	0.83	-3	7
580	0	0	0	0	-1	6
581	666	667	4	2.05	-3	6
582	0	0	0	0	-1	5
583	0	0	0	0	-1	5
584	0	0	0	0	-1	5
585	0	0	0	0	-1	5
586	0	0	0	0	-1	6
587	668	669	3	0.22	-3	5
588	0	0	0	0	-1	5.6
589	0	0	0	0	-1	5
590	670	671	11	9.45	-3	5
591	0	0	0	0	-1	5.33333333333333
592	0	0	0	0	-1	5
593	672	673	5	0	-3	5
594	0	0	0	0	-1	5
595	0	0	0	0	-1	5.75
596	0	0	0	0	-1	5
597	0	0	0	0	-1	5
598	674	675	8	0.99765	-3	6
599	676	677	5	0.094	-3	6
600	0	0	0	0	-1	5
601	678	679	10	0.69	-3	5
602	680	681	11	8.5	-3	5
603	682	683	5	0.106	-3	5.66666666666667
604	0	0	0	0	-1	5
605	684	685	6	12.5	-3	5
606	0	0	0	0	-1	6
607	686	687	6	14.5	-3	5
608	0	0	0	0	-1	5
609	688	689	1	0	-3	5
610	690	691	11	9.8	-3	5.27272727272727
611	692	693	6	15.5	-3	5.05
612	0	0	0	0	-1	5
613	694	695	11	9.85	-3	5.75
614	0	0	0	0	-1	5
615	696	697	3	0.195	-3	5
616	0	0	0	0	-1	6.25
617	0	0	0	0	-1	5
618	698	699	9	0.0685	-3	5
619	0	0	0	0	-1	6
620	0	0	0	0	-1	6
621	0	0	0	0	-1	5
622	700	701	1	9.35	-3	5.91666666666667
623	0	0	0	0	-1	5
624	0	0	0	0	-1	5
625	0	0	0	0	-1	5.4
626	702	703	5	0.088	-3	5.66666666666667
627	0	0	0	0	-1	5
628	704	705	7	69	-3	6
629	0	0	0	0	-1	5.75
630	0	0	0	0	-1	5.6
631	0	0	0	0	-1	6
632	0	0	0	0	-1	6
633	0	0	0	0	-1	6.8
634	0	0	0	0	-1	5.5
635	706	707	4	1.95	-3	5.97058823529412
636	0	0	0	0	-1	7
637	708	709	1	6.65	-3	6.14285714285714
638	0	0	0	0	-1	6
639	0	0	0	0	-1	6
640	710	711	2	0	-3	6
641	0	0	0	0	-1	6
642	712	713	6	13.5	-3	4.625
643	714	715	2	0.385	-3	4.97222222222222
644	716	717	4	2.15	-3	5.02272727272727
645	0	0	0	0	-1	6
646	0	0	0	0	-1	5.5
647	718	719	9	3.185	-3	6.27027027027027
648	720	721	9	3.46	-3	5.44444444444444
649	722	723	8	0.999225	-3	6.0625
650	724	725	3	0.33	-3	5
651	0	0	0	0	-1	5
652	0	0	0	0	-1	5.4
653	726	727	2	0	-3	6
654	728	729	11	11.55	-3	6.75
655	0	0	0	0	-1	6
656	0	0	0	0	-1	6
657	730	731	5	0.1075	-3	6.33333333333333
658	732	733	1	0	-3	6
659	0	0	0	0	-1	6
660	0	0	0	0	-1	5
661	0	0	0	0	-1	5
662	0	0	0	0	-1	7
663	0	0	0	0	-1	6
664	0	0	0	0	-1	7
665	0	0	0	0	-1	7
666	0	0	0	0	-1	6
667	0	0	0	0	-1	6
668	0	0	0	0	-1	5
669	734	735	6	0	-3	5
670	736	737	7	0	-3	5
671	0	0	0	0	-1	5
672	0	0	0	0	-1	6
673	738	739	4	2.1	-3	5
674	740	741	2	0	-3	6
675	0	0	0	0	-1	6
676	0	0	0	0	-1	6
677	0	0	0	0	-1	6
678	742	743	3	0	-3	5
679	0	0	0	0	-1	5
680	0	0	0	0	-1	6
681	0	0	0	0	-1	5
682	744	745	3	0.065	-3	5.58333333333333
683	746	747	11	9.2	-3	6
684	748	749	11	9.65	-3	5
685	0	0	0	0	-1	5
686	0	0	0	0	-1	5
687	750	751	10	0	-3	5
688	0	0	0	0	-1	6
689	0	0	0	0	-1	5
690	752	753	6	7.5	-3	5.2
691	0	0	0	0	-1	6
692	754	755	3	0.005	-3	5
693	756	757	11	9.35	-3	5.16666666666667
694	758	759	5	0.0815	-3	6
695	0	0	0	0	-1	5
696	760	761	2	0.535	-3	5
697	0	0	0	0	-1	5
698	0	0	0	0	-1	5
699	0	0	0	0	-1	5
700	762	763	3	0.07	-3	6
701	0	0	0	0	-1	5
702	0	0	0	0	-1	5
703	764	765	7	44.5	-3	6
704	0	0	0	0	-1	6
705	0	0	0	0	-1	6
706	0	0	0	0	-1	5.5
707	766	767	8	0.99511	-3	6
708	0	0	0	0	-1	7
709	768	769	2	0.5375	-3	6
710	0	0	0	0	-1	5
711	770	771	2	0.99499	-3	6
712	0	0	0	0	-1	5
713	0	0	0	0	-1	4
714	0	0	0	0	-1	4.5
715	772	773	1	7.75	-3	5
716	0	0	0	0	-1	4
717	774	775	10	0.695	-3	5.04651162790698
718	776	777	9	2.975	-3	6.14814814814815
719	778	779	7	41	-3	6.6
720	780	781	5	0.0935	-3	5.16666666666667
721	0	0	0	0	-1	6
722	782	783	1	9.7	-3	6
723	0	0	0	0	-1	7
724	0	0	0	0	-1	5
725	0	0	0	0	-1	5
726	0	0	0	0	-1	5
727	784	785	8	0.992255	-3	6
728	0	0	0	0	-1	7
729	0	0	0	0	-1	6.5
730	0	0	0	0	-1	7
731	0	0	0	0	-1	6
732	0	0	0	0	-1	5
733	786	787	6	28.5	-3	6
734	0	0	0	0	-1	6
735	788	789	11	0	-3	5
736	0	0	0	0	-1	5
737	790	791	10	0.49	-3	5
738	0	0	0	0	-1	5
739	0	0	0	0	-1	5
740	0	0	0	0	-1	6
741	792	793	6	9.5	-3	6
742	0	0	0	0	-1	6
743	794	795	8	0.99765	-3	5
744	0	0	0	0	-1	5
745	796	797	1	8.05	-3	5.66666666666667
746	0	0	0	0	-1	6
747	0	0	0	0	-1	6
748	0	0	0	0	-1	5
749	0	0	0	0	-1	5
750	0	0	0	0	-1	6
751	798	799	8	1.000125	-3	5
752	0	0	0	0	-1	5
753	0	0	0	0	-1	5.66666666666667
754	0	0	0	0	-1	5
755	800	801	8	0.99728	-3	5
756	0	0	0	0	-1	6
757	802	803	4	1.85	-3	5.09090909090909
758	0	0	0	0	-1	6
759	0	0	0	0	-1	6
760	0	0	0	0	-1	5
761	804	805	1	6.2	-3	5
762	0	0	0	0	-1	6
763	806	807	4	0	-3	6
764	0	0	0	0	-1	6
765	0	0	0	0	-1	6
766	808	809	8	0.99441	-3	6
767	0	0	0	0	-1	6
768	0	0	0	0	-1	6
769	0	0	0	0	-1	6
770	0	0	0	0	-1	6
771	0	0	0	0	-1	6
772	810	811	6	31	-3	5
773	812	813	1	7.85	-3	5
774	814	815	3	0.515	-3	5
775	816	817	9	3.24	-3	5.22222222222222
776	0	0	0	0	-1	7
777	818	819	10	1.165	-3	6.08
778	820	821	6	6.5	-3	6.33333333333333
779	0	0	0	0	-1	7
780	0	0	0	0	-1	5
781	0	0	0	0	-1	6
782	822	823	9	3.33	-3	6
783	0	0	0	0	-1	6
784	0	0	0	0	-1	6
785	0	0	0	0	-1	6
786	824	825	8	0	-3	6
787	0	0	0	0	-1	6
788	0	0	0	0	-1	5
789	826	827	2	0	-3	5
790	0	0	0	0	-1	5
791	0	0	0	0	-1	5
792	0	0	0	0	-1	6
793	0	0	0	0	-1	6
794	0	0	0	0	-1	5
795	0	0	0	0	-1	5
796	0	0	0	0	-1	6
797	828	829	7	50	-3	5.5
798	830	831	6	0	-3	5
799	0	0	0	0	-1	5
800	832	833	6	12	-3	5
801	834	835	4	2.35	-3	5
802	0	0	0	0	-1	5.33333333333333
803	836	837	3	0.05	-3	5
804	0	0	0	0	-1	5
805	838	839	5	0	-3	5
806	0	0	0	0	-1	6
807	840	841	10	0.885	-3	6
808	0	0	0	0	-1	6
809	0	0	0	0	-1	6
810	842	843	6	0	-3	5
811	844	845	8	0	-3	5
812	0	0	0	0	-1	5
813	846	847	5	0.0815	-3	5
814	848	849	6	6.5	-3	5
815	0	0	0	0	-1	5
816	0	0	0	0	-1	5
817	0	0	0	0	-1	6
818	850	851	7	68.5	-3	6
819	0	0	0	0	-1	7
820	0	0	0	0	-1	7
821	0	0	0	0	-1	6
822	0	0	0	0	-1	6
823	852	853	11	2.35	-3	6
824	0	0	0	0	-1	7
825	854	855	5	0	-3	6
826	0	0	0	0	-1	6
827	856	857	4	1.65	-3	5
828	858	859	3	0.2	-3	5.88888888888889
829	0	0	0	0	-1	4.8
830	0	0	0	0	-1	5
831	860	861	2	0.635	-3	5
832	0	0	0	0	-1	5
833	0	0	0	0	-1	5
834	0	0	0	0	-1	5
835	0	0	0	0	-1	5
836	862	863	6	0	-3	5
837	0	0	0	0	-1	5
838	0	0	0	0	-1	5
839	0	0	0	0	-1	5
840	0	0	0	0	-1	6
841	0	0	0	0	-1	6
842	0	0	0	0	-1	6
843	864	865	8	0.99703	-3	5
844	0	0	0	0	-1	6
845	0	0	0	0	-1	5
846	866	867	6	0	-3	5
847	868	869	5	0	-3	5
848	0	0	0	0	-1	5
849	870	871	5	0.0815	-3	5
850	872	873	1	0.4775	-3	6
851	0	0	0	0	-1	6
852	0	0	0	0	-1	6
853	874	875	8	19.5	-3	6
854	0	0	0	0	-1	5
855	876	877	11	11.85	-3	6
856	0	0	0	0	-1	5
857	0	0	0	0	-1	5
858	878	879	7	8.4	-3	6
859	0	0	0	0	-1	5
860	0	0	0	0	-1	5
861	880	881	5	0	-3	5
862	0	0	0	0	-1	5
863	0	0	0	0	-1	5
864	0	0	0	0	-1	5
865	0	0	0	0	-1	5
866	0	0	0	0	-1	5
867	882	883	11	9.45	-3	5
868	0	0	0	0	-1	5
869	884	885	7	142.5	-3	5
870	886	887	8	0.9989	-3	5
871	888	889	11	9.25	-3	5
872	0	0	0	0	-1	6
873	890	891	4	1.95	-3	6
874	892	893	1	8.95	-3	6
875	0	0	0	0	-1	6
876	0	0	0	0	-1	6
877	0	0	0	0	-1	6
878	0	0	0	0	-1	6
879	0	0	0	0	-1	6
880	0	0	0	0	-1	5
881	894	895	1	0	-3	5
882	896	897	6	0	-3	5
883	0	0	0	0	-1	5
884	898	899	5	0	-3	5
885	0	0	0	0	-1	5
886	0	0	0	0	-1	5
887	900	901	6	0	-3	5
888	0	0	0	0	-1	5
889	902	903	11	9.35	-3	5
890	904	905	11	10.2666666666666	-3	6
891	906	907	11	9.75	-3	6
892	0	0	0	0	-1	6
893	0	0	0	0	-1	6
894	0	0	0	0	-1	7
895	0	0	0	0	-1	5
896	0	0	0	0	-1	6
897	908	909	10	0.53	-3	5
898	0	0	0	0	-1	5
899	910	911	3	0	-3	5
900	0	0	0	0	-1	6
901	912	913	8	0.99915	-3	5
902	0	0	0	0	-1	5
903	914	915	5	0.0835	-3	5
904	0	0	0	0	-1	6
905	0	0	0	0	-1	6
906	0	0	0	0	-1	6
907	916	917	7	66	-3	6
908	0	0	0	0	-1	5
909	0	0	0	0	-1	5
910	0	0	0	0	-1	5
911	0	0	0	0	-1	5
912	0	0	0	0	-1	5
913	0	0	0	0	-1	5
914	0	0	0	0	-1	5
915	0	0	0	0	-1	5
916	918	919	7	63	-3	6
917	0	0	0	0	-1	6
918	0	0	0	0	-1	6
919	0	0	0	0	-1	6
