1	2	3	7	59.5	-3	5.62101313320826
2	4	5	10	0.585	-3	5.70748299319728
3	6	7	8	0.99328	-3	5.3806146572104
4	8	9	11	11.45	-3	5.23877068557919
5	10	11	11	10.75	-3	5.97078353253652
6	12	13	8	0.99151	-3	6.46666666666667
7	14	15	7	95.5	-3	5.3406862745098
8	16	17	3	0.655	-3	5.12602739726027
9	18	19	3	0.145	-3	5.94827586206897
10	20	21	9	3.445	-3	5.68129330254042
11	22	23	5	0.094	-3	6.3625
12	0	0	0	0	-1	6
13	24	25	8	0.9929	-3	7
14	26	27	1	10.15	-3	5.43816254416961
15	28	29	10	1.265	-3	5.12
16	30	31	2	0.8375	-3	5.13774104683195
17	0	0	0	0	-1	3
18	32	33	8	0.9951	-3	5.64
19	34	35	10	0.545	-3	6.18181818181818
20	36	37	10	0.645	-3	5.77363896848138
21	38	39	2	0.7275	-3	5.29761904761905
22	40	41	2	0.445	-3	6.44313725490196
23	42	43	11	11.55	-3	6.04615384615385
24	0	0	0	0	-1	7
25	0	0	0	0	-1	7
26	44	45	8	0.9995	-3	5.3953488372093
27	46	47	4	2.85	-3	5.88
28	48	49	3	0.195	-3	5.07758620689655
29	50	51	10	1.965	-3	5.66666666666667
30	52	53	10	0.525	-3	5.2411575562701
31	54	55	6	5.5	-3	4.51923076923077
32	56	57	4	2.35	-3	5.52173913043478
33	0	0	0	0	-1	7
34	58	59	2	0.385	-3	6.04545454545455
35	60	61	4	2	-3	6.45454545454546
36	62	63	10	0.605	-3	5.52898550724638
37	64	65	1	9.45	-3	5.93364928909953
38	66	67	10	0.75	-3	5.37974683544304
39	0	0	0	0	-1	4
40	68	69	8	0.995405	-3	6.6875
41	70	71	11	10.85	-3	6.12612612612613
42	72	73	4	3.8	-3	5.81395348837209
43	74	75	7	19.5	-3	6.5
44	76	77	2	0.315	-3	5.43852459016394
45	78	79	8	1.00171	-3	4.64285714285714
46	80	81	11	10.3	-3	5.5
47	82	83	3	0.76	-3	6.23076923076923
48	84	85	9	3.09	-3	5.23809523809524
49	86	87	10	1.095	-3	5.0421052631579
50	88	89	2	0.4	-3	5.85714285714286
51	0	0	0	0	-1	5
52	90	91	9	3.295	-3	5.0650406504065
53	92	93	3	0.025	-3	5.35638297872341
54	94	95	2	1.455	-3	3.88235294117647
55	96	97	11	10.9	-3	4.82857142857143
56	98	99	4	1.625	-3	5.92307692307692
57	100	101	11	11.85	-3	5
58	0	0	0	0	-1	6
59	102	103	4	4.45	-3	6.16666666666667
60	0	0	0	0	-1	6.8
61	104	105	10	0.575	-3	6.16666666666667
62	106	107	3	0.245	-3	5.71641791044776
63	108	109	3	0.485	-3	5.35211267605634
64	110	111	6	3.5	-3	5.76422764227642
65	112	113	8	0.99767	-3	6.17045454545455
66	114	115	2	0.605	-3	5.26984126984127
67	116	117	5	0.091	-3	5.8125
68	118	119	7	8.5	-3	6.85714285714286
69	120	121	8	0.99607	-3	6.49253731343284
70	122	123	7	34	-3	6.55555555555556
71	124	125	7	51.5	-3	6.08823529411765
72	126	127	4	2.55	-3	5.94736842105263
73	0	0	0	0	-1	4.8
74	128	129	3	0.495	-3	6.84615384615385
75	0	0	0	0	-1	6
76	130	131	8	0.99522	-3	6.17391304347826
77	132	133	9	3.205	-3	5.36199095022625
78	134	135	10	0.715	-3	4.33333333333333
79	0	0	0	0	-1	5.2
80	0	0	0	0	-1	5
81	136	137	7	70.5	-3	5.85714285714286
82	138	139	3	0.46	-3	6.33333333333333
83	0	0	0	0	-1	5
84	0	0	0	0	-1	6
85	140	141	2	0.76	-3	5.11111111111111
86	142	143	2	0.295	-3	5.05494505494506
87	0	0	0	0	-1	4.75
88	0	0	0	0	-1	5
89	0	0	0	0	-1	6
90	144	145	1	7.25	-3	5.30188679245283
91	146	147	6	28	-3	4.88571428571429
92	148	149	4	2.2	-3	5.62222222222222
93	150	151	9	3.265	-3	5.27272727272727
94	152	153	9	3.585	-3	4.15384615384615
95	0	0	0	0	-1	3
96	154	155	6	21	-3	5.03703703703704
97	156	157	4	3.55	-3	4.125
98	0	0	0	0	-1	5.5
99	158	159	5	0.072	-3	6
100	0	0	0	0	-1	4
101	160	161	2	0.79	-3	5.11111111111111
102	0	0	0	0	-1	6
103	0	0	0	0	-1	7
104	0	0	0	0	-1	6
105	0	0	0	0	-1	7
106	162	163	1	8.75	-3	5.57777777777778
107	164	165	5	0.072	-3	6
108	166	167	11	9.45	-3	5.53703703703704
109	168	169	2	0.57	-3	4.76470588235294
110	170	171	8	0.99675	-3	6.58333333333333
111	172	173	10	0.885	-3	5.67567567567568
112	174	175	1	10.15	-3	6.60869565217391
113	176	177	8	1.00185	-3	6.01538461538462
114	178	179	9	3.495	-3	5.48387096774194
115	180	181	6	8.5	-3	5.0625
116	182	183	11	9.55	-3	5.86666666666667
117	0	0	0	0	-1	5
118	0	0	0	0	-1	6
119	184	185	7	56.5	-3	6.88
120	186	187	2	0.195	-3	6.2
121	188	189	11	12.55	-3	6.61702127659575
122	190	191	6	8.5	-3	6.71428571428571
123	0	0	0	0	-1	6
124	192	193	8	0.994275	-3	6.02173913043478
125	194	195	3	0.315	-3	6.7
126	196	197	2	0.575	-3	5.73913043478261
127	198	199	2	0.33	-3	6.26666666666667
128	0	0	0	0	-1	6
129	200	201	2	0.56	-3	6.91666666666667
130	0	0	0	0	-1	5.6
131	202	203	10	0.74	-3	6.33333333333333
132	204	205	3	0.265	-3	5.18571428571429
133	206	207	8	0.995605	-3	5.44370860927152
134	0	0	0	0	-1	4.75
135	0	0	0	0	-1	4
136	208	209	9	3.135	-3	6
137	0	0	0	0	-1	5
138	210	211	2	0	-3	6
139	0	0	0	0	-1	6.8
140	212	213	8	0.99783	-3	5
141	0	0	0	0	-1	5.66666666666667
142	0	0	0	0	-1	6
143	214	215	2	0.335	-3	5.03370786516854
144	216	217	5	0.065	-3	6
145	218	219	4	3.45	-3	5.17777777777778
146	220	221	1	9.35	-3	4.86956521739131
147	0	0	0	0	-1	6
148	222	223	4	1.85	-3	5.85185185185185
149	224	225	5	0.1035	-3	5.27777777777778
150	226	227	7	12.5	-3	5.5
151	228	229	5	0.11	-3	5.14285714285714
152	230	231	6	3.5	-3	4.25
153	0	0	0	0	-1	3
154	232	233	4	2.15	-3	4.91304347826087
155	0	0	0	0	-1	5.75
156	0	0	0	0	-1	4
157	0	0	0	0	-1	4.33333333333333
158	234	235	10	0.52	-3	6
159	0	0	0	0	-1	6
160	0	0	0	0	-1	5
161	0	0	0	0	-1	6
162	236	237	11	9.6	-3	5.7027027027027
163	238	239	5	0.0915	-3	5
164	240	241	9	3.18	-3	5.71428571428571
165	242	243	8	0.998395	-3	6.13333333333333
166	244	245	8	0.99565	-3	5.22222222222222
167	246	247	4	2.75	-3	5.69444444444444
168	248	249	4	2.35	-3	5.30769230769231
169	0	0	0	0	-1	3
170	0	0	0	0	-1	7.4
171	250	251	8	0.998225	-3	6
172	252	253	3	0.505	-3	5.83529411764706
173	254	255	11	9.9	-3	5.15384615384615
174	256	257	8	0.997025	-3	6.36363636363636
175	258	259	4	1.45	-3	6.83333333333333
176	260	261	7	18.5	-3	5.96774193548387
177	0	0	0	0	-1	7
178	262	263	5	0.0745	-3	5.14285714285714
179	264	265	2	0.595	-3	5.76470588235294
180	266	267	10	0.69	-3	5.16666666666667
181	268	269	5	0.0805	-3	5
182	0	0	0	0	-1	5.6
183	270	271	2	0.585	-3	6
184	272	273	10	0.705	-3	6.89189189189189
185	0	0	0	0	-1	6
186	0	0	0	0	-1	7
187	274	275	7	22	-3	6.11111111111111
188	276	277	9	3.165	-3	6.54545454545455
189	0	0	0	0	-1	7.66666666666667
190	0	0	0	0	-1	6
191	278	279	8	0.99565	-3	6.83333333333333
192	280	281	10	0.69	-3	6.23529411764706
193	282	283	11	11.25	-3	5.97333333333333
194	0	0	0	0	-1	6.25
195	284	285	6	25.5	-3	7
196	286	287	11	10.85	-3	5.9
197	0	0	0	0	-1	4.66666666666667
198	0	0	0	0	-1	7
199	288	289	2	0.6825	-3	6.08333333333333
200	290	291	1	9.4	-3	7
201	0	0	0	0	-1	6
202	292	293	5	0.067	-3	6
203	294	295	4	2.15	-3	6.66666666666667
204	296	297	5	0.1085	-3	5.02631578947368
205	298	299	11	10	-3	5.375
206	300	301	2	1.015	-3	5.8
207	302	303	11	10.15	-3	5.40441176470588
208	0	0	0	0	-1	6
209	0	0	0	0	-1	6
210	0	0	0	0	-1	5
211	304	305	3	0.36	-3	6
212	0	0	0	0	-1	5
213	0	0	0	0	-1	5
214	0	0	0	0	-1	4.5
215	306	307	8	0.996065	-3	5.04597701149425
216	0	0	0	0	-1	7
217	308	309	3	0.075	-3	5.85714285714286
218	310	311	8	0.99647	-3	5.15909090909091
219	0	0	0	0	-1	6
220	312	313	7	8.5	-3	4.8955223880597
221	0	0	0	0	-1	4
222	314	315	4	1.75	-3	6.09090909090909
223	316	317	8	0.997	-3	5.6875
224	318	319	2	0.6525	-3	5.1875
225	0	0	0	0	-1	6
226	0	0	0	0	-1	6.6
227	320	321	3	0.245	-3	5.38297872340426
228	322	323	7	26	-3	5.17045454545455
229	0	0	0	0	-1	4.33333333333333
230	0	0	0	0	-1	5
231	324	325	3	0.04	-3	4
232	326	327	11	9.65	-3	4.69230769230769
233	328	329	5	0.0655	-3	5.2
234	0	0	0	0	-1	6
235	0	0	0	0	-1	6
236	330	331	11	9.25	-3	5.44444444444444
237	332	333	6	8.5	-3	5.78571428571429
238	334	335	2	0	-3	5
239	0	0	0	0	-1	5
240	0	0	0	0	-1	6
241	0	0	0	0	-1	5
242	336	337	11	10.05	-3	6
243	0	0	0	0	-1	6.66666666666667
244	0	0	0	0	-1	6
245	338	339	10	0.615	-3	5.06666666666667
246	340	341	1	7.65	-3	5.75757575757576
247	0	0	0	0	-1	5
248	0	0	0	0	-1	6
249	342	343	10	0.62	-3	5
250	0	0	0	0	-1	6
251	0	0	0	0	-1	6
252	344	345	8	0.995325	-3	5.92207792207792
253	346	347	2	0.245	-3	5
254	348	349	3	0.105	-3	5.04545454545455
255	0	0	0	0	-1	5.75
256	350	351	7	33	-3	6.71428571428571
257	0	0	0	0	-1	5.75
258	0	0	0	0	-1	6
259	352	353	9	0	-3	7
260	354	355	3	0.58	-3	5.625
261	356	357	1	12.4	-3	6.08695652173913
262	0	0	0	0	-1	5.4
263	358	359	5	0	-3	5
264	360	361	11	9.7	-3	5.6875
265	0	0	0	0	-1	7
266	0	0	0	0	-1	6
267	362	363	10	0.72	-3	5
268	364	365	7	9.5	-3	5
269	366	367	10	0.69	-3	5
270	0	0	0	0	-1	6
271	0	0	0	0	-1	6
272	368	369	5	0.0695	-3	6.65384615384616
273	370	371	3	0.32	-3	7.02083333333333
274	372	373	9	3.195	-3	6.57142857142857
275	374	375	9	3.395	-3	5.81818181818182
276	376	377	2	0.365	-3	7
277	378	379	3	0.525	-3	6.375
278	0	0	0	0	-1	6
279	0	0	0	0	-1	7
280	380	381	7	18	-3	6.07142857142857
281	0	0	0	0	-1	7
282	382	383	8	0.99634	-3	5.86206896551724
283	384	385	11	11.65	-3	6.04347826086957
284	0	0	0	0	-1	7
285	0	0	0	0	-1	7
286	0	0	0	0	-1	5
287	386	387	2	0.56	-3	6.125
288	388	389	6	16	-3	6
289	0	0	0	0	-1	7
290	0	0	0	0	-1	7
291	0	0	0	0	-1	7
292	0	0	0	0	-1	6
293	0	0	0	0	-1	6
294	390	391	11	10.6	-3	7
295	0	0	0	0	-1	6
296	392	393	1	8.3	-3	4.96153846153846
297	394	395	6	30	-3	5.16666666666667
298	396	397	9	2.95	-3	5.23076923076923
299	398	399	8	0.998	-3	6
300	400	401	9	3.36	-3	5.92857142857143
301	0	0	0	0	-1	4
302	402	403	8	0.995685	-3	5.32773109243698
303	404	405	2	0.34	-3	5.94117647058824
304	0	0	0	0	-1	6
305	0	0	0	0	-1	6
306	406	407	1	7.55	-3	5.22222222222222
307	408	409	9	3.225	-3	5.02564102564103
308	0	0	0	0	-1	5
309	410	411	3	0.165	-3	6
310	412	413	2	0.49	-3	5.31818181818182
311	0	0	0	0	-1	5
312	0	0	0	0	-1	4
313	414	415	8	0.99586	-3	4.90909090909091
314	416	417	7	28.5	-3	6
315	0	0	0	0	-1	7
316	418	419	2	0.6825	-3	5.84615384615385
317	0	0	0	0	-1	5
318	0	0	0	0	-1	5.75
319	420	421	5	0.0815	-3	5
320	422	423	11	10.05	-3	5.57894736842105
321	424	425	10	0.545	-3	5.25
322	426	427	3	0.455	-3	5.04761904761905
323	428	429	7	32.5	-3	5.28260869565217
324	430	431	5	0.064	-3	4
325	0	0	0	0	-1	4
326	432	433	5	0.53	-3	5
327	0	0	0	0	-1	4.2
328	0	0	0	0	-1	6
329	434	435	9	3.235	-3	5.11111111111111
330	0	0	0	0	-1	5.8
331	0	0	0	0	-1	5
332	436	437	8	0.99633	-3	6
333	438	439	5	0.0765	-3	5.64705882352941
334	0	0	0	0	-1	5
335	0	0	0	0	-1	5
336	440	441	7	0.998075	-3	6
337	0	0	0	0	-1	6
338	0	0	0	0	-1	5.5
339	0	0	0	0	-1	5
340	442	443	11	9.6	-3	6.08333333333333
341	444	445	8	0.9989	-3	5.57142857142857
342	446	447	9	0	-3	5
343	0	0	0	0	-1	5
344	448	449	6	22	-3	6.5
345	450	451	8	0.99716	-3	5.85507246376812
346	0	0	0	0	-1	5
347	0	0	0	0	-1	5
348	0	0	0	0	-1	4
349	452	453	7	53.5	-3	5.15
350	0	0	0	0	-1	7
351	0	0	0	0	-1	6.33333333333333
352	0	0	0	0	-1	6
353	454	455	10	0.73	-3	7
354	456	457	10	0.775	-3	5.8
355	458	459	1	11.1	-3	5.33333333333333
356	460	461	10	0.725	-3	5.97368421052632
357	462	463	5	0.0775	-3	6.625
358	0	0	0	0	-1	5
359	464	465	7	42	-3	5
360	0	0	0	0	-1	6
361	466	467	5	0.091	-3	5.58333333333333
362	0	0	0	0	-1	5
363	468	469	9	0	-3	5
364	0	0	0	0	-1	5
365	470	471	5	0.0745	-3	5
366	472	473	8	0	-3	5
367	0	0	0	0	-1	5
368	474	475	9	3.34	-3	6.375
369	476	477	1	8.7	-3	7.1
370	478	479	9	3.255	-3	7.33333333333333
371	480	481	11	10.95	-3	6.97619047619048
372	0	0	0	0	-1	7
373	0	0	0	0	-1	6
374	482	483	8	0.99557	-3	6
375	0	0	0	0	-1	5
376	484	485	2	0.295	-3	7.5
377	0	0	0	0	-1	6
378	486	487	5	0.0795	-3	6.26923076923077
379	488	489	7	34	-3	6.83333333333333
380	0	0	0	0	-1	7
381	490	491	8	0.99395	-3	5.91666666666667
382	492	493	7	17	-3	5.66666666666667
383	494	495	5	0.0885	-3	6.18181818181818
384	496	497	10	25.5	-3	6
385	498	499	3	0.065	-3	6.09523809523809
386	0	0	0	0	-1	6
387	0	0	0	0	-1	7
388	0	0	0	0	-1	6
389	0	0	0	0	-1	6
390	0	0	0	0	-1	7
391	0	0	0	0	-1	7
392	500	501	3	0.115	-3	5
393	0	0	0	0	-1	4.75
394	502	503	10	0.84	-3	5
395	0	0	0	0	-1	5.5
396	0	0	0	0	-1	6
397	504	505	6	8.5	-3	5.1304347826087
398	0	0	0	0	-1	6
399	0	0	0	0	-1	6
400	0	0	0	0	-1	5.5
401	506	507	8	0.995055	-3	6
402	0	0	0	0	-1	4
403	508	509	5	0.072	-3	5.35042735042735
404	0	0	0	0	-1	5
405	510	511	9	3.38	-3	6
406	512	513	1	0	-3	5
407	0	0	0	0	-1	6
408	514	515	3	0.285	-3	5.07142857142857
409	516	517	3	0.325	-3	5
410	0	0	0	0	-1	6
411	0	0	0	0	-1	6
412	518	519	2	0.405	-3	5.875
413	0	0	0	0	-1	5
414	520	521	11	9.175	-3	4.78260869565217
415	522	523	3	0.01	-3	4.97674418604651
416	0	0	0	0	-1	6
417	524	525	7	0.995865	-3	6
418	526	527	2	0.485	-3	6
419	0	0	0	0	-1	5
420	0	0	0	0	-1	5
421	0	0	0	0	-1	5
422	528	529	2	0.745	-3	5
423	530	531	7	30.5	-3	6
424	532	533	9	3.035	-3	5
425	534	535	11	9.25	-3	5.38888888888889
426	536	537	8	0.9979	-3	4.97297297297297
427	0	0	0	0	-1	5.6
428	538	539	7	29	-3	5.75
429	540	541	11	10.45	-3	5.18421052631579
430	0	0	0	0	-1	4
431	0	0	0	0	-1	4
432	542	543	3	0	-3	5
433	0	0	0	0	-1	5
434	0	0	0	0	-1	6
435	544	545	1	6.45	-3	5
436	0	0	0	0	-1	6
437	546	547	11	0.6675	-3	6
438	548	549	1	6.95	-3	5.28571428571429
439	550	551	2	0.44	-3	5.9
440	0	0	0	0	-1	6
441	552	553	4	1.7	-3	6
442	0	0	0	0	-1	7
443	554	555	9	3.435	-3	6
444	556	557	9	3.395	-3	5.4375
445	0	0	0	0	-1	6
446	0	0	0	0	-1	6
447	558	559	5	0.0955	-3	5
448	0	0	0	0	-1	7
449	0	0	0	0	-1	6
450	560	561	3	0.06	-3	5.47619047619048
451	562	563	11	9.9	-3	6.02083333333333
452	564	565	5	0.4145	-3	5.05882352941176
453	0	0	0	0	-1	5.66666666666667
454	0	0	0	0	-1	7
455	0	0	0	0	-1	7
456	0	0	0	0	-1	6
457	0	0	0	0	-1	5
458	0	0	0	0	-1	5
459	0	0	0	0	-1	5.66666666666667
460	566	567	5	0.0735	-3	5.57142857142857
461	568	569	8	0.999625	-3	6.06451612903226
462	0	0	0	0	-1	7.66666666666667
463	0	0	0	0	-1	6
464	0	0	0	0	-1	5
465	0	0	0	0	-1	5
466	570	571	4	2.15	-3	5.77777777777778
467	0	0	0	0	-1	5
468	0	0	0	0	-1	3
469	572	573	8	27	-3	5
470	574	575	3	0	-3	5
471	0	0	0	0	-1	5
472	0	0	0	0	-1	5
473	576	577	9	0.105	-3	5
474	578	579	4	2.05	-3	6.75
475	580	581	1	8.15	-3	6
476	582	583	4	2.05	-3	7
477	0	0	0	0	-1	8
478	0	0	0	0	-1	8
479	0	0	0	0	-1	7
480	0	0	0	0	-1	6
481	584	585	4	4.75	-3	7
482	0	0	0	0	-1	6
483	0	0	0	0	-1	6
484	0	0	0	0	-1	7
485	0	0	0	0	-1	8
486	586	587	10	0.7	-3	6.42105263157895
487	588	589	1	10.7	-3	5.85714285714286
488	0	0	0	0	-1	7
489	0	0	0	0	-1	6
490	590	591	3	0	-3	6
491	0	0	0	0	-1	5
492	0	0	0	0	-1	4
493	592	593	1	8.55	-3	5.76470588235294
494	594	595	9	3.3	-3	6.1
495	0	0	0	0	-1	7
496	596	597	10	0.605	-3	6
497	0	0	0	0	-1	6
498	0	0	0	0	-1	6.5
499	598	599	3	0.56	-3	6.05263157894737
500	600	601	11	9.7	-3	5
501	602	603	6	11.5	-3	5
502	0	0	0	0	-1	5
503	604	605	8	0	-3	5
504	0	0	0	0	-1	5.66666666666667
505	606	607	9	3.06	-3	5.05
506	0	0	0	0	-1	6
507	608	609	1	6.8	-3	6
508	610	611	6	27.5	-3	5
509	612	613	11	9.225	-3	5.40594059405941
510	614	615	3	0.325	-3	6.07142857142857
511	0	0	0	0	-1	5.5
512	0	0	0	0	-1	6
513	616	617	7	109.5	-3	5
514	618	619	9	3.215	-3	5.28571428571429
515	620	621	2	0.795	-3	5
516	622	623	5	0.087	-3	5
517	624	625	5	0.0725	-3	5
518	0	0	0	0	-1	6
519	0	0	0	0	-1	5.66666666666667
520	0	0	0	0	-1	4
521	626	627	2	0.66	-3	4.94736842105263
522	628	629	10	0.49	-3	4.66666666666667
523	630	631	4	3.6	-3	5.02702702702703
524	0	0	0	0	-1	5
525	632	633	6	0	-3	6
526	0	0	0	0	-1	5
527	634	635	8	0.996775	-3	6.1
528	636	637	9	0	-3	5
529	0	0	0	0	-1	5
530	0	0	0	0	-1	6
531	638	639	3	0.115	-3	6
532	0	0	0	0	-1	5
533	640	641	1	0	-3	5
534	0	0	0	0	-1	6
535	642	643	7	21	-3	5.21428571428571
536	644	645	6	6.5	-3	5
537	0	0	0	0	-1	4
538	0	0	0	0	-1	5.33333333333333
539	0	0	0	0	-1	6
540	646	647	1	10.2	-3	5.07142857142857
541	648	649	4	2.55	-3	5.5
542	0	0	0	0	-1	6
543	650	651	7	0	-3	5
544	0	0	0	0	-1	5
545	652	653	10	0	-3	5
546	0	0	0	0	-1	6
547	0	0	0	0	-1	6
548	0	0	0	0	-1	5
549	0	0	0	0	-1	5.66666666666667
550	0	0	0	0	-1	5
551	654	655	9	3.31	-3	6
552	0	0	0	0	-1	6
553	656	657	8	0.997	-3	6
554	658	659	5	0.0785	-3	6
555	0	0	0	0	-1	6
556	660	661	5	0.0825	-3	5.35714285714286
557	0	0	0	0	-1	6
558	0	0	0	0	-1	5
559	0	0	0	0	-1	5
560	0	0	0	0	-1	5
561	662	663	7	41.5	-3	5.71428571428571
562	664	665	2	0.575	-3	5.8125
563	666	667	5	0.0855	-3	6.4375
564	668	669	3	0.545	-3	5
565	0	0	0	0	-1	6
566	0	0	0	0	-1	6
567	0	0	0	0	-1	5
568	670	671	2	0.39	-3	6
569	672	673	8	0.999675	-3	6.22222222222222
570	0	0	0	0	-1	5.33333333333333
571	674	675	8	0.99675	-3	6
572	0	0	0	0	-1	5
573	0	0	0	0	-1	5
574	0	0	0	0	-1	5
575	0	0	0	0	-1	5
576	0	0	0	0	-1	5
577	0	0	0	0	-1	5
578	0	0	0	0	-1	6.33333333333333
579	0	0	0	0	-1	7
580	0	0	0	0	-1	6
581	0	0	0	0	-1	6
582	0	0	0	0	-1	7
583	0	0	0	0	-1	7
584	0	0	0	0	-1	7
585	0	0	0	0	-1	7
586	0	0	0	0	-1	7
587	676	677	11	10.85	-3	6.26666666666667
588	678	679	10	0.65	-3	6
589	0	0	0	0	-1	5
590	0	0	0	0	-1	6
591	680	681	11	0	-3	6
592	682	683	8	0.996275	-3	5.92857142857143
593	0	0	0	0	-1	5
594	0	0	0	0	-1	6
595	0	0	0	0	-1	6.5
596	0	0	0	0	-1	6
597	0	0	0	0	-1	6
598	684	685	7	19	-3	6
599	0	0	0	0	-1	6.25
600	0	0	0	0	-1	5
601	0	0	0	0	-1	5
602	0	0	0	0	-1	5
603	0	0	0	0	-1	5
604	0	0	0	0	-1	5
605	686	687	8	0.996745	-3	5
606	0	0	0	0	-1	5.25
607	688	689	1	9.25	-3	5
608	0	0	0	0	-1	6
609	0	0	0	0	-1	6
610	690	691	7	0	-3	5
611	0	0	0	0	-1	5
612	0	0	0	0	-1	5
613	692	693	11	9.55	-3	5.44565217391304
614	694	695	4	3.45	-3	6
615	0	0	0	0	-1	7
616	0	0	0	0	-1	5
617	0	0	0	0	-1	5
618	0	0	0	0	-1	5
619	0	0	0	0	-1	6
620	696	697	1	8.25	-3	5
621	0	0	0	0	-1	5
622	698	699	7	110	-3	5
623	700	701	5	0	-3	5
624	702	703	2	0	-3	5
625	704	705	6	19.5	-3	5
626	0	0	0	0	-1	5
627	0	0	0	0	-1	4
628	0	0	0	0	-1	4.33333333333333
629	0	0	0	0	-1	5
630	706	707	10	0.495	-3	5.0625
631	0	0	0	0	-1	4.8
632	0	0	0	0	-1	4
633	708	709	9	3.34	-3	6
634	710	711	7	2.05	-3	6
635	0	0	0	0	-1	7
636	0	0	0	0	-1	6
637	0	0	0	0	-1	5
638	0	0	0	0	-1	6
639	0	0	0	0	-1	6
640	0	0	0	0	-1	6
641	712	713	2	0.425	-3	5
642	0	0	0	0	-1	5.75
643	714	715	8	0.99574	-3	5
644	716	717	11	0	-3	5
645	718	719	9	0	-3	5
646	720	721	1	6.9	-3	5.11111111111111
647	0	0	0	0	-1	4
648	0	0	0	0	-1	5
649	0	0	0	0	-1	6
650	0	0	0	0	-1	5
651	0	0	0	0	-1	5
652	0	0	0	0	-1	6
653	722	723	2	0	-3	5
654	0	0	0	0	-1	6
655	724	725	7	31.5	-3	6
656	0	0	0	0	-1	6
657	0	0	0	0	-1	6
658	0	0	0	0	-1	6
659	0	0	0	0	-1	6
660	726	727	5	0.065	-3	5.5
661	0	0	0	0	-1	5
662	728	729	6	7.5	-3	6
663	0	0	0	0	-1	5
664	730	731	4	2.05	-3	5.95454545454545
665	732	733	10	0.74	-3	5.5
666	734	735	6	21.5	-3	6.1
667	736	737	9	3.375	-3	7
668	0	0	0	0	-1	5
669	0	0	0	0	-1	5
670	738	739	7	11.45	-3	6
671	740	741	9	3.23	-3	6
672	0	0	0	0	-1	7
673	742	743	5	0.108	-3	6.125
674	0	0	0	0	-1	6
675	0	0	0	0	-1	6
676	0	0	0	0	-1	7
677	744	745	6	8.5	-3	6.21428571428571
678	0	0	0	0	-1	6
679	0	0	0	0	-1	6
680	0	0	0	0	-1	7
681	0	0	0	0	-1	6
682	746	747	5	0.075	-3	6
683	0	0	0	0	-1	5
684	0	0	0	0	-1	6
685	748	749	8	0.99622	-3	6
686	0	0	0	0	-1	5
687	0	0	0	0	-1	5
688	750	751	1	0	-3	5
689	0	0	0	0	-1	5
690	0	0	0	0	-1	5
691	752	753	8	0.99586	-3	5
692	754	755	3	0.265	-3	5.56603773584906
693	756	757	3	0.025	-3	5.28205128205128
694	0	0	0	0	-1	6
695	0	0	0	0	-1	6
696	758	759	1	3.215	-3	5
697	760	761	1	0	-3	5
698	0	0	0	0	-1	5
699	762	763	11	0	-3	5
700	0	0	0	0	-1	6
701	764	765	3	0	-3	5
702	0	0	0	0	-1	5
703	766	767	4	5.8	-3	5
704	0	0	0	0	-1	5
705	768	769	9	3.265	-3	5
706	770	771	5	0.057	-3	5
707	772	773	2	0.59	-3	5.15384615384615
708	0	0	0	0	-1	6
709	0	0	0	0	-1	6
710	0	0	0	0	-1	5
711	774	775	11	9.35	-3	6
712	0	0	0	0	-1	5
713	0	0	0	0	-1	5
714	0	0	0	0	-1	6
715	776	777	4	3.4	-3	4.88888888888889
716	0	0	0	0	-1	8
717	778	779	2	0.6225	-3	5
718	0	0	0	0	-1	6
719	780	781	10	23.5	-3	5
720	0	0	0	0	-1	6
721	782	783	4	1.95	-3	5.07692307692308
722	0	0	0	0	-1	5
723	0	0	0	0	-1	5
724	0	0	0	0	-1	6
725	0	0	0	0	-1	6
726	0	0	0	0	-1	5.2
727	0	0	0	0	-1	5.8
728	0	0	0	0	-1	7
729	784	785	1	8.9	-3	5.88888888888889
730	786	787	2	0.53	-3	6
731	0	0	0	0	-1	5.8
732	788	789	1	8.25	-3	5.16666666666667
733	0	0	0	0	-1	6
734	790	791	5	0.0645	-3	5.875
735	0	0	0	0	-1	7
736	0	0	0	0	-1	7
737	0	0	0	0	-1	7
738	0	0	0	0	-1	6
739	792	793	8	0.99815	-3	6
740	794	795	3	0	-3	6
741	0	0	0	0	-1	6
742	0	0	0	0	-1	6
743	0	0	0	0	-1	7
744	796	797	8	0.99732	-3	6
745	0	0	0	0	-1	6.75
746	798	799	2	0.995035	-3	6
747	0	0	0	0	-1	6
748	800	801	4	2.3	-3	6
749	0	0	0	0	-1	6
750	0	0	0	0	-1	5
751	802	803	9	3.09	-3	5
752	0	0	0	0	-1	5
753	804	805	5	0	-3	5
754	806	807	5	0.09	-3	5.84615384615385
755	808	809	2	0.405	-3	5.2962962962963
756	0	0	0	0	-1	6
757	810	811	6	29.5	-3	5.22222222222222
758	0	0	0	0	-1	5
759	812	813	1	7.8	-3	5
760	0	0	0	0	-1	6
761	0	0	0	0	-1	5
762	0	0	0	0	-1	5
763	814	815	5	0.0815	-3	5
764	0	0	0	0	-1	7
765	0	0	0	0	-1	5
766	0	0	0	0	-1	5
767	0	0	0	0	-1	5
768	816	817	10	0	-3	5
769	818	819	4	0	-3	5
770	0	0	0	0	-1	5
771	820	821	7	0	-3	5
772	0	0	0	0	-1	6
773	822	823	6	11.5	-3	5
774	0	0	0	0	-1	6
775	0	0	0	0	-1	6
776	824	825	6	13.5	-3	5
777	0	0	0	0	-1	4
778	0	0	0	0	-1	5
779	0	0	0	0	-1	5
780	826	827	4	2.05	-3	5
781	0	0	0	0	-1	5
782	828	829	9	3.325	-3	5.2
783	830	831	5	0.091	-3	5
784	832	833	9	3.39	-3	6
785	0	0	0	0	-1	5
786	834	835	3	0.16	-3	6
787	0	0	0	0	-1	6
788	0	0	0	0	-1	6
789	0	0	0	0	-1	5
790	0	0	0	0	-1	5
791	836	837	6	9	-3	6
792	0	0	0	0	-1	6
793	0	0	0	0	-1	6
794	0	0	0	0	-1	6
795	838	839	10	0.905	-3	6
796	840	841	8	0.99722	-3	6
797	0	0	0	0	-1	6
798	842	843	10	0.835	-3	6
799	0	0	0	0	-1	6
800	0	0	0	0	-1	6
801	0	0	0	0	-1	6
802	0	0	0	0	-1	5
803	0	0	0	0	-1	5
804	0	0	0	0	-1	5
805	844	845	8	0.996345	-3	5
806	846	847	2	0.6025	-3	5.95454545454545
807	0	0	0	0	-1	5.25
808	848	849	5	0.0805	-3	5.63636363636364
809	850	851	3	0.305	-3	5.0625
810	852	853	2	0.79	-3	5.16129032258065
811	0	0	0	0	-1	5.6
812	0	0	0	0	-1	5
813	854	855	11	0	-3	5
814	856	857	3	0.99815	-3	5
815	0	0	0	0	-1	5
816	0	0	0	0	-1	6
817	0	0	0	0	-1	5
818	0	0	0	0	-1	5
819	858	859	9	0	-3	5
820	0	0	0	0	-1	5
821	860	861	2	0.68	-3	5
822	0	0	0	0	-1	5
823	0	0	0	0	-1	5
824	862	863	11	0	-3	5
825	0	0	0	0	-1	5
826	864	865	8	0	-3	5
827	0	0	0	0	-1	5
828	0	0	0	0	-1	6
829	866	867	5	0.0885	-3	5.11111111111111
830	868	869	7	54.5	-3	4.91666666666667
831	0	0	0	0	-1	5.25
832	870	871	1	0	-3	6
833	0	0	0	0	-1	6
834	0	0	0	0	-1	6
835	872	873	1	9.1	-3	6
836	0	0	0	0	-1	6
837	0	0	0	0	-1	6
838	0	0	0	0	-1	6
839	0	0	0	0	-1	6
840	0	0	0	0	-1	6
841	0	0	0	0	-1	6
842	874	875	9	0	-3	6
843	0	0	0	0	-1	6
844	0	0	0	0	-1	5
845	0	0	0	0	-1	5
846	876	877	3	0.11	-3	5.90909090909091
847	0	0	0	0	-1	6
848	878	879	5	0	-3	6
849	0	0	0	0	-1	5
850	880	881	8	0.99709	-3	5
851	882	883	5	0.0795	-3	5.16666666666667
852	884	885	6	19.5	-3	5.2
853	0	0	0	0	-1	4
854	0	0	0	0	-1	5
855	886	887	3	0.625	-3	5
856	888	889	4	1.85	-3	5
857	0	0	0	0	-1	5
858	0	0	0	0	-1	5
859	0	0	0	0	-1	5
860	890	891	11	8.5	-3	5
861	0	0	0	0	-1	5
862	0	0	0	0	-1	6
863	892	893	5	0.1015	-3	5
864	0	0	0	0	-1	5
865	894	895	7	0	-3	5
866	896	897	3	0.27	-3	5
867	0	0	0	0	-1	6
868	0	0	0	0	-1	5
869	0	0	0	0	-1	4.66666666666667
870	0	0	0	0	-1	5
871	898	899	4	1.95	-3	6
872	900	901	1	0	-3	6
873	0	0	0	0	-1	6
874	0	0	0	0	-1	7
875	902	903	5	0.0615	-3	6
876	0	0	0	0	-1	5
877	904	905	7	0	-3	6
878	0	0	0	0	-1	6
879	906	907	3	0.295	-3	6
880	0	0	0	0	-1	5
881	0	0	0	0	-1	5
882	0	0	0	0	-1	6
883	0	0	0	0	-1	5
884	908	909	8	0.997255	-3	5.31578947368421
885	910	911	10	0.555	-3	5
886	0	0	0	0	-1	5
887	0	0	0	0	-1	5
888	0	0	0	0	-1	5
889	912	913	10	0	-3	5
890	0	0	0	0	-1	6
891	914	915	1	6.55	-3	5
892	0	0	0	0	-1	5
893	0	0	0	0	-1	5
894	0	0	0	0	-1	6
895	916	917	6	11.5	-3	5
896	0	0	0	0	-1	5
897	0	0	0	0	-1	5
898	0	0	0	0	-1	6
899	0	0	0	0	-1	6
900	0	0	0	0	-1	8
901	918	919	2	0.36	-3	6
902	0	0	0	0	-1	6
903	0	0	0	0	-1	6
904	0	0	0	0	-1	6
905	920	921	6	0.99725	-3	6
906	0	0	0	0	-1	6
907	0	0	0	0	-1	6
908	922	923	2	0.7375	-3	5.71428571428571
909	924	925	10	0.575	-3	5.08333333333333
910	0	0	0	0	-1	5
911	926	927	1	9.85	-3	5
912	0	0	0	0	-1	5
913	0	0	0	0	-1	5
914	0	0	0	0	-1	5
915	928	929	11	9.25	-3	5
916	0	0	0	0	-1	5
917	0	0	0	0	-1	5
918	0	0	0	0	-1	6
919	0	0	0	0	-1	6
920	0	0	0	0	-1	7
921	930	931	5	0	-3	6
922	932	933	7	61	-3	5.83333333333333
923	0	0	0	0	-1	5
924	934	935	9	0	-3	5
925	0	0	0	0	-1	5.33333333333333
926	936	937	6	0	-3	5
927	0	0	0	0	-1	5
928	0	0	0	0	-1	5
929	938	939	2	42.5	-3	5
930	0	0	0	0	-1	6
931	940	941	5	0	-3	6
932	0	0	0	0	-1	5
933	0	0	0	0	-1	6
934	0	0	0	0	-1	5
935	942	943	2	0	-3	5
936	0	0	0	0	-1	5
937	0	0	0	0	-1	5
938	944	945	9	3.335	-3	5
939	0	0	0	0	-1	5
940	0	0	0	0	-1	6
941	946	947	4	1.85	-3	6
942	0	0	0	0	-1	6
943	948	949	4	0	-3	5
944	0	0	0	0	-1	5
945	950	951	4	0	-3	5
946	0	0	0	0	-1	6
947	0	0	0	0	-1	6
948	0	0	0	0	-1	5
949	952	953	2	0.6275	-3	5
950	0	0	0	0	-1	5
951	0	0	0	0	-1	5
952	0	0	0	0	-1	5
953	0	0	0	0	-1	5
