1	2	3	3	0.305	-3	5.61976235146967
2	4	5	10	0.545	-3	5.44419889502762
3	6	7	5	0.0695	-3	5.84870317002882
4	8	9	11	11.65	-3	5.11784511784511
5	10	11	11	12.25	-3	5.60361842105263
6	12	13	10	0.705	-3	6.15254237288135
7	14	15	2	0.3625	-3	5.74468085106383
8	16	17	2	1	-3	5.06498194945848
9	18	19	5	0.03	-3	5.85
10	20	21	8	0.995635	-3	5.51423487544484
11	22	23	4	2.35	-3	6.69565217391304
12	24	25	2	0.65	-3	5.93684210526316
13	26	27	10	0.845	-3	6.40243902439024
14	28	29	11	10.65	-3	6.2
15	30	31	10	0.645	-3	5.54972375690608
16	32	33	2	0.8125	-3	5.10408921933085
17	34	35	11	10.95	-3	3.75
18	0	0	0	0	-1	7
19	36	37	4	1.775	-3	5.64705882352941
20	38	39	2	0.37	-3	5.78571428571429
21	40	41	5	0.0955	-3	5.42417061611374
22	42	43	3	0.275	-3	6.90909090909091
23	44	45	1	6.9	-3	6.15384615384615
24	46	47	4	10.6	-3	6.02380952380952
25	48	49	5	0.052	-3	5.27272727272727
26	50	51	3	0.415	-3	6.52542372881356
27	52	53	6	7.5	-3	6.08695652173913
28	54	55	5	0.0825	-3	5.84507042253521
29	56	57	10	0.745	-3	6.5
30	58	59	5	0.0865	-3	5.29069767441861
31	60	61	11	11.15	-3	5.78421052631579
32	62	63	7	14.5	-3	5.16450216450216
33	64	65	4	1.3	-3	4.73684210526316
34	0	0	0	0	-1	4.5
35	0	0	0	0	-1	3
36	0	0	0	0	-1	5.2
37	66	67	7	14	-3	5.83333333333333
38	0	0	0	0	-1	7.25
39	68	69	4	2.25	-3	5.74264705882353
40	70	71	4	3.7	-3	5.48648648648649
41	72	73	6	5.75	-3	5.19101123595506
42	74	75	5	0.0595	-3	6.96875
43	0	0	0	0	-1	5
44	76	77	11	12.85	-3	5.9
45	0	0	0	0	-1	7
46	78	79	6	4.5	-3	6.0609756097561
47	0	0	0	0	-1	4.5
48	0	0	0	0	-1	6
49	80	81	5	0.064	-3	5
50	82	83	2	0.24	-3	6.86666666666667
51	84	85	9	3.25	-3	6.17241379310345
52	86	87	8	0.99752	-3	6.33333333333333
53	88	89	7	63.5	-3	5.92857142857143
54	90	91	5	0.073	-3	6.14634146341463
55	92	93	10	0.725	-3	5.43333333333333
56	94	95	8	0.99502	-3	6.23913043478261
57	96	97	7	100.5	-3	6.81578947368421
58	98	99	1	6.95	-3	5.16190476190476
59	100	101	10	0.545	-3	5.49253731343284
60	102	103	7	83	-3	5.53956834532374
61	104	105	1	11.75	-3	6.45098039215686
62	106	107	1	8.65	-3	4.76
63	108	109	11	9.53333333333333	-3	5.21359223300971
64	0	0	0	0	-1	3
65	110	111	6	5.5	-3	4.83333333333333
66	0	0	0	0	-1	5
67	112	113	7	17	-3	5.90909090909091
68	114	115	1	6.95	-3	5.66019417475728
69	116	117	10	0.67	-3	6
70	118	119	8	0.99755	-3	5.44230769230769
71	120	121	8	0.996265	-3	6.14285714285714
72	122	123	2	0.8025	-3	5.7
73	124	125	8	1.0002	-3	5.12658227848101
74	126	127	8	0.99117	-3	6.8
75	128	129	11	12.5	-3	7.57142857142857
76	130	131	1	6.55	-3	6
77	0	0	0	0	-1	5
78	0	0	0	0	-1	7
79	132	133	7	10.5	-3	6
80	0	0	0	0	-1	5
81	0	0	0	0	-1	5
82	0	0	0	0	-1	6
83	134	135	10	0.725	-3	6.96296296296296
84	136	137	10	0.8	-3	6.6
85	138	139	9	3.275	-3	5.94736842105263
86	0	0	0	0	-1	6
87	0	0	0	0	-1	6.75
88	140	141	7	23.5	-3	6
89	0	0	0	0	-1	5.66666666666667
90	0	0	0	0	-1	7
91	142	143	2	0.295	-3	6.05405405405405
92	144	145	11	9.3	-3	5.125
93	146	147	10	1.04	-3	5.78571428571429
94	148	149	5	0.094	-3	6.875
95	150	151	5	0.0715	-3	6.10526315789474
96	152	153	3	0.595	-3	6.86486486486487
97	0	0	0	0	-1	5
98	0	0	0	0	-1	6
99	154	155	2	0.51	-3	5.13725490196079
100	0	0	0	0	-1	5
101	156	157	4	2.15	-3	5.6734693877551
102	158	159	2	0.6225	-3	5.72380952380952
103	160	161	7	85.5	-3	4.97058823529412
104	162	163	11	11.75	-3	6.58974358974359
105	164	165	4	4.55	-3	6
106	166	167	8	0.99408	-3	4.95
107	0	0	0	0	-1	4
108	168	169	8	0.99926	-3	5.06930693069307
109	170	171	8	0.99745	-3	5.35238095238095
110	172	173	5	0.085	-3	4.25
111	174	175	9	3.58	-3	5
112	0	0	0	0	-1	5.66666666666667
113	176	177	3	6.75	-3	6
114	178	179	6	5.5	-3	5.46376811594203
115	180	181	2	0.7275	-3	6.05882352941176
116	182	183	11	11.85	-3	5.96875
117	0	0	0	0	-1	7
118	184	185	2	0.905	-3	5.35371179039301
119	186	187	7	86.5	-3	5.68674698795181
120	0	0	0	0	-1	7
121	188	189	7	89.5	-3	6.05263157894737
122	190	191	4	4.25	-3	6.125
123	0	0	0	0	-1	4
124	192	193	9	2.935	-3	5.19444444444445
125	194	195	7	110	-3	4.42857142857143
126	0	0	0	0	-1	8
127	196	197	9	3.6	-3	6.75
128	0	0	0	0	-1	7
129	0	0	0	0	-1	7.8
130	198	199	11	12.45	-3	6
131	0	0	0	0	-1	6
132	0	0	0	0	-1	7
133	200	201	4	3.45	-3	5.97333333333333
134	0	0	0	0	-1	6.33333333333333
135	202	203	7	74.5	-3	7.04166666666667
136	0	0	0	0	-1	6
137	204	205	4	2.25	-3	7
138	0	0	0	0	-1	5
139	206	207	9	3.295	-3	6.125
140	0	0	0	0	-1	6
141	208	209	8	0.99755	-3	6
142	210	211	1	11.8	-3	6.28571428571429
143	212	213	11	9.65	-3	5.75
144	0	0	0	0	-1	6
145	214	215	3	0.36	-3	5.06666666666667
146	216	217	2	0.315	-3	6
147	0	0	0	0	-1	5.25
148	218	219	5	0.086	-3	7
149	0	0	0	0	-1	6
150	0	0	0	0	-1	8
151	220	221	2	0.27	-3	6.05405405405405
152	222	223	11	12.65	-3	7
153	0	0	0	0	-1	6
154	224	225	1	9.35	-3	5.28358208955224
155	226	227	11	9.1	-3	4.85714285714286
156	228	229	5	0.1585	-3	5.14285714285714
157	230	231	11	9.35	-3	5.88571428571429
158	232	233	10	1.22	-3	5.84883720930233
159	234	235	7	18	-3	5.15789473684211
160	0	0	0	0	-1	4
161	236	237	9	3.21	-3	5
162	238	239	1	11.1	-3	6.25
163	240	241	11	12.75	-3	6.82608695652174
164	242	243	5	0.1155	-3	6.2
165	0	0	0	0	-1	5
166	0	0	0	0	-1	4
167	244	245	5	0.0695	-3	5
168	246	247	8	0.997315	-3	5.03092783505155
169	0	0	0	0	-1	6
170	248	249	2	0.7225	-3	5.43023255813953
171	250	251	9	3.225	-3	5
172	252	253	3	0.07	-3	4
173	0	0	0	0	-1	5
174	254	255	5	0.0805	-3	4.96296296296296
175	0	0	0	0	-1	6
176	256	257	9	3.425	-3	6
177	0	0	0	0	-1	6
178	258	259	1	6.85	-3	4.75
179	260	261	7	13.5	-3	5.55737704918033
180	262	263	8	0.995155	-3	6.125
181	0	0	0	0	-1	5
182	264	265	2	0.46	-3	6
183	0	0	0	0	-1	5.66666666666667
184	266	267	11	10.45	-3	5.4
185	268	269	1	7.15	-3	4.22222222222222
186	270	271	11	10.25	-3	5.76
187	272	273	3	0.255	-3	5
188	274	275	6	10.5	-3	6.11111111111111
189	0	0	0	0	-1	5
190	276	277	5	0	-3	6
191	0	0	0	0	-1	7
192	0	0	0	0	-1	5.66666666666667
193	278	279	3	0.015	-3	5.17391304347826
194	0	0	0	0	-1	4
195	0	0	0	0	-1	5
196	280	281	2	0.845	-3	7.07692307692308
197	282	283	8	0.991585	-3	6.36363636363636
198	0	0	0	0	-1	6
199	0	0	0	0	-1	6
200	284	285	6	12.5	-3	5.91428571428571
201	0	0	0	0	-1	6.8
202	286	287	5	0.057	-3	7.08695652173913
203	0	0	0	0	-1	6
204	0	0	0	0	-1	7
205	0	0	0	0	-1	7
206	0	0	0	0	-1	7
207	288	289	2	0.475	-3	6
208	0	0	0	0	-1	6
209	0	0	0	0	-1	6
210	290	291	8	0.9976	-3	5.91666666666667
211	292	293	4	2.45	-3	6.77777777777778
212	294	295	2	0.33	-3	5.5
213	0	0	0	0	-1	6
214	0	0	0	0	-1	6
215	296	297	7	34.5	-3	5
216	0	0	0	0	-1	6.4
217	0	0	0	0	-1	5.6
218	0	0	0	0	-1	7
219	0	0	0	0	-1	7
220	0	0	0	0	-1	5.33333333333333
221	298	299	3	0.705	-3	6.11764705882353
222	300	301	2	0.315	-3	6.93333333333333
223	0	0	0	0	-1	8
224	302	303	5	0.072	-3	5.11627906976744
225	304	305	1	10.4	-3	5.58333333333333
226	0	0	0	0	-1	3
227	306	307	3	0.47	-3	4.96969696969697
228	308	309	3	0.46	-3	5.30769230769231
229	0	0	0	0	-1	3
230	0	0	0	0	-1	5
231	310	311	3	0.715	-3	5.96875
232	312	313	4	4.8	-3	5.9
233	314	315	3	0.545	-3	5.16666666666667
234	0	0	0	0	-1	6
235	316	317	3	0.595	-3	5.05882352941176
236	318	319	11	0	-3	5
237	320	321	11	9.6	-3	5
238	322	323	5	0.1	-3	6.07692307692308
239	0	0	0	0	-1	7
240	324	325	9	3.175	-3	6.90476190476191
241	0	0	0	0	-1	6
242	326	327	8	1.00265	-3	6.11111111111111
243	0	0	0	0	-1	7
244	0	0	0	0	-1	5.25
245	328	329	8	0.99646	-3	4.93333333333333
246	330	331	7	79.25	-3	5.10909090909091
247	332	333	6	17.5	-3	4.92857142857143
248	334	335	7	31.5	-3	5.35211267605634
249	336	337	9	3.375	-3	5.8
250	0	0	0	0	-1	5.25
251	338	339	9	3.39	-3	4.93333333333333
252	0	0	0	0	-1	3.8
253	0	0	0	0	-1	5
254	0	0	0	0	-1	4.75
255	340	341	1	7.5	-3	5
256	0	0	0	0	-1	6
257	0	0	0	0	-1	6
258	342	343	5	3.38	-3	5
259	0	0	0	0	-1	4
260	0	0	0	0	-1	4
261	344	345	4	2.15	-3	5.58333333333333
262	346	347	1	7.35	-3	6.26086956521739
263	348	349	7	19	-3	5.77777777777778
264	0	0	0	0	-1	5.75
265	350	351	1	6.7	-3	6.04
266	352	353	1	6.75	-3	5.32402234636872
267	354	355	3	0.28	-3	5.73170731707317
268	0	0	0	0	-1	4
269	0	0	0	0	-1	4.66666666666667
270	356	357	5	0.0875	-3	5.65454545454545
271	358	359	9	3.35	-3	6.05
272	0	0	0	0	-1	5
273	0	0	0	0	-1	5
274	0	0	0	0	-1	6.5
275	360	361	6	0.71	-3	6
276	0	0	0	0	-1	6
277	362	363	9	3.315	-3	6
278	364	365	11	9.45	-3	5.41176470588235
279	366	367	9	3.45	-3	5.09615384615385
280	368	369	7	97	-3	7
281	0	0	0	0	-1	8
282	0	0	0	0	-1	7
283	370	371	8	0.99345	-3	5.83333333333333
284	372	373	3	0.445	-3	5.79545454545455
285	374	375	1	11.4	-3	6.11538461538462
286	0	0	0	0	-1	8
287	376	377	1	0	-3	7
288	378	379	2	0.4	-3	6.07692307692308
289	0	0	0	0	-1	5
290	380	381	5	0.425	-3	6
291	0	0	0	0	-1	5.8
292	0	0	0	0	-1	7
293	0	0	0	0	-1	6
294	0	0	0	0	-1	5.2
295	0	0	0	0	-1	6
296	382	383	1	0	-3	5
297	384	385	5	0	-3	5
298	386	387	11	10.8	-3	6.0625
299	0	0	0	0	-1	7
300	388	389	10	0.89	-3	7.05
301	390	391	1	8	-3	6.7
302	0	0	0	0	-1	6
303	392	393	5	0.0805	-3	5.0952380952381
304	394	395	11	11.15	-3	6.25
305	396	397	7	56.5	-3	5.25
306	398	399	4	2.85	-3	5.07407407407407
307	400	401	7	22.5	-3	4.5
308	402	403	5	0.0885	-3	5.71428571428571
309	404	405	4	2.05	-3	4.83333333333333
310	406	407	4	2.35	-3	6.03333333333333
311	0	0	0	0	-1	5
312	408	409	10	0.715	-3	5.83783783783784
313	410	411	7	64.5	-3	6.66666666666667
314	0	0	0	0	-1	6
315	0	0	0	0	-1	5
316	412	413	9	2.96	-3	5
317	0	0	0	0	-1	5.2
318	0	0	0	0	-1	6
319	0	0	0	0	-1	5
320	0	0	0	0	-1	5
321	414	415	8	0.99793	-3	5
322	416	417	11	11.45	-3	6.42857142857143
323	418	419	9	3.27	-3	5.66666666666667
324	420	421	1	11	-3	7
325	422	423	1	9.7	-3	6.8
326	424	425	5	0.094	-3	6
327	0	0	0	0	-1	7
328	426	427	4	1.45	-3	5
329	0	0	0	0	-1	4.8
330	428	429	8	0.99556	-3	5
331	430	431	10	0.525	-3	5.42857142857143
332	432	433	9	3.335	-3	4.82352941176471
333	434	435	8	0.998055	-3	5
334	436	437	1	7.25	-3	5.56
335	438	439	5	0.068	-3	5.23913043478261
336	440	441	5	0.1055	-3	6
337	0	0	0	0	-1	5
338	0	0	0	0	-1	4.75
339	442	443	11	0	-3	5
340	444	445	10	0.49	-3	5
341	446	447	1	0	-3	5
342	0	0	0	0	-1	5
343	0	0	0	0	-1	5
344	448	449	7	66	-3	5.54545454545455
345	0	0	0	0	-1	6
346	450	451	5	0.0855	-3	6.46153846153846
347	0	0	0	0	-1	6
348	0	0	0	0	-1	5
349	452	453	6	0	-3	6
350	0	0	0	0	-1	6.2
351	0	0	0	0	-1	6
352	454	455	4	1.85	-3	4.96153846153846
353	456	457	9	3.205	-3	5.38562091503268
354	458	459	3	0.215	-3	5.66666666666667
355	0	0	0	0	-1	7
356	460	461	8	0.998425	-3	5.52777777777778
357	462	463	5	0.0935	-3	5.89473684210526
358	464	465	6	19	-3	6.10526315789474
359	0	0	0	0	-1	5
360	0	0	0	0	-1	3
361	466	467	1	6.55	-3	6
362	0	0	0	0	-1	6
363	0	0	0	0	-1	6
364	0	0	0	0	-1	6
365	468	469	2	0.7525	-3	5.16666666666667
366	470	471	4	2.75	-3	5.12
367	0	0	0	0	-1	4.5
368	0	0	0	0	-1	7
369	0	0	0	0	-1	7
370	0	0	0	0	-1	6
371	0	0	0	0	-1	5
372	472	473	1	7.45	-3	5.66666666666667
373	474	475	7	13.5	-3	6.07142857142857
374	476	477	6	13.5	-3	6.04166666666667
375	0	0	0	0	-1	7
376	0	0	0	0	-1	5
377	0	0	0	0	-1	7
378	478	479	10	24.5	-3	6
379	0	0	0	0	-1	6.33333333333333
380	480	481	1	8.25	-3	6
381	0	0	0	0	-1	6
382	0	0	0	0	-1	5
383	482	483	10	0.69	-3	5
384	0	0	0	0	-1	5
385	484	485	6	23	-3	5
386	0	0	0	0	-1	5
387	486	487	4	3.25	-3	6.09677419354839
388	488	489	2	0	-3	7
389	0	0	0	0	-1	7.2
390	0	0	0	0	-1	7
391	0	0	0	0	-1	6.4
392	490	491	1	8.9	-3	5.22222222222222
393	492	493	2	0.445	-3	5
394	0	0	0	0	-1	5.5
395	0	0	0	0	-1	7
396	494	495	9	3.075	-3	5.2
397	0	0	0	0	-1	6
398	496	497	1	3.245	-3	5
399	0	0	0	0	-1	5.5
400	0	0	0	0	-1	5.5
401	0	0	0	0	-1	4
402	0	0	0	0	-1	5
403	498	499	2	0.6025	-3	5.83333333333333
404	0	0	0	0	-1	5
405	0	0	0	0	-1	4
406	500	501	10	0.595	-3	5.625
407	502	503	3	0.415	-3	6.18181818181818
408	504	505	2	0.5825	-3	5.64516129032258
409	506	507	9	3.015	-3	5.97674418604651
410	0	0	0	0	-1	7
411	0	0	0	0	-1	5
412	0	0	0	0	-1	5
413	0	0	0	0	-1	5
414	508	509	7	104	-3	5
415	0	0	0	0	-1	5
416	0	0	0	0	-1	6
417	0	0	0	0	-1	6.75
418	0	0	0	0	-1	6
419	0	0	0	0	-1	5
420	510	511	11	20.5	-3	7
421	0	0	0	0	-1	7
422	512	513	11	12	-3	7
423	0	0	0	0	-1	6.33333333333333
424	0	0	0	0	-1	6
425	0	0	0	0	-1	6
426	0	0	0	0	-1	5
427	514	515	2	0.69	-3	5
428	516	517	6	25.5	-3	5.18181818181818
429	518	519	5	0.0725	-3	4.93333333333333
430	0	0	0	0	-1	5
431	520	521	11	9.45	-3	5.66666666666667
432	0	0	0	0	-1	4
433	522	523	6	0	-3	5
434	0	0	0	0	-1	5
435	524	525	2	0	-3	5
436	526	527	3	0.14	-3	5
437	528	529	8	0.99499	-3	5.82352941176471
438	530	531	11	10.425	-3	6
439	532	533	10	0.525	-3	5.125
440	534	535	11	9.65	-3	6
441	0	0	0	0	-1	6
442	0	0	0	0	-1	6
443	536	537	1	8.45	-3	5
444	0	0	0	0	-1	5
445	0	0	0	0	-1	5
446	0	0	0	0	-1	5
447	538	539	1	9.55	-3	5
448	540	541	3	0.13	-3	5.61224489795918
449	542	543	11	3.52	-3	5
450	544	545	8	0.99512	-3	6.22222222222222
451	0	0	0	0	-1	7
452	0	0	0	0	-1	5
453	546	547	5	0.063	-3	6
454	548	549	2	0.7	-3	4.69230769230769
455	550	551	3	0.18	-3	5.23076923076923
456	552	553	5	0.094	-3	4.95
457	554	555	2	0.6525	-3	5.45112781954887
458	556	557	3	0.015	-3	5.78125
459	558	559	8	0.9972	-3	5.14285714285714
460	560	561	7	32.5	-3	5.68
461	562	563	3	0.05	-3	5.18181818181818
462	564	565	8	0.99914	-3	5.94444444444444
463	0	0	0	0	-1	5
464	566	567	10	0.615	-3	6
465	0	0	0	0	-1	6.4
466	0	0	0	0	-1	6
467	0	0	0	0	-1	6
468	568	569	3	0.005	-3	5.09090909090909
469	0	0	0	0	-1	6
470	570	571	6	8.5	-3	5.18181818181818
471	572	573	2	0.575	-3	5
472	574	575	11	12.05	-3	6
473	576	577	7	17.5	-3	5.375
474	0	0	0	0	-1	6.5
475	578	579	7	20	-3	6
476	0	0	0	0	-1	7
477	580	581	4	2.9	-3	6
478	0	0	0	0	-1	6
479	0	0	0	0	-1	6
480	0	0	0	0	-1	6
481	0	0	0	0	-1	6
482	0	0	0	0	-1	5
483	0	0	0	0	-1	5
484	0	0	0	0	-1	5
485	0	0	0	0	-1	5
486	582	583	8	0.2925	-3	6
487	584	585	6	6.5	-3	6.5
488	0	0	0	0	-1	6
489	0	0	0	0	-1	7
490	586	587	1	7.9	-3	5
491	0	0	0	0	-1	5.8
492	588	589	8	0	-3	5
493	0	0	0	0	-1	5
494	590	591	11	9.55	-3	4.85714285714286
495	592	593	9	3.12	-3	5.5
496	0	0	0	0	-1	6
497	594	595	6	22.5	-3	5
498	0	0	0	0	-1	6
499	0	0	0	0	-1	5
500	0	0	0	0	-1	5.25
501	0	0	0	0	-1	6
502	596	597	2	0.525	-3	6.42857142857143
503	598	599	10	0.625	-3	6.06666666666667
504	600	601	6	8	-3	5.54166666666667
505	602	603	9	0	-3	6
506	0	0	0	0	-1	5
507	604	605	7	54.5	-3	6.02439024390244
508	606	607	9	0	-3	5
509	608	609	9	3.37	-3	5
510	610	611	9	3.105	-3	7
511	0	0	0	0	-1	7
512	0	0	0	0	-1	7
513	0	0	0	0	-1	7
514	612	613	7	0	-3	5
515	0	0	0	0	-1	5
516	0	0	0	0	-1	5
517	0	0	0	0	-1	5.5
518	0	0	0	0	-1	4.75
519	614	615	11	9.175	-3	4.96153846153846
520	0	0	0	0	-1	6
521	0	0	0	0	-1	5.25
522	0	0	0	0	-1	6
523	616	617	3	0.07	-3	5
524	0	0	0	0	-1	6
525	618	619	11	9.3	-3	5
526	620	621	11	10.6	-3	4.85714285714286
527	0	0	0	0	-1	6
528	0	0	0	0	-1	7
529	622	623	2	0.53	-3	5.75
530	0	0	0	0	-1	6
531	0	0	0	0	-1	6
532	624	625	5	0.0755	-3	5
533	626	627	8	0.99706	-3	5.21739130434783
534	0	0	0	0	-1	6
535	0	0	0	0	-1	6
536	628	629	8	0.99885	-3	5
537	0	0	0	0	-1	5
538	0	0	0	0	-1	5
539	0	0	0	0	-1	5
540	630	631	9	3.51	-3	5.48484848484848
541	632	633	8	0.99545	-3	5.875
542	0	0	0	0	-1	6
543	0	0	0	0	-1	5
544	634	635	11	10.7	-3	6
545	0	0	0	0	-1	7
546	0	0	0	0	-1	6
547	0	0	0	0	-1	6
548	0	0	0	0	-1	5
549	0	0	0	0	-1	3
550	636	637	7	17.5	-3	5.09090909090909
551	0	0	0	0	-1	6
552	638	639	11	9.3	-3	4.83333333333333
553	0	0	0	0	-1	6
554	640	641	7	36.5	-3	5.53
555	642	643	8	0.996475	-3	5.21212121212121
556	644	645	8	0.99594	-3	5.33333333333333
557	646	647	6	4.5	-3	5.95652173913043
558	648	649	11	10.8	-3	5
559	0	0	0	0	-1	6
560	650	651	8	0.997665	-3	5.875
561	652	653	8	0.99835	-3	5.33333333333333
562	0	0	0	0	-1	6
563	654	655	10	0.58	-3	5.1
564	656	657	11	9.85	-3	6
565	0	0	0	0	-1	5.8
566	658	659	8	0.805	-3	6
567	660	661	1	13.5	-3	6
568	662	663	10	0.615	-3	5
569	0	0	0	0	-1	6
570	664	665	1	6.75	-3	5.5
571	666	667	2	0.6275	-3	5.08
572	0	0	0	0	-1	5
573	668	669	9	3.27	-3	5
574	670	671	2	0.2975	-3	6
575	0	0	0	0	-1	6
576	672	673	5	0.0615	-3	5.71428571428571
577	674	675	6	11	-3	5.11111111111111
578	0	0	0	0	-1	6
579	676	677	11	11	-3	6
580	678	679	7	52	-3	6.04545454545455
581	0	0	0	0	-1	5
582	0	0	0	0	-1	8
583	680	681	1	8.05	-3	6
584	0	0	0	0	-1	6
585	0	0	0	0	-1	7
586	682	683	8	32.5	-3	5
587	684	685	1	0	-3	5
588	0	0	0	0	-1	5
589	686	687	5	0.0815	-3	5
590	688	689	9	3	-3	5
591	0	0	0	0	-1	4
592	0	0	0	0	-1	6
593	0	0	0	0	-1	5
594	0	0	0	0	-1	5
595	0	0	0	0	-1	5
596	0	0	0	0	-1	7
597	0	0	0	0	-1	6
598	690	691	11	9.95	-3	6
599	0	0	0	0	-1	6.33333333333333
600	692	693	5	0.092	-3	6
601	694	695	2	0.385	-3	5.35294117647059
602	0	0	0	0	-1	5
603	0	0	0	0	-1	6
604	696	697	8	0.99985	-3	6.125
605	698	699	7	65.5	-3	5.66666666666667
606	0	0	0	0	-1	5
607	700	701	4	0	-3	5
608	0	0	0	0	-1	5
609	702	703	11	0	-3	5
610	0	0	0	0	-1	7
611	0	0	0	0	-1	7
612	0	0	0	0	-1	5
613	704	705	7	0.465	-3	5
614	0	0	0	0	-1	4
615	706	707	6	25	-3	5
616	708	709	3	0	-3	5
617	710	711	2	0.61	-3	5
618	0	0	0	0	-1	5
619	0	0	0	0	-1	5
620	712	713	6	9.5	-3	5
621	0	0	0	0	-1	4
622	714	715	7	27	-3	6
623	716	717	1	9	-3	5.42857142857143
624	0	0	0	0	-1	5
625	718	719	10	0.485	-3	5
626	720	721	2	0.385	-3	5.1
627	0	0	0	0	-1	6
628	722	723	1	0	-3	5
629	0	0	0	0	-1	5
630	724	725	5	0.0895	-3	5.8125
631	726	727	6	38	-3	5.17647058823529
632	728	729	1	6.25	-3	6
633	0	0	0	0	-1	5
634	0	0	0	0	-1	6
635	0	0	0	0	-1	6
636	0	0	0	0	-1	6
637	730	731	4	2.5	-3	5
638	0	0	0	0	-1	4.25
639	732	733	3	0	-3	5
640	734	735	9	3.295	-3	5.83333333333333
641	736	737	10	0.585	-3	5.31034482758621
642	0	0	0	0	-1	5.6
643	738	739	4	2.75	-3	5.14285714285714
644	0	0	0	0	-1	7
645	740	741	10	0.6	-3	4.85714285714286
646	0	0	0	0	-1	7
647	742	743	2	0.695	-3	5.90909090909091
648	0	0	0	0	-1	5
649	0	0	0	0	-1	5
650	0	0	0	0	-1	5.6
651	744	745	11	9.7	-3	6
652	746	747	3	0.23	-3	5.25
653	0	0	0	0	-1	6
654	0	0	0	0	-1	6
655	748	749	5	0.085	-3	5
656	750	751	8	0.99849	-3	6
657	0	0	0	0	-1	6
658	0	0	0	0	-1	5
659	752	753	5	0.079	-3	6
660	754	755	10	0.715	-3	6
661	0	0	0	0	-1	6
662	0	0	0	0	-1	5
663	756	757	2	0	-3	5
664	0	0	0	0	-1	5
665	758	759	10	0.94	-3	5.66666666666667
666	760	761	11	0	-3	5
667	762	763	4	2.5	-3	5.28571428571429
668	764	765	2	0.605	-3	5
669	766	767	6	11	-3	5
670	0	0	0	0	-1	6
671	768	769	5	0	-3	6
672	0	0	0	0	-1	5
673	0	0	0	0	-1	6
674	770	771	3	0	-3	5
675	0	0	0	0	-1	5.5
676	0	0	0	0	-1	6
677	0	0	0	0	-1	6
678	772	773	1	0.065	-3	6
679	0	0	0	0	-1	6.25
680	0	0	0	0	-1	6
681	774	775	9	3.13	-3	6
682	0	0	0	0	-1	5
683	0	0	0	0	-1	5
684	0	0	0	0	-1	6
685	776	777	4	2.25	-3	5
686	0	0	0	0	-1	5
687	0	0	0	0	-1	5
688	0	0	0	0	-1	5
689	0	0	0	0	-1	5
690	0	0	0	0	-1	6
691	778	779	11	12.45	-3	6
692	0	0	0	0	-1	6
693	0	0	0	0	-1	6
694	0	0	0	0	-1	6
695	780	781	4	3.05	-3	5.21428571428571
696	782	783	9	3.025	-3	6.07142857142857
697	0	0	0	0	-1	6.5
698	0	0	0	0	-1	5.25
699	0	0	0	0	-1	6
700	0	0	0	0	-1	5
701	0	0	0	0	-1	5
702	0	0	0	0	-1	5
703	784	785	11	10.15	-3	5
704	0	0	0	0	-1	6
705	0	0	0	0	-1	5
706	786	787	5	0.074	-3	5
707	788	789	5	0.081	-3	5
708	0	0	0	0	-1	5
709	0	0	0	0	-1	5
710	0	0	0	0	-1	5
711	0	0	0	0	-1	5
712	0	0	0	0	-1	5
713	0	0	0	0	-1	5
714	0	0	0	0	-1	6
715	0	0	0	0	-1	6
716	0	0	0	0	-1	5.75
717	0	0	0	0	-1	5
718	790	791	5	0	-3	5
719	792	793	1	7.85	-3	5
720	0	0	0	0	-1	6
721	794	795	4	2.3	-3	5.05263157894737
722	0	0	0	0	-1	5
723	796	797	6	0.065	-3	5
724	798	799	3	0.075	-3	5.86666666666667
725	0	0	0	0	-1	5
726	800	801	1	5.85	-3	5.06666666666667
727	0	0	0	0	-1	6
728	0	0	0	0	-1	6
729	802	803	4	1.75	-3	6
730	804	805	8	0	-3	5
731	0	0	0	0	-1	5
732	0	0	0	0	-1	6
733	806	807	3	0.105	-3	5
734	808	809	9	3.265	-3	5.66666666666667
735	810	811	5	0.0835	-3	5.95833333333333
736	812	813	7	74	-3	5.55555555555556
737	814	815	8	0.996435	-3	5.2
738	816	817	5	0.091	-3	5.11111111111111
739	0	0	0	0	-1	6
740	0	0	0	0	-1	4.5
741	0	0	0	0	-1	5
742	818	819	10	0.685	-3	6.07142857142857
743	820	821	2	0.78	-3	5.625
744	822	823	4	2.05	-3	6
745	0	0	0	0	-1	6
746	0	0	0	0	-1	5
747	0	0	0	0	-1	6
748	0	0	0	0	-1	5
749	0	0	0	0	-1	5
750	824	825	2	0.585	-3	6
751	0	0	0	0	-1	6
752	0	0	0	0	-1	6
753	0	0	0	0	-1	6
754	0	0	0	0	-1	6
755	0	0	0	0	-1	6
756	0	0	0	0	-1	6
757	826	827	8	3.455	-3	5
758	0	0	0	0	-1	6
759	0	0	0	0	-1	5
760	0	0	0	0	-1	6
761	828	829	6	9.5	-3	5
762	830	831	8	0.99604	-3	5.16666666666667
763	0	0	0	0	-1	6
764	0	0	0	0	-1	5
765	832	833	3	0	-3	5
766	0	0	0	0	-1	5
767	0	0	0	0	-1	5
768	0	0	0	0	-1	5
769	0	0	0	0	-1	6
770	0	0	0	0	-1	7
771	834	835	1	9	-3	5
772	0	0	0	0	-1	6
773	836	837	4	1.75	-3	6
774	0	0	0	0	-1	6
775	838	839	11	10.95	-3	6
776	0	0	0	0	-1	5
777	0	0	0	0	-1	5
778	840	841	7	0	-3	6
779	0	0	0	0	-1	6
780	842	843	7	57.5	-3	5.08333333333333
781	0	0	0	0	-1	6
782	0	0	0	0	-1	7
783	844	845	2	0.375	-3	6
784	0	0	0	0	-1	5
785	0	0	0	0	-1	5
786	0	0	0	0	-1	5
787	0	0	0	0	-1	5
788	0	0	0	0	-1	5
789	0	0	0	0	-1	5
790	0	0	0	0	-1	7
791	0	0	0	0	-1	5
792	0	0	0	0	-1	5
793	0	0	0	0	-1	5
794	0	0	0	0	-1	5
795	0	0	0	0	-1	5.5
796	0	0	0	0	-1	5
797	0	0	0	0	-1	5
798	846	847	7	14.5	-3	6
799	0	0	0	0	-1	5.33333333333333
800	0	0	0	0	-1	6
801	848	849	10	0.56	-3	4.92307692307692
802	0	0	0	0	-1	6
803	0	0	0	0	-1	6
804	0	0	0	0	-1	6
805	850	851	9	3.57	-3	5
806	0	0	0	0	-1	5
807	852	853	1	0	-3	5
808	854	855	7	15.5	-3	6
809	856	857	11	9.25	-3	5.25
810	858	859	9	3.385	-3	5.85
811	0	0	0	0	-1	6.5
812	860	861	5	0	-3	5
813	862	863	5	0.0745	-3	5.90909090909091
814	864	865	11	9.75	-3	5
815	866	867	8	0.99675	-3	5.4
816	868	869	10	0.555	-3	5
817	870	871	3	0.06	-3	5.5
818	872	873	11	10.6	-3	5.875
819	874	875	10	0.72	-3	6.33333333333333
820	0	0	0	0	-1	5
821	0	0	0	0	-1	6
822	0	0	0	0	-1	6
823	0	0	0	0	-1	6
824	0	0	0	0	-1	6
825	0	0	0	0	-1	6
826	0	0	0	0	-1	5
827	0	0	0	0	-1	5
828	0	0	0	0	-1	5
829	876	877	11	9.35	-3	5
830	0	0	0	0	-1	6
831	0	0	0	0	-1	5
832	0	0	0	0	-1	6
833	0	0	0	0	-1	5
834	0	0	0	0	-1	5
835	0	0	0	0	-1	5
836	0	0	0	0	-1	6
837	878	879	7	43	-3	6
838	880	881	2	0	-3	6
839	882	883	4	1.85	-3	6
840	0	0	0	0	-1	6
841	884	885	5	0.0915	-3	6
842	886	887	9	3.165	-3	5
843	0	0	0	0	-1	6
844	0	0	0	0	-1	6
845	888	889	6	4	-3	6
846	0	0	0	0	-1	6
847	0	0	0	0	-1	6
848	0	0	0	0	-1	4
849	890	891	10	0.655	-3	5
850	0	0	0	0	-1	5
851	0	0	0	0	-1	5
852	0	0	0	0	-1	7
853	892	893	9	3.16	-3	5
854	0	0	0	0	-1	6
855	0	0	0	0	-1	6
856	0	0	0	0	-1	6
857	894	895	9	7.35	-3	5
858	896	897	5	0.0735	-3	6.1
859	898	899	4	2	-3	5.6
860	0	0	0	0	-1	6
861	900	901	9	3.4	-3	5
862	0	0	0	0	-1	5
863	902	903	9	3.56	-3	6
864	904	905	5	0	-3	5
865	0	0	0	0	-1	5
866	0	0	0	0	-1	6
867	906	907	5	0.0775	-3	5.25
868	0	0	0	0	-1	5
869	0	0	0	0	-1	5
870	0	0	0	0	-1	5
871	0	0	0	0	-1	6
872	0	0	0	0	-1	5.5
873	908	909	9	3.41	-3	6
874	0	0	0	0	-1	7
875	0	0	0	0	-1	6
876	0	0	0	0	-1	5
877	0	0	0	0	-1	5
878	0	0	0	0	-1	6
879	0	0	0	0	-1	6
880	0	0	0	0	-1	6
881	0	0	0	0	-1	6
882	0	0	0	0	-1	6
883	910	911	1	0.3175	-3	6
884	0	0	0	0	-1	6
885	0	0	0	0	-1	6
886	0	0	0	0	-1	5
887	912	913	5	0	-3	5
888	0	0	0	0	-1	6
889	914	915	11	10.25	-3	6
890	0	0	0	0	-1	5
891	916	917	8	0	-3	5
892	918	919	5	0	-3	5
893	0	0	0	0	-1	5
894	0	0	0	0	-1	5
895	0	0	0	0	-1	5
896	0	0	0	0	-1	7
897	920	921	11	9.9	-3	6
898	922	923	9	3.435	-3	5.33333333333333
899	0	0	0	0	-1	6
900	0	0	0	0	-1	5
901	0	0	0	0	-1	5
902	924	925	1	0	-3	6
903	0	0	0	0	-1	6
904	0	0	0	0	-1	7
905	926	927	1	9.25	-3	5
906	928	929	5	0.075	-3	5
907	0	0	0	0	-1	5.8
908	0	0	0	0	-1	6
909	0	0	0	0	-1	6
910	0	0	0	0	-1	7
911	0	0	0	0	-1	6
912	0	0	0	0	-1	5
913	930	931	5	0.1075	-3	5
914	932	933	9	3.13	-3	6
915	934	935	1	8.15	-3	6
916	0	0	0	0	-1	6
917	936	937	1	5.95	-3	5
918	0	0	0	0	-1	5
919	938	939	9	3.095	-3	5
920	0	0	0	0	-1	6
921	0	0	0	0	-1	6
922	0	0	0	0	-1	5
923	0	0	0	0	-1	5.66666666666667
924	0	0	0	0	-1	6
925	940	941	5	0.078	-3	6
926	942	943	3	0.115	-3	5
927	0	0	0	0	-1	5
928	944	945	9	3.415	-3	5
929	0	0	0	0	-1	5
930	0	0	0	0	-1	5
931	0	0	0	0	-1	5
932	0	0	0	0	-1	6
933	946	947	7	0	-3	6
934	0	0	0	0	-1	6
935	948	949	3	0.475	-3	6
936	0	0	0	0	-1	5
937	0	0	0	0	-1	5
938	0	0	0	0	-1	5
939	0	0	0	0	-1	5
940	0	0	0	0	-1	6
941	0	0	0	0	-1	6
942	0	0	0	0	-1	5
943	950	951	8	0	-3	5
944	0	0	0	0	-1	5
945	952	953	6	0	-3	5
946	0	0	0	0	-1	7
947	954	955	2	0.43	-3	6
948	0	0	0	0	-1	6
949	956	957	9	3.085	-3	6
950	0	0	0	0	-1	6
951	958	959	4	0.62	-3	5
952	0	0	0	0	-1	5
953	960	961	2	14	-3	5
954	0	0	0	0	-1	6
955	0	0	0	0	-1	6
956	0	0	0	0	-1	6
957	962	963	1	10.85	-3	6
958	0	0	0	0	-1	6
959	0	0	0	0	-1	5
960	0	0	0	0	-1	5
961	0	0	0	0	-1	5
962	0	0	0	0	-1	6
963	0	0	0	0	-1	6
