1	2	3	2	0.405	-3	5.6447779862414
2	4	5	8	0.99553	-3	6.09677419354838
3	6	7	10	0.555	-3	5.4763948497854
4	8	9	4	1.675	-3	6.59230769230769
5	10	11	10	0.615	-3	5.88486842105263
6	12	13	8	0.99365	-3	5.11178247734139
7	14	15	7	48.5	-3	5.621103117506
8	16	17	11	10.8	-3	5.85
9	18	19	3	0.275	-3	6.72727272727272
10	20	21	10	0.505	-3	5.43529411764706
11	22	23	7	48.5	-3	6.05936073059361
12	24	25	3	0.07	-3	5.65
13	26	27	11	11.7	-3	5.07717041800643
14	28	29	8	0.995745	-3	5.75619047619048
15	30	31	8	0.99282	-3	5.3915857605178
16	0	0	0	0	-1	5
17	32	33	5	0.061	-3	5.94444444444444
18	34	35	7	15.5	-3	6
19	36	37	4	1.85	-3	6.85106382978723
20	38	39	11	9.6	-3	5.08333333333333
21	40	41	9	3.425	-3	5.57377049180328
22	42	43	9	3.385	-3	6.20731707317073
23	44	45	2	0.355	-3	5.61818181818182
24	46	47	1	6.25	-3	5.90909090909091
25	48	49	1	6.95	-3	5.33333333333333
26	50	51	5	0.1295	-3	5.04934210526315
27	52	53	4	4.7	-3	6.28571428571429
28	54	55	1	7.65	-3	6.01960784313726
29	56	57	11	11.55	-3	5.64784946236559
30	58	59	10	0.835	-3	7.14285714285714
31	60	61	11	9.95	-3	5.35099337748344
32	62	63	8	0.99488	-3	6.08333333333333
33	64	65	9	3.39	-3	5.66666666666667
34	0	0	0	0	-1	4
35	66	67	11	9.8	-3	6.13333333333333
36	68	69	9	3.245	-3	7.15384615384616
37	70	71	11	11.35	-3	6.73529411764706
38	72	73	2	0.28	-3	4.84210526315789
39	0	0	0	0	-1	6
40	74	75	8	0.996875	-3	5.6
41	0	0	0	0	-1	4
42	76	77	1	7.4	-3	6.26973684210526
43	78	79	9	3.41	-3	5.41666666666667
44	80	81	6	53	-3	6
45	82	83	6	40	-3	5.4
46	0	0	0	0	-1	5.66666666666667
47	84	85	7	0.0585	-3	6
48	86	87	10	0.53	-3	5
49	0	0	0	0	-1	6
50	88	89	3	0.065	-3	5.08163265306122
51	90	91	5	0.1515	-3	4.1
52	0	0	0	0	-1	6
53	0	0	0	0	-1	7
54	92	93	7	14.5	-3	5.936
55	94	95	1	7.95	-3	6.39285714285714
56	96	97	10	0.675	-3	5.57058823529412
57	98	99	7	26.5	-3	6.46875
58	0	0	0	0	-1	7.33333333333333
59	0	0	0	0	-1	7
60	100	101	3	0.115	-3	5.11585365853658
61	102	103	9	3.205	-3	5.6304347826087
62	104	105	11	12.25	-3	6
63	0	0	0	0	-1	7
64	0	0	0	0	-1	6
65	0	0	0	0	-1	5
66	0	0	0	0	-1	5
67	106	107	2	0.3975	-3	6.30769230769231
68	108	109	11	11.35	-3	7.55555555555556
69	110	111	1	7.25	-3	6.94117647058824
70	112	113	9	3.255	-3	7.07692307692308
71	114	115	11	11.55	-3	6.65454545454546
72	0	0	0	0	-1	4
73	116	117	11	9.2	-3	5.06666666666667
74	118	119	1	6.95	-3	5.91666666666667
75	120	121	5	0.0705	-3	5.38888888888889
76	0	0	0	0	-1	8
77	122	123	7	13.5	-3	6.24666666666667
78	124	125	9	0	-3	5
79	126	127	8	0.9994	-3	5.83333333333333
80	128	129	8	0.99661	-3	5.82352941176471
81	0	0	0	0	-1	7
82	130	131	5	0.0735	-3	5.25
83	132	133	5	0	-3	6
84	0	0	0	0	-1	5
85	0	0	0	0	-1	6
86	0	0	0	0	-1	5
87	0	0	0	0	-1	5
88	134	135	5	0.063	-3	4.86904761904762
89	136	137	8	0.99492	-3	5.16666666666667
90	0	0	0	0	-1	3
91	138	139	5	0.17	-3	4.375
92	140	141	2	0.64	-3	5.5
93	142	143	7	47.5	-3	6.01904761904762
94	144	145	11	12.25	-3	7
95	146	147	1	9.55	-3	6.19047619047619
96	148	149	7	43.5	-3	5.44796380090498
97	150	151	6	31	-3	5.79831932773109
98	152	153	2	0.61	-3	6.72222222222222
99	154	155	11	11.8	-3	6.14285714285714
100	156	157	4	2.95	-3	4.90243902439024
101	158	159	4	2.15	-3	5.1869918699187
102	160	161	6	28	-3	5.95652173913043
103	162	163	4	4.25	-3	5.56521739130435
104	164	165	9	3.245	-3	6
105	0	0	0	0	-1	6
106	166	167	9	3.255	-3	6
107	0	0	0	0	-1	7
108	0	0	0	0	-1	7
109	168	169	8	0.99471	-3	7.83333333333333
110	0	0	0	0	-1	6
111	170	171	6	0	-3	7
112	0	0	0	0	-1	7.2
113	172	173	1	7.1	-3	7
114	0	0	0	0	-1	6
115	174	175	2	0.335	-3	6.70588235294118
116	0	0	0	0	-1	6
117	176	177	2	0	-3	5
118	0	0	0	0	-1	5.5
119	178	179	5	0.075	-3	5.95454545454545
120	180	181	4	3.75	-3	6
121	182	183	2	0.34	-3	5.26666666666667
122	184	185	11	11.45	-3	6.59090909090909
123	186	187	11	9.75	-3	6.1875
124	0	0	0	0	-1	6
125	0	0	0	0	-1	5
126	0	0	0	0	-1	6
127	0	0	0	0	-1	5
128	0	0	0	0	-1	5.4
129	188	189	3	0.545	-3	6
130	0	0	0	0	-1	4.66666666666667
131	190	191	10	0.64	-3	5.32
132	0	0	0	0	-1	6
133	192	193	4	0	-3	6
134	194	195	10	0.535	-3	3.625
135	196	197	11	10.6	-3	5
136	198	199	6	12	-3	5.66666666666667
137	200	201	11	9.075	-3	5.15196078431372
138	0	0	0	0	-1	5
139	0	0	0	0	-1	3.33333333333333
140	202	203	3	0.17	-3	5.125
141	0	0	0	0	-1	7
142	204	205	5	0.092	-3	5.99019607843137
143	0	0	0	0	-1	7
144	0	0	0	0	-1	6.25
145	0	0	0	0	-1	8
146	206	207	7	14	-3	6.05555555555556
147	0	0	0	0	-1	7
148	208	209	9	3.475	-3	5.41463414634146
149	210	211	2	0.57	-3	5.875
150	212	213	1	11	-3	5.82203389830508
151	0	0	0	0	-1	3
152	214	215	4	2.3	-3	6.64705882352941
153	0	0	0	0	-1	8
154	216	217	5	0.0745	-3	6.33333333333333
155	0	0	0	0	-1	6
156	218	219	6	12.5	-3	4.97297297297297
157	0	0	0	0	-1	4.25
158	220	221	3	0.285	-3	5.31746031746032
159	222	223	9	3.095	-3	5.05
160	224	225	4	3.85	-3	5.85
161	0	0	0	0	-1	6.66666666666667
162	226	227	1	9.85	-3	5.64646464646465
163	228	229	10	0.66	-3	5.0625
164	0	0	0	0	-1	6
165	0	0	0	0	-1	6
166	0	0	0	0	-1	6
167	0	0	0	0	-1	6
168	0	0	0	0	-1	8
169	0	0	0	0	-1	7
170	0	0	0	0	-1	5
171	0	0	0	0	-1	7
172	0	0	0	0	-1	7
173	0	0	0	0	-1	7
174	230	231	1	9.95	-3	6.83333333333333
175	232	233	10	0.84	-3	6.11111111111111
176	0	0	0	0	-1	6
177	234	235	3	0.43	-3	5
178	0	0	0	0	-1	5.75
179	236	237	5	0.0815	-3	6
180	0	0	0	0	-1	5.75
181	0	0	0	0	-1	6.5
182	238	239	6	10.5	-3	5.66666666666667
183	240	241	3	0.67	-3	5.09523809523809
184	242	243	8	0.996155	-3	6.16666666666667
185	244	245	4	6.15	-3	7.1
186	246	247	11	9.25	-3	5.65
187	248	249	10	0.795	-3	6.43181818181818
188	250	251	6	16	-3	5.90909090909091
189	0	0	0	0	-1	7
190	0	0	0	0	-1	6
191	252	253	4	1.75	-3	5.19047619047619
192	0	0	0	0	-1	7
193	0	0	0	0	-1	6
194	0	0	0	0	-1	4.25
195	0	0	0	0	-1	3
196	254	255	4	1.25	-3	5.11864406779661
197	256	257	1	7.3	-3	4.58823529411765
198	0	0	0	0	-1	5
199	0	0	0	0	-1	6
200	0	0	0	0	-1	4.25
201	258	259	9	3.465	-3	5.17
202	260	261	6	5.5	-3	4.66666666666667
203	0	0	0	0	-1	6.5
204	262	263	9	3.575	-3	5.9468085106383
205	264	265	7	34.5	-3	6.5
206	0	0	0	0	-1	6.66666666666667
207	266	267	4	2.25	-3	5.93333333333333
208	268	269	4	5.575	-3	5.47093023255814
209	270	271	10	0.615	-3	5.12121212121212
210	272	273	5	0.0925	-3	6.25
211	0	0	0	0	-1	4.75
212	274	275	2	0.455	-3	5.71276595744681
213	276	277	3	0.495	-3	6.25
214	0	0	0	0	-1	6
215	278	279	6	5.5	-3	6.78571428571428
216	0	0	0	0	-1	6
217	0	0	0	0	-1	7
218	0	0	0	0	-1	4.75
219	280	281	6	30.5	-3	5
220	282	283	7	63.5	-3	5.54838709677419
221	284	285	11	9.7	-3	5.09375
222	0	0	0	0	-1	4
223	286	287	7	51.5	-3	5.08620689655173
224	288	289	2	1.0225	-3	5.89473684210526
225	0	0	0	0	-1	5
226	290	291	11	12.95	-3	5.69565217391304
227	292	293	9	3.215	-3	5
228	0	0	0	0	-1	6
229	0	0	0	0	-1	5
230	294	295	4	1.95	-3	6.80487804878049
231	0	0	0	0	-1	8
232	296	297	10	0.61	-3	6
233	0	0	0	0	-1	6.5
234	298	299	11	0	-3	5
235	0	0	0	0	-1	5
236	0	0	0	0	-1	6
237	300	301	1	11.65	-3	6
238	0	0	0	0	-1	6
239	0	0	0	0	-1	5.25
240	302	303	9	3.04	-3	5
241	0	0	0	0	-1	6
242	0	0	0	0	-1	6.4
243	0	0	0	0	-1	6
244	304	305	1	9.75	-3	7
245	0	0	0	0	-1	8
246	306	307	8	1.0017	-3	6
247	308	309	5	0.086	-3	5.5
248	310	311	8	0.99855	-3	6.24489795918367
249	312	313	3	0.52	-3	6.66666666666667
250	0	0	0	0	-1	5
251	314	315	3	0.525	-3	6
252	0	0	0	0	-1	6
253	316	317	9	3.345	-3	5.15
254	0	0	0	0	-1	7
255	318	319	11	10.4	-3	5.08620689655172
256	320	321	11	10.75	-3	5.07692307692308
257	0	0	0	0	-1	3
258	322	323	7	9.5	-3	5.15544041450777
259	324	325	8	0.99708	-3	5.57142857142857
260	326	327	3	0.005	-3	4.88888888888889
261	0	0	0	0	-1	4
262	328	329	7	31.5	-3	5.90476190476191
263	330	331	2	0.445	-3	6.3
264	0	0	0	0	-1	6.2
265	0	0	0	0	-1	7
266	0	0	0	0	-1	6
267	0	0	0	0	-1	5.5
268	332	333	2	0.66	-3	5.46198830409357
269	0	0	0	0	-1	7
270	334	335	6	13.5	-3	5.38461538461539
271	336	337	4	3.15	-3	4.95
272	338	339	5	0.0815	-3	5.875
273	0	0	0	0	-1	7
274	340	341	11	11.05	-3	5.26666666666667
275	342	343	10	0.685	-3	5.79746835443038
276	0	0	0	0	-1	5.2
277	344	345	6	20.5	-3	6.52631578947368
278	0	0	0	0	-1	6.33333333333333
279	346	347	8	0.9985	-3	6.90909090909091
280	348	349	10	0.74	-3	5
281	0	0	0	0	-1	5
282	350	351	6	18.5	-3	5.27272727272727
283	352	353	11	9.45	-3	5.7
284	354	355	1	9	-3	5.12903225806452
285	0	0	0	0	-1	4
286	0	0	0	0	-1	6
287	356	357	1	6.95	-3	5.05357142857143
288	358	359	5	0.098	-3	5.94444444444444
289	0	0	0	0	-1	5
290	360	361	6	13.5	-3	5.73033707865169
291	0	0	0	0	-1	4.66666666666667
292	0	0	0	0	-1	6
293	362	363	3	0.275	-3	4.83333333333333
294	0	0	0	0	-1	6
295	364	365	6	3.5	-3	6.84615384615385
296	0	0	0	0	-1	6
297	0	0	0	0	-1	6
298	0	0	0	0	-1	5
299	366	367	5	0.09	-3	5
300	368	369	9	3.325	-3	6
301	0	0	0	0	-1	6
302	0	0	0	0	-1	5
303	0	0	0	0	-1	5
304	0	0	0	0	-1	7
305	0	0	0	0	-1	7
306	370	371	1	14.65	-3	6.2
307	0	0	0	0	-1	5
308	372	373	6	4.5	-3	5.92857142857143
309	374	375	6	3.5	-3	5.07142857142857
310	376	377	2	0.205	-3	6.08108108108108
311	378	379	11	10.45	-3	6.75
312	380	381	10	0.995	-3	6.48275862068966
313	382	383	9	3.175	-3	7.2
314	0	0	0	0	-1	6
315	0	0	0	0	-1	6
316	384	385	9	3.29	-3	5.25
317	386	387	10	0.665	-3	5
318	388	389	2	1.02	-3	5
319	0	0	0	0	-1	6
320	0	0	0	0	-1	6
321	390	391	10	0.545	-3	4.90909090909091
322	0	0	0	0	-1	4.5
323	392	393	3	0.195	-3	5.16230366492147
324	0	0	0	0	-1	6
325	0	0	0	0	-1	5
326	0	0	0	0	-1	4
327	394	395	1	0	-3	5
328	396	397	10	0.585	-3	6.05405405405405
329	398	399	8	0.9942	-3	5.78723404255319
330	0	0	0	0	-1	7
331	400	401	10	0.785	-3	6.125
332	402	403	3	0.045	-3	5.54615384615385
333	404	405	9	3.385	-3	5.19512195121951
334	406	407	5	0.0865	-3	5
335	0	0	0	0	-1	6
336	408	409	10	0.665	-3	5
337	0	0	0	0	-1	4
338	0	0	0	0	-1	5
339	410	411	7	15	-3	6
340	412	413	4	2.65	-3	5.16666666666667
341	0	0	0	0	-1	5.66666666666667
342	414	415	1	7.65	-3	5.28571428571429
343	416	417	5	0.0775	-3	5.84722222222222
344	418	419	9	3.16	-3	6.4
345	0	0	0	0	-1	7
346	420	421	10	0.785	-3	7
347	0	0	0	0	-1	6
348	422	423	6	0	-3	5
349	424	425	11	9.55	-3	5
350	426	427	9	3.375	-3	5.14285714285714
351	0	0	0	0	-1	5.5
352	428	429	1	8.25	-3	5.14285714285714
353	430	431	6	18.5	-3	6
354	432	433	7	76	-3	5.06896551724138
355	0	0	0	0	-1	6
356	0	0	0	0	-1	5.4
357	434	435	6	11.5	-3	5.01960784313726
358	436	437	3	0.33	-3	6
359	0	0	0	0	-1	5.75
360	438	439	10	0.565	-3	5.2
361	440	441	6	26	-3	5.83783783783784
362	0	0	0	0	-1	4
363	0	0	0	0	-1	5
364	0	0	0	0	-1	6
365	442	443	8	0.995295	-3	6.89189189189189
366	0	0	0	0	-1	5
367	0	0	0	0	-1	5
368	0	0	0	0	-1	6
369	444	445	3	0	-3	6
370	0	0	0	0	-1	6
371	0	0	0	0	-1	7
372	0	0	0	0	-1	5
373	446	447	3	0.475	-3	6
374	0	0	0	0	-1	6
375	0	0	0	0	-1	5
376	0	0	0	0	-1	5
377	448	449	1	11.95	-3	6.11111111111111
378	0	0	0	0	-1	6
379	450	451	5	0.076	-3	6.9
380	452	453	6	28.5	-3	6.33333333333333
381	454	455	7	20.5	-3	6.875
382	0	0	0	0	-1	7.66666666666667
383	456	457	10	1.005	-3	7
384	458	459	11	10.3	-3	5.1
385	0	0	0	0	-1	6
386	0	0	0	0	-1	5
387	460	461	4	2.55	-3	5
388	462	463	11	9.1	-3	4.96078431372549
389	0	0	0	0	-1	6
390	464	465	2	0.8375	-3	5
391	0	0	0	0	-1	4
392	466	467	4	3.725	-3	5.29577464788732
393	468	469	11	10.15	-3	5.08333333333333
394	0	0	0	0	-1	7
395	470	471	4	0	-3	5
396	0	0	0	0	-1	5.5
397	472	473	11	12.3	-3	6.12121212121212
398	0	0	0	0	-1	5.4
399	474	475	5	0.0835	-3	5.83333333333333
400	476	477	8	0.99486	-3	6
401	0	0	0	0	-1	7
402	478	479	7	25.5	-3	5.88
403	480	481	3	0.16	-3	5.46666666666667
404	482	483	6	8.5	-3	5.2962962962963
405	484	485	2	0.83	-3	5
406	486	487	2	0.9975	-3	4.85714285714286
407	0	0	0	0	-1	6
408	0	0	0	0	-1	5
409	0	0	0	0	-1	5
410	0	0	0	0	-1	6
411	488	489	2	0.525	-3	6
412	490	491	1	7.8	-3	5
413	0	0	0	0	-1	6
414	0	0	0	0	-1	5
415	0	0	0	0	-1	6
416	492	493	7	16.5	-3	6
417	494	495	10	0.695	-3	5.76595744680851
418	496	497	1	12.85	-3	6.66666666666667
419	498	499	11	10.95	-3	6
420	0	0	0	0	-1	7
421	0	0	0	0	-1	7
422	0	0	0	0	-1	6
423	500	501	1	6.9	-3	5
424	502	503	1	0	-3	5
425	0	0	0	0	-1	5
426	504	505	3	0.26	-3	5
427	0	0	0	0	-1	6
428	506	507	10	0.63	-3	5.33333333333333
429	0	0	0	0	-1	4
430	0	0	0	0	-1	6
431	0	0	0	0	-1	6
432	508	509	10	1.12	-3	5
433	510	511	9	3.115	-3	5.15384615384615
434	0	0	0	0	-1	4.5
435	512	513	7	98.5	-3	5.04081632653061
436	0	0	0	0	-1	6
437	0	0	0	0	-1	6
438	0	0	0	0	-1	6
439	514	515	1	7.95	-3	5.14285714285714
440	516	517	10	0.585	-3	6.10344827586207
441	518	519	4	2.05	-3	5.66666666666667
442	520	521	2	0	-3	7
443	0	0	0	0	-1	6
444	0	0	0	0	-1	8
445	0	0	0	0	-1	6
446	522	523	1	11.1	-3	6
447	0	0	0	0	-1	6
448	524	525	4	2.5	-3	6.08571428571429
449	0	0	0	0	-1	7
450	0	0	0	0	-1	6.5
451	526	527	9	3.19	-3	7
452	528	529	5	0.059	-3	6.26315789473684
453	0	0	0	0	-1	7
454	0	0	0	0	-1	6
455	530	531	8	0.9981	-3	7
456	0	0	0	0	-1	7
457	0	0	0	0	-1	7
458	0	0	0	0	-1	5
459	0	0	0	0	-1	5.5
460	0	0	0	0	-1	5
461	0	0	0	0	-1	5
462	0	0	0	0	-1	4
463	532	533	1	9.05	-3	5
464	534	535	10	0.535	-3	5.11111111111111
465	0	0	0	0	-1	4
466	536	537	2	0.455	-3	5.234375
467	538	539	9	3.235	-3	5.85714285714286
468	540	541	6	4.5	-3	5.03
469	542	543	7	33	-3	5.35
470	0	0	0	0	-1	6
471	544	545	10	0.59	-3	5
472	546	547	5	0.0665	-3	6.06666666666667
473	0	0	0	0	-1	6.66666666666667
474	548	549	5	0.0755	-3	5.875
475	0	0	0	0	-1	5
476	0	0	0	0	-1	6
477	0	0	0	0	-1	6
478	550	551	5	0.072	-3	6
479	552	553	7	27.5	-3	5.76923076923077
480	554	555	11	10.15	-3	5.22222222222222
481	556	557	11	9.25	-3	5.51724137931035
482	558	559	11	10.95	-3	5.53846153846154
483	560	561	1	8.2	-3	5.07142857142857
484	562	563	7	32	-3	5.07692307692308
485	0	0	0	0	-1	4
486	564	565	10	1.85	-3	5
487	0	0	0	0	-1	4
488	0	0	0	0	-1	6
489	0	0	0	0	-1	6
490	0	0	0	0	-1	5
491	566	567	7	0	-3	5
492	0	0	0	0	-1	7
493	568	569	9	3.31	-3	5.95833333333333
494	0	0	0	0	-1	7
495	570	571	10	0.755	-3	5.68181818181818
496	0	0	0	0	-1	7
497	0	0	0	0	-1	6.25
498	0	0	0	0	-1	6
499	0	0	0	0	-1	6
500	0	0	0	0	-1	5
501	0	0	0	0	-1	5
502	0	0	0	0	-1	6
503	572	573	9	17.5	-3	5
504	0	0	0	0	-1	5
505	0	0	0	0	-1	5
506	0	0	0	0	-1	5.66666666666667
507	0	0	0	0	-1	5
508	0	0	0	0	-1	5
509	574	575	6	18.5	-3	5
510	0	0	0	0	-1	6
511	576	577	7	82	-3	5.08333333333333
512	578	579	6	25	-3	5.08695652173913
513	0	0	0	0	-1	5
514	580	581	7	55.5	-3	5
515	0	0	0	0	-1	5.5
516	0	0	0	0	-1	4
517	582	583	7	55.5	-3	6.17857142857143
518	584	585	10	0.565	-3	5.16666666666667
519	586	587	8	0.99734	-3	5.84848484848485
520	0	0	0	0	-1	5
521	588	589	8	0	-3	7
522	590	591	3	0.39	-3	6
523	0	0	0	0	-1	6
524	592	593	1	10.05	-3	5.95833333333333
525	594	595	5	0.0715	-3	6.36363636363636
526	0	0	0	0	-1	7
527	0	0	0	0	-1	7
528	0	0	0	0	-1	7
529	596	597	4	1.65	-3	6.17647058823529
530	0	0	0	0	-1	7
531	0	0	0	0	-1	7
532	598	599	2	0.7275	-3	5.02083333333333
533	0	0	0	0	-1	4
534	600	601	2	0.515	-3	5
535	0	0	0	0	-1	6
536	0	0	0	0	-1	6
537	602	603	9	3.345	-3	5.18333333333333
538	0	0	0	0	-1	6
539	0	0	0	0	-1	5.66666666666667
540	0	0	0	0	-1	6
541	604	605	9	3.305	-3	5.02020202020202
542	606	607	2	0.435	-3	5.7
543	608	609	1	8.1	-3	5
544	0	0	0	0	-1	5
545	0	0	0	0	-1	5
546	610	611	4	1.85	-3	6.22222222222222
547	612	613	7	27	-3	6
548	614	615	8	0.9954	-3	5.66666666666667
549	616	617	1	7.35	-3	6
550	618	619	6	5.5	-3	6
551	0	0	0	0	-1	6
552	0	0	0	0	-1	5
553	620	621	2	0.525	-3	5.90909090909091
554	622	623	1	8.15	-3	5.13333333333333
555	0	0	0	0	-1	5.66666666666667
556	624	625	6	0.575	-3	6
557	626	627	1	11.95	-3	5.45454545454545
558	628	629	6	5.5	-3	5.7
559	0	0	0	0	-1	5
560	0	0	0	0	-1	5.33333333333333
561	0	0	0	0	-1	5
562	630	631	2	0.7025	-3	5
563	0	0	0	0	-1	6
564	0	0	0	0	-1	5
565	0	0	0	0	-1	5
566	0	0	0	0	-1	6
567	632	633	10	0	-3	5
568	0	0	0	0	-1	5.5
569	0	0	0	0	-1	6
570	634	635	7	34.5	-3	5.4
571	636	637	9	3.64	-3	5.82758620689655
572	0	0	0	0	-1	5
573	0	0	0	0	-1	5
574	0	0	0	0	-1	5
575	0	0	0	0	-1	5
576	0	0	0	0	-1	6
577	0	0	0	0	-1	5
578	638	639	9	3.34	-3	5.2
579	640	641	4	3.35	-3	5
580	0	0	0	0	-1	5
581	642	643	1	6.95	-3	5
582	0	0	0	0	-1	6.8
583	644	645	11	10.15	-3	6.04347826086957
584	0	0	0	0	-1	6
585	646	647	8	0.99575	-3	5
586	648	649	11	10.2	-3	6
587	650	651	11	10.35	-3	5.28571428571429
588	0	0	0	0	-1	5
589	652	653	4	0	-3	7
590	0	0	0	0	-1	6
591	0	0	0	0	-1	6
592	654	655	10	0.785	-3	5.85714285714286
593	656	657	6	7.5	-3	6
594	0	0	0	0	-1	8
595	658	659	1	9.05	-3	6.2
596	0	0	0	0	-1	7
597	660	661	11	10.55	-3	6.125
598	662	663	9	3.545	-3	5.10810810810811
599	664	665	5	0.0825	-3	4.72727272727273
600	0	0	0	0	-1	5
601	666	667	9	0	-3	5
602	668	669	9	3.3	-3	5.26190476190476
603	0	0	0	0	-1	5
604	670	671	5	0.0535	-3	5.06410256410256
605	672	673	7	14.5	-3	4.85714285714286
606	0	0	0	0	-1	5
607	674	675	5	0.076	-3	6
608	676	677	7	0	-3	5
609	0	0	0	0	-1	5
610	0	0	0	0	-1	6.66666666666667
611	678	679	10	0.62	-3	6
612	680	681	7	18	-3	6
613	0	0	0	0	-1	6
614	682	683	3	0.125	-3	5.88888888888889
615	684	685	11	9.65	-3	5.33333333333333
616	686	687	8	0.99569	-3	6
617	0	0	0	0	-1	6
618	0	0	0	0	-1	6
619	688	689	9	3.365	-3	6
620	0	0	0	0	-1	5
621	690	691	4	0.996625	-3	6
622	692	693	7	40.5	-3	5.07142857142857
623	0	0	0	0	-1	6
624	0	0	0	0	-1	6
625	0	0	0	0	-1	6
626	694	695	1	10.25	-3	5.52173913043478
627	696	697	2	0.615	-3	4.875
628	698	699	10	0.625	-3	5.5
629	0	0	0	0	-1	6
630	0	0	0	0	-1	5
631	700	701	6	0	-3	5
632	0	0	0	0	-1	5
633	702	703	7	0	-3	5
634	704	705	8	0	-3	5
635	706	707	2	0.5	-3	6
636	708	709	1	8.35	-3	5.88888888888889
637	0	0	0	0	-1	5
638	0	0	0	0	-1	5.4
639	0	0	0	0	-1	5
640	710	711	8	0	-3	5
641	712	713	5	0	-3	5
642	0	0	0	0	-1	5
643	0	0	0	0	-1	5
644	0	0	0	0	-1	5
645	714	715	3	0.385	-3	6.09090909090909
646	0	0	0	0	-1	5
647	716	717	8	0	-3	5
648	0	0	0	0	-1	7
649	718	719	11	10.95	-3	5.91666666666667
650	0	0	0	0	-1	5
651	0	0	0	0	-1	5.66666666666667
652	0	0	0	0	-1	5
653	720	721	10	0	-3	7
654	722	723	10	0.65	-3	6
655	0	0	0	0	-1	5
656	724	725	2	0.34	-3	6
657	0	0	0	0	-1	6
658	0	0	0	0	-1	6.66666666666667
659	726	727	4	0	-3	6
660	0	0	0	0	-1	6.5
661	728	729	6	5	-3	6
662	730	731	1	8.75	-3	5.05714285714286
663	0	0	0	0	-1	6
664	732	733	6	14	-3	4.5
665	0	0	0	0	-1	5
666	0	0	0	0	-1	5
667	0	0	0	0	-1	5
668	734	735	3	0.175	-3	5.15151515151515
669	736	737	1	8.05	-3	5.66666666666667
670	0	0	0	0	-1	6
671	738	739	2	0.54	-3	5.03947368421053
672	0	0	0	0	-1	4
673	740	741	9	3.32	-3	4.94736842105263
674	0	0	0	0	-1	6
675	0	0	0	0	-1	6
676	0	0	0	0	-1	6
677	742	743	9	3.35	-3	5
678	0	0	0	0	-1	6
679	0	0	0	0	-1	6
680	0	0	0	0	-1	6
681	744	745	5	0.0695	-3	6
682	746	747	7	36.5	-3	6
683	0	0	0	0	-1	5.66666666666667
684	0	0	0	0	-1	6
685	0	0	0	0	-1	5
686	748	749	6	35	-3	6
687	0	0	0	0	-1	6
688	0	0	0	0	-1	6
689	750	751	11	9.45	-3	6
690	0	0	0	0	-1	6
691	0	0	0	0	-1	6
692	752	753	9	3.285	-3	5
693	0	0	0	0	-1	5.33333333333333
694	754	755	8	0.99724	-3	5.325
695	756	757	2	0.455	-3	5.79310344827586
696	758	759	1	0	-3	5
697	0	0	0	0	-1	4
698	0	0	0	0	-1	5.75
699	0	0	0	0	-1	5
700	0	0	0	0	-1	6
701	760	761	8	0.1125	-3	5
702	0	0	0	0	-1	6
703	762	763	5	0.1025	-3	5
704	0	0	0	0	-1	5
705	764	765	11	10.85	-3	5
706	0	0	0	0	-1	6
707	0	0	0	0	-1	6
708	766	767	11	9.6	-3	5.76923076923077
709	768	769	6	5.5	-3	6
710	0	0	0	0	-1	5
711	0	0	0	0	-1	5
712	0	0	0	0	-1	7
713	0	0	0	0	-1	5
714	770	771	10	0.66	-3	6
715	0	0	0	0	-1	6.4
716	0	0	0	0	-1	5
717	772	773	8	0	-3	5
718	774	775	2	0.5825	-3	5.66666666666667
719	776	777	6	29	-3	6
720	0	0	0	0	-1	6
721	0	0	0	0	-1	7
722	0	0	0	0	-1	6
723	0	0	0	0	-1	6
724	0	0	0	0	-1	6
725	0	0	0	0	-1	6
726	0	0	0	0	-1	6
727	778	779	3	0.565	-3	6
728	0	0	0	0	-1	6
729	0	0	0	0	-1	6
730	780	781	6	6	-3	5.02941176470588
731	0	0	0	0	-1	6
732	0	0	0	0	-1	4
733	0	0	0	0	-1	5
734	782	783	9	3.085	-3	5.03703703703704
735	784	785	9	3.175	-3	5.66666666666667
736	0	0	0	0	-1	5.4
737	0	0	0	0	-1	6
738	786	787	2	0.525	-3	5.10526315789474
739	788	789	3	0.315	-3	5.01754385964912
740	0	0	0	0	-1	4.75
741	790	791	9	3.405	-3	5
742	0	0	0	0	-1	5
743	792	793	7	0	-3	5
744	0	0	0	0	-1	6
745	794	795	5	0.0765	-3	6
746	0	0	0	0	-1	6
747	0	0	0	0	-1	6
748	796	797	11	11.95	-3	6
749	0	0	0	0	-1	6
750	0	0	0	0	-1	6
751	0	0	0	0	-1	6
752	0	0	0	0	-1	5
753	798	799	5	0	-3	5
754	800	801	3	0.405	-3	5.57142857142857
755	802	803	7	17.5	-3	5.19230769230769
756	804	805	11	0	-3	6
757	806	807	2	0.515	-3	5.66666666666667
758	0	0	0	0	-1	4
759	808	809	3	0	-3	5
760	0	0	0	0	-1	6
761	0	0	0	0	-1	5
762	0	0	0	0	-1	5
763	0	0	0	0	-1	5
764	810	811	1	0	-3	5
765	0	0	0	0	-1	5
766	812	813	3	0.215	-3	5.5
767	0	0	0	0	-1	6
768	0	0	0	0	-1	6
769	0	0	0	0	-1	6
770	814	815	2	0.52	-3	6
771	816	817	7	56.5	-3	6
772	0	0	0	0	-1	6
773	0	0	0	0	-1	5
774	0	0	0	0	-1	6
775	0	0	0	0	-1	5
776	0	0	0	0	-1	6
777	818	819	2	0.47	-3	6
778	0	0	0	0	-1	6
779	0	0	0	0	-1	6
780	820	821	10	0.535	-3	5.14285714285714
781	822	823	9	3.06	-3	5
782	0	0	0	0	-1	5.5
783	824	825	2	0.635	-3	5
784	0	0	0	0	-1	5
785	0	0	0	0	-1	6
786	826	827	3	0.235	-3	5
787	0	0	0	0	-1	6
788	828	829	1	8.25	-3	5
789	830	831	6	14.5	-3	5.07692307692308
790	832	833	9	0	-3	5
791	0	0	0	0	-1	5
792	0	0	0	0	-1	7
793	834	835	5	0.064	-3	5
794	836	837	4	2.2	-3	6
795	0	0	0	0	-1	6
796	838	839	8	0.99502	-3	6
797	0	0	0	0	-1	6
798	0	0	0	0	-1	5
799	840	841	9	3.415	-3	5
800	842	843	5	0.0815	-3	5.72727272727273
801	0	0	0	0	-1	5
802	0	0	0	0	-1	6
803	844	845	9	3.265	-3	5.16
804	0	0	0	0	-1	6
805	846	847	8	0.99779	-3	6
806	848	849	8	0.99757	-3	5.45454545454545
807	0	0	0	0	-1	6
808	0	0	0	0	-1	6
809	0	0	0	0	-1	5
810	0	0	0	0	-1	5
811	850	851	5	0.098	-3	5
812	0	0	0	0	-1	5
813	0	0	0	0	-1	5.75
814	0	0	0	0	-1	6
815	852	853	8	0.99677	-3	6
816	0	0	0	0	-1	6
817	0	0	0	0	-1	6
818	0	0	0	0	-1	6
819	854	855	7	67	-3	6
820	856	857	4	0	-3	5
821	0	0	0	0	-1	6
822	0	0	0	0	-1	5
823	858	859	4	0.99679	-3	5
824	860	861	10	0	-3	5
825	862	863	7	0	-3	5
826	0	0	0	0	-1	5
827	864	865	2	0.51	-3	5
828	866	867	6	29.5	-3	5
829	868	869	4	2.15	-3	5
830	870	871	9	3.185	-3	5
831	0	0	0	0	-1	5.2
832	0	0	0	0	-1	5
833	872	873	1	7.35	-3	5
834	0	0	0	0	-1	5
835	0	0	0	0	-1	5
836	874	875	3	13.5	-3	6
837	0	0	0	0	-1	6
838	876	877	4	0	-3	6
839	0	0	0	0	-1	6
840	878	879	8	0	-3	5
841	0	0	0	0	-1	5
842	0	0	0	0	-1	5
843	880	881	8	0.99695	-3	6
844	882	883	9	3.235	-3	5.05555555555556
845	884	885	8	0.9982	-3	5.42857142857143
846	0	0	0	0	-1	6
847	886	887	10	0	-3	6
848	0	0	0	0	-1	6
849	888	889	5	0.0865	-3	5
850	0	0	0	0	-1	5
851	0	0	0	0	-1	5
852	890	891	11	0.16	-3	6
853	0	0	0	0	-1	6
854	892	893	8	6.7	-3	6
855	0	0	0	0	-1	6
856	0	0	0	0	-1	6
857	0	0	0	0	-1	5
858	0	0	0	0	-1	6
859	894	895	2	0.685	-3	5
860	0	0	0	0	-1	7
861	896	897	2	0	-3	5
862	0	0	0	0	-1	6
863	898	899	8	0.998105	-3	5
864	0	0	0	0	-1	5
865	0	0	0	0	-1	5
866	0	0	0	0	-1	5
867	0	0	0	0	-1	5
868	0	0	0	0	-1	5
869	900	901	5	0.1135	-3	5
870	0	0	0	0	-1	5
871	0	0	0	0	-1	5
872	0	0	0	0	-1	5
873	902	903	4	0	-3	5
874	0	0	0	0	-1	6
875	0	0	0	0	-1	6
876	0	0	0	0	-1	5
877	904	905	2	0.285	-3	6
878	0	0	0	0	-1	7
879	0	0	0	0	-1	5
880	0	0	0	0	-1	6
881	0	0	0	0	-1	6
882	906	907	3	0.215	-3	5.16666666666667
883	908	909	11	9.75	-3	5
884	0	0	0	0	-1	6
885	0	0	0	0	-1	5
886	0	0	0	0	-1	7
887	910	911	4	2.25	-3	6
888	0	0	0	0	-1	5
889	0	0	0	0	-1	5
890	0	0	0	0	-1	6
891	912	913	2	0.57	-3	6
892	914	915	1	3.1	-3	6
893	0	0	0	0	-1	6
894	916	917	9	3.485	-3	5
895	918	919	2	0	-3	5
896	0	0	0	0	-1	7
897	0	0	0	0	-1	5
898	920	921	10	0	-3	5
899	0	0	0	0	-1	5
900	0	0	0	0	-1	5
901	0	0	0	0	-1	5
902	0	0	0	0	-1	6
903	922	923	5	0.99715	-3	5
904	0	0	0	0	-1	6
905	0	0	0	0	-1	6
906	0	0	0	0	-1	6
907	0	0	0	0	-1	5
908	924	925	7	0	-3	5
909	0	0	0	0	-1	5
910	0	0	0	0	-1	6
911	926	927	6	5.5	-3	6
912	0	0	0	0	-1	6
913	0	0	0	0	-1	6
914	0	0	0	0	-1	5
915	928	929	6	49	-3	6
916	930	931	3	0	-3	5
917	0	0	0	0	-1	5
918	0	0	0	0	-1	5
919	932	933	1	7.7	-3	5
920	0	0	0	0	-1	6
921	934	935	5	0.0915	-3	5
922	0	0	0	0	-1	5
923	0	0	0	0	-1	5
924	0	0	0	0	-1	5
925	936	937	4	0	-3	5
926	0	0	0	0	-1	6
927	0	0	0	0	-1	6
928	0	0	0	0	-1	6
929	0	0	0	0	-1	6
930	0	0	0	0	-1	5
931	938	939	4	0	-3	5
932	0	0	0	0	-1	5
933	0	0	0	0	-1	5
934	940	941	1	0	-3	5
935	0	0	0	0	-1	5
936	0	0	0	0	-1	5
937	0	0	0	0	-1	5
938	0	0	0	0	-1	5
939	942	943	1	6.95	-3	5
940	0	0	0	0	-1	6
941	944	945	5	0.083	-3	5
942	0	0	0	0	-1	5
943	946	947	11	0	-3	5
944	948	949	4	0	-3	5
945	0	0	0	0	-1	5
946	0	0	0	0	-1	5
947	950	951	1	7.75	-3	5
948	0	0	0	0	-1	6
949	952	953	8	0.99653	-3	5
950	954	955	8	0	-3	5
951	0	0	0	0	-1	5
952	0	0	0	0	-1	5
953	0	0	0	0	-1	5
954	0	0	0	0	-1	5
955	956	957	6	10.5	-3	5
956	0	0	0	0	-1	5
957	0	0	0	0	-1	5
