1	2	3	11	10.525	-3	5.68292682926829
2	4	5	10	0.615	-3	5.39814814814815
3	6	7	2	0.8675	-3	6.1244019138756
4	8	9	5	0.255	-3	5.23484848484848
5	10	11	6	26.5	-3	5.59234234234234
6	12	13	8	0.99537	-3	6.17520661157025
7	14	15	4	2.95	-3	4.72727272727273
8	16	17	10	0.525	-3	5.24334600760456
9	0	0	0	0	-1	3
10	18	19	2	0.4125	-3	5.66124661246613
11	20	21	5	0.0625	-3	5.25333333333333
12	22	23	2	0.425	-3	6.27659574468085
13	24	25	1	7.25	-3	6.08668730650155
14	26	27	10	0.435	-3	5.06666666666667
15	28	29	11	11.05	-3	4
16	30	31	8	0.997165	-3	5.07017543859649
17	32	33	2	0.6475	-3	5.32676056338028
18	34	35	3	0.67	-3	6.03076923076923
19	36	37	1	11.2	-3	5.46025104602511
20	0	0	0	0	-1	6.66666666666667
21	38	39	2	0.605	-3	5.19444444444445
22	40	41	3	0.445	-3	6.57857142857143
23	42	43	11	12.15	-3	5.97887323943662
24	44	45	4	4.6	-3	5.67857142857143
25	46	47	10	0.615	-3	6.17228464419475
26	0	0	0	0	-1	6
27	48	49	6	16	-3	5
28	0	0	0	0	-1	3
29	0	0	0	0	-1	4.4
30	50	51	11	9.53333333333333	-3	5.1328125
31	52	53	9	3.33	-3	4.88372093023256
32	54	55	3	0.485	-3	5.3921568627451
33	56	57	7	14.5	-3	5.16
34	58	59	1	7.3	-3	5.975
35	60	61	4	2.15	-3	6.7
36	62	63	7	50.5	-3	5.42152466367713
37	64	65	5	0.072	-3	6
38	66	67	10	0.845	-3	5.31372549019608
39	68	69	8	0.99735	-3	4.90476190476191
40	70	71	3	0.415	-3	6.43518518518518
41	72	73	9	2.995	-3	7.0625
42	74	75	1	6.55	-3	5.74712643678161
43	76	77	7	44.5	-3	6.34545454545455
44	78	79	8	0.99609	-3	5.56521739130435
45	80	81	1	6.7	-3	6.2
46	82	83	9	3.19	-3	5.82352941176471
47	84	85	3	0.695	-3	6.29145728643216
48	86	87	9	3.61	-3	5.25
49	88	89	7	55	-3	4.66666666666667
50	90	91	1	8.85	-3	5.01492537313433
51	92	93	1	7.25	-3	5.26229508196721
52	94	95	6	16.5	-3	5
53	96	97	8	0.99785	-3	4.61538461538461
54	98	99	6	14.5	-3	5.48636363636364
55	100	101	2	0.525	-3	4.8
56	102	103	2	0.7125	-3	4.42857142857143
57	104	105	8	0.99728	-3	5.21505376344086
58	106	107	7	16.5	-3	6.63636363636364
59	108	109	3	0.575	-3	5.90825688073395
60	0	0	0	0	-1	5.8
61	0	0	0	0	-1	7.6
62	110	111	10	1.07	-3	5.51034482758621
63	112	113	10	1.77	-3	5.25641025641026
64	0	0	0	0	-1	5.25
65	114	115	5	0.084	-3	6.25
66	116	117	1	10.1	-3	5.46341463414634
67	118	119	8	0.99813	-3	4.7
68	0	0	0	0	-1	4.25
69	120	121	11	10.15	-3	5.05882352941176
70	122	123	8	0.994935	-3	6.52808988764045
71	124	125	6	25.5	-3	6
72	0	0	0	0	-1	8
73	126	127	5	0.048	-3	6.96551724137931
74	128	129	2	0.58	-3	5.39285714285714
75	130	131	11	10.575	-3	5.91525423728814
76	132	133	5	0.0835	-3	6.07142857142857
77	134	135	6	25.5	-3	6.62962962962963
78	136	137	7	89	-3	5.875
79	138	139	4	2.55	-3	5.22727272727273
80	140	141	3	0.06	-3	5.83333333333333
81	0	0	0	0	-1	6.75
82	142	143	2	0.405	-3	5.45454545454545
83	144	145	4	3.9	-3	6
84	146	147	9	2.995	-3	6.265625
85	148	149	3	0.72	-3	7
86	150	151	10	0.545	-3	5.14285714285714
87	0	0	0	0	-1	6
88	0	0	0	0	-1	4
89	0	0	0	0	-1	5
90	152	153	8	0.996695	-3	5
91	0	0	0	0	-1	6
92	154	155	2	0.9275	-3	4.88888888888889
93	156	157	2	0.81	-3	5.41860465116279
94	158	159	11	9.2	-3	5.05
95	160	161	8	0.9978	-3	4.9
96	0	0	0	0	-1	4.2
97	162	163	7	27.5	-3	4.875
98	164	165	9	3.415	-3	5.65384615384615
99	166	167	2	0.415	-3	5.33620689655173
100	168	169	9	3.045	-3	5
101	170	171	3	0.655	-3	4.125
102	0	0	0	0	-1	5
103	0	0	0	0	-1	4.2
104	172	173	7	27	-3	5.40476190476191
105	174	175	11	9.3	-3	5.05882352941177
106	0	0	0	0	-1	8
107	176	177	8	0.9956	-3	6.33333333333333
108	178	179	1	11.55	-3	6.02105263157895
109	180	181	1	11.75	-3	5.14285714285714
110	182	183	11	8.7	-3	5.53900709219858
111	0	0	0	0	-1	4.5
112	184	185	5	0.0955	-3	5.20547945205479
113	0	0	0	0	-1	6
114	186	187	9	3.085	-3	6.5
115	0	0	0	0	-1	6
116	188	189	4	3.2	-3	5.37142857142857
117	190	191	3	0.395	-3	6
118	0	0	0	0	-1	5.25
119	192	193	11	9.3	-3	4.33333333333333
120	194	195	1	6.95	-3	5
121	0	0	0	0	-1	6
122	196	197	6	6	-3	6.41176470588235
123	198	199	4	1.65	-3	6.90476190476191
124	200	201	10	0.795	-3	6.2
125	0	0	0	0	-1	5.25
126	0	0	0	0	-1	6
127	202	203	2	0.38	-3	7.03703703703704
128	204	205	8	0.99434	-3	5.66666666666667
129	206	207	4	3.45	-3	4.9
130	0	0	0	0	-1	7
131	208	209	1	8.55	-3	5.89655172413793
132	210	211	6	4	-3	5.96
133	0	0	0	0	-1	7
134	212	213	8	0.99249	-3	6.4
135	214	215	5	0.0665	-3	7.28571428571429
136	216	217	9	3.565	-3	5.95454545454545
137	0	0	0	0	-1	5
138	218	219	10	0.78	-3	5.4
139	220	221	5	0.0735	-3	4.85714285714286
140	0	0	0	0	-1	5
141	0	0	0	0	-1	6
142	222	223	11	10.7	-3	5.83333333333333
143	224	225	9	3.145	-3	5
144	226	227	2	0.6525	-3	5.87179487179487
145	228	229	11	11.4	-3	6.71428571428571
146	0	0	0	0	-1	5
147	230	231	1	12.2	-3	6.29255319148936
148	0	0	0	0	-1	7
149	232	233	8	1.0013	-3	7
150	234	235	10	0.46	-3	5
151	0	0	0	0	-1	6
152	236	237	11	9.1	-3	4.98076923076923
153	238	239	4	2.45	-3	5.07142857142857
154	240	241	5	0.0915	-3	5
155	0	0	0	0	-1	4
156	242	243	8	0.9948	-3	5.55555555555556
157	244	245	6	8.5	-3	4.71428571428571
158	0	0	0	0	-1	5.33333333333333
159	0	0	0	0	-1	5
160	0	0	0	0	-1	4.5
161	246	247	5	0.104	-3	5
162	0	0	0	0	-1	4.66666666666667
163	0	0	0	0	-1	5
164	248	249	2	0.435	-3	5.71111111111111
165	250	251	4	2.05	-3	5.28571428571429
166	252	253	5	0.07	-3	5.69565217391304
167	254	255	9	3.52	-3	5.24731182795699
168	0	0	0	0	-1	5.2
169	256	257	2	0.455	-3	4.95454545454545
170	258	259	4	2.2	-3	4.5
171	0	0	0	0	-1	3
172	260	261	7	19.5	-3	5.1875
173	262	263	11	9.85	-3	5.53846153846154
174	264	265	2	0.68	-3	4.55555555555556
175	266	267	3	0.355	-3	5.16666666666667
176	0	0	0	0	-1	7
177	268	269	10	0.795	-3	6
178	270	271	4	2.45	-3	5.93589743589744
179	272	273	7	20.5	-3	6.41176470588235
180	274	275	4	3.1	-3	5
181	0	0	0	0	-1	6
182	0	0	0	0	-1	3
183	276	277	9	3.54	-3	5.55714285714286
184	278	279	10	0.75	-3	5.32
185	280	281	4	3	-3	4.95652173913043
186	0	0	0	0	-1	6.75
187	0	0	0	0	-1	6
188	282	283	3	0.215	-3	5.56521739130435
189	284	285	9	3.365	-3	5
190	0	0	0	0	-1	6
191	0	0	0	0	-1	6
192	0	0	0	0	-1	5
193	0	0	0	0	-1	4
194	286	287	2	0	-3	5
195	288	289	10	92	-3	5
196	290	291	8	0.99215	-3	6.78571428571429
197	292	293	3	0.36	-3	6.31481481481482
198	0	0	0	0	-1	5
199	294	295	9	3.395	-3	7
200	296	297	10	0.5	-3	6
201	0	0	0	0	-1	7
202	298	299	7	10	-3	6.86363636363636
203	0	0	0	0	-1	7.8
204	300	301	9	3.49	-3	5.36363636363636
205	302	303	4	2.25	-3	6.14285714285714
206	0	0	0	0	-1	5
207	0	0	0	0	-1	4
208	304	305	8	0.995155	-3	5.92857142857143
209	0	0	0	0	-1	5
210	0	0	0	0	-1	5
211	306	307	8	0.99305	-3	6.04347826086957
212	0	0	0	0	-1	7.5
213	308	309	4	2	-3	6.125
214	0	0	0	0	-1	7.8
215	0	0	0	0	-1	6
216	310	311	10	0.665	-3	6
217	0	0	0	0	-1	5.66666666666667
218	312	313	1	6.75	-3	5.66666666666667
219	314	315	1	0	-3	5
220	0	0	0	0	-1	6
221	316	317	10	0.565	-3	4.66666666666667
222	0	0	0	0	-1	5
223	318	319	1	9.05	-3	6
224	320	321	2	0	-3	5
225	0	0	0	0	-1	5
226	322	323	2	0.275	-3	5.94285714285714
227	0	0	0	0	-1	5.25
228	0	0	0	0	-1	5
229	324	325	5	0.086	-3	7
230	326	327	4	6.35	-3	6.32183908045977
231	328	329	4	2.6	-3	5.92857142857143
232	0	0	0	0	-1	7
233	0	0	0	0	-1	7
234	0	0	0	0	-1	5
235	0	0	0	0	-1	5
236	0	0	0	0	-1	4
237	330	331	2	0.615	-3	5
238	0	0	0	0	-1	5
239	0	0	0	0	-1	6
240	332	333	6	0	-3	5
241	0	0	0	0	-1	5
242	0	0	0	0	-1	7
243	334	335	5	0.09	-3	5.42424242424242
244	0	0	0	0	-1	4.33333333333333
245	0	0	0	0	-1	5
246	336	337	8	0	-3	5
247	0	0	0	0	-1	5
248	338	339	8	0.99703	-3	5.5
249	340	341	10	0.555	-3	5.82758620689655
250	342	343	11	9.15	-3	5
251	344	345	6	7.5	-3	5.66666666666667
252	0	0	0	0	-1	4.5
253	346	347	4	2.45	-3	5.80952380952381
254	348	349	6	22	-3	5.20689655172414
255	350	351	2	0.52	-3	5.83333333333333
256	352	353	3	0.53	-3	5
257	0	0	0	0	-1	4.66666666666667
258	0	0	0	0	-1	4
259	0	0	0	0	-1	5
260	0	0	0	0	-1	5.6
261	354	355	4	2.05	-3	5
262	356	357	10	0.545	-3	5.35294117647059
263	358	359	2	0.6825	-3	5.88888888888889
264	0	0	0	0	-1	4
265	0	0	0	0	-1	5
266	360	361	8	0.99884	-3	5.10526315789474
267	0	0	0	0	-1	5.75
268	0	0	0	0	-1	6
269	0	0	0	0	-1	6
270	362	363	9	3.245	-3	5.79310344827586
271	364	365	10	0.785	-3	6.35
272	366	367	2	0.32	-3	6.2
273	368	369	9	3.095	-3	6.71428571428571
274	370	371	8	3.37	-3	5
275	0	0	0	0	-1	5
276	372	373	2	0.8875	-3	5.63157894736842
277	374	375	7	15	-3	5.23076923076923
278	376	377	4	2.05	-3	5.48387096774194
279	378	379	11	10.35	-3	5.05263157894737
280	380	381	6	0	-3	5
281	0	0	0	0	-1	4.8
282	382	383	11	9.95	-3	5.84615384615385
283	384	385	2	0.26	-3	5.2
284	0	0	0	0	-1	5
285	386	387	5	0	-3	5
286	0	0	0	0	-1	5
287	388	389	4	0.73	-3	5
288	390	391	10	0.735	-3	5
289	0	0	0	0	-1	5
290	0	0	0	0	-1	6
291	392	393	3	0.34	-3	7
292	394	395	5	0.0635	-3	6.425
293	0	0	0	0	-1	6
294	396	397	2	0.415	-3	7.05263157894737
295	0	0	0	0	-1	6
296	0	0	0	0	-1	5
297	398	399	5	0.0735	-3	6.09090909090909
298	0	0	0	0	-1	6
299	400	401	3	0.525	-3	6.90476190476191
300	0	0	0	0	-1	6
301	402	403	8	0	-3	5
302	404	405	7	10	-3	6
303	0	0	0	0	-1	7
304	406	407	5	0.089	-3	6.04651162790698
305	408	409	3	0.11	-3	5.53846153846154
306	410	411	10	0.585	-3	5.84615384615385
307	412	413	1	7.55	-3	6.3
308	414	415	9	3.785	-3	6.5
309	416	417	11	12.95	-3	5.75
310	418	419	1	6.9	-3	6
311	420	421	11	0.0975	-3	6
312	0	0	0	0	-1	5.25
313	0	0	0	0	-1	6
314	0	0	0	0	-1	5
315	0	0	0	0	-1	5
316	0	0	0	0	-1	5
317	0	0	0	0	-1	4
318	0	0	0	0	-1	7
319	422	423	2	0.27	-3	5.88888888888889
320	0	0	0	0	-1	5
321	424	425	4	2.35	-3	5
322	0	0	0	0	-1	7
323	426	427	5	0.109	-3	5.91176470588235
324	0	0	0	0	-1	7
325	0	0	0	0	-1	7
326	428	429	7	35	-3	6.30409356725146
327	0	0	0	0	-1	7.33333333333333
328	0	0	0	0	-1	5
329	430	431	6	5.5	-3	6.08333333333333
330	432	433	11	9.25	-3	5
331	434	435	6	9	-3	5
332	0	0	0	0	-1	6
333	436	437	11	17	-3	5
334	438	439	9	3.11	-3	5.26923076923077
335	440	441	2	0.6825	-3	6
336	0	0	0	0	-1	6
337	0	0	0	0	-1	5
338	442	443	4	1.9	-3	5.71428571428571
339	444	445	7	20	-3	5.09090909090909
340	446	447	8	0.99561	-3	5.41666666666667
341	448	449	2	0.6375	-3	5.93478260869565
342	0	0	0	0	-1	5
343	450	451	4	0	-3	5
344	0	0	0	0	-1	5
345	0	0	0	0	-1	6
346	452	453	4	1.7	-3	5.93333333333333
347	454	455	3	0.145	-3	5.5
348	456	457	8	0.99618	-3	5.32608695652174
349	458	459	11	10.4	-3	5.07317073170732
350	0	0	0	0	-1	5
351	0	0	0	0	-1	6
352	0	0	0	0	-1	5
353	0	0	0	0	-1	5
354	0	0	0	0	-1	5
355	0	0	0	0	-1	5
356	460	461	3	0.255	-3	5.57142857142857
357	462	463	6	7.5	-3	5.2
358	0	0	0	0	-1	5
359	464	465	4	2.3	-3	6
360	466	467	6	8.5	-3	5.03125
361	468	469	11	9.55	-3	5.5
362	470	471	5	0.0665	-3	6
363	472	473	6	7.5	-3	5.53846153846154
364	474	475	6	17	-3	6.8
365	476	477	4	3.05	-3	5.9
366	0	0	0	0	-1	6.4
367	0	0	0	0	-1	6
368	478	479	8	1.000725	-3	6.83333333333333
369	0	0	0	0	-1	6
370	480	481	8	0.34	-3	5
371	0	0	0	0	-1	5
372	482	483	11	9.85	-3	5.61946902654867
373	0	0	0	0	-1	7
374	0	0	0	0	-1	3
375	484	485	4	2.9	-3	5.32
376	486	487	3	0.33	-3	5.88888888888889
377	488	489	8	0.99841	-3	5.31818181818182
378	0	0	0	0	-1	5
379	490	491	4	3.9	-3	5.16666666666667
380	0	0	0	0	-1	5
381	0	0	0	0	-1	5
382	0	0	0	0	-1	5
383	492	493	6	27.5	-3	5.91666666666667
384	0	0	0	0	-1	6
385	494	495	6	32.5	-3	5.11111111111111
386	0	0	0	0	-1	5
387	496	497	6	0	-3	5
388	0	0	0	0	-1	6
389	0	0	0	0	-1	5
390	0	0	0	0	-1	5
391	498	499	2	0	-3	5
392	0	0	0	0	-1	7
393	500	501	8	0.99475	-3	7
394	502	503	1	6.55	-3	6.66666666666667
395	504	505	3	0.255	-3	6.22727272727273
396	506	507	11	0	-3	7
397	0	0	0	0	-1	8
398	508	509	3	20	-3	6
399	0	0	0	0	-1	6.33333333333333
400	510	511	8	0	-3	7
401	0	0	0	0	-1	6.33333333333333
402	0	0	0	0	-1	6
403	512	513	1	0	-3	5
404	0	0	0	0	-1	6
405	0	0	0	0	-1	6
406	514	515	1	6.65	-3	6.02631578947368
407	0	0	0	0	-1	6.2
408	516	517	3	0.05	-3	5.25
409	0	0	0	0	-1	6
410	0	0	0	0	-1	5.5
411	518	519	3	0.085	-3	6
412	520	521	7	27.5	-3	6.5
413	0	0	0	0	-1	6
414	0	0	0	0	-1	7
415	0	0	0	0	-1	6
416	522	523	10	0.66	-3	6
417	0	0	0	0	-1	5
418	0	0	0	0	-1	6
419	0	0	0	0	-1	6
420	0	0	0	0	-1	6
421	524	525	1	6.25	-3	6
422	0	0	0	0	-1	5
423	0	0	0	0	-1	6
424	0	0	0	0	-1	5
425	0	0	0	0	-1	5
426	526	527	1	7.7	-3	5.96296296296296
427	528	529	5	0.1155	-3	5.71428571428571
428	530	531	8	0.99765	-3	6.44642857142857
429	532	533	2	0.27	-3	6.03389830508475
430	0	0	0	0	-1	7
431	534	535	2	12.35	-3	6
432	0	0	0	0	-1	5
433	536	537	8	0.993945	-3	5
434	538	539	3	0.025	-3	5
435	540	541	10	0.505	-3	5
436	542	543	10	0.475	-3	5
437	0	0	0	0	-1	5
438	0	0	0	0	-1	6
439	544	545	3	0.005	-3	5.17391304347826
440	0	0	0	0	-1	6
441	0	0	0	0	-1	6
442	546	547	8	0.99609	-3	5.5
443	548	549	7	7	-3	6
444	0	0	0	0	-1	6
445	550	551	2	0.4	-3	5
446	0	0	0	0	-1	6
447	552	553	8	0.998	-3	5.125
448	554	555	8	0.99589	-3	6.025
449	556	557	3	0.035	-3	5.33333333333333
450	0	0	0	0	-1	7
451	558	559	9	0.09	-3	5
452	0	0	0	0	-1	5
453	560	561	4	1.95	-3	6
454	0	0	0	0	-1	6
455	0	0	0	0	-1	5
456	562	563	1	7.1	-3	5.76923076923077
457	564	565	1	9.7	-3	5.15151515151515
458	566	567	6	26	-3	5
459	0	0	0	0	-1	5.75
460	0	0	0	0	-1	5.8
461	0	0	0	0	-1	5
462	0	0	0	0	-1	6
463	568	569	7	62.5	-3	5.11111111111111
464	570	571	9	0	-3	6
465	0	0	0	0	-1	6
466	0	0	0	0	-1	5.2
467	572	573	3	0.015	-3	5
468	0	0	0	0	-1	6
469	0	0	0	0	-1	5
470	0	0	0	0	-1	6.4
471	574	575	10	0.625	-3	5.92592592592593
472	576	577	10	0.73	-3	5.90909090909091
473	578	579	8	0.99654	-3	5.26666666666667
474	580	581	3	0	-3	7
475	0	0	0	0	-1	6
476	0	0	0	0	-1	5.66666666666667
477	582	583	1	11.45	-3	6
478	0	0	0	0	-1	7
479	0	0	0	0	-1	6
480	0	0	0	0	-1	6
481	584	585	1	0	-3	5
482	586	587	5	0.1715	-3	5.45205479452055
483	588	589	3	0.175	-3	5.925
484	590	591	7	24	-3	5.26086956521739
485	0	0	0	0	-1	6
486	0	0	0	0	-1	6
487	0	0	0	0	-1	5
488	592	593	5	0.0905	-3	5.07142857142857
489	594	595	1	9.15	-3	5.75
490	0	0	0	0	-1	6
491	0	0	0	0	-1	5
492	0	0	0	0	-1	5
493	596	597	3	0.175	-3	6
494	598	599	2	0.445	-3	5
495	0	0	0	0	-1	5.33333333333333
496	0	0	0	0	-1	6
497	0	0	0	0	-1	5
498	0	0	0	0	-1	5
499	600	601	8	1.000275	-3	5
500	0	0	0	0	-1	7
501	0	0	0	0	-1	7
502	602	603	2	0.405	-3	6.25
503	604	605	3	0.3	-3	7
504	606	607	2	0.405	-3	5.83333333333333
505	608	609	1	5.95	-3	6.375
506	0	0	0	0	-1	5
507	610	611	9	0	-3	7
508	0	0	0	0	-1	6
509	0	0	0	0	-1	6
510	0	0	0	0	-1	6
511	0	0	0	0	-1	7
512	0	0	0	0	-1	5
513	0	0	0	0	-1	5
514	0	0	0	0	-1	7
515	612	613	8	0.9949	-3	6
516	614	615	5	0.0675	-3	5.42857142857143
517	0	0	0	0	-1	4
518	0	0	0	0	-1	6
519	0	0	0	0	-1	6
520	0	0	0	0	-1	7
521	0	0	0	0	-1	6
522	0	0	0	0	-1	6
523	0	0	0	0	-1	6
524	0	0	0	0	-1	6
525	0	0	0	0	-1	6
526	616	617	9	3.33	-3	5.85714285714286
527	618	619	11	11.35	-3	6
528	0	0	0	0	-1	5
529	0	0	0	0	-1	6
530	620	621	2	0.305	-3	6.51111111111111
531	622	623	6	10.5	-3	6.18181818181818
532	0	0	0	0	-1	6.8
533	624	625	10	0.695	-3	5.96296296296296
534	626	627	7	73	-3	6
535	0	0	0	0	-1	6
536	0	0	0	0	-1	5
537	0	0	0	0	-1	5
538	0	0	0	0	-1	5
539	628	629	7	0	-3	5
540	630	631	3	0.125	-3	5
541	0	0	0	0	-1	5
542	0	0	0	0	-1	5
543	632	633	11	0	-3	5
544	0	0	0	0	-1	4
545	634	635	1	7.65	-3	5.22727272727273
546	0	0	0	0	-1	5
547	636	637	10	0.575	-3	5.85714285714286
548	0	0	0	0	-1	6
549	638	639	7	15	-3	6
550	0	0	0	0	-1	5
551	0	0	0	0	-1	5
552	640	641	4	0	-3	5
553	0	0	0	0	-1	6
554	0	0	0	0	-1	7
555	642	643	5	0.0715	-3	5.97368421052632
556	0	0	0	0	-1	6
557	0	0	0	0	-1	5.2
558	0	0	0	0	-1	5
559	0	0	0	0	-1	5
560	644	645	4	0	-3	6
561	0	0	0	0	-1	6
562	0	0	0	0	-1	5.4
563	646	647	7	98	-3	6
564	648	649	7	43.5	-3	5.09677419354839
565	0	0	0	0	-1	6
566	650	651	7	57	-3	5
567	652	653	8	0.99772	-3	5
568	654	655	3	0.06	-3	5
569	0	0	0	0	-1	5.33333333333333
570	0	0	0	0	-1	8
571	0	0	0	0	-1	6
572	656	657	5	0	-3	5
573	0	0	0	0	-1	5
574	0	0	0	0	-1	5.5
575	658	659	8	0.99875	-3	5.96
576	0	0	0	0	-1	5
577	660	661	8	0.9986	-3	6
578	662	663	5	0	-3	5
579	664	665	2	0.355	-3	5.5
580	0	0	0	0	-1	6
581	666	667	5	0.0915	-3	7
582	0	0	0	0	-1	6
583	0	0	0	0	-1	6
584	0	0	0	0	-1	8
585	0	0	0	0	-1	5
586	668	669	6	15	-3	5.38461538461538
587	670	671	6	5.5	-3	6
588	672	673	6	5.5	-3	6.2
589	674	675	11	10.25	-3	5.65
590	676	677	8	0.99745	-3	5.66666666666667
591	678	679	8	0.995795	-3	5.11764705882353
592	680	681	10	2.65	-3	5
593	0	0	0	0	-1	6
594	0	0	0	0	-1	6
595	0	0	0	0	-1	5.33333333333333
596	0	0	0	0	-1	6
597	0	0	0	0	-1	6
598	0	0	0	0	-1	5
599	0	0	0	0	-1	5
600	0	0	0	0	-1	5
601	0	0	0	0	-1	5
602	682	683	8	0.99122	-3	6
603	0	0	0	0	-1	7
604	0	0	0	0	-1	7
605	684	685	5	7.55	-3	7
606	0	0	0	0	-1	6
607	0	0	0	0	-1	5
608	0	0	0	0	-1	7
609	686	687	7	25	-3	6.23076923076923
610	0	0	0	0	-1	6
611	0	0	0	0	-1	7
612	688	689	3	0.015	-3	6
613	0	0	0	0	-1	6
614	0	0	0	0	-1	4
615	690	691	2	0.7275	-3	5.66666666666667
616	0	0	0	0	-1	5
617	692	693	8	0.995715	-3	6
618	694	695	5	0.0825	-3	6
619	696	697	2	0.4475	-3	6
620	698	699	5	0.073	-3	6.25
621	700	701	1	10.3	-3	6.62903225806452
622	702	703	7	15	-3	6.1
623	0	0	0	0	-1	7
624	704	705	7	41	-3	5.56521739130435
625	706	707	11	10.85	-3	6.25806451612903
626	708	709	4	0	-3	6
627	0	0	0	0	-1	6
628	0	0	0	0	-1	6
629	710	711	7	33	-3	5
630	712	713	7	0	-3	5
631	714	715	3	0	-3	5
632	0	0	0	0	-1	5
633	716	717	10	0.5	-3	5
634	718	719	9	3.26	-3	5
635	720	721	8	0.99639	-3	5.3125
636	0	0	0	0	-1	6
637	0	0	0	0	-1	5.5
638	0	0	0	0	-1	6
639	0	0	0	0	-1	6
640	0	0	0	0	-1	6
641	722	723	11	9.45	-3	5
642	724	725	1	9.7	-3	5.33333333333333
643	726	727	3	0.32	-3	6.09375
644	0	0	0	0	-1	6
645	0	0	0	0	-1	6
646	728	729	10	0.59	-3	6
647	0	0	0	0	-1	6
648	0	0	0	0	-1	6
649	730	731	5	0.0695	-3	5.03448275862069
650	0	0	0	0	-1	5
651	732	733	5	0	-3	5
652	734	735	6	34	-3	5
653	0	0	0	0	-1	5
654	0	0	0	0	-1	5
655	0	0	0	0	-1	5
656	0	0	0	0	-1	5
657	736	737	5	0.0835	-3	5
658	738	739	10	0.65	-3	6
659	0	0	0	0	-1	5.5
660	740	741	11	0	-3	6
661	0	0	0	0	-1	6
662	0	0	0	0	-1	6
663	742	743	3	0.45	-3	5
664	0	0	0	0	-1	6
665	0	0	0	0	-1	5
666	0	0	0	0	-1	7
667	0	0	0	0	-1	7
668	744	745	6	9.5	-3	5.46296296296296
669	746	747	4	0.99895	-3	5
670	0	0	0	0	-1	6
671	748	749	5	0.2965	-3	6
672	0	0	0	0	-1	7
673	750	751	3	0.115	-3	6.11111111111111
674	752	753	2	0.765	-3	5.91666666666667
675	754	755	1	8.25	-3	5.25
676	0	0	0	0	-1	5
677	0	0	0	0	-1	6
678	0	0	0	0	-1	6
679	756	757	6	0	-3	5
680	758	759	9	3.41	-3	5
681	0	0	0	0	-1	5
682	0	0	0	0	-1	6
683	0	0	0	0	-1	6
684	760	761	6	14	-3	7
685	0	0	0	0	-1	7
686	0	0	0	0	-1	8
687	762	763	5	0.0715	-3	6.08333333333333
688	0	0	0	0	-1	6
689	764	765	7	53	-3	6
690	0	0	0	0	-1	5.8
691	0	0	0	0	-1	5
692	0	0	0	0	-1	6
693	0	0	0	0	-1	6
694	0	0	0	0	-1	6
695	766	767	7	0	-3	6
696	768	769	10	0.56	-3	6
697	0	0	0	0	-1	6
698	770	771	6	16	-3	6.07692307692308
699	772	773	5	0.0795	-3	6.4
700	774	775	4	2.15	-3	6.78048780487805
701	776	777	8	0.99715	-3	6.33333333333333
702	0	0	0	0	-1	5
703	778	779	3	0.665	-3	6.15789473684211
704	780	781	3	0.355	-3	5.14285714285714
705	782	783	1	9.45	-3	5.75
706	784	785	1	8.5	-3	6.71428571428571
707	786	787	11	11.3	-3	6.125
708	0	0	0	0	-1	5
709	788	789	5	0.0785	-3	6
710	0	0	0	0	-1	5
711	0	0	0	0	-1	5
712	0	0	0	0	-1	5
713	790	791	2	0.6725	-3	5
714	0	0	0	0	-1	5
715	0	0	0	0	-1	5
716	0	0	0	0	-1	5
717	792	793	4	0	-3	5
718	0	0	0	0	-1	5
719	0	0	0	0	-1	5
720	794	795	9	3.325	-3	5.15384615384615
721	0	0	0	0	-1	6
722	0	0	0	0	-1	5
723	0	0	0	0	-1	5
724	0	0	0	0	-1	5
725	0	0	0	0	-1	6
726	796	797	5	0.075	-3	6.03333333333333
727	0	0	0	0	-1	7
728	0	0	0	0	-1	6
729	0	0	0	0	-1	6
730	0	0	0	0	-1	6
731	798	799	1	7.25	-3	5
732	0	0	0	0	-1	8
733	800	801	11	9.65	-3	5
734	802	803	1	0.59	-3	5
735	0	0	0	0	-1	5
736	804	805	5	0	-3	5
737	0	0	0	0	-1	5
738	0	0	0	0	-1	6
739	806	807	3	0	-3	6
740	0	0	0	0	-1	5
741	808	809	10	0.915	-3	6
742	0	0	0	0	-1	5
743	0	0	0	0	-1	5
744	810	811	3	0.11	-3	5.27272727272727
745	812	813	7	36.5	-3	5.76190476190476
746	0	0	0	0	-1	6
747	814	815	1	6.75	-3	5
748	0	0	0	0	-1	6
749	0	0	0	0	-1	6
750	816	817	9	3.43	-3	6
751	0	0	0	0	-1	6.66666666666667
752	818	819	6	0.089	-3	6
753	0	0	0	0	-1	5
754	820	821	11	0.655	-3	5
755	0	0	0	0	-1	6
756	0	0	0	0	-1	5
757	0	0	0	0	-1	5
758	822	823	4	0	-3	5
759	0	0	0	0	-1	5
760	0	0	0	0	-1	7
761	0	0	0	0	-1	7
762	824	825	8	0.99463	-3	6
763	0	0	0	0	-1	6.33333333333333
764	826	827	6	11	-3	6
765	0	0	0	0	-1	6
766	0	0	0	0	-1	7
767	0	0	0	0	-1	6
768	0	0	0	0	-1	6
769	0	0	0	0	-1	6
770	828	829	10	0.74	-3	6
771	0	0	0	0	-1	7
772	830	831	10	0.695	-3	6.85714285714286
773	832	833	10	0.685	-3	6
774	834	835	1	9.7	-3	6.36363636363636
775	836	837	10	0.625	-3	6.93333333333333
776	838	839	7	13	-3	6.17647058823529
777	0	0	0	0	-1	7
778	840	841	7	21.5	-3	6.05555555555556
779	0	0	0	0	-1	8
780	0	0	0	0	-1	6
781	842	843	7	38	-3	5
782	844	845	6	40.5	-3	5.84615384615385
783	0	0	0	0	-1	5.33333333333333
784	0	0	0	0	-1	6
785	846	847	7	46.5	-3	6.83333333333333
786	848	849	6	18.5	-3	6
787	850	851	2	0.515	-3	6.33333333333333
788	0	0	0	0	-1	6
789	852	853	3	0.65	-3	6
790	0	0	0	0	-1	5
791	0	0	0	0	-1	5
792	0	0	0	0	-1	6
793	0	0	0	0	-1	5
794	854	855	3	0.095	-3	5
795	0	0	0	0	-1	6
796	0	0	0	0	-1	7
797	856	857	5	0.0785	-3	5.96428571428571
798	0	0	0	0	-1	5
799	858	859	9	3.32	-3	5
800	860	861	6	0.22	-3	5
801	862	863	2	0	-3	5
802	0	0	0	0	-1	7
803	864	865	5	0.0715	-3	5
804	0	0	0	0	-1	7
805	866	867	4	3.475	-3	5
806	0	0	0	0	-1	6
807	868	869	4	0.377	-3	6
808	0	0	0	0	-1	6
809	0	0	0	0	-1	6
810	870	871	1	6.5	-3	5.66666666666667
811	872	873	10	0.65	-3	5.04761904761905
812	874	875	1	7.4	-3	6.25
813	876	877	4	1.85	-3	5.46153846153846
814	0	0	0	0	-1	5
815	0	0	0	0	-1	5
816	878	879	8	0.995455	-3	6
817	0	0	0	0	-1	6
818	0	0	0	0	-1	5
819	880	881	1	10.1	-3	6
820	0	0	0	0	-1	7
821	0	0	0	0	-1	5
822	0	0	0	0	-1	6
823	0	0	0	0	-1	5
824	0	0	0	0	-1	6
825	0	0	0	0	-1	6
826	882	883	1	6.95	-3	6
827	884	885	5	0	-3	6
828	0	0	0	0	-1	6
829	886	887	5	0	-3	6
830	0	0	0	0	-1	6
831	888	889	7	19.5	-3	7
832	0	0	0	0	-1	6
833	890	891	7	0.405	-3	6
834	892	893	7	0	-3	6
835	0	0	0	0	-1	7
836	0	0	0	0	-1	6.75
837	894	895	4	4.15	-3	6.96153846153846
838	0	0	0	0	-1	7
839	896	897	2	0.375	-3	6.06666666666667
840	898	899	4	3	-3	6
841	900	901	9	3.25	-3	6.14285714285714
842	0	0	0	0	-1	5
843	0	0	0	0	-1	5
844	902	903	2	0.4525	-3	5.91666666666667
845	0	0	0	0	-1	5
846	0	0	0	0	-1	6
847	0	0	0	0	-1	7
848	0	0	0	0	-1	6
849	904	905	9	3.385	-3	6
850	906	907	1	8.3	-3	6
851	0	0	0	0	-1	7
852	0	0	0	0	-1	6
853	0	0	0	0	-1	6
854	0	0	0	0	-1	5
855	908	909	2	0	-3	5
856	0	0	0	0	-1	5.5
857	910	911	6	13.5	-3	6
858	912	913	11	9.75	-3	5
859	914	915	3	0	-3	5
860	0	0	0	0	-1	6
861	0	0	0	0	-1	5
862	0	0	0	0	-1	6
863	0	0	0	0	-1	5
864	0	0	0	0	-1	5
865	0	0	0	0	-1	5
866	0	0	0	0	-1	5
867	0	0	0	0	-1	5
868	0	0	0	0	-1	7
869	0	0	0	0	-1	6
870	0	0	0	0	-1	5
871	916	917	11	9.35	-3	5.8
872	918	919	11	0	-3	5
873	920	921	9	3.37	-3	5.14285714285714
874	0	0	0	0	-1	6
875	0	0	0	0	-1	6.5
876	0	0	0	0	-1	5
877	922	923	10	0.645	-3	5.75
878	0	0	0	0	-1	6
879	924	925	10	0.825	-3	6
880	926	927	10	0	-3	6
881	0	0	0	0	-1	6
882	0	0	0	0	-1	6
883	0	0	0	0	-1	6
884	0	0	0	0	-1	6
885	928	929	8	0.993555	-3	6
886	0	0	0	0	-1	5
887	930	931	5	0.057	-3	6
888	0	0	0	0	-1	7
889	0	0	0	0	-1	7
890	0	0	0	0	-1	5
891	0	0	0	0	-1	6
892	0	0	0	0	-1	5
893	932	933	1	9.2	-3	6
894	934	935	4	3.85	-3	7
895	0	0	0	0	-1	6.66666666666667
896	0	0	0	0	-1	6.25
897	936	937	1	10.45	-3	6
898	0	0	0	0	-1	6
899	938	939	7	19	-3	6
900	940	941	7	30	-3	6
901	0	0	0	0	-1	7
902	0	0	0	0	-1	5
903	942	943	4	0	-3	6
904	944	945	1	8.3	-3	6
905	0	0	0	0	-1	6
906	0	0	0	0	-1	6
907	0	0	0	0	-1	6
908	0	0	0	0	-1	6
909	946	947	7	43	-3	5
910	948	949	11	10.1	-3	6
911	0	0	0	0	-1	6
912	950	951	9	0	-3	5
913	0	0	0	0	-1	5
914	0	0	0	0	-1	5
915	0	0	0	0	-1	5
916	0	0	0	0	-1	5
917	952	953	1	8.65	-3	5.88888888888889
918	0	0	0	0	-1	7
919	954	955	6	8	-3	5
920	956	957	9	3.265	-3	5
921	0	0	0	0	-1	6
922	0	0	0	0	-1	5
923	958	959	5	0.103	-3	6
924	0	0	0	0	-1	6
925	0	0	0	0	-1	6
926	0	0	0	0	-1	6
927	0	0	0	0	-1	6
928	0	0	0	0	-1	6
929	0	0	0	0	-1	6
930	0	0	0	0	-1	6
931	960	961	3	0.41	-3	6
932	0	0	0	0	-1	6
933	0	0	0	0	-1	6
934	962	963	6	0	-3	7
935	0	0	0	0	-1	7
936	0	0	0	0	-1	6
937	964	965	2	0	-3	6
938	0	0	0	0	-1	6
939	0	0	0	0	-1	6
940	0	0	0	0	-1	6
941	0	0	0	0	-1	6
942	0	0	0	0	-1	5
943	966	967	8	0.99745	-3	6
944	0	0	0	0	-1	6
945	0	0	0	0	-1	6
946	0	0	0	0	-1	5
947	968	969	4	0	-3	5
948	970	971	5	0.0845	-3	6
949	0	0	0	0	-1	6
950	0	0	0	0	-1	6
951	972	973	1	8.15	-3	5
952	974	975	10	0.645	-3	6
953	0	0	0	0	-1	5
954	976	977	8	0	-3	5
955	978	979	5	0.082	-3	5
956	0	0	0	0	-1	5
957	0	0	0	0	-1	5
958	0	0	0	0	-1	6
959	0	0	0	0	-1	6
960	0	0	0	0	-1	6
961	0	0	0	0	-1	6
962	0	0	0	0	-1	6
963	980	981	3	0	-3	7
964	0	0	0	0	-1	5
965	982	983	2	0.415	-3	6
966	984	985	8	0.99595	-3	6
967	0	0	0	0	-1	6
968	0	0	0	0	-1	6
969	986	987	6	32.5	-3	5
970	0	0	0	0	-1	6
971	988	989	10	0	-3	6
972	990	991	4	0	-3	5
973	992	993	7	0	-3	5
974	0	0	0	0	-1	6
975	0	0	0	0	-1	6
976	0	0	0	0	-1	7
977	994	995	10	0.635	-3	5
978	0	0	0	0	-1	5
979	0	0	0	0	-1	5
980	0	0	0	0	-1	6
981	996	997	9	0	-3	7
982	0	0	0	0	-1	6
983	0	0	0	0	-1	6
984	0	0	0	0	-1	6
985	0	0	0	0	-1	6
986	0	0	0	0	-1	5
987	0	0	0	0	-1	5
988	0	0	0	0	-1	6
989	998	999	10	0.575	-3	6
990	0	0	0	0	-1	5
991	1000	1001	3	0.325	-3	5
992	0	0	0	0	-1	5
993	0	0	0	0	-1	5
994	0	0	0	0	-1	5
995	0	0	0	0	-1	5
996	0	0	0	0	-1	5
997	1002	1003	3	0.565	-3	7
998	0	0	0	0	-1	6
999	1004	1005	8	0	-3	6
1000	0	0	0	0	-1	5
1001	0	0	0	0	-1	5
1002	1006	1007	7	0	-3	7
1003	0	0	0	0	-1	7
1004	0	0	0	0	-1	5
1005	0	0	0	0	-1	6
1006	0	0	0	0	-1	5
1007	0	0	0	0	-1	7
