1	2	3	11	10.525	-3	5.588492808005
2	4	5	10	0.555	-3	5.32361809045226
3	6	7	3	0.295	-3	6.02483443708609
4	8	9	5	0.17	-3	5.08615384615384
5	10	11	2	0.405	-3	5.43880597014925
6	12	13	11	11.55	-3	5.67049808429119
7	14	15	8	1.0016	-3	6.29446064139941
8	16	17	4	1.25	-3	5.10591900311526
9	0	0	0	0	-1	3.5
10	18	19	7	83	-3	5.85820895522388
11	20	21	9	3.535	-3	5.33395522388059
12	22	23	9	3.49	-3	5.48823529411765
13	24	25	8	0.99241	-3	6.01098901098901
14	26	27	11	11.55	-3	6.3222891566265
15	28	29	9	3.24	-3	5.45454545454545
16	0	0	0	0	-1	7
17	30	31	8	0.99408	-3	5.09404388714733
18	32	33	8	0.996535	-3	5.936
19	34	35	1	7.7	-3	4.77777777777778
20	36	37	11	9.95	-3	5.37067209775967
21	38	39	3	0.035	-3	4.93333333333333
22	40	41	10	0.585	-3	5.70161290322581
23	42	43	2	1.065	-3	4.91304347826087
24	44	45	7	75.5	-3	6.6
25	46	47	8	0.99349	-3	5.89473684210526
26	48	49	10	0.635	-3	6.14689265536723
27	50	51	1	8.85	-3	6.52258064516129
28	52	53	11	12.05	-3	5
29	0	0	0	0	-1	6
30	0	0	0	0	-1	4.25
31	54	55	11	10.35	-3	5.1047619047619
32	56	57	9	3.4	-3	5.5
33	58	59	6	39	-3	6.00934579439252
34	0	0	0	0	-1	4.33333333333333
35	60	61	10	7.95	-3	5
36	62	63	5	0.0975	-3	5.24922118380062
37	64	65	7	54.5	-3	5.6
38	66	67	1	6.4	-3	4.66666666666667
39	68	69	10	0.82	-3	5.11111111111111
40	70	71	1	7.4	-3	5.37777777777778
41	72	73	3	0.195	-3	5.88607594936709
42	74	75	1	6.55	-3	5.26470588235294
43	76	77	5	0.0915	-3	3.91666666666667
44	78	79	1	5.1	-3	6
45	80	81	4	1.6	-3	7.125
46	82	83	1	4.65	-3	5.45454545454545
47	84	85	3	0.025	-3	6.07407407407407
48	86	87	11	11.45	-3	5.68292682926829
49	88	89	6	24.5	-3	6.28676470588235
50	90	91	5	0.074	-3	6.33870967741936
51	92	93	2	0.375	-3	6.64516129032258
52	0	0	0	0	-1	5
53	0	0	0	0	-1	5
54	94	95	2	0.235	-3	5.08552631578947
55	96	97	9	3.355	-3	5.63636363636364
56	98	99	7	53.5	-3	5.11111111111111
57	100	101	10	0.66	-3	5.88888888888889
58	102	103	6	6.5	-3	5.96
59	104	105	9	3.455	-3	6.71428571428571
60	0	0	0	0	-1	5
61	0	0	0	0	-1	5
62	106	107	6	18.5	-3	5.32850241545894
63	108	109	9	3.365	-3	5.10526315789474
64	110	111	9	3.425	-3	5.73451327433628
65	112	113	3	0.255	-3	5.33333333333333
66	114	115	2	0.6	-3	4.28571428571429
67	116	117	7	24	-3	4.90909090909091
68	118	119	6	8.5	-3	5.07692307692308
69	0	0	0	0	-1	6
70	120	121	4	2.55	-3	5.56666666666667
71	122	123	3	0.075	-3	5
72	124	125	8	0.99667	-3	6.0625
73	126	127	7	77.5	-3	5.61290322580645
74	128	129	8	0.99554	-3	5.03846153846154
75	130	131	1	7.35	-3	6
76	132	133	1	7.8	-3	4.22222222222222
77	0	0	0	0	-1	3
78	0	0	0	0	-1	6
79	0	0	0	0	-1	6
80	0	0	0	0	-1	8
81	134	135	8	0.99211	-3	7
82	0	0	0	0	-1	4
83	136	137	6	9.5	-3	5.52380952380952
84	138	139	4	2.15	-3	6.35714285714286
85	140	141	10	0.51	-3	5.975
86	142	143	3	0.41	-3	5.725
87	0	0	0	0	-1	4
88	144	145	8	0.995525	-3	6.36752136752137
89	146	147	5	0.0915	-3	5.78947368421053
90	148	149	2	0.365	-3	6.23913043478261
91	150	151	11	12.35	-3	6.625
92	152	153	10	0.655	-3	6.42857142857143
93	154	155	4	1.9	-3	6.82352941176471
94	0	0	0	0	-1	4
95	156	157	9	3.325	-3	5.09271523178808
96	0	0	0	0	-1	5.2
97	158	159	3	0.4	-3	6
98	160	161	1	6.35	-3	5
99	0	0	0	0	-1	6
100	0	0	0	0	-1	5.2
101	0	0	0	0	-1	6.75
102	162	163	5	0.064	-3	5.70833333333333
103	164	165	10	0.665	-3	6.03947368421053
104	0	0	0	0	-1	7
105	0	0	0	0	-1	6
106	166	167	7	38.5	-3	5.42657342657343
107	168	169	11	9.85	-3	5.109375
108	170	171	8	0.99603	-3	5.18867924528302
109	172	173	11	9.85	-3	4
110	174	175	10	0.635	-3	5.84210526315789
111	176	177	5	0.0685	-3	5.16666666666667
112	178	179	5	0.0925	-3	5.66666666666667
113	180	181	10	1.175	-3	5.17948717948718
114	0	0	0	0	-1	5
115	0	0	0	0	-1	4
116	0	0	0	0	-1	6
117	182	183	2	0.82	-3	4.8
118	0	0	0	0	-1	5.25
119	184	185	6	20	-3	5.04545454545455
120	186	187	7	10.5	-3	5.94736842105263
121	188	189	11	10.95	-3	4.90909090909091
122	0	0	0	0	-1	4
123	190	191	8	0.99502	-3	5.25
124	192	193	2	0.79	-3	5.97674418604651
125	0	0	0	0	-1	6.8
126	194	195	11	11.15	-3	5.76923076923077
127	0	0	0	0	-1	4.8
128	196	197	8	0.994525	-3	5.22727272727273
129	0	0	0	0	-1	4
130	198	199	10	0.58	-3	5.85714285714286
131	0	0	0	0	-1	7
132	200	201	1	7.2	-3	4
133	0	0	0	0	-1	5
134	0	0	0	0	-1	7
135	0	0	0	0	-1	7
136	202	203	7	20	-3	5
137	204	205	4	2.35	-3	5.84615384615385
138	206	207	6	0	-3	6
139	0	0	0	0	-1	7
140	0	0	0	0	-1	5.33333333333333
141	208	209	9	3.745	-3	6.02702702702703
142	210	211	11	11.1	-3	6.1875
143	212	213	5	0.0815	-3	5.41666666666667
144	214	215	8	0.994145	-3	6.76
145	216	217	2	0.37	-3	6.26086956521739
146	218	219	11	10.95	-3	5.6
147	0	0	0	0	-1	6.5
148	220	221	10	0.63	-3	6.40625
149	222	223	5	0.055	-3	5.85714285714286
150	224	225	1	8.35	-3	6.25
151	226	227	3	0.465	-3	7
152	228	229	1	9.15	-3	6
153	230	231	1	9.9	-3	6.72
154	0	0	0	0	-1	8
155	232	233	7	16	-3	6.75
156	234	235	5	0.062	-3	5.17582417582418
157	236	237	5	0.068	-3	4.96666666666667
158	0	0	0	0	-1	6
159	0	0	0	0	-1	6
160	0	0	0	0	-1	5
161	238	239	11	0	-3	5
162	0	0	0	0	-1	6.33333333333333
163	240	241	4	2.15	-3	5.61904761904762
164	242	243	1	9.75	-3	5.65217391304348
165	244	245	10	1.22	-3	6.20754716981132
166	246	247	2	0.6525	-3	5.58024691358025
167	248	249	2	0.9075	-3	5.2258064516129
168	250	251	10	1.095	-3	5.04918032786885
169	0	0	0	0	-1	6.33333333333333
170	0	0	0	0	-1	6
171	252	253	1	10.35	-3	5.15686274509804
172	0	0	0	0	-1	5
173	0	0	0	0	-1	3.4
174	254	255	4	1.95	-3	5.64150943396226
175	256	257	4	1.75	-3	6.0952380952381
176	0	0	0	0	-1	6
177	258	259	9	3.515	-3	5.11764705882353
178	260	261	4	2.85	-3	6
179	262	263	2	0.7225	-3	5.25
180	264	265	9	3.22	-3	5.11428571428571
181	0	0	0	0	-1	5.75
182	266	267	7	38.5	-3	5
183	0	0	0	0	-1	4
184	0	0	0	0	-1	5
185	0	0	0	0	-1	5.25
186	0	0	0	0	-1	4
187	268	269	6	11.5	-3	6.05555555555556
188	270	271	7	20	-3	5.125
189	0	0	0	0	-1	4.33333333333333
190	0	0	0	0	-1	6
191	272	273	9	3.31	-3	5.1
192	274	275	3	0.15	-3	6.02439024390244
193	0	0	0	0	-1	5
194	276	277	10	0.91	-3	5.94444444444444
195	278	279	8	0.99509	-3	5.375
196	280	281	11	11.15	-3	5.07142857142857
197	282	283	7	22.5	-3	5.5
198	0	0	0	0	-1	5.5
199	0	0	0	0	-1	6
200	0	0	0	0	-1	4
201	0	0	0	0	-1	4
202	284	285	11	0	-3	5
203	0	0	0	0	-1	5
204	286	287	5	0.056	-3	6.11111111111111
205	0	0	0	0	-1	5.25
206	0	0	0	0	-1	6
207	0	0	0	0	-1	6
208	288	289	9	3.615	-3	5.97142857142857
209	0	0	0	0	-1	7
210	290	291	8	0.9971	-3	5.7
211	292	293	6	0.058	-3	7
212	294	295	6	7	-3	5
213	296	297	4	2.45	-3	5.76923076923077
214	0	0	0	0	-1	5.33333333333333
215	298	299	2	0.29	-3	6.95454545454546
216	300	301	1	10	-3	6.575
217	302	303	3	0.655	-3	6.01923076923077
218	304	305	1	10.75	-3	6.125
219	306	307	7	0	-3	5
220	308	309	2	0.355	-3	6.09090909090909
221	310	311	2	0.295	-3	6.57142857142857
222	0	0	0	0	-1	5.5
223	312	313	9	3.3	-3	6
224	0	0	0	0	-1	6
225	0	0	0	0	-1	6.66666666666667
226	314	315	5	0.149	-3	7
227	0	0	0	0	-1	7
228	0	0	0	0	-1	7
229	316	317	8	0.99671	-3	5.9375
230	318	319	3	0	-3	7
231	320	321	8	0.9997	-3	6.125
232	0	0	0	0	-1	7
233	322	323	7	25	-3	6.625
234	324	325	5	0.0605	-3	4.625
235	326	327	9	3.305	-3	5.20114942528736
236	328	329	5	0.0575	-3	4.55555555555556
237	330	331	7	43	-3	5
238	0	0	0	0	-1	5
239	332	333	1	8.05	-3	5
240	334	335	2	0.21	-3	5.86666666666667
241	336	337	4	2.25	-3	5
242	338	339	8	0.99785	-3	5.8125
243	340	341	2	0.325	-3	5.28571428571429
244	342	343	5	0.0665	-3	6.16326530612245
245	0	0	0	0	-1	6.75
246	344	345	6	5	-3	5.70967741935484
247	346	347	5	0.0905	-3	5.15789473684211
248	348	349	7	76	-3	5.26666666666667
249	0	0	0	0	-1	4
250	350	351	10	0.575	-3	5.06666666666667
251	0	0	0	0	-1	4
252	352	353	9	2.965	-3	5.1875
253	354	355	2	0.625	-3	4.66666666666667
254	356	357	4	1.5	-3	6.16666666666667
255	358	359	3	0.335	-3	5.48780487804878
256	360	361	4	1.55	-3	5.5
257	362	363	4	6.05	-3	6.23529411764706
258	364	365	8	0.99562	-3	5
259	0	0	0	0	-1	6
260	0	0	0	0	-1	6
261	0	0	0	0	-1	6
262	366	367	7	90.5	-3	5
263	0	0	0	0	-1	6
264	368	369	1	9.95	-3	5.57142857142857
265	370	371	5	0.102	-3	5
266	0	0	0	0	-1	5
267	372	373	6	0	-3	5
268	0	0	0	0	-1	7
269	374	375	3	0.07	-3	5.86666666666667
270	0	0	0	0	-1	5.5
271	376	377	4	2.9	-3	5
272	0	0	0	0	-1	5.5
273	378	379	9	3.365	-3	5
274	380	381	1	6.85	-3	6
275	0	0	0	0	-1	7
276	382	383	2	0.7175	-3	6
277	0	0	0	0	-1	5
278	0	0	0	0	-1	6
279	0	0	0	0	-1	5
280	0	0	0	0	-1	5.33333333333333
281	384	385	3	0.205	-3	5
282	0	0	0	0	-1	5.2
283	0	0	0	0	-1	6
284	0	0	0	0	-1	5
285	386	387	1	0	-3	5
286	0	0	0	0	-1	6.33333333333333
287	388	389	7	67.5	-3	6
288	390	391	10	0.69	-3	6
289	0	0	0	0	-1	5.66666666666667
290	0	0	0	0	-1	5.4
291	0	0	0	0	-1	6
292	0	0	0	0	-1	5
293	0	0	0	0	-1	7
294	392	393	9	0	-3	5
295	0	0	0	0	-1	5
296	0	0	0	0	-1	6
297	0	0	0	0	-1	5.25
298	0	0	0	0	-1	6.33333333333333
299	394	395	4	2.45	-3	7.05263157894737
300	396	397	11	11.15	-3	5.9
301	398	399	3	0.525	-3	6.8
302	400	401	6	20.5	-3	5.95833333333333
303	0	0	0	0	-1	6.75
304	402	403	8	0	-3	6
305	0	0	0	0	-1	7
306	0	0	0	0	-1	5
307	404	405	1	7.6	-3	5
308	406	407	4	1.3	-3	6
309	0	0	0	0	-1	7
310	408	409	7	12.5	-3	7
311	410	411	4	2.35	-3	6.35714285714286
312	0	0	0	0	-1	6
313	412	413	3	0	-3	6
314	0	0	0	0	-1	7
315	0	0	0	0	-1	7
316	414	415	10	0.525	-3	6
317	0	0	0	0	-1	5.75
318	0	0	0	0	-1	6
319	416	417	11	0	-3	7
320	418	419	3	0.645	-3	5.83333333333333
321	0	0	0	0	-1	7
322	420	421	11	12.95	-3	6.41176470588235
323	422	423	10	0.72	-3	6.86666666666667
324	424	425	5	0.052	-3	5.16666666666667
325	0	0	0	0	-1	3
326	426	427	4	4.75	-3	5.15584415584416
327	428	429	5	0.08	-3	5.55
328	0	0	0	0	-1	5
329	0	0	0	0	-1	4
330	430	431	9	3.395	-3	4.80434782608696
331	432	433	1	6.55	-3	5.13846153846154
332	0	0	0	0	-1	5
333	0	0	0	0	-1	5
334	0	0	0	0	-1	5
335	434	435	1	8.6	-3	5.92857142857143
336	0	0	0	0	-1	5
337	0	0	0	0	-1	5
338	436	437	5	0.0795	-3	6
339	0	0	0	0	-1	5.4
340	0	0	0	0	-1	5.66666666666667
341	0	0	0	0	-1	5
342	438	439	3	0.455	-3	6.5
343	440	441	11	10.45	-3	6.07692307692308
344	0	0	0	0	-1	5
345	442	443	8	0.99706	-3	5.7719298245614
346	444	445	7	36	-3	5
347	0	0	0	0	-1	6
348	446	447	9	3.49	-3	5.08823529411765
349	448	449	1	8.3	-3	5.5
350	450	451	9	3.075	-3	4.85714285714286
351	452	453	8	0.996435	-3	5.1304347826087
352	0	0	0	0	-1	6
353	454	455	8	1.003055	-3	5.14285714285714
354	0	0	0	0	-1	3
355	0	0	0	0	-1	5.5
356	0	0	0	0	-1	5
357	456	457	5	0.0825	-3	6.27272727272727
358	458	459	6	15.5	-3	5.62857142857143
359	460	461	7	14.5	-3	4.66666666666667
360	0	0	0	0	-1	6
361	0	0	0	0	-1	5
362	462	463	3	0.175	-3	6.27272727272727
363	0	0	0	0	-1	5
364	0	0	0	0	-1	5
365	0	0	0	0	-1	5
366	0	0	0	0	-1	5
367	0	0	0	0	-1	5
368	0	0	0	0	-1	5
369	0	0	0	0	-1	6
370	464	465	4	2.2	-3	4.96296296296296
371	0	0	0	0	-1	6
372	0	0	0	0	-1	7
373	466	467	1	6.95	-3	5
374	468	469	8	0.99354	-3	6
375	0	0	0	0	-1	5.33333333333333
376	0	0	0	0	-1	5
377	0	0	0	0	-1	5
378	0	0	0	0	-1	5
379	470	471	3	0.71	-3	5
380	472	473	8	0.99597	-3	6.28571428571429
381	474	475	1	7.7	-3	5.93939393939394
382	476	477	6	14	-3	6
383	0	0	0	0	-1	6
384	478	479	10	0	-3	5
385	0	0	0	0	-1	5
386	0	0	0	0	-1	6
387	0	0	0	0	-1	5
388	0	0	0	0	-1	6
389	0	0	0	0	-1	6
390	480	481	5	0.0485	-3	5.96153846153846
391	482	483	11	12.3	-3	6.16666666666667
392	0	0	0	0	-1	5
393	0	0	0	0	-1	5
394	484	485	3	0.31	-3	7.11111111111111
395	0	0	0	0	-1	6
396	486	487	1	9.05	-3	5.625
397	0	0	0	0	-1	7
398	488	489	3	0.475	-3	6.42857142857143
399	490	491	7	18	-3	7.125
400	492	493	10	0.82	-3	5.9
401	494	495	8	0.99855	-3	6.25
402	0	0	0	0	-1	6
403	496	497	2	0.375	-3	6
404	0	0	0	0	-1	5
405	0	0	0	0	-1	5
406	0	0	0	0	-1	6
407	498	499	3	0.325	-3	6
408	0	0	0	0	-1	7
409	0	0	0	0	-1	7
410	0	0	0	0	-1	6
411	0	0	0	0	-1	7
412	0	0	0	0	-1	5
413	500	501	11	13.45	-3	6
414	0	0	0	0	-1	6
415	502	503	2	0.325	-3	6
416	0	0	0	0	-1	5
417	504	505	10	0	-3	7
418	0	0	0	0	-1	6
419	0	0	0	0	-1	5
420	506	507	11	11.65	-3	6.33333333333333
421	0	0	0	0	-1	7
422	0	0	0	0	-1	6
423	508	509	2	0	-3	7
424	0	0	0	0	-1	6
425	0	0	0	0	-1	5
426	510	511	5	0.067	-3	5.13513513513514
427	512	513	9	3.22	-3	5.66666666666667
428	0	0	0	0	-1	6
429	514	515	10	0.545	-3	5.18181818181818
430	516	517	11	9.075	-3	4.71875
431	518	519	8	0.99834	-3	5
432	0	0	0	0	-1	6
433	520	521	10	0.515	-3	5.11111111111111
434	0	0	0	0	-1	5.66666666666667
435	522	523	7	21.5	-3	6
436	524	525	10	0	-3	6
437	0	0	0	0	-1	6
438	526	527	2	0.37	-3	6.28571428571429
439	0	0	0	0	-1	7
440	528	529	7	60.5	-3	6
441	0	0	0	0	-1	7
442	530	531	5	0.0655	-3	5.96
443	532	533	11	9.75	-3	5.625
444	0	0	0	0	-1	5
445	0	0	0	0	-1	5
446	534	535	11	9.65	-3	5.03225806451613
447	0	0	0	0	-1	5.66666666666667
448	536	537	7	91.5	-3	5.61904761904762
449	0	0	0	0	-1	5
450	0	0	0	0	-1	4
451	538	539	11	9.25	-3	5
452	540	541	4	1.3	-3	5
453	542	543	8	0.996935	-3	5.20689655172414
454	544	545	6	7	-3	5.12359550561798
455	0	0	0	0	-1	6
456	0	0	0	0	-1	6
457	0	0	0	0	-1	6.75
458	546	547	7	19	-3	5.5
459	548	549	7	27.5	-3	5.90909090909091
460	0	0	0	0	-1	4
461	0	0	0	0	-1	5
462	550	551	7	25.5	-3	6.625
463	552	553	8	1.0018	-3	6.16
464	0	0	0	0	-1	4.75
465	554	555	9	3.295	-3	5
466	0	0	0	0	-1	5
467	0	0	0	0	-1	5
468	0	0	0	0	-1	6
469	556	557	2	0.61	-3	6
470	0	0	0	0	-1	5
471	0	0	0	0	-1	5
472	558	559	7	34.5	-3	6.16666666666667
473	0	0	0	0	-1	7
474	560	561	11	11.2	-3	6
475	562	563	5	0.0815	-3	5.77777777777778
476	0	0	0	0	-1	6
477	0	0	0	0	-1	6
478	0	0	0	0	-1	6
479	564	565	8	0.993655	-3	5
480	0	0	0	0	-1	5.66666666666667
481	566	567	4	6.7	-3	6
482	0	0	0	0	-1	6
483	0	0	0	0	-1	7
484	0	0	0	0	-1	7.66666666666667
485	0	0	0	0	-1	7
486	568	569	9	3.385	-3	5.83333333333333
487	0	0	0	0	-1	5
488	570	571	9	3.245	-3	7
489	572	573	11	11.2	-3	6
490	0	0	0	0	-1	7.4
491	574	575	1	13.05	-3	7
492	576	577	5	0.0985	-3	5.96875
493	578	579	3	0.485	-3	5.625
494	580	581	6	23	-3	6
495	0	0	0	0	-1	7
496	0	0	0	0	-1	6
497	0	0	0	0	-1	6
498	0	0	0	0	-1	6
499	582	583	6	15.5	-3	6
500	0	0	0	0	-1	6
501	0	0	0	0	-1	6
502	0	0	0	0	-1	6
503	584	585	7	0	-3	6
504	0	0	0	0	-1	7
505	0	0	0	0	-1	7
506	0	0	0	0	-1	7
507	586	587	3	0.485	-3	6.23076923076923
508	0	0	0	0	-1	7
509	588	589	4	4.725	-3	7
510	0	0	0	0	-1	5.75
511	590	591	2	1.0225	-3	5.11805555555556
512	0	0	0	0	-1	6
513	0	0	0	0	-1	5
514	592	593	4	2.5	-3	5.1
515	0	0	0	0	-1	6
516	0	0	0	0	-1	4
517	594	595	3	0.015	-3	4.82142857142857
518	596	597	7	16.5	-3	4.83333333333333
519	0	0	0	0	-1	6
520	598	599	6	26	-3	5
521	600	601	5	0.074	-3	5.14583333333333
522	602	603	8	0.997395	-3	6
523	0	0	0	0	-1	6
524	0	0	0	0	-1	5
525	604	605	9	3.455	-3	6
526	0	0	0	0	-1	6
527	0	0	0	0	-1	7
528	606	607	7	47.5	-3	6.03448275862069
529	608	609	3	0.565	-3	5.85714285714286
530	0	0	0	0	-1	5.5
531	610	611	4	1.65	-3	6.04761904761905
532	612	613	9	3.265	-3	5.78260869565217
533	614	615	11	9.85	-3	5.22222222222222
534	616	617	4	7.25	-3	4.96551724137931
535	0	0	0	0	-1	6
536	618	619	2	0.65	-3	5.76470588235294
537	0	0	0	0	-1	5
538	0	0	0	0	-1	5
539	620	621	8	0	-3	5
540	0	0	0	0	-1	5
541	622	623	3	0.115	-3	5
542	0	0	0	0	-1	6
543	624	625	9	3.425	-3	5.11538461538461
544	626	627	1	7.85	-3	5.63636363636364
545	628	629	3	0.02	-3	5.05128205128205
546	0	0	0	0	-1	6
547	630	631	2	0.47	-3	5.36842105263158
548	0	0	0	0	-1	5
549	632	633	5	0.079	-3	6
550	0	0	0	0	-1	7
551	0	0	0	0	-1	6
552	634	635	6	29.5	-3	6.04545454545455
553	0	0	0	0	-1	7
554	0	0	0	0	-1	5
555	636	637	11	0	-3	5
556	638	639	4	2.4	-3	6
557	0	0	0	0	-1	6
558	0	0	0	0	-1	6
559	0	0	0	0	-1	6.33333333333333
560	640	641	3	0.1	-3	6
561	642	643	9	3.41	-3	6
562	0	0	0	0	-1	5
563	644	645	8	0	-3	6
564	0	0	0	0	-1	5
565	646	647	9	0	-3	5
566	0	0	0	0	-1	6
567	0	0	0	0	-1	6
568	0	0	0	0	-1	6
569	0	0	0	0	-1	5
570	0	0	0	0	-1	7
571	0	0	0	0	-1	7
572	648	649	7	29	-3	6
573	0	0	0	0	-1	6
574	650	651	6	5.5	-3	7
575	0	0	0	0	-1	7
576	652	653	6	17.5	-3	6.03703703703704
577	0	0	0	0	-1	5.6
578	0	0	0	0	-1	6
579	0	0	0	0	-1	5.25
580	0	0	0	0	-1	6
581	0	0	0	0	-1	6
582	0	0	0	0	-1	6
583	0	0	0	0	-1	6
584	0	0	0	0	-1	5
585	654	655	5	0	-3	6
586	0	0	0	0	-1	7
587	656	657	7	22.5	-3	6.16666666666667
588	658	659	11	13	-3	7
589	0	0	0	0	-1	7
590	660	661	11	10.15	-3	5.1056338028169
591	0	0	0	0	-1	6
592	662	663	7	0	-3	5
593	0	0	0	0	-1	5.33333333333333
594	664	665	1	8.45	-3	4.58333333333333
595	666	667	5	0.1005	-3	5
596	0	0	0	0	-1	4
597	668	669	1	7.5	-3	5
598	670	671	7	51	-3	5
599	0	0	0	0	-1	5
600	0	0	0	0	-1	6
601	672	673	9	3.54	-3	5.12765957446809
602	0	0	0	0	-1	6
603	0	0	0	0	-1	6
604	0	0	0	0	-1	6
605	0	0	0	0	-1	6
606	674	675	4	0.69	-3	6
607	676	677	10	0.755	-3	6.125
608	678	679	11	9.65	-3	6
609	0	0	0	0	-1	5
610	0	0	0	0	-1	5
611	680	681	9	3.365	-3	6.1
612	682	683	3	0.39	-3	5.5
613	684	685	2	0.505	-3	6
614	686	687	2	0.015	-3	5
615	0	0	0	0	-1	5.66666666666667
616	688	689	11	9.55	-3	4.92857142857143
617	0	0	0	0	-1	6
618	690	691	8	0.99711	-3	6
619	0	0	0	0	-1	5
620	0	0	0	0	-1	5
621	692	693	5	0.0785	-3	5
622	694	695	5	0	-3	5
623	696	697	4	1.75	-3	5
624	698	699	9	3.33	-3	5.08333333333333
625	0	0	0	0	-1	5.5
626	0	0	0	0	-1	5.25
627	700	701	10	0.855	-3	5.85714285714286
628	0	0	0	0	-1	5.4
629	702	703	11	9.45	-3	5.02739726027397
630	0	0	0	0	-1	5
631	704	705	2	0.6575	-3	5.53846153846154
632	0	0	0	0	-1	6
633	0	0	0	0	-1	6
634	706	707	10	1.05	-3	5.95
635	0	0	0	0	-1	7
636	0	0	0	0	-1	6
637	708	709	9	3.305	-3	5
638	0	0	0	0	-1	6
639	0	0	0	0	-1	6
640	0	0	0	0	-1	6
641	0	0	0	0	-1	6
642	0	0	0	0	-1	6
643	710	711	10	0.64	-3	6
644	0	0	0	0	-1	5
645	0	0	0	0	-1	6
646	0	0	0	0	-1	4
647	712	713	1	3.575	-3	5
648	0	0	0	0	-1	6
649	0	0	0	0	-1	6
650	0	0	0	0	-1	7
651	0	0	0	0	-1	7
652	714	715	11	10.65	-3	6
653	0	0	0	0	-1	7
654	0	0	0	0	-1	5
655	0	0	0	0	-1	6
656	716	717	1	9.95	-3	6.09090909090909
657	0	0	0	0	-1	7
658	0	0	0	0	-1	7
659	0	0	0	0	-1	7
660	718	719	5	0.0805	-3	5.08759124087591
661	0	0	0	0	-1	5.6
662	0	0	0	0	-1	6
663	720	721	6	17.5	-3	5
664	722	723	2	0.8075	-3	4.16666666666667
665	0	0	0	0	-1	5
666	724	725	9	3.365	-3	5.06666666666667
667	0	0	0	0	-1	4
668	726	727	8	0	-3	5
669	0	0	0	0	-1	5
670	0	0	0	0	-1	5
671	728	729	9	0	-3	5
672	730	731	2	0.385	-3	5.10869565217391
673	0	0	0	0	-1	6
674	0	0	0	0	-1	5
675	732	733	6	18.5	-3	6
676	0	0	0	0	-1	6.33333333333333
677	0	0	0	0	-1	6
678	0	0	0	0	-1	6
679	0	0	0	0	-1	6
680	0	0	0	0	-1	6.33333333333333
681	734	735	8	0.996775	-3	6.05882352941176
682	0	0	0	0	-1	5
683	736	737	7	24.5	-3	5.83333333333333
684	0	0	0	0	-1	6
685	0	0	0	0	-1	6
686	0	0	0	0	-1	5
687	0	0	0	0	-1	5
688	738	739	7	69.5	-3	4.96
689	0	0	0	0	-1	4.66666666666667
690	740	741	6	0	-3	6
691	742	743	7	81.5	-3	6
692	0	0	0	0	-1	5
693	0	0	0	0	-1	5
694	0	0	0	0	-1	6
695	0	0	0	0	-1	5
696	0	0	0	0	-1	5
697	744	745	2	0	-3	5
698	746	747	6	20.5	-3	5
699	748	749	6	29.5	-3	5.16666666666667
700	750	751	2	0.45	-3	6
701	0	0	0	0	-1	5
702	752	753	9	3.18	-3	5
703	754	755	10	1.6	-3	5.0625
704	756	757	10	0.57	-3	6
705	758	759	7	29.5	-3	5.14285714285714
706	760	761	7	50.5	-3	6
707	0	0	0	0	-1	5
708	0	0	0	0	-1	5
709	0	0	0	0	-1	5
710	0	0	0	0	-1	6
711	0	0	0	0	-1	6
712	0	0	0	0	-1	5
713	0	0	0	0	-1	5
714	0	0	0	0	-1	6
715	762	763	7	10	-3	6
716	0	0	0	0	-1	6.2
717	764	765	8	0.99745	-3	6
718	766	767	2	0.385	-3	5.2
719	768	769	7	107.5	-3	5
720	0	0	0	0	-1	5
721	0	0	0	0	-1	5
722	0	0	0	0	-1	4
723	0	0	0	0	-1	5
724	770	771	10	0.455	-3	5
725	0	0	0	0	-1	5.2
726	0	0	0	0	-1	6
727	0	0	0	0	-1	5
728	0	0	0	0	-1	5
729	772	773	4	1.75	-3	5
730	0	0	0	0	-1	5.8
731	774	775	7	54.5	-3	5.02439024390244
732	0	0	0	0	-1	6
733	0	0	0	0	-1	6
734	776	777	11	9.2	-3	6
735	0	0	0	0	-1	6.5
736	0	0	0	0	-1	5.5
737	0	0	0	0	-1	6
738	778	779	11	9.45	-3	5
739	0	0	0	0	-1	4
740	0	0	0	0	-1	6
741	780	781	8	0.996465	-3	6
742	0	0	0	0	-1	6
743	0	0	0	0	-1	6
744	0	0	0	0	-1	6
745	782	783	3	0.275	-3	5
746	0	0	0	0	-1	5
747	784	785	8	0.9983	-3	5
748	786	787	3	0.335	-3	5.09090909090909
749	0	0	0	0	-1	6
750	0	0	0	0	-1	6
751	0	0	0	0	-1	6
752	788	789	11	9.25	-3	5
753	0	0	0	0	-1	5
754	790	791	3	0.085	-3	5.03225806451613
755	0	0	0	0	-1	6
756	0	0	0	0	-1	6
757	0	0	0	0	-1	6
758	792	793	10	0	-3	5
759	0	0	0	0	-1	6
760	794	795	10	0.715	-3	5.94117647058824
761	0	0	0	0	-1	6.5
762	0	0	0	0	-1	5
763	796	797	5	0.0955	-3	6
764	0	0	0	0	-1	6
765	0	0	0	0	-1	6
766	0	0	0	0	-1	6
767	798	799	10	0.535	-3	5.17241379310345
768	800	801	1	8.7	-3	4.98571428571429
769	802	803	8	0.996225	-3	5.14285714285714
770	0	0	0	0	-1	5
771	804	805	5	0	-3	5
772	0	0	0	0	-1	5
773	0	0	0	0	-1	5
774	806	807	1	7	-3	5.11111111111111
775	808	809	2	0.6375	-3	5
776	0	0	0	0	-1	6
777	810	811	4	1.85	-3	6
778	812	813	5	0	-3	5
779	814	815	7	50.5	-3	5
780	0	0	0	0	-1	6
781	0	0	0	0	-1	6
782	0	0	0	0	-1	5
783	0	0	0	0	-1	5
784	816	817	2	0	-3	5
785	0	0	0	0	-1	5
786	818	819	10	0.605	-3	5
787	0	0	0	0	-1	5.5
788	820	821	1	0	-3	5
789	822	823	9	3.04	-3	5
790	824	825	8	0.998625	-3	5.16666666666667
791	826	827	5	0.1805	-3	5
792	0	0	0	0	-1	5
793	0	0	0	0	-1	5
794	0	0	0	0	-1	5.5
795	828	829	4	3	-3	6.07692307692308
796	0	0	0	0	-1	6
797	0	0	0	0	-1	6
798	830	831	8	0.99648	-3	5.1063829787234
799	832	833	7	56.5	-3	5.45454545454545
800	834	835	8	0.99636	-3	5
801	836	837	2	0.555	-3	4.95833333333333
802	0	0	0	0	-1	6
803	838	839	5	0.0845	-3	5
804	0	0	0	0	-1	5
805	0	0	0	0	-1	5
806	0	0	0	0	-1	6
807	840	841	7	48	-3	5
808	842	843	1	7.3	-3	5
809	844	845	1	6.65	-3	5
810	0	0	0	0	-1	6
811	846	847	8	0.99555	-3	6
812	0	0	0	0	-1	7
813	848	849	2	0.47	-3	5
814	0	0	0	0	-1	5
815	0	0	0	0	-1	5
816	0	0	0	0	-1	5
817	0	0	0	0	-1	5
818	0	0	0	0	-1	5
819	850	851	3	0	-3	5
820	0	0	0	0	-1	6
821	852	853	7	86	-3	5
822	0	0	0	0	-1	5
823	854	855	5	0.1315	-3	5
824	0	0	0	0	-1	5.33333333333333
825	0	0	0	0	-1	5
826	856	857	5	0	-3	5
827	858	859	6	0	-3	5
828	860	861	4	2.75	-3	6
829	0	0	0	0	-1	7
830	862	863	2	0.465	-3	5.03333333333333
831	864	865	4	2	-3	5.23529411764706
832	866	867	5	0.07	-3	5.16666666666667
833	0	0	0	0	-1	5.8
834	868	869	7	46.5	-3	5
835	0	0	0	0	-1	5
836	870	871	11	9.05	-3	5
837	872	873	4	2.7	-3	4.83333333333333
838	0	0	0	0	-1	5
839	0	0	0	0	-1	5
840	0	0	0	0	-1	5
841	0	0	0	0	-1	5
842	0	0	0	0	-1	5
843	0	0	0	0	-1	5
844	0	0	0	0	-1	5
845	874	875	1	8.65	-3	5
846	0	0	0	0	-1	6
847	0	0	0	0	-1	6
848	0	0	0	0	-1	5
849	876	877	2	0	-3	5
850	0	0	0	0	-1	5
851	878	879	7	0	-3	5
852	0	0	0	0	-1	5
853	0	0	0	0	-1	5
854	0	0	0	0	-1	5
855	880	881	4	0	-3	5
856	0	0	0	0	-1	6
857	882	883	10	0.825	-3	5
858	0	0	0	0	-1	5
859	0	0	0	0	-1	5
860	0	0	0	0	-1	6
861	0	0	0	0	-1	6
862	0	0	0	0	-1	6
863	884	885	9	3.185	-3	5
864	0	0	0	0	-1	5
865	886	887	4	2.55	-3	5.30769230769231
866	0	0	0	0	-1	6
867	0	0	0	0	-1	5
868	888	889	4	1.55	-3	5
869	0	0	0	0	-1	5
870	0	0	0	0	-1	5
871	890	891	6	0.33	-3	5
872	0	0	0	0	-1	5
873	0	0	0	0	-1	4.66666666666667
874	0	0	0	0	-1	5
875	0	0	0	0	-1	5
876	0	0	0	0	-1	5
877	892	893	8	0	-3	5
878	0	0	0	0	-1	6
879	0	0	0	0	-1	5
880	0	0	0	0	-1	5
881	894	895	9	0	-3	5
882	896	897	1	8.85	-3	5
883	898	899	7	42	-3	5
884	900	901	7	62	-3	5
885	0	0	0	0	-1	5
886	902	903	10	0.505	-3	5.44444444444444
887	0	0	0	0	-1	5
888	0	0	0	0	-1	5
889	904	905	2	0	-3	5
890	0	0	0	0	-1	5
891	906	907	10	0.505	-3	5
892	0	0	0	0	-1	7
893	908	909	3	0.095	-3	5
894	0	0	0	0	-1	6
895	0	0	0	0	-1	5
896	910	911	7	0	-3	5
897	0	0	0	0	-1	5
898	0	0	0	0	-1	5
899	0	0	0	0	-1	5
900	0	0	0	0	-1	5
901	0	0	0	0	-1	5
902	912	913	1	8.55	-3	5.66666666666667
903	0	0	0	0	-1	5
904	0	0	0	0	-1	5
905	914	915	9	3.195	-3	5
906	0	0	0	0	-1	5
907	916	917	6	0	-3	5
908	0	0	0	0	-1	5
909	918	919	9	3.375	-3	5
910	0	0	0	0	-1	6
911	920	921	1	0.105	-3	5
912	0	0	0	0	-1	6
913	0	0	0	0	-1	5.33333333333333
914	0	0	0	0	-1	5
915	0	0	0	0	-1	5
916	0	0	0	0	-1	5
917	922	923	6	30.5	-3	5
918	0	0	0	0	-1	5
919	0	0	0	0	-1	5
920	0	0	0	0	-1	6
921	0	0	0	0	-1	5
922	924	925	6	0	-3	5
923	0	0	0	0	-1	5
924	0	0	0	0	-1	6
925	926	927	11	9.6	-3	5
926	0	0	0	0	-1	5
927	0	0	0	0	-1	5
