1	2	3	10	0.645	-3	5.635397123202
2	4	5	8	0.99539	-3	5.39102564102564
3	6	7	7	88.5	-3	5.98039215686274
4	8	9	11	11.45	-3	5.64285714285714
5	10	11	8	1.0007	-3	5.32432432432432
6	12	13	11	10.85	-3	6.05862646566164
7	14	15	11	11.35	-3	5.27272727272727
8	16	17	11	10.15	-3	5.33333333333333
9	18	19	11	12.85	-3	6
10	20	21	3	0.655	-3	5.32926829268292
11	0	0	0	0	-1	3.5
12	22	23	5	0.0875	-3	5.76576576576577
13	24	25	6	8.5	-3	6.4280303030303
14	26	27	6	53.5	-3	5.18333333333333
15	28	29	8	0.99298	-3	6.16666666666667
16	30	31	5	0.0695	-3	5
17	32	33	2	1	-3	5.50724637681159
18	34	35	2	0.315	-3	6.16666666666667
19	36	37	10	0.545	-3	5
20	38	39	11	9.95	-3	5.31818181818181
21	40	41	2	0.445	-3	6
22	42	43	3	0.27	-3	5.94090909090909
23	44	45	8	0.99758	-3	5.42477876106195
24	46	47	5	0.0875	-3	6.68888888888889
25	48	49	5	0.0755	-3	6.29310344827586
26	50	51	3	0.525	-3	5.10909090909091
27	0	0	0	0	-1	6
28	0	0	0	0	-1	7
29	0	0	0	0	-1	6
30	52	53	6	15.5	-3	5.23076923076923
31	54	55	4	1.55	-3	4.8695652173913
32	56	57	4	1.45	-3	5.625
33	0	0	0	0	-1	4
34	58	59	11	12.55	-3	6.58333333333333
35	60	61	7	15	-3	5.98148148148148
36	0	0	0	0	-1	6
37	62	63	1	5.1	-3	4.7
38	64	65	4	2.55	-3	5.21088435374149
39	66	67	5	0.0595	-3	5.48421052631579
40	68	69	1	11.95	-3	6.33333333333333
41	0	0	0	0	-1	5
42	70	71	4	2.15	-3	5.68131868131868
43	72	73	4	5.85	-3	6.12403100775194
44	74	75	6	3.5	-3	5.2
45	76	77	6	19.5	-3	5.6031746031746
46	78	79	11	12.95	-3	6.78688524590164
47	80	81	2	0.33	-3	6.48275862068966
48	82	83	3	0.295	-3	6.4954128440367
49	84	85	7	19	-3	5.95384615384615
50	86	87	11	9.15	-3	5.07407407407407
51	0	0	0	0	-1	7
52	88	89	6	4.5	-3	5.09090909090909
53	0	0	0	0	-1	6
54	90	91	5	0.078	-3	4.57142857142857
55	92	93	4	1.7	-3	5
56	0	0	0	0	-1	7
57	94	95	1	7.2	-3	5.58064516129032
58	96	97	3	0.445	-3	6.73684210526316
59	0	0	0	0	-1	6
60	98	99	2	0.575	-3	6.42857142857143
61	100	101	2	0.55	-3	5.91489361702128
62	0	0	0	0	-1	4
63	102	103	2	0	-3	5
64	104	105	5	0.154	-3	5.24127906976744
65	106	107	8	0.99735	-3	5.10309278350516
66	108	109	4	2.25	-3	4.69230769230769
67	110	111	9	3.61	-3	5.52205882352941
68	112	113	1	4.5	-3	6
69	0	0	0	0	-1	7
70	114	115	2	0.605	-3	5.57352941176471
71	116	117	8	0.996405	-3	6
72	118	119	3	0.355	-3	6.15079365079365
73	0	0	0	0	-1	5
74	0	0	0	0	-1	6
75	120	121	8	0.99651	-3	5.14893617021277
76	122	123	9	3.38	-3	5.77551020408163
77	124	125	9	3.345	-3	5
78	126	127	9	3.46	-3	6.70175438596491
79	0	0	0	0	-1	8
80	128	129	10	0	-3	7
81	130	131	8	0.99682	-3	6.34782608695652
82	132	133	1	5.7	-3	6.26
83	134	135	5	0.047	-3	6.69491525423729
84	0	0	0	0	-1	7
85	136	137	1	14.05	-3	5.92063492063492
86	0	0	0	0	-1	4
87	138	139	3	0.055	-3	5.09433962264151
88	0	0	0	0	-1	6
89	140	141	2	0.615	-3	5
90	0	0	0	0	-1	5
91	0	0	0	0	-1	4.25
92	0	0	0	0	-1	5
93	142	143	3	0.155	-3	5
94	144	145	7	30	-3	5.21052631578947
95	146	147	5	0.0615	-3	6.16666666666667
96	148	149	11	11.8	-3	6.44444444444444
97	150	151	2	0.265	-3	7
98	0	0	0	0	-1	6.2
99	0	0	0	0	-1	7
100	152	153	10	0.615	-3	6.11538461538462
101	154	155	2	0.7075	-3	5.66666666666667
102	0	0	0	0	-1	6
103	0	0	0	0	-1	5
104	156	157	9	3.345	-3	5.23460410557185
105	0	0	0	0	-1	6
106	158	159	1	7.45	-3	5.35
107	160	161	11	9.05	-3	5.03896103896104
108	162	163	2	0	-3	5
109	164	165	8	0.99666	-3	4.33333333333333
110	166	167	1	11.2	-3	5.53703703703704
111	0	0	0	0	-1	3.5
112	0	0	0	0	-1	6
113	0	0	0	0	-1	6
114	168	169	6	18.5	-3	5.91428571428571
115	170	171	5	0.0825	-3	5.21212121212121
116	0	0	0	0	-1	5.6
117	172	173	4	2.55	-3	6.11111111111111
118	174	175	10	1.005	-3	6.43478260869565
119	176	177	1	11.65	-3	6.0873786407767
120	178	179	7	35	-3	5
121	180	181	11	9.15	-3	5.2
122	182	183	7	19	-3	5.9
123	184	185	7	32.5	-3	5.22222222222222
124	186	187	5	0.092	-3	5.3
125	0	0	0	0	-1	4.25
126	188	189	11	11.45	-3	6.75
127	0	0	0	0	-1	6.2
128	0	0	0	0	-1	7
129	0	0	0	0	-1	7
130	0	0	0	0	-1	7
131	190	191	4	6.45	-3	6.25
132	192	193	3	0.02	-3	6.92307692307692
133	194	195	2	0.725	-3	6.02702702702703
134	0	0	0	0	-1	6
135	196	197	10	0.725	-3	6.73214285714286
136	198	199	4	3.8	-3	6.01754385964912
137	0	0	0	0	-1	5
138	0	0	0	0	-1	6
139	200	201	10	1.29	-3	5.07692307692308
140	0	0	0	0	-1	5
141	0	0	0	0	-1	5
142	202	203	1	0	-3	5
143	204	205	5	0	-3	5
144	206	207	5	0.0615	-3	4.54545454545454
145	208	209	6	20.5	-3	5.48148148148148
146	0	0	0	0	-1	5.5
147	210	211	3	0.015	-3	6.3
148	0	0	0	0	-1	7
149	212	213	4	2.2	-3	6.16666666666667
150	0	0	0	0	-1	8
151	214	215	1	9.6	-3	6.88888888888889
152	216	217	3	0.45	-3	6
153	218	219	7	54	-3	6.42857142857143
154	220	221	1	7.05	-3	5.27272727272727
155	222	223	8	0.99514	-3	6.1
156	224	225	2	0.5825	-3	5.1697247706422
157	226	227	10	0.465	-3	5.34959349593496
158	228	229	3	0.16	-3	5.75
159	230	231	4	3.25	-3	5.08333333333333
160	0	0	0	0	-1	4.5
161	232	233	9	3.305	-3	5.06849315068493
162	0	0	0	0	-1	5
163	234	235	9	14.5	-3	5
164	0	0	0	0	-1	4
165	0	0	0	0	-1	5
166	236	237	9	3.235	-3	5.56626506024096
167	238	239	11	10.45	-3	5.19047619047619
168	240	241	11	10	-3	6.03846153846154
169	242	243	9	3.475	-3	5.55555555555556
170	244	245	2	0.7	-3	5.13333333333333
171	0	0	0	0	-1	6
172	246	247	11	10.6	-3	6.28571428571429
173	248	249	6	10	-3	6
174	250	251	6	9	-3	6.36363636363636
175	0	0	0	0	-1	8
176	252	253	8	0.99549	-3	5.94366197183099
177	254	255	8	0.9986	-3	6.40625
178	0	0	0	0	-1	5
179	256	257	1	8.55	-3	5
180	0	0	0	0	-1	6
181	258	259	10	0.665	-3	5.17647058823529
182	260	261	4	1.9	-3	5.25
183	262	263	8	0.99788	-3	6.0625
184	0	0	0	0	-1	5
185	0	0	0	0	-1	5.66666666666667
186	0	0	0	0	-1	6
187	264	265	11	10.3	-3	5.125
188	266	267	11	11.25	-3	6.57575757575758
189	268	269	5	0.0795	-3	7.05263157894737
190	270	271	5	0.119	-3	6.21052631578947
191	0	0	0	0	-1	7
192	272	273	10	0.865	-3	6.44444444444444
193	0	0	0	0	-1	8
194	274	275	3	0.28	-3	5.96969696969697
195	0	0	0	0	-1	6.5
196	276	277	7	22	-3	6.27272727272727
197	278	279	6	9.5	-3	6.84444444444444
198	280	281	6	25.5	-3	6.09090909090909
199	0	0	0	0	-1	4
200	282	283	2	0.585	-3	5
201	0	0	0	0	-1	5.8
202	0	0	0	0	-1	5
203	284	285	3	0.085	-3	5
204	0	0	0	0	-1	5
205	0	0	0	0	-1	5
206	0	0	0	0	-1	5.2
207	286	287	9	0	-3	4
208	288	289	8	0.9941	-3	5.9
209	290	291	7	67.5	-3	5.23529411764706
210	0	0	0	0	-1	7
211	292	293	8	0.994295	-3	6.125
212	0	0	0	0	-1	6
213	0	0	0	0	-1	6.5
214	294	295	1	0	-3	7
215	0	0	0	0	-1	6
216	0	0	0	0	-1	6
217	0	0	0	0	-1	6
218	0	0	0	0	-1	6
219	0	0	0	0	-1	7
220	296	297	3	0.085	-3	5
221	0	0	0	0	-1	6
222	298	299	6	31.5	-3	5.875
223	0	0	0	0	-1	7
224	300	301	10	0.555	-3	5.28
225	302	303	11	9.15	-3	5.02150537634409
226	0	0	0	0	-1	4
227	304	305	5	0.0785	-3	5.39495798319328
228	0	0	0	0	-1	5
229	306	307	1	7.3	-3	6
230	0	0	0	0	-1	5.5
231	308	309	4	3.35	-3	5
232	310	311	9	3.065	-3	4.97435897435898
233	312	313	9	3.335	-3	5.17647058823529
234	0	0	0	0	-1	5
235	0	0	0	0	-1	5
236	314	315	2	0.555	-3	5.86666666666667
237	316	317	11	11.25	-3	5.5
238	318	319	3	0.535	-3	5.08333333333333
239	320	321	7	55.5	-3	5.33333333333333
240	322	323	1	6.75	-3	5.88235294117647
241	324	325	3	0.13	-3	6.33333333333333
242	0	0	0	0	-1	5.2
243	0	0	0	0	-1	6
244	326	327	4	1.45	-3	5.03846153846154
245	0	0	0	0	-1	5.75
246	0	0	0	0	-1	6
247	0	0	0	0	-1	7
248	328	329	3	0	-3	6
249	0	0	0	0	-1	6
250	330	331	5	0.0835	-3	6.125
251	332	333	7	70	-3	6.5
252	0	0	0	0	-1	7
253	334	335	3	0.395	-3	5.91304347826087
254	0	0	0	0	-1	7
255	336	337	4	4.45	-3	6.32142857142857
256	338	339	10	0	-3	5
257	0	0	0	0	-1	5
258	340	341	9	3.25	-3	5.44444444444444
259	342	343	1	8.1	-3	5.08
260	0	0	0	0	-1	6
261	0	0	0	0	-1	5
262	0	0	0	0	-1	5.5
263	344	345	10	0.675	-3	6.14285714285714
264	0	0	0	0	-1	5
265	0	0	0	0	-1	6
266	346	347	1	9.85	-3	6.7037037037037
267	348	349	10	0.8	-3	6
268	350	351	6	6.5	-3	7.11111111111111
269	0	0	0	0	-1	6
270	352	353	2	0.655	-3	6.125
271	0	0	0	0	-1	6.66666666666667
272	0	0	0	0	-1	6
273	0	0	0	0	-1	7
274	354	355	5	0.0565	-3	5.9375
275	0	0	0	0	-1	7
276	0	0	0	0	-1	7
277	356	357	11	12.65	-3	6.11111111111111
278	0	0	0	0	-1	6
279	358	359	3	0.315	-3	6.88372093023256
280	360	361	8	0.99845	-3	6.21428571428571
281	362	363	6	28.5	-3	5.69230769230769
282	364	365	2	0.3525	-3	5
283	366	367	10	0.705	-3	5
284	0	0	0	0	-1	5
285	0	0	0	0	-1	5
286	0	0	0	0	-1	5
287	0	0	0	0	-1	4
288	0	0	0	0	-1	5
289	368	369	3	0.04	-3	6
290	370	371	10	0.605	-3	5.13333333333333
291	0	0	0	0	-1	6
292	0	0	0	0	-1	7
293	372	373	10	0.495	-3	5.92307692307692
294	0	0	0	0	-1	6
295	374	375	4	1.9	-3	7
296	0	0	0	0	-1	5
297	0	0	0	0	-1	5
298	376	377	1	0	-3	6
299	0	0	0	0	-1	5
300	378	379	1	8.45	-3	5.15151515151515
301	380	381	1	7.75	-3	5.42372881355932
302	0	0	0	0	-1	6
303	382	383	9	3.285	-3	4.98888888888889
304	384	385	6	28	-3	5.20689655172414
305	386	387	10	0.565	-3	5.57377049180328
306	0	0	0	0	-1	6
307	0	0	0	0	-1	6
308	0	0	0	0	-1	5
309	0	0	0	0	-1	5
310	0	0	0	0	-1	4.66666666666667
311	388	389	5	0.096	-3	5
312	390	391	5	0.089	-3	5.5
313	392	393	4	9.3	-3	5.07692307692308
314	394	395	10	0.575	-3	6
315	396	397	8	0.997035	-3	5.57142857142857
316	398	399	10	0.545	-3	5.43575418994414
317	400	401	4	6.45	-3	5.96
318	402	403	10	0	-3	5
319	0	0	0	0	-1	5.33333333333333
320	404	405	7	30.5	-3	5.14285714285714
321	0	0	0	0	-1	6
322	0	0	0	0	-1	5
323	406	407	6	11	-3	6
324	0	0	0	0	-1	6
325	0	0	0	0	-1	6.6
326	0	0	0	0	-1	4
327	408	409	10	0.815	-3	5.08
328	0	0	0	0	-1	7
329	410	411	10	0.805	-3	6
330	412	413	1	0	-3	6
331	0	0	0	0	-1	7
332	414	415	10	0.795	-3	6.7
333	0	0	0	0	-1	6
334	0	0	0	0	-1	5.4
335	416	417	5	0.0575	-3	5.953125
336	418	419	1	14.65	-3	6.20833333333333
337	0	0	0	0	-1	7
338	0	0	0	0	-1	4
339	0	0	0	0	-1	5
340	0	0	0	0	-1	6
341	0	0	0	0	-1	5
342	420	421	10	0.72	-3	5.125
343	422	423	1	8.6	-3	5
344	0	0	0	0	-1	5
345	424	425	3	0.595	-3	6.18518518518519
346	426	427	9	3.305	-3	6.14285714285714
347	428	429	2	0.445	-3	6.9
348	0	0	0	0	-1	6
349	0	0	0	0	-1	6
350	430	431	11	11.85	-3	7.05882352941177
351	0	0	0	0	-1	8
352	432	433	4	2.7	-3	6.06666666666667
353	0	0	0	0	-1	7
354	434	435	5	0.0535	-3	5.66666666666667
355	436	437	7	23	-3	6
356	0	0	0	0	-1	6
357	0	0	0	0	-1	7
358	0	0	0	0	-1	7.66666666666667
359	438	439	1	10.95	-3	6.825
360	440	441	10	0.695	-3	6.14285714285714
361	442	443	5	0.0845	-3	6.57142857142857
362	0	0	0	0	-1	5
363	444	445	9	3.325	-3	5.9
364	0	0	0	0	-1	5
365	446	447	10	0.695	-3	5
366	448	449	1	8.35	-3	5
367	450	451	1	8.75	-3	5
368	452	453	3	0	-3	6
369	0	0	0	0	-1	6
370	454	455	4	24.5	-3	5
371	0	0	0	0	-1	6
372	0	0	0	0	-1	5
373	456	457	5	0.111	-3	6
374	0	0	0	0	-1	7
375	0	0	0	0	-1	7
376	0	0	0	0	-1	6
377	458	459	8	0.99455	-3	6
378	460	461	3	0.105	-3	5.28125
379	462	463	2	0.33	-3	5.02941176470588
380	464	465	9	3.325	-3	5.11538461538461
381	466	467	4	1.75	-3	5.66666666666667
382	468	469	3	0.185	-3	5.08771929824561
383	470	471	7	75.5	-3	4.81818181818182
384	472	473	2	0.535	-3	5.1
385	474	475	6	31.5	-3	5.875
386	476	477	5	0.0825	-3	5.32142857142857
387	478	479	6	25	-3	5.78787878787879
388	480	481	11	9.15	-3	5
389	482	483	5	0.0975	-3	5
390	0	0	0	0	-1	5
391	0	0	0	0	-1	6
392	484	485	7	20.5	-3	5.04
393	0	0	0	0	-1	6
394	486	487	10	0.54	-3	5.76470588235294
395	488	489	6	13.5	-3	6.28571428571429
396	0	0	0	0	-1	5
397	490	491	5	0.0795	-3	5.72727272727273
398	492	493	8	0.99881	-3	5.05357142857143
399	494	495	10	0.565	-3	5.60975609756098
400	496	497	7	10.5	-3	6.04347826086957
401	0	0	0	0	-1	5
402	0	0	0	0	-1	6
403	0	0	0	0	-1	5
404	0	0	0	0	-1	5
405	0	0	0	0	-1	5.33333333333333
406	0	0	0	0	-1	6
407	498	499	11	9.75	-3	6
408	500	501	2	0.675	-3	5.04166666666667
409	0	0	0	0	-1	6
410	0	0	0	0	-1	6
411	0	0	0	0	-1	6
412	0	0	0	0	-1	5
413	502	503	6	6.5	-3	6
414	504	505	4	0	-3	7
415	0	0	0	0	-1	6.25
416	0	0	0	0	-1	6.5
417	506	507	6	4	-3	5.91666666666667
418	508	509	2	0.295	-3	6.13636363636364
419	0	0	0	0	-1	7
420	0	0	0	0	-1	5.33333333333333
421	510	511	3	0.41	-3	5.07692307692308
422	0	0	0	0	-1	5
423	512	513	4	0	-3	5
424	514	515	10	0.715	-3	6.125
425	0	0	0	0	-1	6.66666666666667
426	516	517	10	0.755	-3	6
427	0	0	0	0	-1	7
428	518	519	10	1.05	-3	7
429	0	0	0	0	-1	6
430	0	0	0	0	-1	7.2
431	520	521	11	12.05	-3	7
432	0	0	0	0	-1	6.25
433	522	523	1	10.3	-3	6
434	0	0	0	0	-1	6
435	0	0	0	0	-1	5
436	0	0	0	0	-1	6
437	0	0	0	0	-1	6
438	524	525	11	11.75	-3	6.86842105263158
439	0	0	0	0	-1	6
440	526	527	5	0.08	-3	5.92857142857143
441	528	529	1	8.65	-3	6.28571428571429
442	0	0	0	0	-1	7
443	0	0	0	0	-1	6
444	0	0	0	0	-1	5.5
445	530	531	2	0.645	-3	6
446	532	533	8	0	-3	5
447	534	535	2	0	-3	5
448	0	0	0	0	-1	5
449	0	0	0	0	-1	5
450	536	537	11	0	-3	5
451	0	0	0	0	-1	5
452	0	0	0	0	-1	6
453	0	0	0	0	-1	6
454	538	539	3	0.01	-3	5
455	0	0	0	0	-1	5
456	540	541	8	7.45	-3	6
457	0	0	0	0	-1	6
458	0	0	0	0	-1	6
459	0	0	0	0	-1	6
460	0	0	0	0	-1	5.8
461	542	543	1	7.5	-3	5.18518518518519
462	0	0	0	0	-1	5.33333333333333
463	544	545	8	0.99694	-3	5
464	0	0	0	0	-1	5
465	546	547	1	6.75	-3	5.25
466	548	549	7	20	-3	5.16666666666667
467	550	551	4	2.35	-3	5.77777777777778
468	552	553	7	46.5	-3	5.35714285714286
469	554	555	3	0.2	-3	5
470	556	557	6	14.5	-3	4.625
471	558	559	1	7.45	-3	5.33333333333333
472	560	561	4	1.75	-3	5.41666666666667
473	562	563	6	16.5	-3	5
474	0	0	0	0	-1	6
475	0	0	0	0	-1	5
476	564	565	8	0.99732	-3	5.5
477	566	567	8	0.99835	-3	5
478	568	569	6	18.5	-3	5.69565217391304
479	570	571	4	2.15	-3	6
480	0	0	0	0	-1	5
481	0	0	0	0	-1	5
482	0	0	0	0	-1	5
483	572	573	1	0	-3	5
484	0	0	0	0	-1	5.33333333333333
485	574	575	11	9.6	-3	5
486	576	577	3	0.465	-3	5.57142857142857
487	578	579	11	10.1	-3	5.9
488	580	581	2	0.335	-3	6.5
489	582	583	3	0.19	-3	6
490	584	585	2	0.8775	-3	6
491	0	0	0	0	-1	5.4
492	586	587	4	5.55	-3	5.09090909090909
493	0	0	0	0	-1	3
494	588	589	7	20.5	-3	6.125
495	590	591	5	0.061	-3	5.57391304347826
496	0	0	0	0	-1	6.33333333333333
497	592	593	7	29.5	-3	6
498	0	0	0	0	-1	6
499	594	595	5	0.066	-3	6
500	596	597	5	0	-3	5
501	598	599	2	0.6825	-3	5.16666666666667
502	0	0	0	0	-1	6
503	0	0	0	0	-1	6
504	0	0	0	0	-1	6
505	0	0	0	0	-1	7
506	0	0	0	0	-1	5.25
507	600	601	7	83	-3	5.96428571428571
508	0	0	0	0	-1	6.6
509	602	603	8	0.99945	-3	6
510	604	605	2	0.48	-3	5
511	0	0	0	0	-1	5.33333333333333
512	0	0	0	0	-1	4
513	606	607	9	3.255	-3	5
514	0	0	0	0	-1	7
515	608	609	7	46.5	-3	6.04545454545455
516	0	0	0	0	-1	6
517	0	0	0	0	-1	6
518	610	611	7	18	-3	7.05882352941177
519	0	0	0	0	-1	6
520	0	0	0	0	-1	7
521	612	613	8	0.99371	-3	7
522	0	0	0	0	-1	6
523	614	615	2	0	-3	6
524	616	617	2	0	-3	7
525	618	619	6	14	-3	6.76190476190476
526	0	0	0	0	-1	5.5
527	620	621	7	21	-3	6
528	622	623	5	0.0775	-3	6.13333333333333
529	624	625	1	10.65	-3	6.66666666666667
530	626	627	2	0	-3	6
531	0	0	0	0	-1	6
532	0	0	0	0	-1	4
533	628	629	8	0.9975	-3	5
534	0	0	0	0	-1	5
535	630	631	4	5.85	-3	5
536	0	0	0	0	-1	5
537	0	0	0	0	-1	5
538	0	0	0	0	-1	5
539	0	0	0	0	-1	5
540	632	633	11	10.65	-3	6
541	0	0	0	0	-1	6
542	634	635	1	6.85	-3	5
543	636	637	8	0.996125	-3	5.35714285714286
544	0	0	0	0	-1	5
545	638	639	9	3.185	-3	5
546	640	641	10	0	-3	5
547	0	0	0	0	-1	5.6
548	0	0	0	0	-1	6
549	0	0	0	0	-1	5
550	642	643	11	9.6	-3	5.95
551	644	645	5	0.068	-3	5.28571428571429
552	646	647	2	0.995	-3	5.125
553	648	649	2	0.6825	-3	5.66666666666667
554	0	0	0	0	-1	4
555	650	651	3	0.23	-3	5.02380952380952
556	652	653	6	9.5	-3	4.375
557	654	655	1	7.5	-3	5.125
558	0	0	0	0	-1	6
559	656	657	11	0	-3	5
560	0	0	0	0	-1	6
561	658	659	3	0.24	-3	5.22222222222222
562	660	661	2	0.555	-3	5.03448275862069
563	662	663	11	9.1	-3	4.88888888888889
564	664	665	1	7	-3	5.4
565	0	0	0	0	-1	6
566	666	667	8	0	-3	5
567	0	0	0	0	-1	5
568	668	669	4	1.95	-3	5.88235294117647
569	670	671	11	9.6	-3	5.16666666666667
570	672	673	3	29.5	-3	6
571	0	0	0	0	-1	6
572	0	0	0	0	-1	6
573	674	675	9	3.21	-3	5
574	0	0	0	0	-1	5
575	676	677	7	49	-3	5
576	0	0	0	0	-1	6
577	0	0	0	0	-1	5
578	0	0	0	0	-1	5
579	678	679	10	0.565	-3	6
580	0	0	0	0	-1	6
581	0	0	0	0	-1	7
582	0	0	0	0	-1	6
583	0	0	0	0	-1	6
584	0	0	0	0	-1	6
585	0	0	0	0	-1	6
586	680	681	4	3.15	-3	5.15094339622642
587	0	0	0	0	-1	3.5
588	0	0	0	0	-1	7
589	682	683	1	9.55	-3	5.83333333333333
590	0	0	0	0	-1	7
591	684	685	7	13.5	-3	5.54867256637168
592	686	687	3	0.035	-3	6
593	0	0	0	0	-1	6
594	0	0	0	0	-1	6
595	0	0	0	0	-1	6
596	0	0	0	0	-1	6
597	688	689	6	12.5	-3	5
598	0	0	0	0	-1	6
599	0	0	0	0	-1	5
600	690	691	7	63	-3	6
601	0	0	0	0	-1	4
602	0	0	0	0	-1	6
603	692	693	10	0.73	-3	6
604	0	0	0	0	-1	5
605	0	0	0	0	-1	5
606	0	0	0	0	-1	5
607	0	0	0	0	-1	5
608	0	0	0	0	-1	6
609	0	0	0	0	-1	6.25
610	0	0	0	0	-1	7.33333333333333
611	694	695	3	0	-3	7
612	0	0	0	0	-1	7
613	696	697	1	0	-3	7
614	0	0	0	0	-1	6
615	698	699	10	0.96	-3	6
616	0	0	0	0	-1	7
617	700	701	11	0	-3	7
618	702	703	10	2	-3	7
619	704	705	10	0.83	-3	6.61538461538461
620	0	0	0	0	-1	6
621	706	707	11	12.1	-3	6
622	708	709	8	0	-3	6
623	710	711	10	0.745	-3	6.22222222222222
624	0	0	0	0	-1	7
625	0	0	0	0	-1	6.33333333333333
626	0	0	0	0	-1	6
627	712	713	8	0.995425	-3	6
628	0	0	0	0	-1	5
629	0	0	0	0	-1	5
630	0	0	0	0	-1	5
631	0	0	0	0	-1	5
632	0	0	0	0	-1	6
633	0	0	0	0	-1	6
634	0	0	0	0	-1	5
635	714	715	11	9.7	-3	5
636	0	0	0	0	-1	6
637	716	717	4	2.4	-3	5.18181818181818
638	718	719	6	8.5	-3	5
639	720	721	3	22	-3	5
640	0	0	0	0	-1	5
641	722	723	6	14.5	-3	5
642	724	725	10	0.615	-3	5.82352941176471
643	0	0	0	0	-1	6.66666666666667
644	0	0	0	0	-1	6
645	0	0	0	0	-1	5
646	726	727	11	0	-3	5
647	0	0	0	0	-1	6
648	0	0	0	0	-1	5
649	0	0	0	0	-1	6
650	728	729	10	0.53	-3	5.09090909090909
651	730	731	2	0.6425	-3	5
652	732	733	6	6.5	-3	4.6
653	734	735	5	0	-3	4
654	0	0	0	0	-1	5
655	0	0	0	0	-1	5.25
656	0	0	0	0	-1	5
657	0	0	0	0	-1	5
658	0	0	0	0	-1	5.66666666666667
659	736	737	1	3.395	-3	5
660	0	0	0	0	-1	5.25
661	0	0	0	0	-1	5
662	0	0	0	0	-1	4
663	738	739	9	3.52	-3	5
664	0	0	0	0	-1	6
665	740	741	9	3.38	-3	5.25
666	0	0	0	0	-1	6
667	742	743	5	0.99734	-3	5
668	744	745	10	0.61	-3	6.08333333333333
669	0	0	0	0	-1	5.4
670	0	0	0	0	-1	5
671	0	0	0	0	-1	6
672	0	0	0	0	-1	6
673	0	0	0	0	-1	6
674	0	0	0	0	-1	5
675	0	0	0	0	-1	5
676	0	0	0	0	-1	5
677	746	747	5	0.1045	-3	5
678	748	749	8	0.9962	-3	6
679	0	0	0	0	-1	6
680	750	751	1	9.45	-3	5.02272727272727
681	752	753	11	10.85	-3	5.77777777777778
682	0	0	0	0	-1	6
683	0	0	0	0	-1	5.66666666666667
684	0	0	0	0	-1	4.8
685	754	755	4	1.85	-3	5.58333333333333
686	0	0	0	0	-1	6
687	756	757	7	24	-3	6
688	0	0	0	0	-1	5
689	758	759	3	0.005	-3	5
690	760	761	8	0.999625	-3	6.01960784313725
691	0	0	0	0	-1	5.75
692	0	0	0	0	-1	6
693	762	763	10	0.81	-3	6
694	0	0	0	0	-1	5
695	764	765	7	0	-3	7
696	0	0	0	0	-1	6
697	766	767	2	0.335	-3	7
698	768	769	1	0	-3	6
699	0	0	0	0	-1	6
700	0	0	0	0	-1	6
701	770	771	11	0	-3	7
702	772	773	9	3.385	-3	7
703	0	0	0	0	-1	7
704	774	775	10	0.775	-3	6.375
705	0	0	0	0	-1	7
706	776	777	9	3.225	-3	6
707	0	0	0	0	-1	6
708	0	0	0	0	-1	5
709	0	0	0	0	-1	6
710	0	0	0	0	-1	7
711	778	779	11	11.55	-3	6
712	0	0	0	0	-1	6
713	0	0	0	0	-1	6
714	0	0	0	0	-1	5
715	0	0	0	0	-1	5
716	780	781	11	9.55	-3	5.1
717	0	0	0	0	-1	6
718	0	0	0	0	-1	5
719	0	0	0	0	-1	5
720	782	783	8	1.0001	-3	5
721	0	0	0	0	-1	5
722	0	0	0	0	-1	5
723	0	0	0	0	-1	5
724	784	785	5	0.0745	-3	6
725	0	0	0	0	-1	5
726	0	0	0	0	-1	5
727	0	0	0	0	-1	5
728	786	787	4	1.9	-3	5
729	0	0	0	0	-1	5.33333333333333
730	788	789	7	27.5	-3	5
731	790	791	2	0.7075	-3	5
732	0	0	0	0	-1	4.2
733	0	0	0	0	-1	5
734	0	0	0	0	-1	6
735	0	0	0	0	-1	4
736	0	0	0	0	-1	5
737	0	0	0	0	-1	5
738	792	793	1	0	-3	5
739	0	0	0	0	-1	5
740	0	0	0	0	-1	5.75
741	794	795	6	9.5	-3	5
742	0	0	0	0	-1	5
743	0	0	0	0	-1	5
744	796	797	2	0	-3	6
745	0	0	0	0	-1	7
746	0	0	0	0	-1	5
747	0	0	0	0	-1	5
748	0	0	0	0	-1	6
749	0	0	0	0	-1	6
750	798	799	9	3.415	-3	5.07142857142857
751	0	0	0	0	-1	4
752	0	0	0	0	-1	6
753	0	0	0	0	-1	5
754	800	801	11	10.2	-3	5.35294117647059
755	802	803	5	0.0725	-3	5.62637362637363
756	804	805	8	0.996285	-3	6
757	0	0	0	0	-1	6
758	0	0	0	0	-1	5
759	806	807	6	0	-3	5
760	808	809	11	0	-3	6
761	0	0	0	0	-1	7
762	810	811	1	11.95	-3	6
763	0	0	0	0	-1	6
764	0	0	0	0	-1	5
765	812	813	9	3.22	-3	7
766	0	0	0	0	-1	7
767	0	0	0	0	-1	7
768	0	0	0	0	-1	5
769	814	815	8	0.9998	-3	6
770	0	0	0	0	-1	6
771	816	817	4	0	-3	7
772	0	0	0	0	-1	7
773	0	0	0	0	-1	7
774	0	0	0	0	-1	6.75
775	0	0	0	0	-1	6
776	0	0	0	0	-1	6
777	818	819	1	8.75	-3	6
778	0	0	0	0	-1	6
779	0	0	0	0	-1	6
780	820	821	5	0	-3	5
781	0	0	0	0	-1	6
782	822	823	9	0	-3	5
783	0	0	0	0	-1	5
784	0	0	0	0	-1	6
785	824	825	8	0	-3	6
786	0	0	0	0	-1	5
787	826	827	4	0	-3	5
788	0	0	0	0	-1	5
789	828	829	6	7.5	-3	5
790	830	831	5	0	-3	5
791	832	833	2	0.7525	-3	5
792	0	0	0	0	-1	5
793	0	0	0	0	-1	5
794	0	0	0	0	-1	5
795	0	0	0	0	-1	5
796	0	0	0	0	-1	6
797	0	0	0	0	-1	6
798	834	835	3	0.025	-3	5.16666666666667
799	836	837	2	0.425	-3	4.83333333333333
800	838	839	3	0.015	-3	5.85714285714286
801	840	841	11	10.45	-3	5
802	842	843	4	2.35	-3	5.2
803	844	845	7	27.5	-3	5.71052631578947
804	846	847	8	11.35	-3	6
805	0	0	0	0	-1	6
806	0	0	0	0	-1	6
807	848	849	6	16	-3	5
808	0	0	0	0	-1	4
809	850	851	7	0	-3	6
810	0	0	0	0	-1	6
811	852	853	11	9.2	-3	6
812	0	0	0	0	-1	7
813	0	0	0	0	-1	7
814	0	0	0	0	-1	6
815	0	0	0	0	-1	6
816	0	0	0	0	-1	6
817	854	855	3	0	-3	7
818	0	0	0	0	-1	6
819	0	0	0	0	-1	6
820	0	0	0	0	-1	5
821	856	857	9	3.215	-3	5
822	0	0	0	0	-1	6
823	858	859	8	0.99764	-3	5
824	0	0	0	0	-1	6
825	860	861	7	46.5	-3	6
826	0	0	0	0	-1	5
827	0	0	0	0	-1	5
828	0	0	0	0	-1	5
829	862	863	10	0	-3	5
830	0	0	0	0	-1	5
831	864	865	2	0.6775	-3	5
832	0	0	0	0	-1	5
833	0	0	0	0	-1	5
834	0	0	0	0	-1	5.6
835	866	867	9	3.39	-3	5.08
836	0	0	0	0	-1	4
837	868	869	7	31.5	-3	5
838	0	0	0	0	-1	6
839	0	0	0	0	-1	5.5
840	870	871	6	0	-3	5
841	0	0	0	0	-1	5
842	872	873	1	6.75	-3	5
843	0	0	0	0	-1	6
844	874	875	1	7.65	-3	5.42857142857143
845	876	877	3	0.13	-3	5.7741935483871
846	0	0	0	0	-1	6
847	0	0	0	0	-1	6
848	0	0	0	0	-1	5
849	0	0	0	0	-1	5
850	0	0	0	0	-1	5
851	878	879	8	0	-3	6
852	0	0	0	0	-1	6
853	0	0	0	0	-1	6
854	0	0	0	0	-1	6
855	880	881	6	12.5	-3	7
856	0	0	0	0	-1	5
857	882	883	9	0	-3	5
858	0	0	0	0	-1	5
859	884	885	8	0	-3	5
860	0	0	0	0	-1	6
861	0	0	0	0	-1	6
862	0	0	0	0	-1	6
863	886	887	5	0	-3	5
864	0	0	0	0	-1	5
865	0	0	0	0	-1	5
866	888	889	9	3.365	-3	5.04347826086957
867	0	0	0	0	-1	5.5
868	0	0	0	0	-1	5
869	0	0	0	0	-1	5
870	0	0	0	0	-1	5
871	890	891	8	0.99597	-3	5
872	0	0	0	0	-1	4
873	892	893	8	0.99598	-3	5.09090909090909
874	894	895	8	0.996435	-3	5.27272727272727
875	0	0	0	0	-1	6
876	896	897	4	2.1	-3	6
877	898	899	4	2.15	-3	5.63157894736842
878	0	0	0	0	-1	7
879	900	901	2	0	-3	6
880	0	0	0	0	-1	7
881	902	903	8	0.99507	-3	7
882	0	0	0	0	-1	5
883	904	905	1	0	-3	5
884	0	0	0	0	-1	6
885	906	907	6	0	-3	5
886	0	0	0	0	-1	6
887	908	909	10	0.525	-3	5
888	910	911	1	7.15	-3	5
889	912	913	3	0.165	-3	5.16666666666667
890	0	0	0	0	-1	5
891	0	0	0	0	-1	5
892	914	915	7	0	-3	5
893	0	0	0	0	-1	5.25
894	916	917	10	0.585	-3	5.5
895	0	0	0	0	-1	5
896	0	0	0	0	-1	5.66666666666667
897	918	919	3	0.11	-3	6.04761904761905
898	920	921	10	0.615	-3	5.91666666666667
899	922	923	8	0.99611	-3	5.5
900	0	0	0	0	-1	6
901	924	925	2	0	-3	6
902	0	0	0	0	-1	7
903	0	0	0	0	-1	7
904	0	0	0	0	-1	5
905	0	0	0	0	-1	5
906	0	0	0	0	-1	6
907	0	0	0	0	-1	5
908	0	0	0	0	-1	5
909	926	927	10	0	-3	5
910	0	0	0	0	-1	5
911	0	0	0	0	-1	5
912	0	0	0	0	-1	5
913	0	0	0	0	-1	6
914	0	0	0	0	-1	5
915	928	929	4	2.2	-3	5
916	0	0	0	0	-1	5
917	0	0	0	0	-1	6
918	930	931	2	0.615	-3	6
919	0	0	0	0	-1	6.33333333333333
920	932	933	4	1.95	-3	6
921	0	0	0	0	-1	5.75
922	0	0	0	0	-1	5
923	934	935	2	0.42	-3	5.59090909090909
924	0	0	0	0	-1	5
925	936	937	11	28.5	-3	6
926	0	0	0	0	-1	6
927	938	939	4	2.1	-3	5
928	0	0	0	0	-1	5
929	0	0	0	0	-1	5
930	940	941	6	23.5	-3	6
931	942	943	9	3.325	-3	6
932	0	0	0	0	-1	6
933	944	945	1	9.05	-3	6
934	946	947	9	3.315	-3	6
935	948	949	8	0.99737	-3	5.4
936	950	951	2	0.255	-3	6
937	0	0	0	0	-1	6
938	0	0	0	0	-1	5
939	0	0	0	0	-1	5
940	952	953	11	10.5	-3	6
941	0	0	0	0	-1	6
942	0	0	0	0	-1	6
943	954	955	4	2.65	-3	6
944	0	0	0	0	-1	6
945	0	0	0	0	-1	6
946	0	0	0	0	-1	6
947	0	0	0	0	-1	6
948	956	957	5	0.076	-3	5.66666666666667
949	958	959	5	0	-3	5
950	0	0	0	0	-1	6
951	960	961	6	5.5	-3	6
952	962	963	10	0.59	-3	6
953	0	0	0	0	-1	6
954	0	0	0	0	-1	6
955	0	0	0	0	-1	6
956	0	0	0	0	-1	5.33333333333333
957	964	965	7	35.5	-3	5.83333333333333
958	0	0	0	0	-1	5
959	0	0	0	0	-1	5
960	0	0	0	0	-1	6
961	966	967	3	0.475	-3	6
962	0	0	0	0	-1	6
963	0	0	0	0	-1	6
964	0	0	0	0	-1	5
965	0	0	0	0	-1	6
966	0	0	0	0	-1	6
967	968	969	7	58	-3	6
968	970	971	3	0.5	-3	6
969	0	0	0	0	-1	6
970	0	0	0	0	-1	6
971	972	973	1	10.45	-3	6
972	974	975	5	0.0785	-3	6
973	0	0	0	0	-1	6
974	0	0	0	0	-1	6
975	0	0	0	0	-1	6
