1	2	3	11	10.45	-3	5.64665415884928
2	4	5	2	0.4175	-3	5.34193548387096
3	6	7	3	0.295	-3	6.07025411061285
4	8	9	9	3.125	-3	5.62325581395349
5	10	11	10	0.525	-3	5.25734265734265
6	12	13	6	8.5	-3	5.7948717948718
7	14	15	10	0.715	-3	6.26010101010101
8	16	17	1	7.85	-3	6.05405405405405
9	18	19	4	3.4	-3	5.53370786516854
10	20	21	9	3.275	-3	5.04109589041096
11	22	23	11	8.55	-3	5.3128295254833
12	24	25	2	0.825	-3	5.1
13	26	27	5	0.0665	-3	5.9906103286385
14	28	29	11	11.15	-3	6.07317073170732
15	30	31	2	0.445	-3	6.46073298429319
16	0	0	0	0	-1	5
17	32	33	7	19	-3	6.14705882352941
18	34	35	10	0.655	-3	5.49704142011834
19	36	37	3	0.595	-3	6.22222222222222
20	38	39	4	4.75	-3	5.24285714285714
21	40	41	5	0.2165	-3	4.85526315789474
22	0	0	0	0	-1	3
23	42	43	1	12.75	-3	5.32508833922261
24	44	45	8	0.99458	-3	5.3265306122449
25	46	47	1	7.85	-3	4.09090909090909
26	48	49	10	0.665	-3	6.32352941176471
27	50	51	10	0.535	-3	5.83448275862069
28	52	53	3	0.655	-3	5.58108108108108
29	54	55	6	41.25	-3	6.35114503816794
30	56	57	9	3.25	-3	6.56209150326797
31	58	59	2	0.455	-3	6.05263157894737
32	60	61	7	15.5	-3	5.8125
33	62	63	4	1.65	-3	6.44444444444444
34	64	65	7	70.5	-3	5.28318584070797
35	66	67	10	1.075	-3	5.92857142857143
36	68	69	1	0	-3	6
37	0	0	0	0	-1	7
38	70	71	5	0.06	-3	5.171875
39	72	73	11	9.58333333333334	-3	6
40	74	75	4	1.3	-3	4.90540540540541
41	0	0	0	0	-1	3
42	76	77	7	46.5	-3	5.31616341030195
43	0	0	0	0	-1	7
44	78	79	10	0.62	-3	5.8
45	80	81	6	4.5	-3	5.11764705882353
46	82	83	2	1.0475	-3	3.57142857142857
47	0	0	0	0	-1	5
48	84	85	9	3.545	-3	6.05
49	86	87	7	82	-3	6.71428571428572
50	88	89	1	6.7	-3	5.15789473684211
51	90	91	2	0.8475	-3	5.93650793650794
52	92	93	8	0.99865	-3	5.54929577464789
53	0	0	0	0	-1	6.33333333333333
54	94	95	3	0.325	-3	6.33846153846154
55	0	0	0	0	-1	8
56	96	97	1	14.35	-3	6.80769230769231
57	98	99	7	49.5	-3	6.43564356435644
58	0	0	0	0	-1	5.25
59	100	101	3	0.51	-3	6.14705882352941
60	102	103	5	0.083	-3	6
61	104	105	1	11.05	-3	5.5
62	0	0	0	0	-1	7
63	106	107	5	0.0835	-3	6.28571428571429
64	108	109	5	0.0585	-3	5.34408602150538
65	110	111	8	0.99705	-3	5
66	112	113	3	0.58	-3	5.88888888888889
67	0	0	0	0	-1	7
68	0	0	0	0	-1	7
69	114	115	7	102.5	-3	6
70	0	0	0	0	-1	6
71	116	117	5	0.0935	-3	5.11666666666667
72	0	0	0	0	-1	6
73	0	0	0	0	-1	6
74	0	0	0	0	-1	7
75	118	119	1	7.85	-3	4.87671232876712
76	120	121	2	0.585	-3	5.44727272727273
77	122	123	10	1.99	-3	5.19097222222222
78	124	125	7	12	-3	5.5
79	0	0	0	0	-1	7
80	0	0	0	0	-1	4.4
81	126	127	1	9.4	-3	5.24137931034483
82	0	0	0	0	-1	4
83	0	0	0	0	-1	3
84	128	129	2	0.935	-3	6.24137931034483
85	130	131	9	3.585	-3	5.54545454545455
86	132	133	6	14.5	-3	6.44444444444444
87	134	135	11	13.8	-3	7.2
88	136	137	9	3.425	-3	5.57142857142857
89	138	139	11	11.05	-3	4.91666666666667
90	140	141	10	0.965	-3	5.96747967479675
91	0	0	0	0	-1	4.66666666666667
92	142	143	1	10.65	-3	5.44827586206897
93	144	145	10	0.7	-3	6
94	146	147	10	0.685	-3	7
95	148	149	2	0.61	-3	6.27731092436975
96	150	151	2	0.25	-3	6.84313725490196
97	0	0	0	0	-1	5
98	152	153	1	9.65	-3	6.64473684210526
99	154	155	3	0.56	-3	5.8
100	156	157	5	0.0915	-3	5.85714285714286
101	158	159	10	0.885	-3	6.61538461538461
102	160	161	3	0.42	-3	6
103	0	0	0	0	-1	6
104	0	0	0	0	-1	6
105	0	0	0	0	-1	5
106	162	163	5	0.07	-3	6.44444444444444
107	0	0	0	0	-1	6
108	0	0	0	0	-1	4
109	164	165	3	0.505	-3	5.35869565217391
110	166	167	1	7.55	-3	5
111	168	169	7	0.0905	-3	5
112	170	171	1	6.2	-3	5.95744680851064
113	172	173	8	0.9998	-3	5.42857142857143
114	0	0	0	0	-1	6
115	0	0	0	0	-1	6
116	174	175	7	73.5	-3	5.04545454545455
117	176	177	11	9.7	-3	5.3125
118	178	179	1	7.55	-3	4.96428571428572
119	180	181	11	9.5	-3	4.58823529411765
120	182	183	6	3.5	-3	5.57692307692308
121	184	185	3	0.125	-3	5.33103448275862
122	186	187	5	0.0965	-3	5.20774647887324
123	0	0	0	0	-1	4
124	0	0	0	0	-1	6
125	188	189	7	33	-3	5.25
126	190	191	7	11.5	-3	5.12
127	0	0	0	0	-1	6
128	192	193	2	0.33	-3	6.28571428571429
129	0	0	0	0	-1	5
130	0	0	0	0	-1	5
131	194	195	9	3.765	-3	5.85714285714286
132	0	0	0	0	-1	5
133	196	197	7	53.5	-3	6.52941176470588
134	198	199	11	13.2833333333333	-3	7
135	0	0	0	0	-1	8
136	0	0	0	0	-1	6
137	0	0	0	0	-1	5
138	200	201	11	0	-3	5
139	0	0	0	0	-1	4
140	202	203	11	10.85	-3	6
141	0	0	0	0	-1	5
142	204	205	9	3.175	-3	5.56521739130435
143	206	207	7	19	-3	5
144	208	209	1	9.25	-3	6
145	0	0	0	0	-1	6
146	210	211	6	12	-3	6.77777777777778
147	0	0	0	0	-1	8
148	212	213	7	17.5	-3	6.25217391304348
149	0	0	0	0	-1	7
150	214	215	3	0.48	-3	6.5
151	216	217	4	2.25	-3	6.90697674418605
152	218	219	11	11.25	-3	6.79310344827586
153	220	221	1	9.95	-3	6.16666666666667
154	222	223	1	11.55	-3	5.90909090909091
155	0	0	0	0	-1	5
156	224	225	9	3.12	-3	5.94444444444444
157	0	0	0	0	-1	5.33333333333333
158	226	227	3	0.55	-3	7
159	0	0	0	0	-1	6
160	0	0	0	0	-1	6
161	228	229	7	0	-3	6
162	0	0	0	0	-1	6
163	230	231	2	0.295	-3	6.66666666666667
164	232	233	3	0.245	-3	5.41025641025641
165	234	235	10	0.6	-3	5.07142857142857
166	0	0	0	0	-1	5
167	0	0	0	0	-1	5
168	0	0	0	0	-1	7
169	236	237	11	9.2	-3	5
170	0	0	0	0	-1	7
171	238	239	10	0.985	-3	5.93478260869565
172	0	0	0	0	-1	5
173	0	0	0	0	-1	6
174	240	241	4	2.75	-3	4.96551724137931
175	242	243	1	7.95	-3	5.2
176	244	245	9	3.245	-3	5
177	246	247	6	13	-3	5.83333333333333
178	248	249	11	9.125	-3	4.83720930232558
179	250	251	8	0.996175	-3	5.38461538461539
180	252	253	6	4.5	-3	4.8
181	254	255	2	0.69	-3	4.28571428571429
182	256	257	4	1.75	-3	4.66666666666667
183	258	259	9	3.06	-3	5.62096774193548
184	260	261	9	3.395	-3	5.47826086956522
185	262	263	5	0.172	-3	5.07547169811321
186	264	265	7	107	-3	5.26767676767677
187	266	267	8	1.003055	-3	5.06976744186047
188	0	0	0	0	-1	5
189	0	0	0	0	-1	5.66666666666667
190	0	0	0	0	-1	6
191	268	269	10	0.605	-3	5.08333333333333
192	0	0	0	0	-1	7
193	270	271	9	3.515	-3	6.23076923076923
194	0	0	0	0	-1	5.66666666666667
195	0	0	0	0	-1	6
196	272	273	9	3.715	-3	6.81818181818182
197	274	275	7	68.5	-3	6
198	0	0	0	0	-1	7
199	0	0	0	0	-1	7
200	0	0	0	0	-1	6
201	276	277	8	0.99578	-3	5
202	278	279	7	21	-3	6.14285714285714
203	280	281	3	0.285	-3	5.94047619047619
204	282	283	10	0.61	-3	6.11111111111111
205	284	285	10	0.685	-3	5.43243243243243
206	0	0	0	0	-1	5
207	0	0	0	0	-1	5
208	0	0	0	0	-1	6
209	0	0	0	0	-1	6
210	286	287	4	2.4	-3	6.875
211	0	0	0	0	-1	6
212	288	289	6	4.5	-3	6.42307692307692
213	290	291	7	221.5	-3	6.11111111111111
214	0	0	0	0	-1	6.8
215	0	0	0	0	-1	6
216	292	293	4	1.85	-3	6.7
217	294	295	3	0.565	-3	7.08695652173913
218	296	297	8	0.99555	-3	6.55555555555556
219	298	299	3	0.525	-3	7
220	0	0	0	0	-1	5.33333333333333
221	300	301	3	0.55	-3	6.33333333333333
222	302	303	8	0.99656	-3	5.73684210526316
223	0	0	0	0	-1	7
224	0	0	0	0	-1	5
225	304	305	3	0.34	-3	6
226	0	0	0	0	-1	7
227	306	307	11	12.15	-3	7
228	0	0	0	0	-1	6
229	308	309	9	2.9	-3	6
230	0	0	0	0	-1	7
231	0	0	0	0	-1	6
232	310	311	7	48.5	-3	5.16
233	312	313	10	0.505	-3	5.52830188679245
234	314	315	3	0.53	-3	5
235	0	0	0	0	-1	5.5
236	0	0	0	0	-1	5
237	316	317	4	0.505	-3	5
238	318	319	7	12	-3	5.97727272727273
239	0	0	0	0	-1	5
240	320	321	8	0.995145	-3	5
241	0	0	0	0	-1	4.5
242	322	323	2	0.515	-3	5
243	0	0	0	0	-1	5.75
244	324	325	5	0	-3	5
245	0	0	0	0	-1	5
246	0	0	0	0	-1	5
247	0	0	0	0	-1	6
248	0	0	0	0	-1	4
249	326	327	7	15	-3	4.9
250	0	0	0	0	-1	5.8
251	328	329	8	0.9968	-3	5.125
252	0	0	0	0	-1	4
253	330	331	10	0.455	-3	5
254	0	0	0	0	-1	5
255	332	333	4	2.25	-3	4.16666666666667
256	0	0	0	0	-1	5
257	0	0	0	0	-1	4
258	334	335	2	0	-3	5
259	336	337	5	0.103	-3	5.65811965811966
260	338	339	10	0.97	-3	5.68627450980392
261	340	341	2	0.605	-3	5.21951219512195
262	342	343	8	1.0001	-3	5.03921568627451
263	0	0	0	0	-1	6
264	344	345	3	0.58	-3	5.33333333333333
265	346	347	4	1.65	-3	4.97222222222222
266	348	349	7	52	-3	5.02439024390244
267	0	0	0	0	-1	6
268	350	351	4	2.3	-3	4.9375
269	352	353	3	0.03	-3	5.375
270	354	355	10	0.58	-3	6.14285714285714
271	0	0	0	0	-1	6.6
272	356	357	3	0.06	-3	6.7
273	0	0	0	0	-1	8
274	0	0	0	0	-1	6
275	0	0	0	0	-1	6
276	0	0	0	0	-1	5
277	358	359	10	0	-3	5
278	0	0	0	0	-1	7
279	360	361	8	0.99698	-3	6
280	362	363	2	0.79	-3	5.96296296296296
281	0	0	0	0	-1	5.33333333333333
282	364	365	10	0.54	-3	5.85714285714286
283	0	0	0	0	-1	7
284	366	367	7	25	-3	5.32142857142857
285	368	369	2	0.255	-3	5.77777777777778
286	0	0	0	0	-1	6.75
287	0	0	0	0	-1	7
288	370	371	5	0.051	-3	6.15
289	372	373	9	3.28	-3	6.59375
290	374	375	8	0.9999	-3	6.06666666666667
291	0	0	0	0	-1	7
292	0	0	0	0	-1	7
293	376	377	2	0.315	-3	6.6
294	378	379	11	12.35	-3	7.15384615384615
295	380	381	1	10.45	-3	7
296	382	383	3	0.38	-3	6.88888888888889
297	384	385	8	0.99701	-3	6.38888888888889
298	386	387	2	0.34	-3	7.03333333333333
299	0	0	0	0	-1	6
300	388	389	9	3.345	-3	6.09090909090909
301	0	0	0	0	-1	7
302	390	391	5	0.0545	-3	6
303	0	0	0	0	-1	5
304	392	393	5	0.078	-3	6
305	394	395	7	0	-3	6
306	0	0	0	0	-1	7
307	0	0	0	0	-1	7
308	0	0	0	0	-1	6
309	0	0	0	0	-1	6
310	396	397	9	3.425	-3	5
311	0	0	0	0	-1	5.8
312	398	399	11	9.2	-3	5.21428571428571
313	400	401	1	9.1	-3	5.64102564102564
314	0	0	0	0	-1	5
315	402	403	3	0	-3	5
316	0	0	0	0	-1	5
317	404	405	1	9.1	-3	5
318	0	0	0	0	-1	6.33333333333333
319	406	407	6	32.5	-3	5.95121951219512
320	408	409	5	0	-3	5
321	410	411	9	3.17	-3	5
322	0	0	0	0	-1	6
323	412	413	5	0.0785	-3	5
324	0	0	0	0	-1	5
325	414	415	2	0.475	-3	5
326	416	417	3	0.04	-3	4.55555555555556
327	418	419	6	28	-3	5
328	0	0	0	0	-1	5
329	0	0	0	0	-1	6
330	0	0	0	0	-1	5
331	0	0	0	0	-1	5
332	0	0	0	0	-1	4
333	0	0	0	0	-1	5
334	0	0	0	0	-1	5
335	420	421	11	9.45	-3	5
336	422	423	1	7.15	-3	5.71875
337	424	425	1	11.65	-3	5.38095238095238
338	426	427	10	0.64	-3	5.75510204081633
339	0	0	0	0	-1	4
340	0	0	0	0	-1	7
341	428	429	2	0.665	-3	5.175
342	430	431	6	15	-3	5.02
343	0	0	0	0	-1	6
344	432	433	3	0.195	-3	5.34782608695652
345	0	0	0	0	-1	3
346	0	0	0	0	-1	4
347	434	435	6	31	-3	5
348	0	0	0	0	-1	4.25
349	436	437	9	2.935	-3	5.06410256410256
350	0	0	0	0	-1	4.75
351	438	439	2	0.7075	-3	5
352	0	0	0	0	-1	5
353	0	0	0	0	-1	5.6
354	440	441	1	0.045	-3	6
355	442	443	7	21.5	-3	6.42857142857143
356	0	0	0	0	-1	7
357	0	0	0	0	-1	6.4
358	0	0	0	0	-1	6
359	444	445	8	0.99642	-3	5
360	446	447	2	0.595	-3	5.82608695652174
361	448	449	3	0.12	-3	6.57142857142857
362	450	451	9	3.745	-3	5.95
363	0	0	0	0	-1	7
364	0	0	0	0	-1	6
365	0	0	0	0	-1	5
366	452	453	11	10.55	-3	5.1
367	454	455	7	53.5	-3	5.44444444444444
368	0	0	0	0	-1	5
369	456	457	7	99	-3	5.875
370	0	0	0	0	-1	5.5
371	458	459	1	8.55	-3	6.3125
372	460	461	1	10.7	-3	6.72
373	462	463	10	0.66	-3	6.14285714285714
374	464	465	5	0.056	-3	6.01785714285714
375	0	0	0	0	-1	6.75
376	0	0	0	0	-1	7
377	466	467	3	0.345	-3	6.45454545454546
378	468	469	3	0.545	-3	7.09090909090909
379	0	0	0	0	-1	7.5
380	0	0	0	0	-1	7
381	470	471	6	10.5	-3	7
382	0	0	0	0	-1	6
383	0	0	0	0	-1	7
384	472	473	10	0.785	-3	6
385	474	475	1	7.45	-3	6.77777777777778
386	0	0	0	0	-1	7
387	476	477	8	0.99608	-3	7.16666666666667
388	478	479	4	1.7	-3	6
389	0	0	0	0	-1	7
390	0	0	0	0	-1	5
391	480	481	3	0.47	-3	6.07692307692308
392	0	0	0	0	-1	6
393	0	0	0	0	-1	6
394	0	0	0	0	-1	6
395	482	483	7	15.5	-3	6
396	484	485	7	46	-3	5.11111111111111
397	0	0	0	0	-1	4
398	0	0	0	0	-1	6
399	486	487	4	2.15	-3	5
400	488	489	8	0.99718	-3	5.85714285714286
401	490	491	4	2.3	-3	5.38888888888889
402	0	0	0	0	-1	6
403	492	493	10	0.515	-3	5
404	0	0	0	0	-1	5
405	494	495	3	0	-3	5
406	496	497	7	26.5	-3	5.975
407	0	0	0	0	-1	5
408	0	0	0	0	-1	4
409	498	499	3	0.035	-3	5
410	0	0	0	0	-1	5
411	0	0	0	0	-1	5
412	0	0	0	0	-1	5
413	500	501	3	0.235	-3	5
414	0	0	0	0	-1	5
415	0	0	0	0	-1	5
416	502	503	6	5	-3	4.75
417	0	0	0	0	-1	3
418	504	505	2	0.6025	-3	5
419	0	0	0	0	-1	5
420	0	0	0	0	-1	5
421	0	0	0	0	-1	5
422	506	507	5	0.064	-3	5.46428571428571
423	508	509	5	0.072	-3	5.82352941176471
424	510	511	7	44	-3	5.3
425	0	0	0	0	-1	7
426	512	513	4	2.35	-3	5.61764705882353
427	514	515	2	0.6525	-3	6.06666666666667
428	516	517	5	0.0835	-3	5.41176470588235
429	0	0	0	0	-1	5
430	518	519	9	3.08	-3	5
431	0	0	0	0	-1	6
432	520	521	11	10.15	-3	5.17333333333333
433	522	523	5	0.0655	-3	5.5
434	524	525	10	0.595	-3	5
435	526	527	1	0	-3	5
436	528	529	10	1.965	-3	5.57142857142857
437	530	531	8	0.9965	-3	5.01408450704225
438	0	0	0	0	-1	5
439	532	533	1	0	-3	5
440	0	0	0	0	-1	5
441	534	535	5	0.0615	-3	6
442	0	0	0	0	-1	7
443	0	0	0	0	-1	6
444	0	0	0	0	-1	5
445	0	0	0	0	-1	5
446	536	537	9	3.475	-3	5.94444444444444
447	0	0	0	0	-1	5.4
448	0	0	0	0	-1	7
449	0	0	0	0	-1	5.5
450	538	539	3	0.155	-3	5.93670886075949
451	0	0	0	0	-1	7
452	0	0	0	0	-1	6
453	0	0	0	0	-1	5
454	540	541	3	0.32	-3	5.61538461538461
455	0	0	0	0	-1	5
456	542	543	8	0.99687	-3	6
457	0	0	0	0	-1	5
458	0	0	0	0	-1	7
459	544	545	3	0.395	-3	6.21428571428571
460	546	547	4	1.85	-3	6.78260869565217
461	0	0	0	0	-1	6
462	548	549	8	0.994455	-3	6
463	0	0	0	0	-1	7
464	0	0	0	0	-1	6.6
465	550	551	7	18.5	-3	5.96078431372549
466	0	0	0	0	-1	7
467	552	553	10	0.775	-3	6.14285714285714
468	554	555	5	0.0795	-3	7
469	0	0	0	0	-1	8
470	556	557	7	24	-3	7
471	0	0	0	0	-1	7
472	0	0	0	0	-1	6
473	0	0	0	0	-1	6
474	0	0	0	0	-1	6
475	558	559	6	14	-3	7
476	0	0	0	0	-1	7
477	0	0	0	0	-1	7.5
478	0	0	0	0	-1	6
479	560	561	1	0.37	-3	6
480	562	563	5	0.0625	-3	6
481	0	0	0	0	-1	7
482	0	0	0	0	-1	6
483	0	0	0	0	-1	6
484	564	565	8	0.99588	-3	5
485	0	0	0	0	-1	6
486	0	0	0	0	-1	5
487	0	0	0	0	-1	5
488	566	567	10	10.2	-3	6
489	0	0	0	0	-1	5.25
490	568	569	7	14	-3	5.66666666666667
491	570	571	10	0.615	-3	5.11111111111111
492	0	0	0	0	-1	5
493	0	0	0	0	-1	5
494	0	0	0	0	-1	6
495	572	573	11	9.7	-3	5
496	574	575	10	0.685	-3	5.81818181818182
497	576	577	9	3.195	-3	6.03448275862069
498	0	0	0	0	-1	5
499	578	579	2	0	-3	5
500	0	0	0	0	-1	5
501	0	0	0	0	-1	5
502	0	0	0	0	-1	5
503	0	0	0	0	-1	4.33333333333333
504	580	581	4	1.6	-3	5
505	582	583	2	0.485	-3	5
506	0	0	0	0	-1	6
507	584	585	6	14.5	-3	5.31818181818182
508	586	587	1	7.45	-3	5.52
509	588	589	6	14.5	-3	6
510	590	591	5	0.1715	-3	5.22222222222222
511	0	0	0	0	-1	6
512	592	593	8	0.99718	-3	5.73076923076923
513	594	595	5	0.091	-3	5.25
514	0	0	0	0	-1	7
515	596	597	2	0.675	-3	6
516	598	599	10	0.66	-3	5.1
517	600	601	4	1.7	-3	5.85714285714286
518	0	0	0	0	-1	4.5
519	602	603	10	0.535	-3	5.02127659574468
520	604	605	8	0.997435	-3	5.1304347826087
521	606	607	6	28.5	-3	5.66666666666667
522	0	0	0	0	-1	6.33333333333333
523	608	609	7	54.5	-3	5.46987951807229
524	610	611	10	0.56	-3	5
525	612	613	6	17	-3	5
526	0	0	0	0	-1	6
527	614	615	8	0.99582	-3	5
528	0	0	0	0	-1	6
529	0	0	0	0	-1	5
530	616	617	9	3.095	-3	5.08333333333333
531	618	619	2	0.615	-3	5
532	0	0	0	0	-1	6
533	620	621	5	0	-3	5
534	0	0	0	0	-1	6
535	0	0	0	0	-1	6
536	622	623	11	10.75	-3	6
537	0	0	0	0	-1	5
538	624	625	9	3.315	-3	6
539	626	627	11	10.95	-3	5.8
540	0	0	0	0	-1	5
541	628	629	11	10.9	-3	5.8
542	0	0	0	0	-1	6
543	0	0	0	0	-1	6
544	0	0	0	0	-1	7
545	630	631	4	3.9	-3	6.08333333333333
546	0	0	0	0	-1	7.5
547	632	633	7	15.5	-3	6.71428571428571
548	0	0	0	0	-1	6
549	0	0	0	0	-1	6
550	0	0	0	0	-1	5
551	634	635	2	0.57	-3	6
552	0	0	0	0	-1	6
553	0	0	0	0	-1	6.33333333333333
554	636	637	7	18.5	-3	7
555	0	0	0	0	-1	7
556	0	0	0	0	-1	7
557	0	0	0	0	-1	7
558	0	0	0	0	-1	7
559	0	0	0	0	-1	7
560	0	0	0	0	-1	6
561	638	639	4	0	-3	6
562	0	0	0	0	-1	6
563	640	641	5	0.0655	-3	6
564	642	643	6	0	-3	5
565	644	645	1	0	-3	5
566	646	647	4	2.25	-3	6
567	0	0	0	0	-1	6
568	0	0	0	0	-1	5
569	648	649	1	9.95	-3	5.85714285714286
570	650	651	6	24	-3	5
571	0	0	0	0	-1	6
572	0	0	0	0	-1	5
573	0	0	0	0	-1	5
574	0	0	0	0	-1	5
575	652	653	2	0.3	-3	5.9
576	0	0	0	0	-1	6.33333333333333
577	654	655	4	2.7	-3	6
578	0	0	0	0	-1	6
579	656	657	5	0.084	-3	5
580	0	0	0	0	-1	5
581	658	659	5	0	-3	5
582	0	0	0	0	-1	5
583	660	661	8	0	-3	5
584	662	663	8	0.996375	-3	5.46666666666667
585	664	665	8	0	-3	5
586	0	0	0	0	-1	6
587	666	667	7	26.5	-3	5.42857142857143
588	668	669	3	0.165	-3	6.11111111111111
589	670	671	10	0.62	-3	5.42857142857143
590	0	0	0	0	-1	5
591	0	0	0	0	-1	5.8
592	672	673	5	0.098	-3	5.82608695652174
593	0	0	0	0	-1	5
594	674	675	11	0.0885	-3	5
595	0	0	0	0	-1	6
596	0	0	0	0	-1	5
597	676	677	2	0.8575	-3	6.07692307692308
598	678	679	11	9.95	-3	4.83333333333333
599	0	0	0	0	-1	5.5
600	0	0	0	0	-1	5
601	680	681	7	0.755	-3	6
602	0	0	0	0	-1	4.8
603	682	683	1	7.75	-3	5.04761904761905
604	684	685	2	0.945	-3	4.97435897435898
605	686	687	2	0.6325	-3	5.33333333333333
606	0	0	0	0	-1	5
607	0	0	0	0	-1	6
608	0	0	0	0	-1	6.2
609	688	689	9	3.295	-3	5.42307692307692
610	690	691	9	0	-3	5
611	0	0	0	0	-1	5
612	692	693	8	0	-3	5
613	694	695	9	3.28	-3	5
614	0	0	0	0	-1	5
615	0	0	0	0	-1	5
616	0	0	0	0	-1	5.2
617	696	697	2	0	-3	5
618	698	699	10	0.73	-3	5
619	700	701	8	0.9985	-3	5
620	0	0	0	0	-1	7
621	702	703	2	0	-3	5
622	704	705	2	0.5525	-3	6
623	0	0	0	0	-1	6
624	0	0	0	0	-1	5.5
625	706	707	5	0.119	-3	6.01923076923077
626	0	0	0	0	-1	5
627	708	709	6	13.5	-3	5.90909090909091
628	710	711	4	2.35	-3	5.66666666666667
629	0	0	0	0	-1	6
630	712	713	3	0	-3	6
631	0	0	0	0	-1	7
632	714	715	3	0.475	-3	6.92307692307692
633	716	717	9	3.2	-3	6.375
634	718	719	9	3.295	-3	6.02083333333333
635	0	0	0	0	-1	5
636	720	721	2	0.28	-3	7
637	0	0	0	0	-1	7
638	0	0	0	0	-1	5
639	722	723	5	0.1195	-3	6
640	0	0	0	0	-1	6
641	724	725	5	11.4	-3	6
642	0	0	0	0	-1	7
643	0	0	0	0	-1	5
644	0	0	0	0	-1	7
645	726	727	9	0	-3	5
646	728	729	3	0.305	-3	6
647	0	0	0	0	-1	6
648	0	0	0	0	-1	5
649	730	731	2	3.18	-3	6
650	732	733	9	0	-3	5
651	0	0	0	0	-1	5
652	0	0	0	0	-1	5.66666666666667
653	734	735	2	0.0955	-3	6
654	0	0	0	0	-1	6
655	0	0	0	0	-1	6
656	0	0	0	0	-1	5
657	0	0	0	0	-1	5
658	0	0	0	0	-1	6
659	736	737	8	0.99592	-3	5
660	0	0	0	0	-1	6
661	738	739	7	97.5	-3	5
662	0	0	0	0	-1	6
663	740	741	7	24.5	-3	5.2
664	0	0	0	0	-1	5
665	742	743	4	1.8	-3	5
666	744	745	4	1.95	-3	5.9
667	746	747	5	0	-3	5
668	748	749	8	0.99705	-3	6.625
669	750	751	3	0.505	-3	5.96428571428571
670	0	0	0	0	-1	6
671	0	0	0	0	-1	5
672	752	753	8	0.996715	-3	5.9
673	0	0	0	0	-1	5.33333333333333
674	0	0	0	0	-1	6
675	0	0	0	0	-1	5
676	754	755	5	0.08	-3	6
677	0	0	0	0	-1	7
678	0	0	0	0	-1	5
679	0	0	0	0	-1	4
680	0	0	0	0	-1	7
681	0	0	0	0	-1	6
682	756	757	10	0.68	-3	5.125
683	758	759	1	9.05	-3	5
684	760	761	9	3.56	-3	5.02631578947368
685	0	0	0	0	-1	3
686	762	763	8	0.99825	-3	5.5
687	764	765	4	2.95	-3	4.875
688	766	767	4	2.4	-3	5.59090909090909
689	768	769	6	9	-3	5.20588235294118
690	0	0	0	0	-1	6
691	770	771	10	0.535	-3	5
692	0	0	0	0	-1	5
693	772	773	10	0.635	-3	5
694	0	0	0	0	-1	5
695	0	0	0	0	-1	5
696	0	0	0	0	-1	5
697	774	775	1	0	-3	5
698	776	777	5	0	-3	5
699	778	779	1	7.95	-3	5
700	780	781	1	6.85	-3	5
701	782	783	10	0.625	-3	5
702	0	0	0	0	-1	5
703	784	785	6	0.7775	-3	5
704	786	787	4	0.42	-3	6
705	0	0	0	0	-1	6
706	788	789	1	0	-3	6
707	0	0	0	0	-1	6.25
708	790	791	2	0.6025	-3	5.71428571428571
709	792	793	6	14.5	-3	6
710	0	0	0	0	-1	5
711	0	0	0	0	-1	5.8
712	0	0	0	0	-1	7
713	794	795	11	9.5	-3	6
714	0	0	0	0	-1	6.75
715	796	797	9	3.24	-3	7
716	0	0	0	0	-1	6.75
717	0	0	0	0	-1	6
718	798	799	2	0.285	-3	6.07894736842105
719	800	801	7	60	-3	5.8
720	0	0	0	0	-1	7
721	0	0	0	0	-1	7
722	0	0	0	0	-1	6
723	0	0	0	0	-1	6
724	0	0	0	0	-1	6
725	0	0	0	0	-1	6
726	0	0	0	0	-1	7
727	802	803	8	0	-3	5
728	0	0	0	0	-1	6
729	804	805	3	0.34	-3	6
730	0	0	0	0	-1	6
731	0	0	0	0	-1	6
732	0	0	0	0	-1	5
733	0	0	0	0	-1	5
734	0	0	0	0	-1	5
735	806	807	1	9	-3	6
736	0	0	0	0	-1	5
737	0	0	0	0	-1	5
738	808	809	1	6.25	-3	5
739	0	0	0	0	-1	5
740	810	811	3	0.185	-3	5
741	0	0	0	0	-1	6
742	0	0	0	0	-1	5
743	0	0	0	0	-1	5
744	812	813	9	3.205	-3	6
745	0	0	0	0	-1	5.75
746	0	0	0	0	-1	7
747	814	815	6	13	-3	5
748	816	817	9	3.33	-3	6.83333333333333
749	0	0	0	0	-1	6
750	818	819	10	0.55	-3	6
751	0	0	0	0	-1	5
752	820	821	11	9.75	-3	5.71428571428571
753	822	823	5	0.088	-3	6
754	0	0	0	0	-1	6
755	824	825	1	0.68	-3	6
756	826	827	11	10.15	-3	5.06666666666667
757	0	0	0	0	-1	6
758	828	829	8	0.99691	-3	5
759	830	831	10	0	-3	5
760	832	833	7	47.5	-3	5
761	0	0	0	0	-1	6
762	834	835	5	0.0785	-3	5.375
763	836	837	9	3.155	-3	5.83333333333333
764	838	839	11	0	-3	5
765	0	0	0	0	-1	4
766	840	841	4	1.95	-3	5.75
767	842	843	6	34.5	-3	5.3125
768	0	0	0	0	-1	6
769	844	845	7	95.5	-3	5.12903225806452
770	0	0	0	0	-1	5
771	0	0	0	0	-1	5
772	0	0	0	0	-1	5
773	0	0	0	0	-1	5
774	0	0	0	0	-1	5
775	0	0	0	0	-1	5
776	0	0	0	0	-1	5
777	846	847	6	18.5	-3	5
778	848	849	3	0	-3	5
779	850	851	6	0	-3	5
780	0	0	0	0	-1	5
781	852	853	10	0.72	-3	5
782	0	0	0	0	-1	5
783	854	855	4	0	-3	5
784	0	0	0	0	-1	6
785	0	0	0	0	-1	5
786	0	0	0	0	-1	5
787	856	857	1	7.25	-3	6
788	0	0	0	0	-1	5
789	858	859	5	0	-3	6
790	860	861	8	0.996365	-3	5.83333333333333
791	0	0	0	0	-1	5
792	0	0	0	0	-1	6
793	862	863	2	0	-3	6
794	0	0	0	0	-1	6
795	864	865	7	7	-3	6
796	0	0	0	0	-1	7
797	0	0	0	0	-1	7
798	866	867	1	10.95	-3	5.9
799	868	869	1	8.95	-3	6.14285714285714
800	870	871	3	0.375	-3	5.88888888888889
801	0	0	0	0	-1	5
802	0	0	0	0	-1	6
803	0	0	0	0	-1	5
804	872	873	9	3.465	-3	6
805	0	0	0	0	-1	6
806	0	0	0	0	-1	6
807	0	0	0	0	-1	6
808	874	875	8	0	-3	5
809	0	0	0	0	-1	5
810	876	877	10	0	-3	5
811	0	0	0	0	-1	5
812	0	0	0	0	-1	6
813	0	0	0	0	-1	6
814	0	0	0	0	-1	5
815	0	0	0	0	-1	5
816	0	0	0	0	-1	6
817	0	0	0	0	-1	7
818	0	0	0	0	-1	5
819	878	879	9	3.255	-3	6.03846153846154
820	0	0	0	0	-1	5
821	0	0	0	0	-1	6
822	0	0	0	0	-1	6
823	0	0	0	0	-1	6
824	0	0	0	0	-1	5
825	880	881	8	0	-3	6
826	882	883	11	3.585	-3	5
827	0	0	0	0	-1	5.25
828	884	885	10	0	-3	5
829	886	887	3	0.34	-3	5
830	0	0	0	0	-1	5
831	888	889	3	0.235	-3	5
832	0	0	0	0	-1	6
833	890	891	3	0.185	-3	4.97222222222222
834	892	893	3	0.02	-3	5
835	894	895	1	8.3	-3	5.85714285714286
836	0	0	0	0	-1	5
837	0	0	0	0	-1	6
838	0	0	0	0	-1	6
839	0	0	0	0	-1	5
840	0	0	0	0	-1	5
841	896	897	3	0.33	-3	5.80769230769231
842	898	899	6	27	-3	5.21428571428571
843	0	0	0	0	-1	6
844	900	901	4	3.45	-3	5.06896551724138
845	0	0	0	0	-1	6
846	0	0	0	0	-1	5
847	902	903	7	0	-3	5
848	0	0	0	0	-1	7
849	904	905	9	0	-3	5
850	0	0	0	0	-1	5
851	906	907	6	11.5	-3	5
852	908	909	2	0	-3	5
853	0	0	0	0	-1	5
854	0	0	0	0	-1	6
855	910	911	8	0.99915	-3	5
856	912	913	6	0	-3	6
857	0	0	0	0	-1	6
858	0	0	0	0	-1	5
859	914	915	1	0	-3	6
860	0	0	0	0	-1	6
861	0	0	0	0	-1	5
862	0	0	0	0	-1	8
863	916	917	4	1.95	-3	6
864	0	0	0	0	-1	6
865	918	919	8	0.996095	-3	6
866	920	921	10	0.56	-3	6
867	0	0	0	0	-1	5
868	922	923	5	0.0725	-3	6.5
869	924	925	2	0.42	-3	6.04545454545455
870	0	0	0	0	-1	5.5
871	926	927	8	0.99411	-3	6
872	0	0	0	0	-1	6
873	0	0	0	0	-1	6
874	0	0	0	0	-1	6
875	928	929	5	0.088	-3	5
876	0	0	0	0	-1	5
877	930	931	2	0.565	-3	5
878	932	933	6	11	-3	6.11111111111111
879	0	0	0	0	-1	6
880	0	0	0	0	-1	5
881	0	0	0	0	-1	6
882	0	0	0	0	-1	6
883	934	935	5	0.0805	-3	5
884	0	0	0	0	-1	6
885	936	937	3	0	-3	5
886	938	939	2	0	-3	5
887	0	0	0	0	-1	5
888	0	0	0	0	-1	5
889	940	941	5	0	-3	5
890	942	943	1	6.9	-3	5
891	0	0	0	0	-1	4
892	0	0	0	0	-1	5
893	944	945	5	0	-3	5
894	946	947	10	0.555	-3	6
895	0	0	0	0	-1	5
896	948	949	11	10	-3	6
897	0	0	0	0	-1	5
898	950	951	7	76.5	-3	5.375
899	952	953	2	0.56	-3	5
900	954	955	11	8.85	-3	5
901	0	0	0	0	-1	6
902	0	0	0	0	-1	6
903	956	957	3	0.1	-3	5
904	0	0	0	0	-1	6
905	958	959	10	0	-3	5
906	0	0	0	0	-1	5
907	0	0	0	0	-1	5
908	0	0	0	0	-1	6
909	960	961	1	8.3	-3	5
910	0	0	0	0	-1	5
911	0	0	0	0	-1	5
912	0	0	0	0	-1	5
913	0	0	0	0	-1	6
914	0	0	0	0	-1	7
915	0	0	0	0	-1	6
916	0	0	0	0	-1	6
917	962	963	5	0.081	-3	6
918	0	0	0	0	-1	6
919	0	0	0	0	-1	6
920	0	0	0	0	-1	6
921	964	965	8	0	-3	6
922	0	0	0	0	-1	6
923	0	0	0	0	-1	7
924	966	967	9	3.16	-3	6
925	968	969	6	10.5	-3	6.14285714285714
926	0	0	0	0	-1	6
927	0	0	0	0	-1	6
928	0	0	0	0	-1	5
929	0	0	0	0	-1	5
930	0	0	0	0	-1	5
931	0	0	0	0	-1	5
932	0	0	0	0	-1	6.25
933	0	0	0	0	-1	6
934	970	971	10	0	-3	5
935	0	0	0	0	-1	5
936	0	0	0	0	-1	5
937	972	973	9	10.5	-3	5
938	0	0	0	0	-1	5
939	974	975	10	0.705	-3	5
940	0	0	0	0	-1	5
941	976	977	6	5.5	-3	5
942	0	0	0	0	-1	5
943	978	979	1	7.1	-3	5
944	0	0	0	0	-1	6
945	980	981	5	0	-3	5
946	0	0	0	0	-1	6
947	0	0	0	0	-1	6
948	0	0	0	0	-1	6
949	0	0	0	0	-1	6
950	0	0	0	0	-1	6
951	982	983	9	3.155	-3	5.16666666666667
952	0	0	0	0	-1	5
953	0	0	0	0	-1	5
954	0	0	0	0	-1	6
955	984	985	11	10.35	-3	4.96153846153846
956	0	0	0	0	-1	5
957	0	0	0	0	-1	5
958	0	0	0	0	-1	5
959	986	987	4	1.75	-3	5
960	988	989	7	107	-3	5
961	0	0	0	0	-1	5
962	0	0	0	0	-1	6
963	990	991	3	0.25	-3	6
964	0	0	0	0	-1	6
965	992	993	4	1.5	-3	6
966	0	0	0	0	-1	6
967	994	995	11	3.225	-3	6
968	0	0	0	0	-1	6
969	0	0	0	0	-1	6.5
970	0	0	0	0	-1	6
971	996	997	3	0.195	-3	5
972	0	0	0	0	-1	5
973	0	0	0	0	-1	5
974	0	0	0	0	-1	5
975	0	0	0	0	-1	5
976	0	0	0	0	-1	5
977	0	0	0	0	-1	5
978	0	0	0	0	-1	5
979	0	0	0	0	-1	5
980	0	0	0	0	-1	6
981	0	0	0	0	-1	5
982	0	0	0	0	-1	5.5
983	0	0	0	0	-1	5
984	998	999	2	0.53	-3	5
985	0	0	0	0	-1	4.5
986	0	0	0	0	-1	5
987	0	0	0	0	-1	5
988	0	0	0	0	-1	5
989	0	0	0	0	-1	5
990	0	0	0	0	-1	6
991	0	0	0	0	-1	6
992	0	0	0	0	-1	6
993	0	0	0	0	-1	6
994	0	0	0	0	-1	5
995	1000	1001	5	0.074	-3	6
996	0	0	0	0	-1	5
997	0	0	0	0	-1	5
998	1002	1003	9	3.33	-3	5
999	1004	1005	8	0	-3	5
1000	0	0	0	0	-1	6
1001	0	0	0	0	-1	6
1002	0	0	0	0	-1	5
1003	1006	1007	5	0	-3	5
1004	0	0	0	0	-1	5
1005	1008	1009	1	7.15	-3	5
1006	0	0	0	0	-1	5
1007	1010	1011	3	0.31	-3	5
1008	0	0	0	0	-1	5
1009	1012	1013	5	0	-3	5
1010	0	0	0	0	-1	5
1011	1014	1015	11	0	-3	5
1012	0	0	0	0	-1	7
1013	1016	1017	10	0.55	-3	5
1014	0	0	0	0	-1	5
1015	1018	1019	8	0	-3	5
1016	0	0	0	0	-1	5
1017	1020	1021	3	0	-3	5
1018	0	0	0	0	-1	5
1019	0	0	0	0	-1	5
1020	0	0	0	0	-1	7
1021	1022	1023	5	0.075	-3	5
1022	0	0	0	0	-1	5
1023	0	0	0	0	-1	5
