1	2	3	1	8.85	-3	5.64727954971857
2	4	5	8	0.99544	-3	5.58699472759227
3	6	7	8	0.99688	-3	5.79609544468547
4	8	9	2	0.435	-3	6.04573170731707
5	10	11	11	9.85	-3	5.40123456790123
6	12	13	11	10.25	-3	6.44565217391304
7	14	15	8	0.997745	-3	5.63414634146341
8	16	17	2	0.195	-3	6.42741935483871
9	18	19	10	0.635	-3	5.81372549019608
10	20	21	2	0.6075	-3	5.2392776523702
11	22	23	2	0.755	-3	5.59673024523161
12	24	25	3	0.425	-3	5.1
13	26	27	3	0.585	-3	6.60975609756098
14	28	29	11	9.85	-3	5.91139240506329
15	30	31	10	0.635	-3	5.55862068965517
16	32	33	11	11.45	-3	5.75
17	34	35	8	0.99537	-3	6.5
18	36	37	2	1	-3	5.56521739130435
19	38	39	5	0.0545	-3	6.33333333333333
20	40	41	2	0.365	-3	5.36099585062241
21	42	43	11	9.05	-3	5.09405940594059
22	44	45	9	3.425	-3	5.68051118210863
23	46	47	10	0.64	-3	5.11111111111111
24	48	49	5	0.063	-3	4.875
25	0	0	0	0	-1	6
26	50	51	2	0.605	-3	6.6578947368421
27	52	53	9	0	-3	6
28	54	55	1	9.05	-3	5.22727272727273
29	56	57	2	0.6	-3	6.17543859649123
30	58	59	11	9.05	-3	5.072
31	60	61	5	0.135	-3	5.92727272727273
32	0	0	0	0	-1	5
33	62	63	5	0.0695	-3	6.125
34	64	65	3	0.265	-3	6.54368932038835
35	66	67	10	0.63	-3	6
36	68	69	6	35	-3	5.6412213740458
37	70	71	8	0.9936	-3	4.14285714285714
38	72	73	8	0.99343	-3	6.83333333333333
39	74	75	3	0.095	-3	6.14583333333333
40	76	77	10	0.585	-3	5.74074074074074
41	78	79	8	0.998315	-3	5.31308411214953
42	80	81	4	1.85	-3	5.66666666666667
43	82	83	10	1.075	-3	5.04812834224599
44	84	85	10	0.595	-3	5.75409836065574
45	86	87	11	11.05	-3	5.42028985507246
46	88	89	10	0.625	-3	4.83783783783784
47	90	91	2	0.78	-3	5.70588235294118
48	0	0	0	0	-1	4
49	92	93	11	0	-3	5
50	94	95	7	28.5	-3	6.68
51	0	0	0	0	-1	5
52	0	0	0	0	-1	6
53	0	0	0	0	-1	6
54	96	97	7	66.5	-3	5.55555555555556
55	98	99	5	0.0735	-3	5
56	100	101	1	12.1	-3	6.28846153846154
57	0	0	0	0	-1	5
58	102	103	9	3.11	-3	3.66666666666667
59	104	105	11	10.45	-3	5.14285714285714
60	106	107	1	11.55	-3	6.01342281879195
61	108	109	4	1.75	-3	5.125
62	110	111	3	0	-3	6
63	0	0	0	0	-1	7
64	112	113	7	9	-3	6.125
65	114	115	6	6.5	-3	6.67088607594937
66	0	0	0	0	-1	6
67	0	0	0	0	-1	6
68	116	117	4	4.025	-3	5.68852459016393
69	118	119	10	0	-3	5
70	0	0	0	0	-1	5
71	0	0	0	0	-1	4
72	120	121	1	5.45	-3	7.41666666666667
73	122	123	1	5.75	-3	5.66666666666667
74	124	125	11	11.55	-3	6.34782608695652
75	126	127	6	14.5	-3	5.96
76	128	129	10	0.475	-3	5.4
77	130	131	10	1.35	-3	5.94117647058824
78	132	133	11	9.45	-3	5.27551020408163
79	134	135	7	90.5	-3	5.72222222222222
80	0	0	0	0	-1	5
81	136	137	2	0.68	-3	5.83333333333333
82	138	139	9	3.515	-3	5.07909604519774
83	140	141	11	9.15	-3	4.5
84	142	143	9	3.305	-3	5.48958333333333
85	144	145	6	5.5	-3	5.92567567567568
86	146	147	7	47	-3	5.28571428571429
87	148	149	4	2.45	-3	6
88	150	151	1	8.5	-3	4.94285714285714
89	0	0	0	0	-1	3
90	152	153	9	3.51	-3	5.22222222222222
91	154	155	8	0.99556	-3	6.25
92	0	0	0	0	-1	5
93	156	157	9	20.5	-3	5
94	158	159	4	1.65	-3	6.85185185185185
95	160	161	10	0.775	-3	6.23809523809524
96	162	163	4	2.25	-3	5.83333333333333
97	0	0	0	0	-1	5
98	0	0	0	0	-1	5
99	164	165	1	9.95	-3	5
100	166	167	9	3.155	-3	6.39583333333333
101	0	0	0	0	-1	5
102	0	0	0	0	-1	5
103	0	0	0	0	-1	3.4
104	168	169	5	0.0895	-3	5.04950495049505
105	170	171	8	1.0003	-3	5.66666666666667
106	172	173	3	0.62	-3	5.90196078431373
107	174	175	3	0.655	-3	6.25531914893617
108	0	0	0	0	-1	3.66666666666667
109	176	177	2	0.415	-3	5.46153846153846
110	0	0	0	0	-1	5
111	178	179	3	0.405	-3	6
112	0	0	0	0	-1	4
113	180	181	10	0.685	-3	6.21739130434783
114	182	183	8	0.99514	-3	6.94736842105263
115	184	185	7	49.5	-3	6.58333333333333
116	186	187	6	30	-3	5.71666666666667
117	0	0	0	0	-1	4
118	0	0	0	0	-1	6
119	188	189	8	0.994965	-3	5
120	190	191	8	0.99302	-3	7
121	0	0	0	0	-1	8
122	0	0	0	0	-1	5
123	0	0	0	0	-1	6
124	192	193	6	28	-3	6
125	194	195	3	0.085	-3	7
126	196	197	6	13.5	-3	5.88888888888889
127	0	0	0	0	-1	6
128	0	0	0	0	-1	6
129	198	199	11	9.45	-3	5.25
130	200	201	1	7.85	-3	6
131	0	0	0	0	-1	5
132	202	203	6	14.5	-3	5.16831683168317
133	204	205	6	3	-3	5.38947368421053
134	206	207	1	8.55	-3	5.86666666666667
135	0	0	0	0	-1	5
136	0	0	0	0	-1	5.6
137	208	209	4	0	-3	6
138	210	211	2	0.97	-3	5.04848484848485
139	212	213	2	0.635	-3	5.5
140	0	0	0	0	-1	4
141	214	215	1	8.05	-3	4.83333333333333
142	216	217	2	0.425	-3	5.24444444444444
143	218	219	10	0.475	-3	5.70588235294118
144	220	221	9	3.24	-3	7
145	222	223	11	11.65	-3	5.86428571428571
146	224	225	1	6.95	-3	5.5
147	226	227	3	0.375	-3	4.95454545454545
148	0	0	0	0	-1	6
149	228	229	3	0.085	-3	6
150	230	231	9	3.57	-3	4.91176470588235
151	0	0	0	0	-1	6
152	0	0	0	0	-1	6
153	232	233	10	0	-3	5
154	0	0	0	0	-1	7
155	234	235	11	10.3	-3	6.14285714285714
156	0	0	0	0	-1	5
157	0	0	0	0	-1	5
158	0	0	0	0	-1	6
159	236	237	8	0.995285	-3	6.90196078431373
160	238	239	1	11.2	-3	6.07692307692308
161	240	241	3	0.425	-3	6.5
162	0	0	0	0	-1	5.5
163	0	0	0	0	-1	6
164	242	243	11	0	-3	5
165	0	0	0	0	-1	5
166	244	245	5	0.0545	-3	6.81818181818182
167	246	247	9	3.17	-3	6.27027027027027
168	248	249	11	10.3	-3	4.9264705882353
169	250	251	1	9.55	-3	5.3030303030303
170	252	253	9	3.06	-3	5.58823529411765
171	0	0	0	0	-1	7
172	254	255	6	16.5	-3	5.8494623655914
173	256	257	6	24	-3	6.44444444444444
174	258	259	1	15.25	-3	6.03333333333333
175	260	261	1	13.4	-3	6.64705882352941
176	0	0	0	0	-1	5
177	262	263	10	0.755	-3	5.66666666666667
178	0	0	0	0	-1	6
179	0	0	0	0	-1	6
180	264	265	1	5.85	-3	6
181	266	267	5	0.0705	-3	6.38461538461539
182	268	269	2	0.3125	-3	6.78571428571429
183	0	0	0	0	-1	7.4
184	270	271	7	27	-3	6.73809523809524
185	272	273	8	0.9951	-3	6.22222222222222
186	274	275	11	10.45	-3	5.66363636363636
187	276	277	11	12.05	-3	6.3
188	0	0	0	0	-1	5
189	278	279	1	0	-3	5
190	0	0	0	0	-1	7
191	0	0	0	0	-1	7
192	280	281	5	0	-3	6
193	0	0	0	0	-1	6
194	282	283	11	12.55	-3	6.85714285714286
195	0	0	0	0	-1	8
196	284	285	6	10	-3	6
197	0	0	0	0	-1	5
198	0	0	0	0	-1	5
199	0	0	0	0	-1	5.66666666666667
200	0	0	0	0	-1	6
201	0	0	0	0	-1	6
202	286	287	5	0.0745	-3	5.3265306122449
203	288	289	10	0.485	-3	5.01923076923077
204	0	0	0	0	-1	6
205	290	291	1	6.35	-3	5.35555555555556
206	292	293	2	0.47	-3	6
207	0	0	0	0	-1	5
208	0	0	0	0	-1	6
209	294	295	7	0	-3	6
210	296	297	9	3.165	-3	5.06748466257669
211	0	0	0	0	-1	3.5
212	298	299	10	0.655	-3	5.83333333333333
213	300	301	10	0.715	-3	5.16666666666667
214	0	0	0	0	-1	4.5
215	0	0	0	0	-1	5
216	302	303	2	0.35	-3	4.90909090909091
217	304	305	3	0.295	-3	5.35294117647059
218	306	307	10	0	-3	5
219	308	309	8	0.995715	-3	5.8
220	0	0	0	0	-1	8
221	310	311	5	0.1005	-3	6.85714285714286
222	312	313	4	2.9	-3	5.79699248120301
223	314	315	3	0.435	-3	7.14285714285714
224	316	317	11	10.8	-3	5
225	318	319	3	0.13	-3	5.77272727272727
226	320	321	8	0.99582	-3	4.90476190476191
227	0	0	0	0	-1	6
228	0	0	0	0	-1	6
229	322	323	3	0.12	-3	6
230	324	325	5	0.084	-3	4.93939393939394
231	0	0	0	0	-1	4
232	0	0	0	0	-1	6
233	0	0	0	0	-1	5
234	0	0	0	0	-1	7
235	326	327	1	6.55	-3	6
236	328	329	8	0.99471	-3	7.04761904761905
237	330	331	4	2.25	-3	6.8
238	332	333	8	0.99645	-3	6
239	0	0	0	0	-1	7
240	0	0	0	0	-1	7
241	0	0	0	0	-1	6
242	0	0	0	0	-1	5
243	334	335	11	9.55	-3	5
244	0	0	0	0	-1	6
245	336	337	5	0.072	-3	6.9
246	0	0	0	0	-1	5
247	338	339	8	0.99735	-3	6.38235294117647
248	340	341	6	4.5	-3	4.96875
249	0	0	0	0	-1	4.25
250	342	343	9	3.295	-3	5.11764705882353
251	344	345	2	0.455	-3	5.5
252	0	0	0	0	-1	5
253	346	347	6	5.5	-3	5.66666666666667
254	348	349	7	32	-3	6
255	350	351	3	0.43	-3	5.54838709677419
256	352	353	2	0.345	-3	6.16666666666667
257	0	0	0	0	-1	7
258	354	355	2	0.335	-3	6.14814814814815
259	0	0	0	0	-1	5
260	356	357	11	9.9	-3	7.1
261	358	359	1	14.95	-3	6
262	0	0	0	0	-1	5
263	360	361	1	10	-3	6
264	0	0	0	0	-1	6
265	362	363	5	0.0445	-3	6
266	364	365	7	55	-3	6.625
267	0	0	0	0	-1	6
268	366	367	2	0.275	-3	7
269	0	0	0	0	-1	6.4
270	368	369	11	11.45	-3	6.5
271	370	371	9	3.405	-3	6.85714285714286
272	372	373	6	34.5	-3	6.29411764705882
273	0	0	0	0	-1	5
274	374	375	4	1.3	-3	5.19047619047619
275	376	377	9	3.46	-3	5.7752808988764
276	378	379	11	10.05	-3	5.83333333333333
277	0	0	0	0	-1	7
278	0	0	0	0	-1	6
279	380	381	5	0	-3	5
280	0	0	0	0	-1	5
281	382	383	10	0	-3	6
282	384	385	9	3.455	-3	7
283	0	0	0	0	-1	6
284	0	0	0	0	-1	6
285	0	0	0	0	-1	6
286	386	387	5	0.0675	-3	5.58823529411765
287	388	389	8	0.995875	-3	5.1875
288	0	0	0	0	-1	4.5
289	390	391	9	3.515	-3	5.04
290	0	0	0	0	-1	6
291	392	393	1	8.45	-3	5.32558139534884
292	0	0	0	0	-1	6
293	394	395	10	0.605	-3	6
294	0	0	0	0	-1	6
295	0	0	0	0	-1	6
296	396	397	8	0.997115	-3	5.44444444444444
297	398	399	1	8.15	-3	5.04545454545454
298	0	0	0	0	-1	6
299	0	0	0	0	-1	5
300	0	0	0	0	-1	5
301	0	0	0	0	-1	5.5
302	0	0	0	0	-1	4
303	400	401	5	0.082	-3	5
304	402	403	3	0.14	-3	5.29032258064516
305	0	0	0	0	-1	6
306	0	0	0	0	-1	7
307	0	0	0	0	-1	5
308	404	405	6	15	-3	6.2
309	406	407	1	6.85	-3	5.68571428571429
310	0	0	0	0	-1	6
311	408	409	5	0.2365	-3	7
312	410	411	2	0.23	-3	5.89908256880734
313	412	413	3	0.35	-3	5.33333333333333
314	0	0	0	0	-1	6.8
315	0	0	0	0	-1	8
316	414	415	8	0.996625	-3	5.25
317	0	0	0	0	-1	4.5
318	416	417	9	3.595	-3	6.18181818181818
319	418	419	6	10.5	-3	5.36363636363636
320	0	0	0	0	-1	4.6
321	420	421	2	0.585	-3	5
322	0	0	0	0	-1	6
323	422	423	3	0.17	-3	6
324	424	425	3	0.06	-3	5.11764705882353
325	426	427	11	10.9	-3	4.75
326	0	0	0	0	-1	6
327	0	0	0	0	-1	6
328	428	429	5	0.069	-3	7.16666666666667
329	430	431	8	0	-3	7
330	432	433	5	0.0745	-3	6.6
331	434	435	9	3.255	-3	7
332	0	0	0	0	-1	6
333	0	0	0	0	-1	6
334	0	0	0	0	-1	5
335	0	0	0	0	-1	5
336	0	0	0	0	-1	7.5
337	436	437	10	0.655	-3	6.75
338	438	439	8	0.996925	-3	6.19047619047619
339	440	441	6	12.5	-3	6.69230769230769
340	0	0	0	0	-1	4
341	442	443	5	0.0665	-3	5.01639344262295
342	0	0	0	0	-1	5
343	0	0	0	0	-1	6
344	444	445	6	7	-3	5.18181818181818
345	0	0	0	0	-1	6.2
346	446	447	11	11.05	-3	5.33333333333333
347	448	449	8	0.99833	-3	5.88888888888889
348	450	451	2	0.3175	-3	5.85365853658537
349	452	453	8	0.99798	-3	6.28571428571429
350	454	455	5	0.0935	-3	5.70833333333333
351	456	457	6	0	-3	5
352	0	0	0	0	-1	7
353	0	0	0	0	-1	6
354	458	459	7	16	-3	6.66666666666667
355	460	461	9	2.96	-3	6
356	0	0	0	0	-1	8
357	462	463	3	0.7	-3	7
358	464	465	2	0.51	-3	5.83333333333333
359	0	0	0	0	-1	7
360	0	0	0	0	-1	6
361	0	0	0	0	-1	6
362	0	0	0	0	-1	6
363	466	467	1	0	-3	6
364	0	0	0	0	-1	7.25
365	0	0	0	0	-1	6
366	0	0	0	0	-1	7
367	0	0	0	0	-1	7
368	0	0	0	0	-1	8
369	468	469	7	20.5	-3	6.38461538461539
370	470	471	2	0.275	-3	6.92307692307692
371	0	0	0	0	-1	6
372	472	473	9	3.58	-3	6.09090909090909
373	474	475	4	2.05	-3	6.66666666666667
374	0	0	0	0	-1	7
375	476	477	11	10	-3	5.1
376	478	479	2	0.48	-3	5.93181818181818
377	480	481	9	3.495	-3	5.62222222222222
378	0	0	0	0	-1	5
379	0	0	0	0	-1	6
380	0	0	0	0	-1	5
381	0	0	0	0	-1	5
382	0	0	0	0	-1	5
383	482	483	1	0	-3	6
384	0	0	0	0	-1	7
385	0	0	0	0	-1	7
386	0	0	0	0	-1	5
387	484	485	6	4.5	-3	5.76923076923077
388	0	0	0	0	-1	4
389	486	487	10	0.55	-3	5.26666666666667
390	488	489	8	0.998055	-3	5.02040816326531
391	0	0	0	0	-1	6
392	490	491	7	30.5	-3	5.36363636363636
393	492	493	7	61	-3	5
394	0	0	0	0	-1	6
395	494	495	11	9.25	-3	6
396	0	0	0	0	-1	5
397	0	0	0	0	-1	6
398	496	497	6	7.5	-3	5.10169491525424
399	498	499	9	3.365	-3	4.86111111111111
400	0	0	0	0	-1	5
401	0	0	0	0	-1	5
402	500	501	8	0.9963	-3	5
403	502	503	8	0.99646	-3	5.39130434782609
404	0	0	0	0	-1	7
405	504	505	10	0.525	-3	5.85714285714286
406	506	507	3	0.075	-3	6.16666666666667
407	508	509	7	10	-3	5.58620689655172
408	0	0	0	0	-1	7
409	0	0	0	0	-1	7
410	0	0	0	0	-1	5
411	510	511	5	0.0625	-3	5.93333333333333
412	512	513	6	23	-3	5.7
413	514	515	11	10.8	-3	5.07142857142857
414	0	0	0	0	-1	5.66666666666667
415	0	0	0	0	-1	5
416	516	517	1	7.05	-3	6.33333333333333
417	0	0	0	0	-1	6
418	518	519	2	0	-3	5
419	0	0	0	0	-1	5.8
420	520	521	7	0	-3	5
421	0	0	0	0	-1	5
422	0	0	0	0	-1	6
423	522	523	9	3.58	-3	6
424	524	525	9	3.345	-3	5.33333333333333
425	526	527	11	11.2	-3	5
426	528	529	2	0.9	-3	4.92307692307692
427	0	0	0	0	-1	4
428	0	0	0	0	-1	7
429	0	0	0	0	-1	8
430	0	0	0	0	-1	6
431	530	531	7	0	-3	7
432	532	533	5	0.0605	-3	6.14285714285714
433	534	535	11	0	-3	7
434	536	537	3	0.545	-3	7.07142857142857
435	0	0	0	0	-1	6
436	0	0	0	0	-1	6
437	538	539	8	0.99715	-3	6.85714285714286
438	0	0	0	0	-1	5
439	540	541	8	0.996975	-3	6.25
440	542	543	8	0.99765	-3	6.875
441	0	0	0	0	-1	6.4
442	0	0	0	0	-1	5.5
443	544	545	1	12.45	-3	5
444	0	0	0	0	-1	5.5
445	546	547	11	0	-3	5
446	0	0	0	0	-1	6
447	0	0	0	0	-1	5
448	0	0	0	0	-1	5
449	548	549	2	0.655	-3	6
450	550	551	1	10.55	-3	6.15384615384615
451	552	553	3	0.57	-3	5.71428571428571
452	0	0	0	0	-1	5.33333333333333
453	554	555	9	3.185	-3	6.44444444444444
454	556	557	6	22.5	-3	6.08333333333333
455	558	559	7	36	-3	5.33333333333333
456	0	0	0	0	-1	6
457	560	561	5	11.2	-3	5
458	0	0	0	0	-1	6
459	0	0	0	0	-1	6.8
460	0	0	0	0	-1	7
461	562	563	10	0.845	-3	5.89473684210526
462	0	0	0	0	-1	7
463	0	0	0	0	-1	7
464	0	0	0	0	-1	6
465	0	0	0	0	-1	5
466	0	0	0	0	-1	5
467	564	565	2	0	-3	6
468	566	567	10	0.635	-3	6.71428571428571
469	568	569	3	0.375	-3	6
470	0	0	0	0	-1	6
471	570	571	1	8.35	-3	7
472	0	0	0	0	-1	6
473	0	0	0	0	-1	7
474	0	0	0	0	-1	6
475	0	0	0	0	-1	7
476	572	573	3	0.195	-3	5.28571428571429
477	574	575	4	1.7	-3	4.66666666666667
478	576	577	4	1.95	-3	5.66666666666667
479	578	579	4	3.375	-3	5.97368421052632
480	580	581	6	16.5	-3	5.14285714285714
481	582	583	11	12.95	-3	5.71052631578947
482	0	0	0	0	-1	6
483	584	585	10	0.73	-3	6
484	0	0	0	0	-1	5
485	586	587	8	0.99555	-3	5.90909090909091
486	588	589	9	0	-3	5
487	590	591	10	0.61	-3	5.42105263157895
488	592	593	3	0.27	-3	5
489	0	0	0	0	-1	5.2
490	594	595	3	0.26	-3	5.64285714285714
491	596	597	10	0.665	-3	5.3015873015873
492	0	0	0	0	-1	5
493	598	599	3	0	-3	5
494	600	601	1	8.05	-3	6
495	0	0	0	0	-1	6
496	602	603	10	0.505	-3	4.95652173913043
497	604	605	4	2.45	-3	5.13684210526316
498	606	607	8	0.99733	-3	4.88571428571429
499	0	0	0	0	-1	4
500	608	609	2	0	-3	5
501	0	0	0	0	-1	5
502	610	611	9	3.23	-3	5.2
503	612	613	7	17	-3	5.75
504	0	0	0	0	-1	5
505	0	0	0	0	-1	6
506	0	0	0	0	-1	7
507	0	0	0	0	-1	6
508	0	0	0	0	-1	5
509	614	615	6	19.5	-3	5.65384615384615
510	616	617	3	0.19	-3	6.83333333333333
511	618	619	1	6.2	-3	5.87878787878788
512	0	0	0	0	-1	5.25
513	620	621	7	57	-3	6
514	622	623	8	0.9976	-3	5
515	0	0	0	0	-1	6
516	0	0	0	0	-1	7
517	0	0	0	0	-1	6.2
518	0	0	0	0	-1	6
519	0	0	0	0	-1	5
520	0	0	0	0	-1	5
521	624	625	6	30.5	-3	5
522	0	0	0	0	-1	6
523	0	0	0	0	-1	6
524	0	0	0	0	-1	6
525	0	0	0	0	-1	5.2
526	626	627	6	30	-3	5
527	0	0	0	0	-1	5
528	628	629	2	0.7775	-3	5
529	0	0	0	0	-1	4.5
530	0	0	0	0	-1	7
531	630	631	9	0	-3	7
532	0	0	0	0	-1	7
533	632	633	3	0.515	-3	6
534	0	0	0	0	-1	6
535	634	635	2	0	-3	7
536	636	637	3	0.495	-3	7
537	0	0	0	0	-1	7.5
538	0	0	0	0	-1	6
539	638	639	2	0.345	-3	7
540	0	0	0	0	-1	7
541	640	641	4	2.825	-3	6.16666666666667
542	642	643	1	10.45	-3	7
543	0	0	0	0	-1	6
544	644	645	2	1	-3	5.03571428571429
545	0	0	0	0	-1	4.33333333333333
546	0	0	0	0	-1	6
547	646	647	1	10.95	-3	5
548	648	649	4	0	-3	6
549	0	0	0	0	-1	6
550	0	0	0	0	-1	6.66666666666667
551	0	0	0	0	-1	6
552	650	651	10	0.66	-3	5.83333333333333
553	0	0	0	0	-1	5
554	652	653	6	15.5	-3	6.14285714285714
555	654	655	3	0.48	-3	6.63636363636364
556	0	0	0	0	-1	6.5
557	0	0	0	0	-1	6
558	0	0	0	0	-1	6
559	656	657	2	0.89	-3	5
560	0	0	0	0	-1	5
561	0	0	0	0	-1	5
562	658	659	8	0.99965	-3	5.94117647058824
563	0	0	0	0	-1	5.5
564	0	0	0	0	-1	5
565	660	661	3	0.235	-3	6
566	0	0	0	0	-1	6
567	0	0	0	0	-1	7
568	0	0	0	0	-1	6
569	0	0	0	0	-1	6
570	662	663	3	0.315	-3	7.04545454545455
571	0	0	0	0	-1	6.5
572	664	665	9	3.39	-3	5.09090909090909
573	0	0	0	0	-1	6
574	0	0	0	0	-1	4
575	0	0	0	0	-1	5
576	0	0	0	0	-1	6
577	0	0	0	0	-1	4
578	666	667	1	6.3	-3	6
579	0	0	0	0	-1	5
580	0	0	0	0	-1	6
581	668	669	10	0.485	-3	5
582	670	671	1	5.5	-3	5.77777777777778
583	0	0	0	0	-1	4.5
584	0	0	0	0	-1	6
585	0	0	0	0	-1	6
586	0	0	0	0	-1	5.5
587	672	673	6	8.5	-3	6
588	0	0	0	0	-1	6
589	674	675	8	0.99749	-3	5
590	676	677	3	0.99698	-3	6
591	678	679	1	8.3	-3	5.08333333333333
592	0	0	0	0	-1	5
593	680	681	11	1.95	-3	5
594	682	683	4	1.75	-3	5.5
595	0	0	0	0	-1	6.5
596	684	685	2	0.505	-3	5.3921568627451
597	686	687	3	0.4	-3	4.91666666666667
598	0	0	0	0	-1	5
599	0	0	0	0	-1	5
600	0	0	0	0	-1	6
601	0	0	0	0	-1	6
602	688	689	3	0.015	-3	4.85714285714286
603	690	691	9	3.245	-3	5
604	692	693	4	1.95	-3	5.18055555555556
605	694	695	8	0.99747	-3	5
606	696	697	11	9.55	-3	5.05
607	698	699	11	9.25	-3	4.66666666666667
608	0	0	0	0	-1	5
609	700	701	3	0	-3	5
610	0	0	0	0	-1	5.4
611	702	703	6	11.5	-3	5.1
612	0	0	0	0	-1	5
613	704	705	9	3.24	-3	6
614	706	707	7	33	-3	5.47058823529412
615	708	709	7	57.5	-3	6
616	0	0	0	0	-1	6
617	0	0	0	0	-1	7
618	0	0	0	0	-1	5
619	710	711	10	0.635	-3	5.90625
620	0	0	0	0	-1	6
621	0	0	0	0	-1	6
622	0	0	0	0	-1	5
623	712	713	11	0	-3	5
624	0	0	0	0	-1	5
625	0	0	0	0	-1	5
626	714	715	6	0	-3	5
627	0	0	0	0	-1	5
628	0	0	0	0	-1	5
629	716	717	4	0	-3	5
630	0	0	0	0	-1	6
631	718	719	5	0.075	-3	7
632	0	0	0	0	-1	6
633	0	0	0	0	-1	6
634	0	0	0	0	-1	6
635	0	0	0	0	-1	7
636	0	0	0	0	-1	7
637	0	0	0	0	-1	7
638	0	0	0	0	-1	7
639	0	0	0	0	-1	7
640	720	721	3	0.545	-3	6.06666666666667
641	0	0	0	0	-1	6.66666666666667
642	0	0	0	0	-1	7
643	0	0	0	0	-1	7
644	722	723	10	0.625	-3	5.01818181818182
645	0	0	0	0	-1	6
646	0	0	0	0	-1	5
647	0	0	0	0	-1	5
648	0	0	0	0	-1	7
649	724	725	11	10.65	-3	6
650	0	0	0	0	-1	5.4
651	726	727	4	3.95	-3	5.94736842105263
652	0	0	0	0	-1	6
653	0	0	0	0	-1	6.5
654	728	729	3	0.275	-3	6.77777777777778
655	0	0	0	0	-1	6
656	730	731	9	0	-3	5
657	0	0	0	0	-1	5
658	732	733	6	29	-3	5.83333333333333
659	734	735	2	0.43	-3	6
660	0	0	0	0	-1	6
661	0	0	0	0	-1	6
662	0	0	0	0	-1	7.33333333333333
663	736	737	4	1.9	-3	7
664	0	0	0	0	-1	5
665	0	0	0	0	-1	5.5
666	0	0	0	0	-1	5.33333333333333
667	738	739	5	0.0645	-3	6.05882352941176
668	0	0	0	0	-1	5
669	0	0	0	0	-1	5
670	740	741	2	0.485	-3	6.07142857142857
671	742	743	3	0.035	-3	5.59090909090909
672	0	0	0	0	-1	6
673	0	0	0	0	-1	6
674	0	0	0	0	-1	5
675	0	0	0	0	-1	5
676	744	745	7	40	-3	6
677	0	0	0	0	-1	6
678	746	747	1	7.9	-3	5
679	0	0	0	0	-1	6
680	0	0	0	0	-1	5
681	748	749	4	1.75	-3	5
682	0	0	0	0	-1	6
683	750	751	3	0.015	-3	5.25
684	752	753	6	27	-3	5.23076923076923
685	754	755	8	0.99683	-3	5.56
686	756	757	2	0.585	-3	5
687	0	0	0	0	-1	4
688	0	0	0	0	-1	4
689	758	759	11	9.45	-3	5
690	0	0	0	0	-1	5
691	0	0	0	0	-1	5
692	760	761	4	1.85	-3	5.06451612903226
693	762	763	3	0.015	-3	5.26829268292683
694	0	0	0	0	-1	5
695	764	765	11	0	-3	5
696	766	767	7	85.5	-3	5
697	0	0	0	0	-1	5.25
698	0	0	0	0	-1	4
699	768	769	1	8.75	-3	4.83333333333333
700	0	0	0	0	-1	5
701	0	0	0	0	-1	5
702	0	0	0	0	-1	6
703	770	771	9	0.255	-3	5
704	0	0	0	0	-1	6
705	0	0	0	0	-1	6
706	772	773	9	3.37	-3	5.88888888888889
707	774	775	1	8.2	-3	5
708	776	777	7	48	-3	6
709	0	0	0	0	-1	6
710	778	779	4	1.85	-3	5.74285714285714
711	780	781	6	25	-3	6
712	0	0	0	0	-1	5
713	782	783	1	94.5	-3	5
714	0	0	0	0	-1	8
715	784	785	1	0	-3	5
716	0	0	0	0	-1	6
717	0	0	0	0	-1	5
718	0	0	0	0	-1	7
719	0	0	0	0	-1	7
720	786	787	3	0.5	-3	6
721	0	0	0	0	-1	7
722	788	789	3	0.325	-3	5
723	0	0	0	0	-1	5.5
724	0	0	0	0	-1	6
725	0	0	0	0	-1	6
726	790	791	4	2.45	-3	6
727	0	0	0	0	-1	5.66666666666667
728	0	0	0	0	-1	6
729	792	793	4	2.05	-3	6.875
730	0	0	0	0	-1	6
731	794	795	8	0	-3	5
732	0	0	0	0	-1	6
733	0	0	0	0	-1	5
734	0	0	0	0	-1	6
735	0	0	0	0	-1	6
736	0	0	0	0	-1	7
737	796	797	7	0	-3	7
738	798	799	10	0.615	-3	6.15384615384615
739	0	0	0	0	-1	6
740	0	0	0	0	-1	6.33333333333333
741	800	801	11	12.35	-3	6
742	802	803	2	0.675	-3	5.86666666666667
743	804	805	11	0	-3	5
744	0	0	0	0	-1	6
745	0	0	0	0	-1	6
746	806	807	9	3.055	-3	5
747	0	0	0	0	-1	5
748	808	809	11	0	-3	5
749	810	811	6	0	-3	5
750	0	0	0	0	-1	6
751	812	813	11	9.75	-3	5.14285714285714
752	814	815	8	0.995815	-3	5.1304347826087
753	0	0	0	0	-1	6
754	816	817	5	0.0755	-3	5.3125
755	818	819	7	0.545	-3	6
756	820	821	1	0	-3	5
757	0	0	0	0	-1	5
758	0	0	0	0	-1	5
759	0	0	0	0	-1	5
760	822	823	7	63.5	-3	5.11764705882353
761	824	825	3	12.5	-3	5
762	826	827	7	17.5	-3	5.07692307692308
763	828	829	7	93.5	-3	5.35714285714286
764	0	0	0	0	-1	6
765	830	831	1	7.95	-3	5
766	832	833	9	0	-3	5
767	0	0	0	0	-1	5
768	0	0	0	0	-1	5
769	0	0	0	0	-1	4.33333333333333
770	0	0	0	0	-1	5
771	834	835	8	0.996165	-3	5
772	836	837	9	3.32	-3	6
773	0	0	0	0	-1	5.5
774	838	839	7	44.5	-3	5.14285714285714
775	0	0	0	0	-1	4
776	0	0	0	0	-1	6
777	0	0	0	0	-1	6
778	0	0	0	0	-1	5
779	840	841	4	2.75	-3	5.8125
780	842	843	4	2.65	-3	6.08695652173913
781	844	845	3	0.245	-3	5.73333333333333
782	846	847	3	0	-3	5
783	0	0	0	0	-1	5
784	0	0	0	0	-1	5
785	0	0	0	0	-1	5
786	848	849	5	0.0655	-3	6
787	0	0	0	0	-1	6
788	850	851	6	17	-3	5
789	852	853	8	0.9981	-3	5
790	854	855	9	0.535	-3	6
791	856	857	9	0.45	-3	6
792	0	0	0	0	-1	6
793	858	859	2	0.345	-3	7
794	0	0	0	0	-1	5
795	0	0	0	0	-1	5
796	0	0	0	0	-1	6
797	860	861	8	0	-3	7
798	862	863	11	12.2	-3	6
799	0	0	0	0	-1	6.5
800	864	865	9	0	-3	6
801	0	0	0	0	-1	6
802	0	0	0	0	-1	5.33333333333333
803	866	867	5	0.064	-3	6
804	0	0	0	0	-1	5
805	868	869	11	12.05	-3	5
806	0	0	0	0	-1	5
807	870	871	10	0	-3	5
808	0	0	0	0	-1	7
809	872	873	11	9.1	-3	5
810	0	0	0	0	-1	6
811	874	875	8	0.99723	-3	5
812	876	877	1	0	-3	5
813	0	0	0	0	-1	6
814	0	0	0	0	-1	6
815	878	879	1	6.95	-3	5.04761904761905
816	0	0	0	0	-1	6
817	880	881	10	0.495	-3	5.21428571428571
818	0	0	0	0	-1	5
819	882	883	4	2.35	-3	6
820	0	0	0	0	-1	4
821	884	885	3	0.265	-3	5
822	886	887	1	7.15	-3	5
823	888	889	8	0.995915	-3	5.25
824	0	0	0	0	-1	5
825	0	0	0	0	-1	5
826	0	0	0	0	-1	6
827	890	891	2	0.6875	-3	5
828	892	893	2	0.6525	-3	5.43478260869565
829	0	0	0	0	-1	5
830	894	895	10	0	-3	5
831	0	0	0	0	-1	5
832	0	0	0	0	-1	3
833	896	897	7	18	-3	5
834	898	899	9	0	-3	5
835	0	0	0	0	-1	5
836	0	0	0	0	-1	6
837	0	0	0	0	-1	6
838	0	0	0	0	-1	5
839	0	0	0	0	-1	6
840	900	901	10	0.625	-3	5.88888888888889
841	0	0	0	0	-1	5.4
842	902	903	11	11.25	-3	6.02380952380952
843	0	0	0	0	-1	6.75
844	904	905	2	0.485	-3	6
845	906	907	5	0.084	-3	5.55555555555556
846	0	0	0	0	-1	6
847	0	0	0	0	-1	5
848	0	0	0	0	-1	6
849	908	909	2	0.52	-3	6
850	910	911	9	0	-3	5
851	912	913	6	9.65	-3	5
852	0	0	0	0	-1	5
853	914	915	3	0.43	-3	5
854	0	0	0	0	-1	5
855	916	917	4	2	-3	6
856	0	0	0	0	-1	5
857	918	919	1	9.65	-3	6
858	0	0	0	0	-1	7
859	0	0	0	0	-1	7
860	0	0	0	0	-1	5
861	920	921	9	0	-3	7
862	0	0	0	0	-1	6
863	0	0	0	0	-1	6
864	0	0	0	0	-1	5
865	0	0	0	0	-1	6
866	0	0	0	0	-1	6
867	0	0	0	0	-1	6
868	0	0	0	0	-1	5
869	0	0	0	0	-1	5
870	0	0	0	0	-1	7
871	922	923	7	31.5	-3	5
872	0	0	0	0	-1	5
873	0	0	0	0	-1	5
874	924	925	4	1.85	-3	5
875	926	927	1	8.6	-3	5
876	0	0	0	0	-1	5
877	0	0	0	0	-1	5
878	0	0	0	0	-1	5.33333333333333
879	0	0	0	0	-1	5
880	0	0	0	0	-1	6
881	928	929	5	0.082	-3	5.15384615384615
882	0	0	0	0	-1	6
883	0	0	0	0	-1	6
884	930	931	3	0	-3	5
885	0	0	0	0	-1	5
886	0	0	0	0	-1	5
887	932	933	2	0	-3	5
888	0	0	0	0	-1	6
889	0	0	0	0	-1	5
890	934	935	3	0	-3	5
891	0	0	0	0	-1	5
892	0	0	0	0	-1	6
893	936	937	1	7.75	-3	5.23529411764706
894	0	0	0	0	-1	5
895	938	939	9	3.385	-3	5
896	0	0	0	0	-1	5
897	940	941	10	0	-3	5
898	0	0	0	0	-1	5
899	942	943	11	10	-3	5
900	944	945	5	0.09	-3	5.92307692307692
901	0	0	0	0	-1	5
902	946	947	7	23.5	-3	5.975
903	0	0	0	0	-1	7
904	0	0	0	0	-1	6
905	0	0	0	0	-1	6
906	0	0	0	0	-1	6
907	0	0	0	0	-1	5.2
908	948	949	11	10.5	-3	6
909	0	0	0	0	-1	6
910	0	0	0	0	-1	6
911	950	951	2	0.8	-3	5
912	0	0	0	0	-1	5
913	952	953	11	9.75	-3	5
914	0	0	0	0	-1	5
915	954	955	5	0	-3	5
916	0	0	0	0	-1	6
917	0	0	0	0	-1	6
918	0	0	0	0	-1	6
919	0	0	0	0	-1	6
920	0	0	0	0	-1	7
921	0	0	0	0	-1	7
922	0	0	0	0	-1	5
923	0	0	0	0	-1	5
924	0	0	0	0	-1	5
925	956	957	5	0	-3	5
926	958	959	6	0	-3	5
927	0	0	0	0	-1	5
928	0	0	0	0	-1	5
929	0	0	0	0	-1	5.66666666666667
930	0	0	0	0	-1	5
931	960	961	7	43	-3	5
932	0	0	0	0	-1	7
933	962	963	3	0.085	-3	5
934	0	0	0	0	-1	5
935	0	0	0	0	-1	5
936	0	0	0	0	-1	5
937	964	965	10	0.545	-3	5.5
938	0	0	0	0	-1	5
939	0	0	0	0	-1	5
940	0	0	0	0	-1	5
941	966	967	5	0.078	-3	5
942	0	0	0	0	-1	5
943	0	0	0	0	-1	5
944	968	969	1	6.95	-3	5.86666666666667
945	970	971	11	11.1	-3	6
946	972	973	10	1.075	-3	5.75
947	974	975	1	8.65	-3	6.03125
948	0	0	0	0	-1	6
949	976	977	4	39	-3	6
950	978	979	6	12	-3	5
951	0	0	0	0	-1	5
952	980	981	3	0.3	-3	5
953	0	0	0	0	-1	5
954	0	0	0	0	-1	5
955	982	983	5	11.8	-3	5
956	0	0	0	0	-1	5
957	984	985	5	0.2275	-3	5
958	0	0	0	0	-1	6
959	986	987	3	0	-3	5
960	0	0	0	0	-1	5
961	0	0	0	0	-1	5
962	0	0	0	0	-1	5
963	0	0	0	0	-1	5
964	0	0	0	0	-1	6
965	0	0	0	0	-1	5.2
966	0	0	0	0	-1	5
967	0	0	0	0	-1	5
968	0	0	0	0	-1	5
969	988	989	5	0.0875	-3	5.92857142857143
970	0	0	0	0	-1	6
971	0	0	0	0	-1	6
972	990	991	10	0.925	-3	6
973	0	0	0	0	-1	5
974	992	993	7	120.5	-3	6
975	0	0	0	0	-1	6.5
976	994	995	1	0	-3	6
977	0	0	0	0	-1	6
978	0	0	0	0	-1	5
979	0	0	0	0	-1	5
980	996	997	5	0.087	-3	5
981	0	0	0	0	-1	5
982	998	999	4	2.25	-3	5
983	0	0	0	0	-1	5
984	0	0	0	0	-1	5
985	0	0	0	0	-1	5
986	0	0	0	0	-1	8
987	0	0	0	0	-1	5
988	1000	1001	5	0.0845	-3	6
989	0	0	0	0	-1	5
990	0	0	0	0	-1	6
991	0	0	0	0	-1	6
992	1002	1003	1	10.3	-3	6
993	0	0	0	0	-1	6
994	0	0	0	0	-1	5
995	1004	1005	2	0	-3	6
996	1006	1007	10	0	-3	5
997	0	0	0	0	-1	5
998	0	0	0	0	-1	5
999	1008	1009	6	0	-3	5
1000	1010	1011	4	1.95	-3	6
1001	0	0	0	0	-1	6
1002	1012	1013	4	2.55	-3	6
1003	0	0	0	0	-1	6
1004	0	0	0	0	-1	5
1005	0	0	0	0	-1	6
1006	0	0	0	0	-1	5
1007	1014	1015	3	0.265	-3	5
1008	0	0	0	0	-1	6
1009	0	0	0	0	-1	5
1010	0	0	0	0	-1	6
1011	1016	1017	8	0.99756	-3	6
1012	0	0	0	0	-1	6
1013	0	0	0	0	-1	6
1014	0	0	0	0	-1	5
1015	0	0	0	0	-1	5
1016	0	0	0	0	-1	6
1017	0	0	0	0	-1	6
