1	2	3	2	0.445	-3	5.61788617886179
2	4	5	10	0.685	-3	5.98780487804878
3	6	7	8	0.99241	-3	5.41073170731707
4	8	9	8	0.99461	-3	5.70684039087948
5	10	11	8	0.99553	-3	6.31086142322097
6	12	13	11	12.6	-3	6.81818181818182
7	14	15	2	1.015	-3	5.39546351084812
8	16	17	6	49.5	-3	6.36
9	18	19	11	10.75	-3	5.57976653696498
10	20	21	9	3.715	-3	6.78082191780822
11	22	23	2	0.335	-3	6.1340206185567
12	24	25	11	11.375	-3	6
13	0	0	0	0	-1	7.8
14	26	27	2	0.5725	-3	5.42439516129032
15	28	29	3	0.085	-3	4.09090909090909
16	30	31	3	0.515	-3	6.41666666666667
17	0	0	0	0	-1	5
18	32	33	1	7.05	-3	5.37640449438202
19	34	35	1	7.05	-3	6.0379746835443
20	36	37	7	46	-3	6.72857142857143
21	0	0	0	0	-1	8
22	38	39	5	0.0575	-3	6.45744680851064
23	40	41	7	95.5	-3	5.83
24	0	0	0	0	-1	6
25	0	0	0	0	-1	6
26	42	43	11	11.35	-3	5.59459459459459
27	44	45	11	10.05	-3	5.32315112540193
28	46	47	3	0.03	-3	3.25
29	48	49	2	1.0225	-3	5.1
30	50	51	7	35.5	-3	6.31818181818182
31	0	0	0	0	-1	7.5
32	52	53	1	6.35	-3	5.64705882352941
33	54	55	5	0.058	-3	5.3125
34	56	57	3	0.435	-3	4.81818181818182
35	58	59	8	0.994995	-3	6.23529411764706
36	60	61	8	0.99451	-3	6.85454545454546
37	62	63	3	0.005	-3	6.26666666666667
38	64	65	8	0.99658	-3	5.8
39	66	67	10	0.71	-3	6.53571428571429
40	68	69	7	18.5	-3	5.91208791208791
41	0	0	0	0	-1	5
42	70	71	11	9.95	-3	5.4887459807074
43	72	73	1	6.55	-3	6.15254237288136
44	74	75	11	8.7	-3	5.13477088948787
45	76	77	4	5.85	-3	5.60159362549801
46	78	79	1	7.95	-3	3
47	0	0	0	0	-1	4
48	0	0	0	0	-1	6
49	80	81	2	1.1	-3	4.875
50	82	83	5	0.06	-3	6.70588235294118
51	84	85	10	0.415	-3	6.07407407407407
52	86	87	7	53	-3	5.375
53	88	89	9	3.3	-3	5.88888888888889
54	0	0	0	0	-1	4.2
55	90	91	11	9.95	-3	5.35251798561151
56	92	93	1	6.95	-3	4.55555555555556
57	0	0	0	0	-1	6
58	94	95	3	0.36	-3	6.85714285714286
59	96	97	4	6.1	-3	6.16393442622951
60	98	99	11	12.45	-3	6.625
61	100	101	10	0.695	-3	6.94871794871795
62	0	0	0	0	-1	7
63	102	103	1	7.9	-3	6.21428571428571
64	104	105	9	0.245	-3	5
65	0	0	0	0	-1	7
66	0	0	0	0	-1	5.33333333333333
67	106	107	6	16.5	-3	6.58024691358025
68	108	109	11	10.3	-3	5.375
69	110	111	11	9.95	-3	6.02666666666667
70	112	113	8	1.0005	-3	5.30405405405406
71	114	115	10	0.535	-3	5.65644171779141
72	116	117	5	0.0515	-3	5.75
73	118	119	4	2.35	-3	6.30232558139535
74	0	0	0	0	-1	3
75	120	121	1	6.75	-3	5.14054054054054
76	122	123	4	5.55	-3	5.57201646090535
77	124	125	4	6.05	-3	6.5
78	126	127	7	0.99568	-3	3
79	0	0	0	0	-1	3
80	0	0	0	0	-1	5
81	0	0	0	0	-1	4
82	128	129	9	3.215	-3	6.33333333333333
83	130	131	9	3.315	-3	6.90909090909091
84	0	0	0	0	-1	7
85	132	133	1	0	-3	6
86	134	135	5	0.076	-3	5
87	136	137	10	0.51	-3	6
88	0	0	0	0	-1	5
89	138	139	9	3.35	-3	5.94117647058824
90	140	141	7	87	-3	5.43181818181818
91	142	143	5	0.065	-3	5.2156862745098
92	144	145	5	0.0525	-3	4.33333333333333
93	0	0	0	0	-1	5
94	0	0	0	0	-1	6
95	146	147	9	3.23	-3	7
96	148	149	4	2.95	-3	6.22033898305085
97	0	0	0	0	-1	4.5
98	150	151	11	11.1	-3	6
99	152	153	10	0.755	-3	7
100	0	0	0	0	-1	7.66666666666667
101	154	155	1	9.6	-3	6.88888888888889
102	156	157	5	0	-3	6
103	158	159	1	8.65	-3	6.5
104	0	0	0	0	-1	5
105	0	0	0	0	-1	5
106	160	161	11	10.4	-3	6.68181818181818
107	162	163	9	3.29	-3	6.13333333333333
108	0	0	0	0	-1	5
109	164	165	1	10.5	-3	6
110	166	167	9	3.36	-3	5.75
111	168	169	11	13.55	-3	6.19148936170213
112	170	171	9	3.265	-3	5.26950354609929
113	172	173	4	3.13	-3	6
114	174	175	6	5.5	-3	5.24242424242424
115	176	177	2	0.4725	-3	5.76153846153846
116	178	179	7	0	-3	5
117	180	181	2	0.565	-3	6.33333333333333
118	182	183	6	8	-3	6
119	184	185	11	12.6	-3	6.48148148148148
120	186	187	7	22	-3	4.68
121	188	189	4	3.95	-3	5.17391304347826
122	190	191	11	11.45	-3	5.59166666666667
123	0	0	0	0	-1	4
124	192	193	5	0	-3	7
125	0	0	0	0	-1	5
126	0	0	0	0	-1	5
127	0	0	0	0	-1	3
128	0	0	0	0	-1	7
129	0	0	0	0	-1	6
130	0	0	0	0	-1	7
131	0	0	0	0	-1	6.66666666666667
132	0	0	0	0	-1	7
133	194	195	1	6.3	-3	6
134	0	0	0	0	-1	5
135	196	197	6	0	-3	5
136	0	0	0	0	-1	6
137	0	0	0	0	-1	6
138	0	0	0	0	-1	5.66666666666667
139	198	199	3	0.23	-3	6
140	200	201	10	0.565	-3	5.49350649350649
141	202	203	4	0.99869	-3	5
142	0	0	0	0	-1	6
143	204	205	5	0.0675	-3	5.18367346938776
144	0	0	0	0	-1	6
145	0	0	0	0	-1	4
146	0	0	0	0	-1	7
147	0	0	0	0	-1	7
148	206	207	5	0.0705	-3	6.08163265306123
149	208	209	8	0.99655	-3	6.9
150	0	0	0	0	-1	6
151	0	0	0	0	-1	6
152	0	0	0	0	-1	7
153	210	211	5	0.147	-3	7
154	212	213	11	12.3	-3	6.94117647058824
155	0	0	0	0	-1	6
156	0	0	0	0	-1	5
157	0	0	0	0	-1	6
158	0	0	0	0	-1	7
159	0	0	0	0	-1	6
160	214	215	3	0.565	-3	6.27272727272727
161	216	217	4	3.95	-3	6.88636363636364
162	218	219	6	26.5	-3	5.71428571428571
163	220	221	8	0.997775	-3	6.5
164	0	0	0	0	-1	6
165	0	0	0	0	-1	6
166	222	223	8	0.9967	-3	5.85185185185185
167	0	0	0	0	-1	3
168	224	225	6	16.5	-3	6.21739130434783
169	0	0	0	0	-1	5
170	226	227	2	0.455	-3	5.03389830508475
171	228	229	6	20	-3	5.4390243902439
172	0	0	0	0	-1	6
173	0	0	0	0	-1	6
174	230	231	4	3.1	-3	5.75
175	232	233	11	10.45	-3	5.08
176	234	235	4	2.15	-3	5.41666666666667
177	236	237	4	2.85	-3	5.83962264150943
178	0	0	0	0	-1	7
179	238	239	1	0	-3	5
180	240	241	1	5.6	-3	6.14285714285714
181	0	0	0	0	-1	7
182	0	0	0	0	-1	6
183	242	243	9	3.31	-3	6
184	244	245	11	11.65	-3	6.60869565217391
185	0	0	0	0	-1	5.75
186	0	0	0	0	-1	3.2
187	246	247	1	6.65	-3	5.05
188	248	249	3	0.655	-3	5.14375
189	250	251	2	0.6025	-3	5.56
190	252	253	3	0.185	-3	5.48913043478261
191	254	255	11	12.85	-3	5.92857142857143
192	0	0	0	0	-1	6
193	0	0	0	0	-1	7
194	0	0	0	0	-1	6
195	0	0	0	0	-1	6
196	0	0	0	0	-1	6
197	0	0	0	0	-1	5
198	256	257	6	22.5	-3	6
199	0	0	0	0	-1	6
200	258	259	4	1.85	-3	5.25
201	260	261	10	0.605	-3	5.66666666666667
202	0	0	0	0	-1	5
203	262	263	1	8.9	-3	5
204	264	265	2	0.335	-3	4.66666666666667
205	266	267	7	58.5	-3	5.25581395348837
206	268	269	9	3.19	-3	6.71428571428571
207	270	271	6	23	-3	5.97619047619048
208	0	0	0	0	-1	6.66666666666667
209	272	273	2	0.38	-3	7
210	0	0	0	0	-1	7
211	0	0	0	0	-1	7
212	274	275	8	0	-3	7
213	0	0	0	0	-1	6.6
214	276	277	5	0.0765	-3	6.42105263157895
215	0	0	0	0	-1	5.33333333333333
216	278	279	1	8.1	-3	6.92857142857143
217	0	0	0	0	-1	6
218	0	0	0	0	-1	6
219	0	0	0	0	-1	5.33333333333333
220	0	0	0	0	-1	7
221	0	0	0	0	-1	6.2
222	0	0	0	0	-1	5
223	280	281	3	0.615	-3	6
224	282	283	4	2.45	-3	6.4
225	284	285	8	0.999175	-3	6
226	0	0	0	0	-1	6
227	286	287	4	3.15	-3	5
228	288	289	6	5.5	-3	5.55384615384615
229	290	291	5	0.122	-3	5
230	0	0	0	0	-1	5
231	0	0	0	0	-1	6
232	292	293	3	0.055	-3	5.33333333333333
233	294	295	8	0.996725	-3	5
234	296	297	6	9	-3	5.66666666666667
235	298	299	11	10.9	-3	5.16666666666667
236	300	301	9	3.48	-3	5.95604395604396
237	302	303	5	0.1125	-3	5.13333333333333
238	0	0	0	0	-1	5
239	0	0	0	0	-1	5
240	0	0	0	0	-1	7
241	304	305	3	0.145	-3	6
242	0	0	0	0	-1	6
243	306	307	7	27	-3	6
244	308	309	9	3.105	-3	6.125
245	310	311	4	2.65	-3	6.86666666666667
246	312	313	7	0	-3	5
247	0	0	0	0	-1	5.5
248	314	315	9	3.305	-3	5.15047021943573
249	0	0	0	0	-1	3
250	0	0	0	0	-1	4.75
251	316	317	10	0.525	-3	5.71428571428571
252	318	319	10	0.555	-3	5.64705882352941
253	320	321	3	0.545	-3	5.2
254	322	323	5	0.0935	-3	6
255	0	0	0	0	-1	5
256	0	0	0	0	-1	6
257	324	325	1	6.45	-3	6
258	326	327	5	0.087	-3	5.625
259	328	329	9	3.315	-3	5.125
260	330	331	2	0.405	-3	5.90909090909091
261	332	333	4	2.65	-3	5.58823529411765
262	0	0	0	0	-1	5
263	334	335	10	0	-3	5
264	0	0	0	0	-1	5
265	0	0	0	0	-1	4.33333333333333
266	336	337	8	0.995915	-3	5.18918918918919
267	338	339	7	82	-3	5.66666666666667
268	0	0	0	0	-1	8
269	340	341	2	0.33	-3	6.5
270	342	343	9	3.095	-3	6.05263157894737
271	0	0	0	0	-1	5.25
272	0	0	0	0	-1	7
273	0	0	0	0	-1	7
274	0	0	0	0	-1	7
275	344	345	3	0	-3	7
276	346	347	6	4.5	-3	7.16666666666667
277	348	349	9	3.16	-3	6.07692307692308
278	0	0	0	0	-1	6
279	350	351	5	0.076	-3	6.95121951219512
280	352	353	9	3.025	-3	6.15
281	0	0	0	0	-1	5
282	354	355	6	8	-3	6.09090909090909
283	356	357	8	1.00015	-3	6.64285714285714
284	358	359	5	0.0615	-3	6.25
285	360	361	5	0.082	-3	5.66666666666667
286	362	363	5	0.0665	-3	5.05555555555556
287	0	0	0	0	-1	4
288	364	365	4	0	-3	5
289	366	367	9	3.535	-3	5.61016949152542
290	368	369	5	0.0875	-3	5.0625
291	0	0	0	0	-1	4
292	0	0	0	0	-1	6
293	0	0	0	0	-1	5
294	370	371	11	10.75	-3	5
295	0	0	0	0	-1	5
296	0	0	0	0	-1	5
297	372	373	3	0.255	-3	6
298	374	375	3	0	-3	5
299	0	0	0	0	-1	5.4
300	376	377	9	3.085	-3	6.0253164556962
301	378	379	4	1.85	-3	5.5
302	380	381	8	0.99712	-3	5.30769230769231
303	0	0	0	0	-1	4
304	0	0	0	0	-1	6
305	0	0	0	0	-1	6
306	0	0	0	0	-1	6
307	0	0	0	0	-1	6
308	0	0	0	0	-1	7
309	382	383	4	0	-3	6
310	384	385	5	0.0795	-3	7
311	386	387	10	0.7	-3	6.66666666666667
312	0	0	0	0	-1	5
313	388	389	2	0.6875	-3	5
314	390	391	2	0.605	-3	5.10112359550562
315	392	393	9	3.33	-3	5.21276595744681
316	394	395	3	0.155	-3	6
317	396	397	10	0.7	-3	5.14285714285714
318	398	399	8	0.996435	-3	5.23333333333333
319	400	401	3	0.09	-3	5.78651685393258
320	402	403	7	14	-3	5.14754098360656
321	0	0	0	0	-1	6
322	404	405	10	0.545	-3	6.03921568627451
323	0	0	0	0	-1	4
324	0	0	0	0	-1	6
325	0	0	0	0	-1	6
326	0	0	0	0	-1	6
327	0	0	0	0	-1	5
328	406	407	5	0.0805	-3	5.2
329	408	409	7	3.335	-3	5
330	410	411	1	17	-3	6
331	0	0	0	0	-1	5
332	412	413	11	9.4	-3	5.71428571428571
333	414	415	8	1.0012	-3	5
334	0	0	0	0	-1	5
335	416	417	6	23	-3	5
336	0	0	0	0	-1	5.66666666666667
337	418	419	11	10.15	-3	5.14705882352941
338	0	0	0	0	-1	6
339	0	0	0	0	-1	5
340	0	0	0	0	-1	7
341	0	0	0	0	-1	6
342	0	0	0	0	-1	5
343	420	421	2	0.435	-3	6.11111111111111
344	0	0	0	0	-1	5
345	422	423	5	0	-3	7
346	0	0	0	0	-1	8
347	0	0	0	0	-1	7
348	0	0	0	0	-1	7
349	424	425	4	2.4	-3	6
350	426	427	9	3.255	-3	6.86363636363636
351	428	429	7	19.5	-3	7.05263157894737
352	0	0	0	0	-1	7
353	430	431	10	0.74	-3	6.05555555555556
354	0	0	0	0	-1	6.5
355	432	433	9	12	-3	6
356	434	435	3	0.275	-3	6.75
357	0	0	0	0	-1	6
358	0	0	0	0	-1	7
359	436	437	8	0.99849	-3	6.1
360	0	0	0	0	-1	5.25
361	0	0	0	0	-1	6
362	0	0	0	0	-1	5.5
363	438	439	11	9.15	-3	5.03846153846154
364	0	0	0	0	-1	5
365	0	0	0	0	-1	5
366	440	441	4	2.85	-3	5.68627450980392
367	442	443	7	31.5	-3	5.125
368	444	445	2	8.55	-3	5
369	0	0	0	0	-1	5.5
370	446	447	4	0	-3	5
371	448	449	1	7.65	-3	5
372	0	0	0	0	-1	6
373	0	0	0	0	-1	6
374	0	0	0	0	-1	6
375	450	451	7	18.5	-3	5
376	452	453	10	0.775	-3	5.42857142857143
377	454	455	7	48.5	-3	6.08333333333333
378	0	0	0	0	-1	5
379	456	457	3	0.04	-3	6
380	0	0	0	0	-1	6
381	458	459	1	9.7	-3	5.1
382	0	0	0	0	-1	6
383	460	461	7	23.5	-3	6
384	0	0	0	0	-1	7
385	0	0	0	0	-1	7
386	0	0	0	0	-1	6.33333333333333
387	0	0	0	0	-1	7
388	462	463	11	0	-3	5
389	0	0	0	0	-1	5
390	464	465	1	7.45	-3	5.24528301886792
391	466	467	5	0.052	-3	5.04
392	468	469	1	9.3	-3	5.64
393	470	471	10	0.5	-3	5.12068965517241
394	0	0	0	0	-1	6
395	472	473	8	0.9975	-3	6
396	0	0	0	0	-1	5
397	0	0	0	0	-1	5.5
398	474	475	7	31	-3	5
399	476	477	11	10.55	-3	5.7
400	478	479	8	0.996195	-3	5.62068965517241
401	480	481	1	8.1	-3	6.09677419354839
402	0	0	0	0	-1	6
403	482	483	4	4.8	-3	5.11864406779661
404	484	485	11	12.4	-3	5.54545454545455
405	486	487	3	0.04	-3	6.175
406	488	489	7	53	-3	5.5
407	0	0	0	0	-1	5
408	0	0	0	0	-1	5
409	490	491	2	0.36	-3	5
410	492	493	7	17	-3	6
411	0	0	0	0	-1	6
412	494	495	6	10	-3	5.5
413	496	497	8	0.99768	-3	5.92857142857143
414	0	0	0	0	-1	5
415	0	0	0	0	-1	5
416	0	0	0	0	-1	5
417	0	0	0	0	-1	5
418	0	0	0	0	-1	6
419	498	499	8	0.99644	-3	5.06451612903226
420	500	501	9	3.16	-3	6.03030303030303
421	0	0	0	0	-1	7
422	0	0	0	0	-1	7
423	502	503	8	0.99464	-3	7
424	504	505	11	0.9982	-3	6
425	0	0	0	0	-1	6
426	506	507	4	1.95	-3	6.94117647058824
427	0	0	0	0	-1	6.6
428	0	0	0	0	-1	7.33333333333333
429	0	0	0	0	-1	7
430	0	0	0	0	-1	6.33333333333333
431	508	509	7	23.5	-3	6
432	510	511	2	0.415	-3	6
433	0	0	0	0	-1	6
434	0	0	0	0	-1	6
435	512	513	5	0.1015	-3	6.9
436	514	515	7	54.5	-3	6
437	0	0	0	0	-1	7
438	0	0	0	0	-1	5.2
439	516	517	5	0.108	-3	5.02127659574468
440	518	519	3	0.005	-3	5.74468085106383
441	0	0	0	0	-1	5
442	0	0	0	0	-1	6
443	520	521	1	0	-3	5
444	522	523	1	8.8	-3	5
445	0	0	0	0	-1	5
446	0	0	0	0	-1	5
447	0	0	0	0	-1	5
448	0	0	0	0	-1	5
449	0	0	0	0	-1	5
450	0	0	0	0	-1	5
451	0	0	0	0	-1	5
452	0	0	0	0	-1	6.5
453	0	0	0	0	-1	5
454	524	525	3	0.015	-3	6
455	526	527	7	55	-3	6.27272727272727
456	0	0	0	0	-1	6
457	0	0	0	0	-1	6
458	0	0	0	0	-1	5
459	0	0	0	0	-1	5.5
460	0	0	0	0	-1	6
461	0	0	0	0	-1	6
462	0	0	0	0	-1	5
463	528	529	11	31.5	-3	5
464	530	531	5	0.0815	-3	5.85714285714286
465	532	533	7	31	-3	5.15217391304348
466	0	0	0	0	-1	6
467	534	535	1	10.7	-3	5.03225806451613
468	536	537	3	0.165	-3	5.8
469	0	0	0	0	-1	5
470	538	539	3	0.015	-3	4.71428571428571
471	540	541	5	0.0815	-3	5.1764705882353
472	0	0	0	0	-1	6
473	0	0	0	0	-1	6
474	542	543	2	0.69	-3	4.55555555555556
475	544	545	8	0.995425	-3	5.36363636363636
476	0	0	0	0	-1	5
477	0	0	0	0	-1	6
478	546	547	1	6.3	-3	5.80952380952381
479	548	549	4	1.95	-3	5.125
480	550	551	6	25	-3	6.375
481	552	553	11	10.45	-3	5.8
482	554	555	11	10.25	-3	5.08771929824561
483	0	0	0	0	-1	6
484	556	557	9	3.35	-3	5.16666666666667
485	0	0	0	0	-1	6
486	558	559	4	2.175	-3	6.47368421052632
487	560	561	7	26.5	-3	5.90476190476191
488	0	0	0	0	-1	5.25
489	0	0	0	0	-1	6
490	0	0	0	0	-1	5
491	562	563	9	0	-3	5
492	0	0	0	0	-1	6
493	564	565	2	1.95	-3	6
494	566	567	6	5.5	-3	5.875
495	568	569	7	0	-3	5
496	570	571	3	0.37	-3	6
497	572	573	6	16.5	-3	5.85714285714286
498	574	575	4	2.4	-3	5.28571428571429
499	576	577	4	2.9	-3	5
500	578	579	8	0.99669	-3	6.16666666666667
501	580	581	2	0.395	-3	5.95238095238095
502	0	0	0	0	-1	7
503	582	583	8	0	-3	7
504	0	0	0	0	-1	6
505	584	585	3	2.05	-3	6
506	0	0	0	0	-1	6.66666666666667
507	586	587	10	0	-3	7
508	0	0	0	0	-1	6
509	588	589	5	0.141	-3	6
510	590	591	5	0	-3	6
511	0	0	0	0	-1	6
512	592	593	5	12.15	-3	7
513	0	0	0	0	-1	6.5
514	0	0	0	0	-1	6
515	594	595	8	0.99725	-3	6
516	596	597	9	3.13	-3	5
517	598	599	9	2.98	-3	5.07142857142857
518	0	0	0	0	-1	5.25
519	600	601	7	38.5	-3	5.7906976744186
520	0	0	0	0	-1	6
521	602	603	7	36.5	-3	5
522	604	605	3	0.15	-3	5
523	0	0	0	0	-1	5
524	0	0	0	0	-1	6.66666666666667
525	606	607	5	0.1235	-3	5.95744680851064
526	608	609	5	0.0765	-3	7
527	610	611	6	13	-3	5.93333333333333
528	612	613	5	0.091	-3	5
529	0	0	0	0	-1	5
530	0	0	0	0	-1	5
531	0	0	0	0	-1	6
532	614	615	7	27.5	-3	5.5
533	616	617	8	0.99875	-3	5.05555555555556
534	618	619	2	0.825	-3	5.01639344262295
535	0	0	0	0	-1	6
536	620	621	7	28	-3	6
537	0	0	0	0	-1	5.2
538	622	623	2	0.71	-3	4.33333333333333
539	624	625	5	0.076	-3	5
540	626	627	10	0.66	-3	5.10810810810811
541	628	629	2	0.8025	-3	5.35714285714286
542	0	0	0	0	-1	4.2
543	0	0	0	0	-1	5
544	0	0	0	0	-1	5.8
545	630	631	10	91.5	-3	5
546	632	633	4	1.7	-3	5
547	634	635	7	12.5	-3	5.97142857142857
548	636	637	1	0	-3	5
549	638	639	1	7.55	-3	5.22222222222222
550	640	641	8	0.99616	-3	6.46666666666667
551	0	0	0	0	-1	5
552	642	643	10	10.3	-3	6
553	0	0	0	0	-1	5.25
554	644	645	4	2.15	-3	5.38095238095238
555	646	647	3	0.495	-3	4.91666666666667
556	0	0	0	0	-1	6
557	0	0	0	0	-1	5
558	648	649	5	0.0855	-3	6.125
559	650	651	2	0.7	-3	6.72727272727273
560	0	0	0	0	-1	5.4
561	652	653	1	9.25	-3	6.0625
562	0	0	0	0	-1	5
563	0	0	0	0	-1	5
564	654	655	3	0.275	-3	6
565	0	0	0	0	-1	6
566	0	0	0	0	-1	5
567	0	0	0	0	-1	6
568	0	0	0	0	-1	6
569	0	0	0	0	-1	5
570	0	0	0	0	-1	6
571	0	0	0	0	-1	6
572	0	0	0	0	-1	6
573	0	0	0	0	-1	5.5
574	0	0	0	0	-1	5
575	0	0	0	0	-1	6
576	656	657	1	9.9	-3	5
577	658	659	10	0.645	-3	5
578	0	0	0	0	-1	7
579	660	661	1	10.05	-3	6
580	0	0	0	0	-1	6
581	0	0	0	0	-1	5.75
582	0	0	0	0	-1	7
583	662	663	4	0.0475	-3	7
584	664	665	6	6	-3	6
585	0	0	0	0	-1	6
586	0	0	0	0	-1	6
587	666	667	9	0	-3	7
588	668	669	1	10.55	-3	6
589	0	0	0	0	-1	6
590	0	0	0	0	-1	6
591	670	671	2	0.375	-3	6
592	672	673	7	40.5	-3	7
593	0	0	0	0	-1	7
594	0	0	0	0	-1	6
595	0	0	0	0	-1	6
596	674	675	7	108.5	-3	5
597	676	677	10	0.605	-3	5
598	0	0	0	0	-1	5.33333333333333
599	0	0	0	0	-1	5
600	678	679	3	0.115	-3	5.875
601	680	681	10	0.625	-3	5.54545454545455
602	0	0	0	0	-1	5
603	0	0	0	0	-1	5
604	0	0	0	0	-1	5
605	682	683	7	0	-3	5
606	684	685	8	0.995745	-3	5.97777777777778
607	0	0	0	0	-1	5.5
608	0	0	0	0	-1	7
609	0	0	0	0	-1	7
610	0	0	0	0	-1	5.5
611	686	687	5	0.075	-3	6
612	688	689	3	0	-3	5
613	0	0	0	0	-1	5
614	690	691	1	11.15	-3	5.375
615	0	0	0	0	-1	6
616	692	693	3	0.135	-3	5.08571428571429
617	0	0	0	0	-1	4
618	694	695	2	0.7075	-3	5.04854368932039
619	696	697	5	0.0805	-3	4.84210526315789
620	0	0	0	0	-1	6
621	698	699	7	33	-3	6
622	0	0	0	0	-1	5
623	0	0	0	0	-1	4.2
624	0	0	0	0	-1	5
625	700	701	8	0	-3	5
626	702	703	9	3.52	-3	5.01818181818182
627	704	705	1	6.95	-3	5.36842105263158
628	706	707	7	71.5	-3	5.5
629	708	709	2	0.8525	-3	4.83333333333333
630	0	0	0	0	-1	5
631	0	0	0	0	-1	5
632	0	0	0	0	-1	4
633	710	711	8	0.99424	-3	5.16666666666667
634	0	0	0	0	-1	5.4
635	712	713	11	10.6	-3	6.06666666666667
636	0	0	0	0	-1	6
637	714	715	1	0	-3	5
638	716	717	8	0.99628	-3	5.125
639	0	0	0	0	-1	6
640	718	719	6	12	-3	6
641	720	721	8	0.99743	-3	6.77777777777778
642	722	723	3	0	-3	6
643	0	0	0	0	-1	6
644	0	0	0	0	-1	6
645	724	725	5	0.089	-3	5.23529411764706
646	726	727	11	10.5	-3	4.94285714285714
647	0	0	0	0	-1	4
648	0	0	0	0	-1	6
649	0	0	0	0	-1	7
650	0	0	0	0	-1	7
651	728	729	11	12.55	-3	6.5
652	730	731	1	5.9	-3	6
653	0	0	0	0	-1	7
654	0	0	0	0	-1	6
655	0	0	0	0	-1	6
656	732	733	11	0	-3	5
657	734	735	7	3.075	-3	5
658	0	0	0	0	-1	5
659	0	0	0	0	-1	5
660	0	0	0	0	-1	6
661	736	737	11	0.62	-3	6
662	0	0	0	0	-1	6
663	738	739	10	0.87	-3	7
664	0	0	0	0	-1	6
665	0	0	0	0	-1	6
666	0	0	0	0	-1	7
667	740	741	2	0	-3	7
668	742	743	3	0	-3	6
669	0	0	0	0	-1	6
670	0	0	0	0	-1	6
671	0	0	0	0	-1	6
672	0	0	0	0	-1	7
673	0	0	0	0	-1	7
674	744	745	5	0	-3	5
675	0	0	0	0	-1	5
676	746	747	5	8.45	-3	5
677	748	749	11	0	-3	5
678	750	751	5	0.0955	-3	5.7
679	752	753	8	0.99665	-3	5.95454545454545
680	754	755	11	9.75	-3	5.28571428571429
681	0	0	0	0	-1	6
682	0	0	0	0	-1	6
683	0	0	0	0	-1	5
684	756	757	9	3.46	-3	6.03846153846154
685	758	759	8	0.995825	-3	5.89473684210526
686	0	0	0	0	-1	6
687	760	761	9	3.195	-3	6
688	0	0	0	0	-1	5
689	762	763	6	13	-3	5
690	0	0	0	0	-1	5
691	0	0	0	0	-1	5.75
692	764	765	5	0.0905	-3	5.28571428571429
693	766	767	1	8	-3	5.03571428571429
694	768	769	9	3.14	-3	4.98387096774194
695	770	771	4	2.25	-3	5.14634146341463
696	772	773	6	12	-3	4.57142857142857
697	774	775	4	2.35	-3	5
698	0	0	0	0	-1	6
699	776	777	1	9.15	-3	6
700	0	0	0	0	-1	6
701	778	779	6	8	-3	5
702	780	781	9	3.475	-3	5
703	782	783	4	2.25	-3	5.125
704	784	785	11	9.6	-3	5.08333333333333
705	786	787	6	17.5	-3	5.85714285714286
706	788	789	9	3.365	-3	5.38888888888889
707	0	0	0	0	-1	6
708	0	0	0	0	-1	5
709	0	0	0	0	-1	4.5
710	0	0	0	0	-1	5.5
711	0	0	0	0	-1	5
712	790	791	9	3.335	-3	6.33333333333333
713	792	793	1	6.75	-3	6
714	0	0	0	0	-1	6
715	0	0	0	0	-1	5
716	0	0	0	0	-1	6
717	794	795	7	0	-3	5
718	0	0	0	0	-1	6
719	0	0	0	0	-1	6
720	796	797	8	0.99635	-3	6.875
721	0	0	0	0	-1	6
722	0	0	0	0	-1	7
723	0	0	0	0	-1	6
724	798	799	8	0.99897	-3	5
725	0	0	0	0	-1	5.8
726	0	0	0	0	-1	4.5
727	800	801	9	3.4	-3	4.96969696969697
728	0	0	0	0	-1	6.75
729	0	0	0	0	-1	6
730	0	0	0	0	-1	6
731	0	0	0	0	-1	6
732	0	0	0	0	-1	8
733	802	803	11	0	-3	5
734	0	0	0	0	-1	6
735	804	805	5	0.096	-3	5
736	0	0	0	0	-1	6
737	806	807	2	0	-3	6
738	0	0	0	0	-1	7
739	0	0	0	0	-1	7
740	0	0	0	0	-1	5
741	808	809	10	0.865	-3	7
742	0	0	0	0	-1	5
743	810	811	4	0	-3	6
744	0	0	0	0	-1	6
745	812	813	1	8.95	-3	5
746	0	0	0	0	-1	5
747	0	0	0	0	-1	5
748	0	0	0	0	-1	5
749	814	815	3	0.345	-3	5
750	816	817	4	1.7	-3	5.77777777777778
751	0	0	0	0	-1	5
752	818	819	8	0.996245	-3	5.66666666666667
753	820	821	3	0.17	-3	6.0625
754	0	0	0	0	-1	5
755	0	0	0	0	-1	6
756	0	0	0	0	-1	6
757	0	0	0	0	-1	7
758	0	0	0	0	-1	5
759	822	823	9	3.4	-3	5.94444444444444
760	824	825	1	0	-3	6
761	0	0	0	0	-1	6
762	0	0	0	0	-1	5
763	0	0	0	0	-1	5
764	0	0	0	0	-1	5
765	0	0	0	0	-1	6
766	826	827	10	0.56	-3	5.11111111111111
767	828	829	5	0.0805	-3	5
768	830	831	3	0.255	-3	5.125
769	832	833	11	9.35	-3	4.96296296296296
770	834	835	7	63.5	-3	5.03448275862069
771	836	837	2	0.7525	-3	5.41666666666667
772	0	0	0	0	-1	4
773	0	0	0	0	-1	5
774	838	839	7	0	-3	5
775	0	0	0	0	-1	5
776	0	0	0	0	-1	6
777	0	0	0	0	-1	6
778	0	0	0	0	-1	5
779	0	0	0	0	-1	5
780	840	841	1	7.05	-3	5
781	842	843	9	3.495	-3	5
782	0	0	0	0	-1	5.33333333333333
783	0	0	0	0	-1	5
784	0	0	0	0	-1	6
785	844	845	4	0	-3	5
786	846	847	11	9.7	-3	6
787	0	0	0	0	-1	5
788	848	849	7	30	-3	5.2
789	850	851	8	0.997215	-3	5.625
790	0	0	0	0	-1	7
791	0	0	0	0	-1	6
792	0	0	0	0	-1	6
793	852	853	9	3.43	-3	6
794	0	0	0	0	-1	6
795	854	855	4	2.8	-3	5
796	0	0	0	0	-1	6.66666666666667
797	0	0	0	0	-1	7
798	856	857	1	0	-3	5
799	0	0	0	0	-1	5
800	858	859	9	3.285	-3	5.03333333333333
801	0	0	0	0	-1	4.33333333333333
802	0	0	0	0	-1	5
803	0	0	0	0	-1	5
804	0	0	0	0	-1	5
805	0	0	0	0	-1	5
806	0	0	0	0	-1	5
807	860	861	10	0	-3	6
808	0	0	0	0	-1	7
809	862	863	10	2.25	-3	7
810	0	0	0	0	-1	5
811	864	865	2	0.415	-3	6
812	0	0	0	0	-1	5
813	0	0	0	0	-1	5
814	0	0	0	0	-1	5
815	0	0	0	0	-1	5
816	0	0	0	0	-1	6
817	866	867	8	0.995525	-3	5.66666666666667
818	0	0	0	0	-1	6
819	0	0	0	0	-1	5
820	0	0	0	0	-1	6.25
821	868	869	5	0.134	-3	6
822	870	871	8	0.99681	-3	6
823	0	0	0	0	-1	5.66666666666667
824	0	0	0	0	-1	6
825	872	873	9	3.14	-3	6
826	874	875	2	0.595	-3	5
827	0	0	0	0	-1	5.33333333333333
828	876	877	3	0	-3	5
829	878	879	2	0.595	-3	5
830	0	0	0	0	-1	5
831	0	0	0	0	-1	6
832	880	881	3	0.035	-3	4.86363636363636
833	882	883	7	90.5	-3	5.03125
834	884	885	8	0.72	-3	5
835	886	887	3	0.135	-3	5.09090909090909
836	888	889	8	0.997695	-3	5.71428571428571
837	0	0	0	0	-1	5
838	0	0	0	0	-1	5
839	890	891	7	129.5	-3	5
840	0	0	0	0	-1	5
841	892	893	9	3.435	-3	5
842	894	895	2	0.615	-3	5
843	896	897	4	2.55	-3	5
844	0	0	0	0	-1	5
845	898	899	7	34.5	-3	5
846	0	0	0	0	-1	6
847	0	0	0	0	-1	6
848	0	0	0	0	-1	5.66666666666667
849	900	901	5	0	-3	5
850	0	0	0	0	-1	6
851	0	0	0	0	-1	5.25
852	902	903	11	11.2	-3	6
853	904	905	3	0.025	-3	6
854	0	0	0	0	-1	5
855	0	0	0	0	-1	5
856	0	0	0	0	-1	6
857	906	907	4	0	-3	5
858	908	909	1	9.75	-3	5.09090909090909
859	910	911	2	0.63	-3	5
860	0	0	0	0	-1	6
861	912	913	6	11	-3	6
862	0	0	0	0	-1	7
863	0	0	0	0	-1	7
864	0	0	0	0	-1	6
865	0	0	0	0	-1	6
866	0	0	0	0	-1	5.33333333333333
867	0	0	0	0	-1	6
868	914	915	3	0.21	-3	6
869	0	0	0	0	-1	6
870	0	0	0	0	-1	6
871	916	917	2	0.565	-3	6
872	0	0	0	0	-1	6
873	0	0	0	0	-1	6
874	0	0	0	0	-1	5
875	0	0	0	0	-1	5
876	0	0	0	0	-1	5
877	918	919	7	69	-3	5
878	0	0	0	0	-1	5
879	0	0	0	0	-1	5
880	0	0	0	0	-1	4
881	920	921	5	0.0875	-3	4.90476190476191
882	922	923	7	84	-3	5
883	924	925	3	0.265	-3	5.1
884	0	0	0	0	-1	5
885	0	0	0	0	-1	5
886	0	0	0	0	-1	6
887	926	927	4	1.75	-3	5
888	928	929	3	0.09	-3	5.83333333333333
889	0	0	0	0	-1	5
890	930	931	1	0	-3	5
891	0	0	0	0	-1	5
892	932	933	3	0	-3	5
893	0	0	0	0	-1	5
894	0	0	0	0	-1	5
895	934	935	5	0	-3	5
896	936	937	7	77.5	-3	5
897	0	0	0	0	-1	5
898	0	0	0	0	-1	5
899	938	939	8	0	-3	5
900	0	0	0	0	-1	6
901	940	941	2	3.355	-3	5
902	942	943	11	7.75	-3	6
903	0	0	0	0	-1	6
904	0	0	0	0	-1	6
905	0	0	0	0	-1	6
906	0	0	0	0	-1	5
907	944	945	3	0	-3	5
908	0	0	0	0	-1	6
909	946	947	5	0.067	-3	5
910	0	0	0	0	-1	5
911	948	949	7	46.5	-3	5
912	0	0	0	0	-1	6
913	0	0	0	0	-1	6
914	0	0	0	0	-1	6
915	950	951	7	0	-3	6
916	952	953	1	10	-3	6
917	0	0	0	0	-1	6
918	0	0	0	0	-1	5
919	954	955	10	0	-3	5
920	956	957	2	0.6175	-3	5
921	958	959	7	82.5	-3	4.81818181818182
922	960	961	10	0.565	-3	5
923	0	0	0	0	-1	5
924	962	963	5	0.0825	-3	5
925	0	0	0	0	-1	5.5
926	0	0	0	0	-1	5
927	0	0	0	0	-1	5
928	0	0	0	0	-1	5
929	0	0	0	0	-1	6
930	0	0	0	0	-1	6
931	964	965	2	16.5	-3	5
932	0	0	0	0	-1	5
933	0	0	0	0	-1	5
934	0	0	0	0	-1	6
935	0	0	0	0	-1	5
936	0	0	0	0	-1	5
937	0	0	0	0	-1	5
938	0	0	0	0	-1	5
939	966	967	9	3.49	-3	5
940	0	0	0	0	-1	5
941	0	0	0	0	-1	5
942	0	0	0	0	-1	5
943	968	969	7	0.99555	-3	6
944	0	0	0	0	-1	5
945	0	0	0	0	-1	5
946	0	0	0	0	-1	5
947	970	971	2	0	-3	5
948	972	973	10	0	-3	5
949	974	975	7	0	-3	5
950	0	0	0	0	-1	6
951	976	977	7	29.5	-3	6
952	978	979	9	3.165	-3	6
953	0	0	0	0	-1	6
954	0	0	0	0	-1	5
955	980	981	1	8.6	-3	5
956	0	0	0	0	-1	5
957	982	983	1	0	-3	5
958	0	0	0	0	-1	4
959	984	985	1	0	-3	5
960	986	987	4	1.6	-3	5
961	988	989	9	0	-3	5
962	990	991	10	8.65	-3	5
963	0	0	0	0	-1	5
964	0	0	0	0	-1	5
965	0	0	0	0	-1	5
966	0	0	0	0	-1	5
967	0	0	0	0	-1	5
968	0	0	0	0	-1	5
969	992	993	10	0.615	-3	6
970	0	0	0	0	-1	6
971	0	0	0	0	-1	5
972	0	0	0	0	-1	5
973	0	0	0	0	-1	5
974	0	0	0	0	-1	5
975	0	0	0	0	-1	5
976	0	0	0	0	-1	6
977	0	0	0	0	-1	6
978	0	0	0	0	-1	6
979	0	0	0	0	-1	6
980	0	0	0	0	-1	5
981	0	0	0	0	-1	5
982	0	0	0	0	-1	5
983	994	995	2	0.675	-3	5
984	0	0	0	0	-1	5
985	996	997	4	2.95	-3	5
986	0	0	0	0	-1	5
987	998	999	1	0	-3	5
988	0	0	0	0	-1	6
989	1000	1001	1	7.35	-3	5
990	0	0	0	0	-1	5
991	0	0	0	0	-1	5
992	0	0	0	0	-1	6
993	1002	1003	10	0.7	-3	6
994	0	0	0	0	-1	5
995	0	0	0	0	-1	5
996	0	0	0	0	-1	5
997	1004	1005	9	3.165	-3	5
998	0	0	0	0	-1	5
999	1006	1007	8	0	-3	5
1000	0	0	0	0	-1	5
1001	1008	1009	5	0	-3	5
1002	0	0	0	0	-1	6
1003	0	0	0	0	-1	6
1004	0	0	0	0	-1	5
1005	0	0	0	0	-1	5
1006	0	0	0	0	-1	5
1007	0	0	0	0	-1	5
1008	0	0	0	0	-1	6
1009	1010	1011	6	13.5	-3	5
1010	0	0	0	0	-1	5
1011	0	0	0	0	-1	5
