1	2	3	3	0.285	-3	5.62851782363978
2	4	5	10	0.555	-3	5.46842709529276
3	6	7	2	0.405	-3	5.82005494505494
4	8	9	7	14.5	-3	5.12925170068027
5	10	11	11	11.55	-3	5.64124783362218
6	12	13	10	0.645	-3	6.11080332409972
7	14	15	10	0.645	-3	5.53405994550409
8	16	17	1	7.35	-3	4.73170731707317
9	18	19	10	0.485	-3	5.19367588932806
10	20	21	11	9.85	-3	5.50306748466258
11	22	23	8	0.99248	-3	6.40909090909091
12	24	25	1	8.35	-3	5.79464285714286
13	26	27	11	10.55	-3	6.25301204819277
14	28	29	2	0.535	-3	5.22023809523809
15	30	31	5	0.1115	-3	5.79899497487437
16	32	33	1	6.45	-3	5.14285714285714
17	34	35	9	3.46	-3	4.3
18	36	37	6	12.5	-3	5
19	38	39	11	10.15	-3	5.26923076923077
20	40	41	4	1.85	-3	5.36134453781513
21	42	43	2	0.695	-3	5.63745019920319
22	44	45	6	23	-3	7.0625
23	46	47	3	0.275	-3	6.26388888888889
24	48	49	4	3.45	-3	6.14583333333333
25	50	51	6	9.5	-3	5.53125
26	52	53	11	9.85	-3	5.9
27	54	55	7	19.5	-3	6.48993288590604
28	56	57	5	0.0855	-3	5.40449438202247
29	58	59	11	9.05	-3	5.0126582278481
30	60	61	7	84	-3	6.07913669064748
31	62	63	7	34.5	-3	5.15
32	0	0	0	0	-1	5.66666666666667
33	64	65	4	1.65	-3	5.05555555555556
34	66	67	11	9.9	-3	4.71428571428571
35	68	69	4	1.9	-3	3.33333333333333
36	70	71	2	0.8725	-3	4.78260869565217
37	72	73	9	3.675	-3	5.10416666666667
38	74	75	2	0.355	-3	5.15441176470588
39	76	77	9	3.365	-3	5.60869565217391
40	78	79	4	1.35	-3	5.12280701754386
41	80	81	2	0.655	-3	5.43646408839779
42	82	83	1	5.7	-3	5.73869346733668
43	84	85	9	3.535	-3	5.25
44	86	87	7	47	-3	7.21428571428571
45	0	0	0	0	-1	6
46	88	89	10	0.685	-3	6.33823529411765
47	0	0	0	0	-1	5
48	90	91	1	8.25	-3	6.08888888888889
49	0	0	0	0	-1	7
50	92	93	1	8.75	-3	5.85714285714286
51	94	95	5	0.0575	-3	5.13793103448276
52	96	97	7	82.5	-3	5.69811320754717
53	98	99	8	0.99624	-3	6.12765957446809
54	100	101	2	0.345	-3	7.03846153846154
55	102	103	6	6.5	-3	6.3739837398374
56	104	105	2	0.445	-3	5.24615384615385
57	106	107	1	10.5	-3	5.83333333333333
58	108	109	2	0.635	-3	3.57142857142857
59	110	111	8	0.995655	-3	5.15277777777778
60	112	113	6	20.5	-3	6.23728813559322
61	114	115	8	0.997275	-3	5.19047619047619
62	116	117	11	11.7	-3	6
63	118	119	4	1.6	-3	5
64	0	0	0	0	-1	4
65	120	121	8	0.995195	-3	5.11764705882353
66	122	123	9	3.18	-3	5.16666666666667
67	124	125	4	2.75	-3	4.375
68	0	0	0	0	-1	5
69	0	0	0	0	-1	3
70	126	127	4	1.75	-3	5.16666666666667
71	128	129	3	0.025	-3	4.36363636363636
72	130	131	11	11.1	-3	5.15217391304348
73	0	0	0	0	-1	4
74	0	0	0	0	-1	4.5
75	132	133	5	0.2265	-3	5.17424242424243
76	134	135	4	2.15	-3	5.84210526315789
77	136	137	7	27.5	-3	5.44444444444444
78	0	0	0	0	-1	4.5
79	138	139	2	0.54	-3	5.14545454545455
80	140	141	4	2.65	-3	5.54477611940298
81	142	143	1	8.65	-3	5.12765957446809
82	0	0	0	0	-1	4.5
83	144	145	9	3.615	-3	5.76410256410256
84	146	147	3	0.2	-3	5.48648648648649
85	148	149	9	3.595	-3	4.66666666666667
86	0	0	0	0	-1	6.33333333333333
87	150	151	7	88.5	-3	7.45454545454546
88	152	153	2	0.795	-3	6.16
89	154	155	10	0.95	-3	6.83333333333333
90	156	157	7	9.5	-3	6.02380952380952
91	0	0	0	0	-1	7
92	0	0	0	0	-1	5
93	158	159	3	0.465	-3	6
94	0	0	0	0	-1	4
95	160	161	8	0.99685	-3	5.17857142857143
96	162	163	8	1.0004	-3	5.77083333333333
97	0	0	0	0	-1	5
98	0	0	0	0	-1	8
99	164	165	1	9.05	-3	6
100	166	167	5	0.063	-3	6.89473684210526
101	168	169	5	0.078	-3	7.42857142857143
102	170	171	1	9	-3	6.85714285714286
103	172	173	2	0.245	-3	6.27450980392157
104	174	175	6	26.5	-3	5.44827586206897
105	176	177	11	9.35	-3	5.08333333333333
106	178	179	11	9.6	-3	6
107	0	0	0	0	-1	5.2
108	0	0	0	0	-1	3
109	0	0	0	0	-1	5
110	0	0	0	0	-1	6
111	180	181	11	9.75	-3	5.11594202898551
112	182	183	11	11.05	-3	6.0952380952381
113	184	185	8	0.9993	-3	6.58823529411765
114	0	0	0	0	-1	6
115	186	187	8	0.99997	-3	5.05555555555556
116	188	189	8	0.99698	-3	5.71428571428571
117	0	0	0	0	-1	7
118	0	0	0	0	-1	3.5
119	190	191	4	14.6	-3	5.12765957446809
120	0	0	0	0	-1	7
121	192	193	8	0.99625	-3	5
122	0	0	0	0	-1	6
123	0	0	0	0	-1	4.75
124	0	0	0	0	-1	4
125	0	0	0	0	-1	5
126	0	0	0	0	-1	5.66666666666667
127	0	0	0	0	-1	5
128	0	0	0	0	-1	5
129	194	195	2	1.0225	-3	4
130	196	197	9	3.28	-3	5.09302325581395
131	0	0	0	0	-1	6
132	198	199	2	0.385	-3	5.19083969465649
133	0	0	0	0	-1	3
134	200	201	10	0.525	-3	5.71428571428571
135	202	203	5	0.085	-3	5.91666666666667
136	204	205	9	3.49	-3	5
137	206	207	9	3.51	-3	5.63157894736842
138	208	209	11	9.45	-3	5.38888888888889
139	210	211	10	0.69	-3	5.02702702702703
140	212	213	1	6.75	-3	5.63106796116505
141	214	215	5	0.0775	-3	5.25806451612903
142	216	217	6	5.5	-3	5.04878048780488
143	218	219	8	0.99905	-3	5.66666666666667
144	220	221	3	0.185	-3	5.77720207253886
145	0	0	0	0	-1	4.5
146	222	223	2	0.7075	-3	5.64
147	224	225	8	0.9999	-3	5.16666666666667
148	226	227	7	18	-3	4.28571428571429
149	228	229	4	1.55	-3	5
150	230	231	6	15	-3	7.71428571428571
151	0	0	0	0	-1	7
152	232	233	11	12.85	-3	6.1063829787234
153	0	0	0	0	-1	7
154	234	235	6	4	-3	6.9375
155	0	0	0	0	-1	6
156	0	0	0	0	-1	7
157	236	237	3	0.395	-3	5.975
158	238	239	7	12.5	-3	6.45454545454546
159	240	241	4	4.8	-3	5.73684210526316
160	0	0	0	0	-1	6
161	242	243	11	10.6	-3	5.08
162	244	245	7	18.5	-3	5.86046511627907
163	0	0	0	0	-1	5
164	246	247	2	0.24	-3	6.5
165	248	249	2	0.365	-3	5.85294117647059
166	250	251	6	3.5	-3	7
167	252	253	5	0.07	-3	6.8
168	0	0	0	0	-1	8
169	0	0	0	0	-1	7
170	0	0	0	0	-1	6
171	254	255	2	0.37	-3	6.9
172	256	257	3	0.385	-3	5.8125
173	258	259	10	0.695	-3	6.36046511627907
174	260	261	1	10.1	-3	5.59090909090909
175	0	0	0	0	-1	5
176	262	263	1	9.7	-3	5.57142857142857
177	264	265	3	0.48	-3	4.96551724137931
178	266	267	9	3.195	-3	5.5
179	268	269	3	0.315	-3	6.55555555555556
180	270	271	11	9.55	-3	4.97297297297297
181	272	273	10	0.615	-3	5.28125
182	274	275	8	1.0018	-3	5.79166666666667
183	276	277	11	13.35	-3	6.5
184	278	279	8	0.99705	-3	6.74074074074074
185	280	281	6	0	-3	6
186	0	0	0	0	-1	5
187	0	0	0	0	-1	6
188	0	0	0	0	-1	6
189	0	0	0	0	-1	5.33333333333333
190	282	283	9	2.865	-3	5.04651162790698
191	0	0	0	0	-1	6
192	284	285	1	0	-3	5
193	0	0	0	0	-1	5
194	0	0	0	0	-1	4
195	0	0	0	0	-1	4
196	286	287	5	0.079	-3	5.22222222222222
197	288	289	11	10.4	-3	5
198	0	0	0	0	-1	6
199	290	291	1	7.75	-3	5.171875
200	0	0	0	0	-1	5.33333333333333
201	0	0	0	0	-1	6
202	292	293	11	10.75	-3	5.83333333333333
203	0	0	0	0	-1	6
204	0	0	0	0	-1	5
205	294	295	1	0	-3	5
206	296	297	4	2.15	-3	5.5
207	0	0	0	0	-1	6
208	298	299	7	15.5	-3	5
209	300	301	6	8	-3	5.58333333333333
210	302	303	11	9.575	-3	5
211	304	305	9	3.295	-3	5.11111111111111
212	306	307	8	0.99551	-3	5.09090909090909
213	308	309	6	19.5	-3	5.69565217391304
214	310	311	10	0.65	-3	5.7
215	312	313	9	3.325	-3	5.04761904761905
216	0	0	0	0	-1	6
217	314	315	2	0.855	-3	5.025
218	0	0	0	0	-1	5
219	0	0	0	0	-1	6
220	316	317	3	0.095	-3	5.9016393442623
221	318	319	8	0.997145	-3	5.56338028169014
222	0	0	0	0	-1	5
223	320	321	2	0.8125	-3	5.8
224	322	323	2	0.7775	-3	5.33333333333333
225	0	0	0	0	-1	4.66666666666667
226	0	0	0	0	-1	3.8
227	0	0	0	0	-1	5.5
228	0	0	0	0	-1	5
229	0	0	0	0	-1	5
230	0	0	0	0	-1	8
231	0	0	0	0	-1	7.5
232	324	325	4	3.65	-3	6.18181818181818
233	0	0	0	0	-1	5
234	0	0	0	0	-1	6
235	326	327	6	25.5	-3	7.07142857142857
236	328	329	11	9.25	-3	6
237	330	331	10	0.62	-3	5.9375
238	332	333	1	10	-3	6.77777777777778
239	0	0	0	0	-1	5
240	334	335	11	10.9	-3	5.66666666666667
241	0	0	0	0	-1	7
242	336	337	1	10.95	-3	5
243	0	0	0	0	-1	5.66666666666667
244	338	339	4	2.1	-3	5.46153846153846
245	340	341	5	0.062	-3	6.03333333333333
246	0	0	0	0	-1	5.5
247	342	343	11	10.4	-3	6.75
248	344	345	10	0.665	-3	6
249	346	347	3	0.515	-3	5.64285714285714
250	0	0	0	0	-1	7
251	0	0	0	0	-1	7
252	0	0	0	0	-1	6
253	348	349	6	4	-3	6.88888888888889
254	350	351	7	20.5	-3	6.94736842105263
255	0	0	0	0	-1	6
256	352	353	8	0.205	-3	6
257	354	355	2	0.17	-3	5.625
258	356	357	5	0.0615	-3	5.83333333333333
259	358	359	8	0.99535	-3	6.44594594594595
260	360	361	7	21	-3	5.8125
261	0	0	0	0	-1	5
262	0	0	0	0	-1	5
263	0	0	0	0	-1	5.8
264	362	363	1	7.75	-3	5.05263157894737
265	364	365	1	12.35	-3	4.8
266	0	0	0	0	-1	6
267	366	367	8	0.996405	-3	5.28571428571429
268	0	0	0	0	-1	6
269	0	0	0	0	-1	7
270	368	369	8	0.99661	-3	5
271	0	0	0	0	-1	4.5
272	370	371	3	0.365	-3	5.17857142857143
273	0	0	0	0	-1	6
274	372	373	10	0.785	-3	5.68181818181818
275	0	0	0	0	-1	7
276	374	375	10	0.71	-3	6.41176470588235
277	0	0	0	0	-1	8
278	376	377	5	0.0795	-3	6.375
279	378	379	10	0.88	-3	6.89473684210526
280	0	0	0	0	-1	6
281	380	381	4	2.5	-3	6
282	0	0	0	0	-1	4
283	382	383	10	1.46	-3	5.09756097560976
284	0	0	0	0	-1	5
285	384	385	3	0.04	-3	5
286	386	387	2	0.7775	-3	5.66666666666667
287	388	389	8	0.99628	-3	5
288	390	391	9	84.5	-3	5
289	392	393	7	0	-3	5
290	394	395	6	21.5	-3	5.06896551724138
291	396	397	8	0.996775	-3	5.25714285714286
292	0	0	0	0	-1	5.5
293	0	0	0	0	-1	6
294	0	0	0	0	-1	6
295	398	399	5	0.049	-3	5
296	400	401	2	0.48	-3	5.75
297	402	403	2	0.44	-3	5.16666666666667
298	0	0	0	0	-1	5
299	0	0	0	0	-1	5
300	0	0	0	0	-1	6
301	404	405	1	7.35	-3	5.375
302	406	407	5	0.069	-3	5
303	0	0	0	0	-1	5
304	408	409	11	0	-3	5
305	0	0	0	0	-1	5.5
306	0	0	0	0	-1	6
307	410	411	10	0.67	-3	5
308	412	413	9	3.205	-3	5.82352941176471
309	414	415	11	9.6	-3	5.33333333333333
310	0	0	0	0	-1	5
311	0	0	0	0	-1	6
312	416	417	4	3.6	-3	5
313	0	0	0	0	-1	5.33333333333333
314	418	419	1	6.95	-3	5.08108108108108
315	0	0	0	0	-1	4.33333333333333
316	420	421	7	17.5	-3	5.80487804878049
317	422	423	3	0.105	-3	6.1
318	424	425	2	0.52	-3	5.45098039215686
319	426	427	1	9.55	-3	5.85
320	428	429	11	10.55	-3	5.93333333333333
321	0	0	0	0	-1	5.4
322	0	0	0	0	-1	6
323	430	431	10	0.72	-3	5.25
324	432	433	6	8.5	-3	6.24390243902439
325	0	0	0	0	-1	5.33333333333333
326	0	0	0	0	-1	7
327	0	0	0	0	-1	7.25
328	0	0	0	0	-1	6
329	434	435	10	0	-3	6
330	436	437	5	0.0735	-3	6
331	0	0	0	0	-1	5
332	438	439	3	0.42	-3	6.875
333	0	0	0	0	-1	6
334	440	441	5	0.0745	-3	5.33333333333333
335	0	0	0	0	-1	6
336	442	443	8	0.99949	-3	5
337	0	0	0	0	-1	5
338	444	445	1	10.1	-3	5.75
339	0	0	0	0	-1	5
340	0	0	0	0	-1	5.5
341	446	447	2	0.235	-3	6.07142857142857
342	0	0	0	0	-1	6.33333333333333
343	0	0	0	0	-1	7
344	0	0	0	0	-1	7
345	448	449	7	20.5	-3	5.94736842105263
346	450	451	9	3.195	-3	6
347	452	453	3	0.565	-3	5.28571428571429
348	0	0	0	0	-1	6
349	0	0	0	0	-1	7
350	0	0	0	0	-1	6.66666666666667
351	454	455	6	0	-3	7
352	0	0	0	0	-1	5
353	456	457	2	0	-3	6
354	0	0	0	0	-1	6
355	0	0	0	0	-1	5.4
356	0	0	0	0	-1	5
357	458	459	4	2.325	-3	6
358	460	461	10	0.775	-3	6.85185185185185
359	462	463	8	0.998365	-3	6.21276595744681
360	0	0	0	0	-1	7
361	464	465	5	0.0785	-3	5.64285714285714
362	0	0	0	0	-1	5.33333333333333
363	466	467	3	0.335	-3	5
364	468	469	2	0.46	-3	5
365	0	0	0	0	-1	4
366	0	0	0	0	-1	6
367	470	471	2	0.525	-3	5.16666666666667
368	472	473	1	7.45	-3	5
369	0	0	0	0	-1	5
370	474	475	10	0.52	-3	5.42857142857143
371	476	477	4	1.65	-3	4.92857142857143
372	478	479	2	0.425	-3	5.81818181818182
373	480	481	8	1.0001	-3	5.27272727272727
374	482	483	2	0.475	-3	6.11764705882353
375	484	485	6	6.5	-3	6.70588235294118
376	0	0	0	0	-1	6.75
377	0	0	0	0	-1	6
378	486	487	11	9.3	-3	6.94444444444444
379	0	0	0	0	-1	6
380	0	0	0	0	-1	6
381	0	0	0	0	-1	6
382	488	489	6	26.5	-3	5.02631578947368
383	0	0	0	0	-1	6
384	490	491	5	0.065	-3	5
385	492	493	8	0	-3	5
386	0	0	0	0	-1	6
387	0	0	0	0	-1	5
388	494	495	6	0	-3	5
389	0	0	0	0	-1	5
390	496	497	11	9.3	-3	5
391	0	0	0	0	-1	5
392	0	0	0	0	-1	6
393	498	499	1	7.35	-3	5
394	500	501	9	3.325	-3	5
395	502	503	11	9.25	-3	5.16
396	504	505	5	0.0745	-3	5.11538461538461
397	506	507	2	0.7175	-3	5.34090909090909
398	0	0	0	0	-1	5
399	0	0	0	0	-1	5
400	0	0	0	0	-1	5
401	508	509	5	0.078	-3	5.85714285714286
402	0	0	0	0	-1	6
403	0	0	0	0	-1	5
404	0	0	0	0	-1	5.75
405	0	0	0	0	-1	5
406	0	0	0	0	-1	5
407	0	0	0	0	-1	5
408	0	0	0	0	-1	5
409	510	511	3	3.175	-3	5
410	0	0	0	0	-1	5
411	0	0	0	0	-1	5
412	512	513	11	9.25	-3	5.125
413	514	515	3	0.275	-3	5.91666666666667
414	516	517	11	9.45	-3	5.5
415	518	519	9	3.475	-3	5
416	520	521	10	0.605	-3	5
417	0	0	0	0	-1	5
418	522	523	4	3.1	-3	5.33333333333333
419	524	525	6	11.5	-3	5.03225806451613
420	526	527	4	2.15	-3	5.4
421	528	529	3	0.075	-3	5.86111111111111
422	530	531	9	3.51	-3	6.57142857142857
423	532	533	7	39.5	-3	6
424	534	535	6	28.5	-3	5.61764705882353
425	536	537	11	11.1	-3	5.11764705882353
426	538	539	11	9.95	-3	6
427	540	541	10	0.58	-3	5.625
428	0	0	0	0	-1	6
429	542	543	4	2.9	-3	5.83333333333333
430	544	545	7	30	-3	5.14285714285714
431	0	0	0	0	-1	6
432	0	0	0	0	-1	7
433	546	547	8	0.995005	-3	6.13888888888889
434	0	0	0	0	-1	6
435	548	549	9	0	-3	6
436	0	0	0	0	-1	6
437	550	551	1	7.55	-3	6
438	0	0	0	0	-1	6.66666666666667
439	0	0	0	0	-1	7
440	0	0	0	0	-1	6
441	0	0	0	0	-1	5
442	552	553	11	9.3	-3	5
443	0	0	0	0	-1	5
444	0	0	0	0	-1	5
445	0	0	0	0	-1	6
446	0	0	0	0	-1	7
447	554	555	9	3.035	-3	6
448	556	557	9	3.25	-3	5.88888888888889
449	0	0	0	0	-1	6
450	0	0	0	0	-1	6
451	0	0	0	0	-1	6
452	0	0	0	0	-1	5.5
453	0	0	0	0	-1	5
454	0	0	0	0	-1	5
455	558	559	2	0	-3	7
456	0	0	0	0	-1	6
457	560	561	4	2.25	-3	6
458	0	0	0	0	-1	6
459	562	563	3	0.38	-3	6
460	564	565	5	0.06	-3	7.14285714285714
461	566	567	6	21.5	-3	6.75
462	568	569	2	0.265	-3	6.05405405405405
463	570	571	7	38	-3	6.8
464	0	0	0	0	-1	5.2
465	572	573	5	0.0815	-3	5.88888888888889
466	574	575	9	0	-3	5
467	576	577	3	0	-3	5
468	578	579	9	0	-3	5
469	0	0	0	0	-1	5
470	0	0	0	0	-1	5
471	0	0	0	0	-1	6
472	0	0	0	0	-1	5
473	580	581	10	0	-3	5
474	0	0	0	0	-1	6
475	582	583	8	0.997095	-3	5.2
476	0	0	0	0	-1	4
477	584	585	2	2.1	-3	5
478	0	0	0	0	-1	5
479	586	587	11	9.15	-3	5.93103448275862
480	588	589	7	0	-3	5
481	0	0	0	0	-1	6
482	590	591	10	0.685	-3	6
483	592	593	11	11.35	-3	6.22222222222222
484	594	595	3	0.375	-3	6.33333333333333
485	596	597	8	0.993775	-3	7.125
486	0	0	0	0	-1	6
487	598	599	5	0	-3	7
488	600	601	1	10.3	-3	5
489	602	603	11	10.1	-3	5.14285714285714
490	0	0	0	0	-1	5
491	0	0	0	0	-1	5
492	0	0	0	0	-1	5
493	0	0	0	0	-1	5
494	0	0	0	0	-1	6
495	604	605	2	0.765	-3	5
496	0	0	0	0	-1	5
497	0	0	0	0	-1	5
498	0	0	0	0	-1	5
499	0	0	0	0	-1	5
500	0	0	0	0	-1	5
501	606	607	1	6.6	-3	5
502	0	0	0	0	-1	6
503	608	609	10	0.525	-3	5.08695652173913
504	610	611	1	8.3	-3	5.33333333333333
505	612	613	10	0.515	-3	5
506	614	615	5	0.0795	-3	5.51851851851852
507	616	617	3	0.095	-3	5.05882352941176
508	0	0	0	0	-1	5.5
509	0	0	0	0	-1	6
510	0	0	0	0	-1	5
511	0	0	0	0	-1	5
512	0	0	0	0	-1	6
513	618	619	1	0	-3	5
514	620	621	10	0.695	-3	5.89830508474576
515	0	0	0	0	-1	7
516	622	623	7	51	-3	5.25
517	624	625	7	98	-3	5.75
518	0	0	0	0	-1	5
519	0	0	0	0	-1	5
520	0	0	0	0	-1	5
521	626	627	5	0	-3	5
522	0	0	0	0	-1	5
523	0	0	0	0	-1	6
524	0	0	0	0	-1	5.25
525	628	629	3	0.015	-3	5
526	630	631	1	6.4	-3	5.55555555555556
527	0	0	0	0	-1	4
528	632	633	5	0.1235	-3	5.93548387096774
529	634	635	9	3.44	-3	5.4
530	0	0	0	0	-1	6
531	0	0	0	0	-1	7
532	636	637	1	7.9	-3	6.13636363636364
533	638	639	4	2.25	-3	5.72727272727273
534	640	641	2	0.34	-3	5.71428571428571
535	642	643	11	10.45	-3	5.16666666666667
536	0	0	0	0	-1	5
537	0	0	0	0	-1	6
538	0	0	0	0	-1	6
539	644	645	11	10.1	-3	6
540	0	0	0	0	-1	6
541	0	0	0	0	-1	5.25
542	0	0	0	0	-1	6
543	0	0	0	0	-1	5
544	646	647	10	0.59	-3	5
545	0	0	0	0	-1	6
546	648	649	10	0.615	-3	6.20833333333333
547	650	651	2	0.6475	-3	6
548	0	0	0	0	-1	6
549	0	0	0	0	-1	6
550	652	653	11	7.4	-3	6
551	0	0	0	0	-1	6
552	0	0	0	0	-1	5
553	654	655	2	0.32	-3	5
554	0	0	0	0	-1	6
555	656	657	9	69	-3	6
556	658	659	4	1.7	-3	6
557	0	0	0	0	-1	5
558	0	0	0	0	-1	5
559	660	661	10	0	-3	7
560	0	0	0	0	-1	6
561	0	0	0	0	-1	6
562	0	0	0	0	-1	6
563	662	663	4	3.25	-3	6
564	0	0	0	0	-1	8
565	664	665	11	12.25	-3	7
566	666	667	8	0.99384	-3	6.92857142857143
567	668	669	10	0.845	-3	6.33333333333333
568	0	0	0	0	-1	6.6
569	670	671	1	13.4	-3	5.96875
570	0	0	0	0	-1	6.33333333333333
571	672	673	7	43	-3	7
572	0	0	0	0	-1	5.66666666666667
573	674	675	3	0.305	-3	6
574	0	0	0	0	-1	8
575	676	677	6	31	-3	5
576	0	0	0	0	-1	7
577	678	679	9	3.265	-3	5
578	0	0	0	0	-1	6
579	0	0	0	0	-1	5
580	0	0	0	0	-1	6
581	680	681	9	0	-3	5
582	682	683	5	0.0645	-3	5.11111111111111
583	0	0	0	0	-1	6
584	684	685	6	18	-3	5
585	0	0	0	0	-1	5
586	0	0	0	0	-1	5
587	686	687	8	0.99809	-3	5.96428571428571
588	0	0	0	0	-1	5
589	688	689	10	0	-3	5
590	690	691	3	0.61	-3	6
591	0	0	0	0	-1	6
592	0	0	0	0	-1	7
593	0	0	0	0	-1	6
594	0	0	0	0	-1	7
595	692	693	8	0.996795	-3	6
596	0	0	0	0	-1	8
597	694	695	6	8	-3	7
598	0	0	0	0	-1	4
599	696	697	5	0	-3	7
600	698	699	7	59	-3	5
601	0	0	0	0	-1	5
602	700	701	6	7.9	-3	5
603	0	0	0	0	-1	6
604	0	0	0	0	-1	5
605	0	0	0	0	-1	5
606	0	0	0	0	-1	5
607	702	703	4	0	-3	5
608	704	705	11	9.7	-3	5.2
609	706	707	10	30.5	-3	5
610	0	0	0	0	-1	6
611	708	709	7	0	-3	5
612	710	711	9	3.2	-3	5
613	712	713	11	9.85	-3	5
614	714	715	2	0.62	-3	6
615	716	717	4	3.6	-3	5.38095238095238
616	0	0	0	0	-1	5.5
617	0	0	0	0	-1	5
618	0	0	0	0	-1	6
619	0	0	0	0	-1	5
620	718	719	11	9.35	-3	5.97872340425532
621	720	721	2	0.565	-3	5.58333333333333
622	0	0	0	0	-1	6
623	722	723	5	9.3	-3	5
624	724	725	10	0	-3	6
625	0	0	0	0	-1	5
626	0	0	0	0	-1	7
627	726	727	9	3.27	-3	5
628	0	0	0	0	-1	5
629	728	729	8	1.00016	-3	5
630	0	0	0	0	-1	5
631	0	0	0	0	-1	6
632	730	731	7	19	-3	5.96666666666667
633	0	0	0	0	-1	5
634	0	0	0	0	-1	6
635	0	0	0	0	-1	4.8
636	732	733	1	6.15	-3	6.05263157894737
637	0	0	0	0	-1	6.66666666666667
638	0	0	0	0	-1	5
639	734	735	4	2.9	-3	6
640	0	0	0	0	-1	5
641	736	737	3	0.26	-3	5.83333333333333
642	0	0	0	0	-1	5
643	0	0	0	0	-1	6
644	0	0	0	0	-1	6
645	0	0	0	0	-1	6
646	0	0	0	0	-1	5
647	0	0	0	0	-1	5
648	738	739	5	0.0785	-3	6
649	740	741	4	2.05	-3	6.5
650	742	743	3	0	-3	6
651	0	0	0	0	-1	6
652	0	0	0	0	-1	6
653	0	0	0	0	-1	6
654	0	0	0	0	-1	5
655	0	0	0	0	-1	5
656	0	0	0	0	-1	6
657	0	0	0	0	-1	6
658	0	0	0	0	-1	6
659	744	745	3	0.515	-3	6
660	0	0	0	0	-1	5
661	746	747	3	0	-3	7
662	0	0	0	0	-1	6
663	0	0	0	0	-1	6
664	0	0	0	0	-1	7
665	0	0	0	0	-1	7
666	0	0	0	0	-1	6.66666666666667
667	748	749	6	13.5	-3	7
668	0	0	0	0	-1	6
669	0	0	0	0	-1	6.66666666666667
670	750	751	7	99	-3	6
671	0	0	0	0	-1	5
672	0	0	0	0	-1	7
673	0	0	0	0	-1	7
674	0	0	0	0	-1	6
675	0	0	0	0	-1	6
676	0	0	0	0	-1	5
677	0	0	0	0	-1	5
678	0	0	0	0	-1	5
679	0	0	0	0	-1	5
680	0	0	0	0	-1	5
681	0	0	0	0	-1	5
682	0	0	0	0	-1	6
683	752	753	7	38.5	-3	5
684	754	755	5	0	-3	5
685	0	0	0	0	-1	5
686	756	757	2	0.99787	-3	6
687	758	759	9	3.225	-3	5.88888888888889
688	0	0	0	0	-1	5
689	0	0	0	0	-1	5
690	0	0	0	0	-1	6
691	0	0	0	0	-1	6
692	0	0	0	0	-1	6
693	0	0	0	0	-1	6
694	0	0	0	0	-1	7
695	0	0	0	0	-1	7
696	0	0	0	0	-1	5
697	760	761	2	0	-3	7
698	762	763	4	0	-3	5
699	764	765	2	0	-3	5
700	0	0	0	0	-1	5
701	0	0	0	0	-1	5
702	0	0	0	0	-1	8
703	0	0	0	0	-1	5
704	766	767	8	0.99875	-3	5.11111111111111
705	0	0	0	0	-1	6
706	768	769	8	0.99696	-3	5
707	0	0	0	0	-1	5
708	0	0	0	0	-1	5
709	0	0	0	0	-1	5
710	0	0	0	0	-1	5
711	0	0	0	0	-1	5
712	770	771	7	0	-3	5
713	0	0	0	0	-1	5
714	0	0	0	0	-1	6
715	0	0	0	0	-1	6
716	772	773	1	7.9	-3	5.1875
717	0	0	0	0	-1	6
718	774	775	8	0.996525	-3	5.92307692307692
719	776	777	10	0.575	-3	6.04761904761905
720	0	0	0	0	-1	6
721	778	779	3	0.065	-3	5.375
722	0	0	0	0	-1	5
723	0	0	0	0	-1	5
724	0	0	0	0	-1	5
725	0	0	0	0	-1	6
726	0	0	0	0	-1	5
727	0	0	0	0	-1	5
728	780	781	6	0	-3	5
729	0	0	0	0	-1	5
730	0	0	0	0	-1	7
731	782	783	6	34	-3	5.89285714285714
732	0	0	0	0	-1	6.5
733	784	785	2	0.505	-3	5.93333333333333
734	786	787	1	6.85	-3	6
735	0	0	0	0	-1	6
736	788	789	5	0.0685	-3	5.95238095238095
737	0	0	0	0	-1	5
738	790	791	6	0	-3	6
739	0	0	0	0	-1	6
740	0	0	0	0	-1	7
741	792	793	5	0.0665	-3	6.28571428571429
742	0	0	0	0	-1	5
743	794	795	8	0.99545	-3	6
744	0	0	0	0	-1	6
745	0	0	0	0	-1	6
746	0	0	0	0	-1	6
747	796	797	8	0.9988	-3	7
748	0	0	0	0	-1	7
749	0	0	0	0	-1	7
750	798	799	4	3.35	-3	6.03333333333333
751	0	0	0	0	-1	5
752	0	0	0	0	-1	5
753	0	0	0	0	-1	5
754	0	0	0	0	-1	7
755	800	801	11	11.2	-3	5
756	0	0	0	0	-1	6
757	0	0	0	0	-1	6
758	802	803	2	0.455	-3	6
759	0	0	0	0	-1	5
760	0	0	0	0	-1	7
761	804	805	1	0	-3	7
762	0	0	0	0	-1	5
763	806	807	11	1.85	-3	5
764	0	0	0	0	-1	5
765	0	0	0	0	-1	5
766	808	809	11	9.55	-3	5
767	0	0	0	0	-1	6
768	810	811	5	0	-3	5
769	0	0	0	0	-1	5
770	0	0	0	0	-1	6
771	812	813	10	0.535	-3	5
772	0	0	0	0	-1	6
773	814	815	5	0.09	-3	5.13333333333333
774	0	0	0	0	-1	5
775	816	817	11	9.25	-3	5.96
776	0	0	0	0	-1	6.33333333333333
777	818	819	7	36.5	-3	6
778	0	0	0	0	-1	5
779	0	0	0	0	-1	5.6
780	0	0	0	0	-1	6
781	820	821	5	0.0715	-3	5
782	822	823	4	1.95	-3	5.92307692307692
783	0	0	0	0	-1	5.5
784	0	0	0	0	-1	5.66666666666667
785	824	825	11	11.4	-3	6
786	0	0	0	0	-1	6
787	0	0	0	0	-1	6
788	0	0	0	0	-1	5
789	826	827	6	27.5	-3	6
790	0	0	0	0	-1	5
791	828	829	8	0	-3	6
792	0	0	0	0	-1	7
793	0	0	0	0	-1	6
794	0	0	0	0	-1	6
795	830	831	7	34	-3	6
796	832	833	2	0	-3	7
797	0	0	0	0	-1	7
798	834	835	8	0.99683	-3	6
799	0	0	0	0	-1	7
800	836	837	1	0	-3	5
801	0	0	0	0	-1	5
802	0	0	0	0	-1	6
803	838	839	1	12.1	-3	6
804	0	0	0	0	-1	6
805	840	841	3	0	-3	7
806	0	0	0	0	-1	7
807	842	843	4	2.55	-3	5
808	0	0	0	0	-1	5
809	0	0	0	0	-1	5
810	0	0	0	0	-1	5
811	0	0	0	0	-1	5
812	0	0	0	0	-1	5
813	0	0	0	0	-1	5
814	0	0	0	0	-1	5
815	844	845	2	0.665	-3	5.33333333333333
816	846	847	4	9.1	-3	6
817	848	849	6	6.5	-3	5.85714285714286
818	850	851	3	0.075	-3	6
819	852	853	11	9.65	-3	6
820	0	0	0	0	-1	5
821	854	855	9	0	-3	5
822	856	857	6	22.5	-3	5.75
823	858	859	2	0.665	-3	5.95454545454546
824	0	0	0	0	-1	6
825	0	0	0	0	-1	6
826	860	861	3	0.205	-3	6
827	0	0	0	0	-1	6
828	0	0	0	0	-1	6
829	0	0	0	0	-1	6
830	0	0	0	0	-1	6
831	0	0	0	0	-1	6
832	0	0	0	0	-1	6
833	862	863	5	0.0705	-3	7
834	864	865	8	0.99673	-3	6.04
835	0	0	0	0	-1	5.75
836	0	0	0	0	-1	6
837	866	867	6	0	-3	5
838	0	0	0	0	-1	6
839	0	0	0	0	-1	6
840	0	0	0	0	-1	6
841	868	869	6	21.5	-3	7
842	870	871	3	0	-3	5
843	0	0	0	0	-1	5
844	0	0	0	0	-1	5
845	0	0	0	0	-1	6
846	872	873	4	2.3	-3	6
847	0	0	0	0	-1	6
848	0	0	0	0	-1	5
849	874	875	5	0.095	-3	6
850	0	0	0	0	-1	6
851	0	0	0	0	-1	6
852	0	0	0	0	-1	6
853	0	0	0	0	-1	6
854	0	0	0	0	-1	5
855	876	877	9	7.75	-3	5
856	878	879	9	3.455	-3	6
857	0	0	0	0	-1	5
858	880	881	4	2.1	-3	5.97222222222222
859	882	883	7	20.5	-3	5.875
860	0	0	0	0	-1	6
861	0	0	0	0	-1	6
862	0	0	0	0	-1	7
863	0	0	0	0	-1	7
864	884	885	6	15	-3	6
865	0	0	0	0	-1	7
866	0	0	0	0	-1	6
867	0	0	0	0	-1	5
868	0	0	0	0	-1	7
869	886	887	4	1.8	-3	7
870	0	0	0	0	-1	5
871	888	889	2	0.6775	-3	5
872	890	891	11	9.1	-3	6
873	0	0	0	0	-1	6
874	0	0	0	0	-1	6
875	0	0	0	0	-1	6
876	892	893	6	14.5	-3	5
877	0	0	0	0	-1	5
878	0	0	0	0	-1	6
879	0	0	0	0	-1	6
880	894	895	9	3.37	-3	5.88888888888889
881	896	897	7	31	-3	6
882	0	0	0	0	-1	5
883	898	899	5	0.097	-3	6
884	0	0	0	0	-1	6
885	900	901	9	3.385	-3	6
886	0	0	0	0	-1	7
887	902	903	7	71.5	-3	7
888	0	0	0	0	-1	5
889	0	0	0	0	-1	5
890	904	905	6	7.5	-3	6
891	0	0	0	0	-1	6
892	0	0	0	0	-1	5
893	906	907	4	0	-3	5
894	0	0	0	0	-1	5
895	908	909	7	43.5	-3	6
896	0	0	0	0	-1	6
897	910	911	1	0	-3	6
898	0	0	0	0	-1	6
899	0	0	0	0	-1	6
900	912	913	3	0.54	-3	6
901	0	0	0	0	-1	6
902	0	0	0	0	-1	7
903	0	0	0	0	-1	7
904	0	0	0	0	-1	6
905	914	915	3	0.215	-3	6
906	0	0	0	0	-1	8
907	916	917	8	0.99655	-3	5
908	918	919	2	0	-3	6
909	0	0	0	0	-1	6
910	0	0	0	0	-1	3
911	920	921	10	0.65	-3	6
912	922	923	8	0.99655	-3	6
913	0	0	0	0	-1	6
914	0	0	0	0	-1	6
915	0	0	0	0	-1	6
916	0	0	0	0	-1	5
917	924	925	3	0.035	-3	5
918	0	0	0	0	-1	6
919	926	927	1	7.65	-3	6
920	0	0	0	0	-1	6
921	0	0	0	0	-1	6
922	928	929	4	2.45	-3	6
923	0	0	0	0	-1	6
924	0	0	0	0	-1	5
925	930	931	1	7.2	-3	5
926	0	0	0	0	-1	6
927	0	0	0	0	-1	6
928	932	933	5	0.073	-3	6
929	0	0	0	0	-1	6
930	0	0	0	0	-1	5
931	0	0	0	0	-1	5
932	0	0	0	0	-1	6
933	0	0	0	0	-1	6
