1	2	3	5	0.0665	-3	5.65916197623515
2	4	5	10	0.635	-3	5.940625
3	6	7	11	11.25	-3	5.58874120406568
4	8	9	11	10.525	-3	5.55345911949686
5	10	11	11	9.95	-3	6.32298136645963
6	12	13	11	9.85	-3	5.44321329639889
7	14	15	10	0.615	-3	6.39285714285714
8	16	17	3	0.06	-3	5.13793103448276
9	18	19	7	99.5	-3	5.79207920792079
10	20	21	7	19.5	-3	5.36842105263158
11	22	23	1	5.15	-3	6.45070422535211
12	24	25	10	0.575	-3	5.25561312607944
13	26	27	7	14.5	-3	5.65873015873016
14	28	29	4	3.9	-3	5.86440677966102
15	30	31	2	0.455	-3	6.62043795620438
16	32	33	11	9.95	-3	4.70833333333333
17	34	35	7	41	-3	5.44117647058824
18	36	37	5	0.0585	-3	5.65853658536585
19	38	39	1	6.4	-3	6.36842105263158
20	0	0	0	0	-1	5
21	40	41	8	0.996605	-3	5.53846153846154
22	42	43	2	0.41	-3	6.92307692307692
23	44	45	6	4.5	-3	6.4031007751938
24	46	47	7	10.5	-3	5.09160305343511
25	48	49	1	10.75	-3	5.39116719242902
26	50	51	3	0.13	-3	4.66666666666667
27	52	53	2	0.405	-3	5.72823779193206
28	54	55	9	3.195	-3	5.73469387755102
29	56	57	10	0.54	-3	6.5
30	58	59	8	0.99525	-3	6.83544303797468
31	60	61	8	0.992745	-3	6.32758620689655
32	62	63	11	9.45	-3	5
33	64	65	9	3.5	-3	4.22222222222222
34	66	67	2	0.27	-3	5.63636363636364
35	68	69	1	7.2	-3	5.08333333333333
36	70	71	2	0.485	-3	5.36170212765957
37	72	73	8	0.993875	-3	6.05714285714286
38	74	75	4	7.6	-3	6
39	76	77	8	0.990355	-3	6.77777777777778
40	0	0	0	0	-1	5.2
41	78	79	9	3.52	-3	5.75
42	0	0	0	0	-1	6
43	80	81	9	3.715	-3	7.2
44	82	83	1	6.85	-3	6.88888888888889
45	84	85	9	3.595	-3	6.36666666666667
46	0	0	0	0	-1	6
47	86	87	3	0.645	-3	5.08108108108108
48	88	89	10	0.92	-3	5.34666666666667
49	90	91	2	0.325	-3	6.17647058823529
50	92	93	5	0.0815	-3	3.88888888888889
51	94	95	1	9.05	-3	5.6
52	96	97	1	9.4	-3	6.12264150943396
53	98	99	7	78	-3	5.61369863013699
54	0	0	0	0	-1	5
55	100	101	8	0.99269	-3	5.81818181818182
56	0	0	0	0	-1	7
57	102	103	8	0.99604	-3	6.16666666666667
58	104	105	10	0.705	-3	7.17857142857143
59	106	107	10	0.78	-3	6.64705882352941
60	0	0	0	0	-1	8
61	108	109	8	0.99614	-3	6.26785714285714
62	0	0	0	0	-1	5
63	110	111	2	0	-3	5
64	0	0	0	0	-1	5
65	112	113	6	23.5	-3	4
66	0	0	0	0	-1	4
67	114	115	8	0.995985	-3	5.71428571428571
68	0	0	0	0	-1	5.5
69	116	117	10	0.545	-3	5
70	118	119	8	0.99372	-3	6.11111111111111
71	120	121	4	3.45	-3	5.18421052631579
72	122	123	11	11.7	-3	5.72222222222222
73	124	125	4	4.45	-3	6.41176470588235
74	126	127	5	0.056	-3	6.22222222222222
75	0	0	0	0	-1	4
76	0	0	0	0	-1	6
77	128	129	9	0	-3	7
78	130	131	9	3.295	-3	6
79	0	0	0	0	-1	5
80	0	0	0	0	-1	7
81	0	0	0	0	-1	8
82	0	0	0	0	-1	6
83	0	0	0	0	-1	7
84	132	133	9	3.415	-3	6.4054054054054
85	134	135	2	0.655	-3	5.88888888888889
86	136	137	9	3.54	-3	5.10588235294117
87	0	0	0	0	-1	3.5
88	138	139	1	7.15	-3	5.38007380073801
89	140	141	2	0.34	-3	5.03448275862069
90	142	143	9	2.955	-3	6.57142857142857
91	144	145	1	11.9	-3	5.9
92	146	147	5	0.0755	-3	4.25
93	148	149	2	0.8075	-3	3.6
94	150	151	4	2.05	-3	4.85714285714286
95	152	153	4	1.5	-3	6.25
96	154	155	2	0.39	-3	5.87719298245614
97	156	157	11	10.55	-3	6.40816326530612
98	158	159	1	11.55	-3	5.68238993710692
99	160	161	11	10.7833333333333	-3	5.14893617021277
100	0	0	0	0	-1	5
101	162	163	9	3.425	-3	5.85714285714286
102	0	0	0	0	-1	7
103	0	0	0	0	-1	6
104	164	165	3	0.285	-3	7.7
105	166	167	5	0.223	-3	6.88888888888889
106	168	169	6	11.5	-3	6.41666666666667
107	170	171	5	0.0705	-3	7.2
108	172	173	1	6.25	-3	6.07407407407407
109	174	175	3	0.42	-3	6.44827586206897
110	0	0	0	0	-1	6
111	176	177	4	0.535	-3	5
112	0	0	0	0	-1	4
113	0	0	0	0	-1	4
114	178	179	3	0.285	-3	5.16666666666667
115	180	181	10	0.61	-3	5.93333333333333
116	0	0	0	0	-1	5
117	182	183	9	0	-3	5
118	184	185	4	2.45	-3	6
119	0	0	0	0	-1	6.33333333333333
120	186	187	6	15.5	-3	5.28571428571429
121	0	0	0	0	-1	4
122	0	0	0	0	-1	5.2
123	188	189	1	5.65	-3	5.92307692307692
124	190	191	7	43	-3	6.33333333333333
125	0	0	0	0	-1	7
126	0	0	0	0	-1	7
127	192	193	3	0	-3	6
128	0	0	0	0	-1	7
129	194	195	11	5.35	-3	7
130	0	0	0	0	-1	6
131	0	0	0	0	-1	6
132	196	197	7	57	-3	6.32222222222222
133	198	199	8	0.994955	-3	6.76190476190476
134	200	201	2	0.3675	-3	6
135	0	0	0	0	-1	5
136	202	203	3	0.195	-3	5.08064516129032
137	0	0	0	0	-1	6
138	204	205	10	0.85	-3	5.18181818181818
139	206	207	2	0.65	-3	5.43055555555556
140	0	0	0	0	-1	6
141	208	209	4	1.6	-3	4.96296296296296
142	0	0	0	0	-1	8
143	210	211	1	12	-3	6.33333333333333
144	0	0	0	0	-1	6
145	0	0	0	0	-1	5.5
146	212	213	10	0	-3	4
147	0	0	0	0	-1	5
148	0	0	0	0	-1	5
149	214	215	3	0.075	-3	3.25
150	0	0	0	0	-1	6
151	216	217	5	0.097	-3	4.66666666666667
152	0	0	0	0	-1	5
153	218	219	4	2.7	-3	6.42857142857143
154	220	221	5	0.0825	-3	5.78846153846154
155	0	0	0	0	-1	6.8
156	222	223	3	0.355	-3	6
157	224	225	7	16.5	-3	6.625
158	226	227	4	1.65	-3	5.6426116838488
159	228	229	7	39	-3	6.11111111111111
160	230	231	10	1.175	-3	5.11111111111111
161	0	0	0	0	-1	6
162	232	233	8	0.99304	-3	6.04166666666667
163	234	235	11	11.45	-3	5.61111111111111
164	0	0	0	0	-1	7
165	236	237	10	0.625	-3	7.875
166	238	239	6	20.5	-3	6.94117647058824
167	0	0	0	0	-1	6
168	240	241	5	0.1075	-3	6.61904761904762
169	242	243	8	0.99797	-3	6.13333333333333
170	0	0	0	0	-1	6
171	244	245	5	0.086	-3	7.28571428571429
172	0	0	0	0	-1	5.75
173	246	247	1	6.45	-3	6.1304347826087
174	248	249	9	3.41	-3	6.66666666666667
175	250	251	9	3.195	-3	6.21428571428571
176	0	0	0	0	-1	6
177	252	253	10	0.535	-3	5
178	0	0	0	0	-1	5
179	0	0	0	0	-1	6
180	254	255	1	11.75	-3	6
181	0	0	0	0	-1	5
182	0	0	0	0	-1	6
183	256	257	1	8.05	-3	5
184	0	0	0	0	-1	6
185	0	0	0	0	-1	6
186	258	259	10	0.615	-3	5.08
187	260	261	7	39	-3	5.8
188	0	0	0	0	-1	5
189	262	263	6	5.5	-3	6
190	264	265	8	0.99485	-3	6.23076923076923
191	0	0	0	0	-1	7
192	0	0	0	0	-1	5
193	266	267	8	0.9922	-3	6
194	0	0	0	0	-1	5
195	0	0	0	0	-1	7
196	268	269	6	30	-3	6.3974358974359
197	270	271	8	0.995715	-3	5.83333333333333
198	272	273	6	25	-3	7.18181818181818
199	274	275	9	3.495	-3	6.3
200	0	0	0	0	-1	6
201	0	0	0	0	-1	6
202	276	277	9	3.365	-3	5.20754716981132
203	278	279	8	1.0005	-3	4.98591549295775
204	280	281	8	0.99556	-3	5.15094339622642
205	0	0	0	0	-1	6
206	282	283	3	0.375	-3	5.47540983606557
207	284	285	8	0.99738	-3	5.18181818181818
208	0	0	0	0	-1	4.33333333333333
209	286	287	9	2.82	-3	5.04166666666667
210	0	0	0	0	-1	6
211	0	0	0	0	-1	6.66666666666667
212	0	0	0	0	-1	7
213	0	0	0	0	-1	4
214	288	289	8	0.99568	-3	3
215	0	0	0	0	-1	4
216	0	0	0	0	-1	5.33333333333333
217	0	0	0	0	-1	4
218	0	0	0	0	-1	6.75
219	0	0	0	0	-1	6
220	290	291	5	0.072	-3	6
221	292	293	5	0.093	-3	5.42105263157895
222	0	0	0	0	-1	7
223	294	295	5	0.0745	-3	5.86666666666667
224	0	0	0	0	-1	8
225	296	297	4	2.2	-3	6.53333333333333
226	298	299	1	9.8	-3	4.6
227	300	301	2	0.655	-3	5.6797153024911
228	302	303	9	3.08	-3	5.7
229	304	305	6	11.5	-3	6.35294117647059
230	306	307	2	0.92	-3	5.04761904761905
231	0	0	0	0	-1	6
232	0	0	0	0	-1	7
233	308	309	5	0.119	-3	6
234	0	0	0	0	-1	4.66666666666667
235	310	311	4	3.325	-3	5.8
236	0	0	0	0	-1	7
237	312	313	11	0	-3	8
238	314	315	9	0	-3	7
239	0	0	0	0	-1	6.75
240	316	317	5	0.0705	-3	6.72222222222222
241	0	0	0	0	-1	6
242	318	319	4	3.05	-3	6.07692307692308
243	0	0	0	0	-1	6.5
244	320	321	5	0.077	-3	7.625
245	322	323	4	3.75	-3	6.83333333333333
246	0	0	0	0	-1	6.5
247	324	325	11	12.15	-3	6.05263157894737
248	326	327	4	2.85	-3	7
249	0	0	0	0	-1	6
250	328	329	9	3.055	-3	6.42857142857143
251	0	0	0	0	-1	6
252	0	0	0	0	-1	5
253	0	0	0	0	-1	5
254	330	331	3	0.485	-3	6
255	0	0	0	0	-1	6
256	0	0	0	0	-1	5
257	0	0	0	0	-1	5
258	332	333	7	62.5	-3	4.95454545454545
259	0	0	0	0	-1	6
260	0	0	0	0	-1	5
261	334	335	4	2.2	-3	5.88888888888889
262	0	0	0	0	-1	6
263	336	337	1	7.15	-3	6
264	0	0	0	0	-1	6.8
265	338	339	8	0.99687	-3	5.875
266	0	0	0	0	-1	6
267	0	0	0	0	-1	6
268	340	341	8	0.99552	-3	6.32857142857143
269	342	343	1	7.7	-3	7
270	344	345	4	2.1	-3	6
271	0	0	0	0	-1	5.33333333333333
272	346	347	2	0.715	-3	7
273	0	0	0	0	-1	8
274	0	0	0	0	-1	6.8
275	0	0	0	0	-1	5.8
276	348	349	8	0.995855	-3	5.34246575342466
277	350	351	8	0.99829	-3	4.90909090909091
278	352	353	5	0.0715	-3	4.96402877697842
279	0	0	0	0	-1	6
280	0	0	0	0	-1	6
281	354	355	5	0.0675	-3	5.11764705882353
282	356	357	7	101	-3	5.58955223880597
283	358	359	1	7.45	-3	5.16326530612245
284	360	361	11	9.25	-3	4.89473684210526
285	362	363	9	3.23	-3	5.57142857142857
286	0	0	0	0	-1	4
287	364	365	2	0.45	-3	5.08695652173913
288	0	0	0	0	-1	3
289	0	0	0	0	-1	3
290	366	367	1	6.05	-3	5.7
291	368	369	8	0.9956	-3	6.1304347826087
292	370	371	5	0.0865	-3	5.08333333333333
293	372	373	1	8.05	-3	6
294	0	0	0	0	-1	6.4
295	374	375	6	17.5	-3	5.6
296	376	377	9	3.21	-3	6.1
297	378	379	5	0.068	-3	6.75
298	380	381	7	18	-3	5
299	0	0	0	0	-1	3
300	382	383	1	6.65	-3	5.76744186046512
301	384	385	8	0.995835	-3	5.39393939393939
302	0	0	0	0	-1	5
303	386	387	9	3.135	-3	6.16666666666667
304	0	0	0	0	-1	7
305	388	389	9	3.04	-3	6.21428571428571
306	390	391	1	7.75	-3	5
307	0	0	0	0	-1	5.66666666666667
308	392	393	3	0.545	-3	6
309	0	0	0	0	-1	6
310	394	395	3	0.14	-3	6
311	0	0	0	0	-1	5
312	0	0	0	0	-1	5
313	396	397	10	0.695	-3	8
314	0	0	0	0	-1	6
315	398	399	8	0.99396	-3	7
316	0	0	0	0	-1	6
317	400	401	1	8.4	-3	6.76470588235294
318	402	403	4	1.7	-3	6
319	0	0	0	0	-1	7
320	0	0	0	0	-1	7.4
321	0	0	0	0	-1	8
322	0	0	0	0	-1	6.5
323	0	0	0	0	-1	7
324	404	405	2	0.7875	-3	6
325	0	0	0	0	-1	6.33333333333333
326	0	0	0	0	-1	7
327	0	0	0	0	-1	7
328	0	0	0	0	-1	6
329	0	0	0	0	-1	6.75
330	406	407	9	0.56	-3	6
331	0	0	0	0	-1	6
332	408	409	9	3.585	-3	5.05
333	0	0	0	0	-1	4
334	410	411	3	0.03	-3	6
335	0	0	0	0	-1	5
336	412	413	1	6.15	-3	6
337	0	0	0	0	-1	6
338	414	415	7	17	-3	6
339	0	0	0	0	-1	5
340	416	417	2	0.415	-3	6.51351351351351
341	418	419	10	0.655	-3	6.12121212121212
342	0	0	0	0	-1	7
343	0	0	0	0	-1	7
344	0	0	0	0	-1	6
345	420	421	4	0	-3	6
346	422	423	2	0.575	-3	6.875
347	0	0	0	0	-1	8
348	424	425	8	0.99552	-3	5.52173913043478
349	426	427	2	0.685	-3	5.26
350	428	429	4	1.7	-3	4.8
351	0	0	0	0	-1	6
352	430	431	9	3.315	-3	4.61538461538461
353	432	433	7	47	-3	5
354	0	0	0	0	-1	5.66666666666667
355	434	435	7	66	-3	5.08333333333333
356	436	437	4	3	-3	5.65833333333333
357	438	439	10	0	-3	5
358	0	0	0	0	-1	6
359	440	441	7	16.5	-3	5.12765957446809
360	0	0	0	0	-1	4.5
361	0	0	0	0	-1	5
362	0	0	0	0	-1	5
363	442	443	8	0.99875	-3	5.72727272727273
364	0	0	0	0	-1	5
365	444	445	11	9.15	-3	5.22222222222222
366	0	0	0	0	-1	6
367	446	447	1	8.65	-3	5.5
368	0	0	0	0	-1	7
369	0	0	0	0	-1	6
370	0	0	0	0	-1	5.5
371	448	449	7	47.5	-3	5
372	450	451	7	35	-3	6.16666666666667
373	0	0	0	0	-1	5
374	452	453	9	3.225	-3	5.33333333333333
375	0	0	0	0	-1	6
376	454	455	7	0	-3	6
377	0	0	0	0	-1	7
378	0	0	0	0	-1	6
379	456	457	8	1.00025	-3	6.83333333333333
380	0	0	0	0	-1	5
381	458	459	5	0	-3	5
382	460	461	4	3.15	-3	5.47368421052632
383	462	463	3	0.13	-3	5.79591836734694
384	464	465	2	0.6875	-3	4.8
385	466	467	5	0.068	-3	5.5
386	0	0	0	0	-1	6
387	0	0	0	0	-1	7
388	0	0	0	0	-1	7
389	468	469	4	10.25	-3	6
390	470	471	7	126	-3	5
391	472	473	8	0.99822	-3	5
392	474	475	6	28	-3	6
393	0	0	0	0	-1	6
394	476	477	1	6.5	-3	6
395	0	0	0	0	-1	6
396	0	0	0	0	-1	8
397	0	0	0	0	-1	8
398	0	0	0	0	-1	7
399	0	0	0	0	-1	7
400	0	0	0	0	-1	6
401	478	479	1	10.65	-3	6.86666666666667
402	0	0	0	0	-1	6
403	0	0	0	0	-1	6
404	480	481	9	3.265	-3	6
405	0	0	0	0	-1	6
406	0	0	0	0	-1	6
407	482	483	8	0.997215	-3	6
408	0	0	0	0	-1	5
409	0	0	0	0	-1	5.2
410	0	0	0	0	-1	6
411	0	0	0	0	-1	6
412	0	0	0	0	-1	6
413	0	0	0	0	-1	6
414	0	0	0	0	-1	6
415	0	0	0	0	-1	6
416	484	485	10	0.725	-3	6.83333333333333
417	486	487	3	0.03	-3	5.92307692307692
418	0	0	0	0	-1	5
419	488	489	8	1.00065	-3	6.15625
420	0	0	0	0	-1	6
421	490	491	7	0	-3	6
422	492	493	2	0.37	-3	7
423	0	0	0	0	-1	6
424	494	495	3	0	-3	5
425	496	497	2	0.605	-3	5.75
426	498	499	10	0.475	-3	5.46428571428571
427	500	501	6	6.5	-3	5
428	0	0	0	0	-1	4
429	502	503	4	4.15	-3	4.88888888888889
430	504	505	4	1.95	-3	4.16666666666667
431	506	507	1	0	-3	5
432	508	509	7	40.5	-3	4.88235294117647
433	510	511	7	52.5	-3	5.04347826086957
434	512	513	6	20	-3	5.15384615384615
435	514	515	2	0.83	-3	4.77777777777778
436	516	517	1	9.75	-3	5.69369369369369
437	518	519	4	7.2	-3	5.22222222222222
438	0	0	0	0	-1	6
439	520	521	2	0.61	-3	5
440	0	0	0	0	-1	5.66666666666667
441	522	523	2	0.27	-3	5.09090909090909
442	524	525	9	3.255	-3	5.5
443	0	0	0	0	-1	6
444	0	0	0	0	-1	6
445	526	527	7	0	-3	5
446	0	0	0	0	-1	5
447	0	0	0	0	-1	6
448	0	0	0	0	-1	5
449	528	529	2	0	-3	5
450	0	0	0	0	-1	6.5
451	0	0	0	0	-1	6
452	0	0	0	0	-1	5
453	0	0	0	0	-1	6
454	0	0	0	0	-1	5
455	530	531	10	0.565	-3	6
456	532	533	11	10.65	-3	6.88235294117647
457	0	0	0	0	-1	6
458	0	0	0	0	-1	5
459	534	535	9	3.575	-3	5
460	536	537	7	42	-3	5.625
461	0	0	0	0	-1	4.66666666666667
462	538	539	8	0.997355	-3	5.97333333333333
463	540	541	10	0.725	-3	5.68595041322314
464	0	0	0	0	-1	4
465	542	543	11	11.15	-3	4.88888888888889
466	0	0	0	0	-1	4.5
467	544	545	2	1.0375	-3	5.57692307692308
468	546	547	7	53.5	-3	6
469	0	0	0	0	-1	6
470	548	549	10	0	-3	5
471	550	551	11	0	-3	5
472	0	0	0	0	-1	5
473	0	0	0	0	-1	5
474	552	553	5	0.0675	-3	6
475	0	0	0	0	-1	6
476	0	0	0	0	-1	6
477	0	0	0	0	-1	6
478	554	555	3	0.53	-3	6.92857142857143
479	0	0	0	0	-1	6
480	0	0	0	0	-1	6
481	556	557	11	11.45	-3	6
482	0	0	0	0	-1	6
483	0	0	0	0	-1	6
484	0	0	0	0	-1	6.2
485	558	559	7	45	-3	7
486	0	0	0	0	-1	7
487	560	561	1	8.55	-3	5.83333333333333
488	562	563	6	6.5	-3	6.1
489	0	0	0	0	-1	7
490	0	0	0	0	-1	5
491	564	565	8	0.99481	-3	6
492	0	0	0	0	-1	7
493	0	0	0	0	-1	7
494	0	0	0	0	-1	6
495	566	567	11	9.75	-3	5
496	568	569	1	8.05	-3	6
497	0	0	0	0	-1	5
498	570	571	4	0	-3	5
499	572	573	11	9.45	-3	5.61904761904762
500	0	0	0	0	-1	4.33333333333333
501	574	575	7	93.5	-3	5.10526315789474
502	576	577	5	0.0805	-3	4.92307692307692
503	0	0	0	0	-1	4
504	0	0	0	0	-1	5
505	0	0	0	0	-1	4
506	0	0	0	0	-1	6
507	578	579	8	0.99616	-3	5
508	580	581	7	22.5	-3	5
509	582	583	2	0.595	-3	4.33333333333333
510	584	585	7	50.5	-3	5.25
511	586	587	4	2.05	-3	5.02380952380952
512	588	589	4	3.25	-3	5.09090909090909
513	590	591	2	0.495	-3	5.5
514	592	593	8	0	-3	5
515	0	0	0	0	-1	4
516	594	595	5	0.0985	-3	5.66666666666667
517	0	0	0	0	-1	6.66666666666667
518	596	597	8	0	-3	5
519	0	0	0	0	-1	6
520	0	0	0	0	-1	5
521	0	0	0	0	-1	5
522	0	0	0	0	-1	6
523	598	599	7	77.5	-3	5.06976744186047
524	0	0	0	0	-1	6
525	0	0	0	0	-1	5.4
526	0	0	0	0	-1	5
527	600	601	10	0	-3	5
528	0	0	0	0	-1	5
529	602	603	10	11.05	-3	5
530	0	0	0	0	-1	6
531	604	605	10	0.635	-3	6
532	606	607	2	0.315	-3	6.66666666666667
533	608	609	4	2.7	-3	7
534	0	0	0	0	-1	5
535	0	0	0	0	-1	5
536	610	611	5	0.0735	-3	6
537	612	613	9	3.55	-3	5.14285714285714
538	614	615	9	3.495	-3	5.9
539	0	0	0	0	-1	7
540	616	617	9	3.405	-3	5.61052631578947
541	618	619	1	11.15	-3	5.96153846153846
542	620	621	9	3.465	-3	5
543	0	0	0	0	-1	4
544	622	623	1	8.85	-3	5.55102040816327
545	0	0	0	0	-1	6
546	0	0	0	0	-1	6
547	0	0	0	0	-1	6
548	0	0	0	0	-1	6
549	624	625	11	3.505	-3	5
550	0	0	0	0	-1	5
551	626	627	3	0.315	-3	5
552	0	0	0	0	-1	6
553	628	629	10	0.585	-3	6
554	0	0	0	0	-1	7
555	0	0	0	0	-1	6
556	0	0	0	0	-1	6
557	630	631	6	9.5	-3	6
558	632	633	2	0.375	-3	7.05555555555556
559	0	0	0	0	-1	6
560	0	0	0	0	-1	6
561	0	0	0	0	-1	5.6
562	634	635	2	0.545	-3	5.86666666666667
563	636	637	3	0.465	-3	6.33333333333333
564	0	0	0	0	-1	6
565	0	0	0	0	-1	6
566	0	0	0	0	-1	5
567	0	0	0	0	-1	5
568	638	639	9	78	-3	6
569	0	0	0	0	-1	6
570	0	0	0	0	-1	7
571	0	0	0	0	-1	5
572	640	641	1	7.4	-3	5.14285714285714
573	642	643	3	0.04	-3	5.85714285714286
574	644	645	3	0.165	-3	5.05555555555556
575	0	0	0	0	-1	6
576	0	0	0	0	-1	5
577	646	647	10	0.465	-3	4.75
578	0	0	0	0	-1	5
579	0	0	0	0	-1	5
580	648	649	5	0.087	-3	5
581	650	651	8	0.99739	-3	5
582	0	0	0	0	-1	5
583	0	0	0	0	-1	4
584	652	653	3	0.305	-3	5
585	0	0	0	0	-1	6
586	654	655	11	9.75	-3	4.90476190476191
587	656	657	5	0.0835	-3	5.06349206349206
588	658	659	5	0.1565	-3	5.0625
589	0	0	0	0	-1	6
590	0	0	0	0	-1	6
591	0	0	0	0	-1	5
592	0	0	0	0	-1	6
593	660	661	10	0.605	-3	5
594	662	663	5	0.0825	-3	5.72631578947368
595	664	665	11	9.7	-3	5.23076923076923
596	0	0	0	0	-1	4
597	666	667	9	3.25	-3	5
598	668	669	1	10.15	-3	5.13793103448276
599	670	671	3	0.485	-3	4.92857142857143
600	0	0	0	0	-1	6
601	0	0	0	0	-1	5
602	0	0	0	0	-1	5
603	0	0	0	0	-1	5
604	0	0	0	0	-1	6
605	0	0	0	0	-1	6
606	0	0	0	0	-1	7
607	0	0	0	0	-1	6.33333333333333
608	0	0	0	0	-1	7
609	672	673	2	0.325	-3	7
610	0	0	0	0	-1	6
611	674	675	4	0	-3	6
612	0	0	0	0	-1	5
613	0	0	0	0	-1	6
614	676	677	6	7.5	-3	5.86764705882353
615	0	0	0	0	-1	7
616	678	679	5	0.112	-3	5.72151898734177
617	680	681	9	3.56	-3	5.0625
618	682	683	5	0.0715	-3	6.04761904761905
619	0	0	0	0	-1	5.6
620	684	685	2	0	-3	5
621	0	0	0	0	-1	5
622	686	687	11	10.35	-3	5.66666666666667
623	688	689	4	2.65	-3	5.3125
624	0	0	0	0	-1	7
625	690	691	9	3.315	-3	5
626	0	0	0	0	-1	5
627	0	0	0	0	-1	5
628	692	693	3	0.235	-3	6
629	694	695	4	2.35	-3	6
630	0	0	0	0	-1	6
631	0	0	0	0	-1	6
632	696	697	11	0	-3	7
633	0	0	0	0	-1	7.5
634	698	699	11	10.75	-3	5.92857142857143
635	0	0	0	0	-1	5
636	700	701	9	3.38	-3	6.09090909090909
637	0	0	0	0	-1	7
638	702	703	10	0.525	-3	6
639	0	0	0	0	-1	6
640	0	0	0	0	-1	6
641	704	705	2	0.575	-3	5
642	0	0	0	0	-1	7
643	706	707	8	0.998455	-3	5.76923076923077
644	0	0	0	0	-1	5
645	0	0	0	0	-1	5.33333333333333
646	0	0	0	0	-1	4
647	708	709	9	3.395	-3	5
648	710	711	5	0	-3	5
649	712	713	3	0	-3	5
650	0	0	0	0	-1	5
651	0	0	0	0	-1	5
652	0	0	0	0	-1	5
653	0	0	0	0	-1	5
654	714	715	10	0	-3	5
655	0	0	0	0	-1	4.33333333333333
656	716	717	4	2.25	-3	5.12903225806452
657	718	719	10	0.525	-3	5
658	720	721	6	4.5	-3	5.03225806451613
659	0	0	0	0	-1	6
660	0	0	0	0	-1	5
661	0	0	0	0	-1	5
662	722	723	1	7.35	-3	5.6140350877193
663	724	725	7	21.5	-3	5.89473684210526
664	726	727	3	0.29	-3	5.09090909090909
665	0	0	0	0	-1	6
666	0	0	0	0	-1	5
667	0	0	0	0	-1	5
668	728	729	1	8.45	-3	5.04545454545455
669	730	731	6	8	-3	5.42857142857143
670	0	0	0	0	-1	4.75
671	732	733	7	118.5	-3	5
672	0	0	0	0	-1	7
673	0	0	0	0	-1	7
674	0	0	0	0	-1	7
675	0	0	0	0	-1	6
676	0	0	0	0	-1	5
677	734	735	10	0.525	-3	5.921875
678	736	737	10	0.625	-3	5.77777777777778
679	738	739	6	30	-3	5.14285714285714
680	740	741	1	0	-3	5
681	0	0	0	0	-1	6
682	0	0	0	0	-1	7
683	742	743	10	0.075	-3	6
684	0	0	0	0	-1	5
685	744	745	9	3.345	-3	5
686	746	747	11	10.05	-3	5.47368421052632
687	748	749	8	0.996525	-3	5.92857142857143
688	750	751	8	0.99842	-3	5.15384615384615
689	0	0	0	0	-1	6
690	0	0	0	0	-1	5
691	752	753	8	0	-3	5
692	0	0	0	0	-1	6
693	0	0	0	0	-1	6
694	0	0	0	0	-1	6
695	754	755	6	0	-3	6
696	0	0	0	0	-1	5
697	0	0	0	0	-1	7
698	0	0	0	0	-1	5.8
699	756	757	9	3.19	-3	6
700	758	759	11	11.1	-3	6.2
701	0	0	0	0	-1	5
702	760	761	8	0.995595	-3	6
703	0	0	0	0	-1	6
704	0	0	0	0	-1	5
705	0	0	0	0	-1	5
706	762	763	8	0.997615	-3	5.625
707	0	0	0	0	-1	6
708	0	0	0	0	-1	5
709	0	0	0	0	-1	5
710	0	0	0	0	-1	5
711	764	765	5	0	-3	5
712	0	0	0	0	-1	6
713	766	767	8	1.0003	-3	5
714	0	0	0	0	-1	6
715	0	0	0	0	-1	5
716	768	769	11	9.5	-3	5.36363636363636
717	770	771	5	0.0785	-3	5
718	772	773	8	0	-3	5
719	774	775	1	0	-3	5
720	0	0	0	0	-1	5.5
721	776	777	8	0.99658	-3	5
722	778	779	4	1.9	-3	5.92307692307692
723	780	781	7	85.5	-3	5.52272727272727
724	0	0	0	0	-1	5
725	782	783	6	23.5	-3	5.91891891891892
726	784	785	4	2	-3	5
727	0	0	0	0	-1	6
728	0	0	0	0	-1	5.33333333333333
729	786	787	8	0.99855	-3	5
730	0	0	0	0	-1	5
731	0	0	0	0	-1	6
732	0	0	0	0	-1	5
733	0	0	0	0	-1	5
734	0	0	0	0	-1	5.2
735	788	789	3	0.105	-3	5.98305084745763
736	790	791	7	26.5	-3	5.67307692307692
737	792	793	3	0.39	-3	6.05
738	794	795	9	3.155	-3	5
739	0	0	0	0	-1	6
740	0	0	0	0	-1	3
741	796	797	7	0	-3	5
742	0	0	0	0	-1	6
743	798	799	9	0.087	-3	6
744	0	0	0	0	-1	5
745	0	0	0	0	-1	5
746	800	801	10	0.51	-3	5.66666666666667
747	802	803	2	0.735	-3	5.14285714285714
748	0	0	0	0	-1	5.75
749	0	0	0	0	-1	6
750	804	805	10	0.805	-3	5
751	0	0	0	0	-1	5.5
752	0	0	0	0	-1	7
753	806	807	5	0.1085	-3	5
754	0	0	0	0	-1	6
755	0	0	0	0	-1	6
756	0	0	0	0	-1	6
757	808	809	5	0	-3	6
758	810	811	2	0.315	-3	6
759	0	0	0	0	-1	7
760	0	0	0	0	-1	6
761	0	0	0	0	-1	6
762	812	813	7	51	-3	5.83333333333333
763	0	0	0	0	-1	5
764	0	0	0	0	-1	4
765	0	0	0	0	-1	5
766	814	815	7	0	-3	5
767	0	0	0	0	-1	5
768	0	0	0	0	-1	5
769	0	0	0	0	-1	6
770	816	817	11	9.45	-3	5
771	0	0	0	0	-1	5
772	0	0	0	0	-1	5
773	818	819	8	0.99666	-3	5
774	0	0	0	0	-1	5
775	0	0	0	0	-1	5
776	0	0	0	0	-1	5
777	820	821	8	0.996895	-3	5
778	822	823	4	0.99725	-3	6
779	0	0	0	0	-1	5.75
780	824	825	10	0.68	-3	5.43243243243243
781	0	0	0	0	-1	6
782	826	827	1	9.35	-3	5.97058823529412
783	0	0	0	0	-1	5.33333333333333
784	0	0	0	0	-1	5
785	0	0	0	0	-1	5
786	828	829	9	3.2	-3	5
787	0	0	0	0	-1	5
788	830	831	5	0.0875	-3	6.01754385964912
789	0	0	0	0	-1	5
790	832	833	11	10.45	-3	5.38461538461539
791	834	835	10	0.615	-3	5.76923076923077
792	836	837	7	53.5	-3	5.92857142857143
793	838	839	11	10.25	-3	6.33333333333333
794	0	0	0	0	-1	5
795	0	0	0	0	-1	5
796	0	0	0	0	-1	6
797	840	841	10	0.545	-3	5
798	0	0	0	0	-1	7
799	842	843	8	0.9981	-3	6
800	0	0	0	0	-1	5
801	844	845	5	0.088	-3	5.88888888888889
802	846	847	2	0.665	-3	5
803	0	0	0	0	-1	6
804	848	849	1	0	-3	5
805	0	0	0	0	-1	5
806	850	851	1	0	-3	5
807	0	0	0	0	-1	5
808	0	0	0	0	-1	5
809	0	0	0	0	-1	6
810	0	0	0	0	-1	6
811	0	0	0	0	-1	6
812	0	0	0	0	-1	6
813	0	0	0	0	-1	5
814	0	0	0	0	-1	5
815	852	853	5	3.195	-3	5
816	0	0	0	0	-1	5
817	0	0	0	0	-1	5
818	0	0	0	0	-1	5
819	854	855	4	2.55	-3	5
820	0	0	0	0	-1	5
821	856	857	3	0.05	-3	5
822	0	0	0	0	-1	5
823	0	0	0	0	-1	6
824	858	859	8	0.99708	-3	5.34375
825	0	0	0	0	-1	6
826	860	861	4	2.55	-3	6
827	0	0	0	0	-1	5
828	0	0	0	0	-1	5
829	862	863	3	0	-3	5
830	864	865	5	0.0725	-3	5.98
831	866	867	6	13	-3	6.28571428571429
832	868	869	3	0.315	-3	5.625
833	0	0	0	0	-1	5
834	870	871	7	71	-3	5.81081081081081
835	0	0	0	0	-1	5
836	0	0	0	0	-1	5.66666666666667
837	0	0	0	0	-1	6
838	0	0	0	0	-1	7
839	0	0	0	0	-1	6
840	0	0	0	0	-1	5
841	0	0	0	0	-1	5
842	872	873	9	3.405	-3	6
843	874	875	1	10.6	-3	6
844	0	0	0	0	-1	6
845	0	0	0	0	-1	5
846	0	0	0	0	-1	5
847	0	0	0	0	-1	5
848	0	0	0	0	-1	5
849	876	877	11	3.225	-3	5
850	0	0	0	0	-1	6
851	878	879	2	0.525	-3	5
852	0	0	0	0	-1	5
853	0	0	0	0	-1	5
854	880	881	10	0	-3	5
855	0	0	0	0	-1	5
856	882	883	10	0	-3	5
857	884	885	11	0	-3	5
858	886	887	6	9	-3	5.14285714285714
859	888	889	8	0.99734	-3	5.5
860	890	891	10	0.75	-3	6
861	892	893	9	3.24	-3	6
862	0	0	0	0	-1	6
863	0	0	0	0	-1	5
864	0	0	0	0	-1	5.75
865	894	895	10	0	-3	6
866	0	0	0	0	-1	7
867	0	0	0	0	-1	6
868	896	897	2	0.49	-3	5.83333333333333
869	0	0	0	0	-1	5
870	898	899	8	0.99478	-3	5.85714285714286
871	0	0	0	0	-1	5
872	900	901	8	0.99565	-3	6
873	0	0	0	0	-1	6
874	0	0	0	0	-1	6
875	0	0	0	0	-1	6
876	0	0	0	0	-1	4
877	0	0	0	0	-1	5
878	0	0	0	0	-1	5
879	0	0	0	0	-1	5
880	0	0	0	0	-1	6
881	902	903	2	0.54	-3	5
882	0	0	0	0	-1	5
883	0	0	0	0	-1	5
884	0	0	0	0	-1	7
885	904	905	7	31	-3	5
886	0	0	0	0	-1	5.5
887	906	907	10	0.66	-3	5
888	908	909	6	30.5	-3	5.88888888888889
889	910	911	8	0.9983	-3	5.11111111111111
890	912	913	11	0	-3	6
891	0	0	0	0	-1	6
892	0	0	0	0	-1	6
893	0	0	0	0	-1	6
894	0	0	0	0	-1	6
895	914	915	5	0.0745	-3	6
896	0	0	0	0	-1	5.66666666666667
897	0	0	0	0	-1	6
898	0	0	0	0	-1	5
899	916	917	10	0.495	-3	5.9375
900	0	0	0	0	-1	6
901	918	919	7	28	-3	6
902	0	0	0	0	-1	5
903	0	0	0	0	-1	5
904	0	0	0	0	-1	5
905	0	0	0	0	-1	5
906	920	921	11	0	-3	5
907	0	0	0	0	-1	5
908	0	0	0	0	-1	6
909	0	0	0	0	-1	5
910	0	0	0	0	-1	5
911	0	0	0	0	-1	5.5
912	0	0	0	0	-1	6
913	922	923	8	0.997535	-3	6
914	924	925	9	3.38	-3	6
915	0	0	0	0	-1	6
916	0	0	0	0	-1	5.33333333333333
917	926	927	7	35.5	-3	6
918	0	0	0	0	-1	6
919	0	0	0	0	-1	6
920	0	0	0	0	-1	7
921	928	929	10	0.62	-3	5
922	930	931	6	0	-3	6
923	932	933	8	0.99915	-3	6
924	0	0	0	0	-1	6
925	0	0	0	0	-1	6
926	934	935	5	0.0775	-3	6
927	936	937	8	0.998485	-3	6
928	0	0	0	0	-1	5
929	0	0	0	0	-1	5
930	0	0	0	0	-1	7
931	938	939	11	9.05	-3	6
932	940	941	7	0	-3	6
933	0	0	0	0	-1	6
934	0	0	0	0	-1	6
935	942	943	2	0.082	-3	6
936	944	945	9	3.345	-3	6
937	0	0	0	0	-1	6
938	0	0	0	0	-1	6
939	946	947	11	9.45	-3	6
940	0	0	0	0	-1	5
941	0	0	0	0	-1	6
942	0	0	0	0	-1	5
943	948	949	4	2.6	-3	6
944	950	951	8	0.9968	-3	6
945	0	0	0	0	-1	6
946	0	0	0	0	-1	6
947	0	0	0	0	-1	6
948	0	0	0	0	-1	6
949	0	0	0	0	-1	6
950	0	0	0	0	-1	6
951	952	953	3	0.26	-3	6
952	0	0	0	0	-1	6
953	0	0	0	0	-1	6
