1	2	3	8	0.995205	-3	5.65290806754221
2	4	5	2	0.425	-3	6.04635761589404
3	6	7	10	0.645	-3	5.56129529683886
4	8	9	4	1.75	-3	6.55855855855856
5	10	11	5	0.1285	-3	5.74869109947644
6	12	13	9	3.075	-3	5.33333333333333
7	14	15	11	9.85	-3	5.85113835376532
8	16	17	6	19.5	-3	6.1304347826087
9	18	19	7	30.5	-3	6.67045454545454
10	20	21	1	4.65	-3	5.79679144385027
11	0	0	0	0	-1	3.5
12	22	23	11	11.15	-3	4.9
13	24	25	5	0.0615	-3	5.3456090651558
14	26	27	1	12.35	-3	5.44711538461539
15	28	29	7	54.5	-3	6.08264462809917
16	30	31	11	11.45	-3	6.5
17	32	33	9	3.305	-3	5.72727272727273
18	34	35	7	28.5	-3	6.95238095238095
19	36	37	8	0.99335	-3	6.41304347826087
20	0	0	0	0	-1	4
21	38	39	10	0.555	-3	5.81621621621622
22	40	41	9	3.045	-3	4.77777777777778
23	0	0	0	0	-1	6
24	42	43	5	0.0605	-3	5
25	44	45	7	94.5	-3	5.36472346786248
26	46	47	1	10.65	-3	5.37373737373738
27	48	49	3	0.69	-3	6.9
28	50	51	2	0.405	-3	6.23076923076923
29	52	53	2	0.31	-3	5.70873786407767
30	0	0	0	0	-1	7
31	54	55	5	0.0605	-3	6.25
32	56	57	11	11.2	-3	6
33	0	0	0	0	-1	5
34	58	59	2	0.225	-3	6.87179487179487
35	0	0	0	0	-1	8
36	60	61	7	56.5	-3	6.88888888888889
37	62	63	2	0.315	-3	6.10714285714286
38	64	65	2	1	-3	5.33333333333333
39	66	67	11	11.55	-3	6.10344827586207
40	68	69	8	0.99745	-3	5
41	70	71	1	12.75	-3	4.42857142857143
42	72	73	6	4.5	-3	5.11428571428571
43	0	0	0	0	-1	3
44	74	75	6	11.5	-3	5.4
45	76	77	2	0.32	-3	5.08108108108108
46	78	79	8	0.997235	-3	5.3125
47	80	81	3	0.44	-3	5.86363636363636
48	82	83	5	0.0785	-3	6.625
49	0	0	0	0	-1	8
50	84	85	5	0.0875	-3	6.43548387096774
51	86	87	5	0.12	-3	6.04411764705883
52	88	89	3	0.5	-3	6.17647058823529
53	90	91	7	104.5	-3	5.61627906976744
54	0	0	0	0	-1	6
55	0	0	0	0	-1	6.66666666666667
56	0	0	0	0	-1	6
57	92	93	1	6.35	-3	6
58	0	0	0	0	-1	5
59	94	95	10	0.535	-3	6.92105263157895
60	0	0	0	0	-1	7.6
61	96	97	10	0.585	-3	6.61538461538461
62	98	99	9	3.335	-3	6.57142857142857
63	100	101	10	0.495	-3	5.95238095238095
64	102	103	4	1.25	-3	5.41538461538462
65	0	0	0	0	-1	4
66	104	105	11	9.55	-3	5.81538461538462
67	106	107	9	3.57	-3	6.47058823529412
68	0	0	0	0	-1	5
69	108	109	11	0	-3	5
70	0	0	0	0	-1	4.2
71	0	0	0	0	-1	5
72	110	111	1	7.8	-3	4.42857142857143
73	112	113	9	3.55	-3	5.28571428571429
74	114	115	4	2.25	-3	5.30970149253731
75	116	117	8	0.99689	-3	5.47400611620795
76	0	0	0	0	-1	6
77	118	119	8	0.99605	-3	5.06849315068493
78	120	121	3	0.505	-3	5.18072289156627
79	122	123	5	0.0935	-3	5.43010752688172
80	124	125	10	0.675	-3	5.57142857142857
81	126	127	7	18	-3	6
82	0	0	0	0	-1	7
83	0	0	0	0	-1	6.25
84	128	129	10	0.655	-3	6.51485148514851
85	130	131	9	3.32	-3	6.08695652173913
86	132	133	4	2.35	-3	6.10236220472441
87	134	135	5	0.1885	-3	5.22222222222222
88	136	137	6	52.5	-3	6
89	0	0	0	0	-1	7
90	138	139	11	11.0333333333333	-3	5.72222222222222
91	140	141	1	7.95	-3	5.07142857142857
92	0	0	0	0	-1	6
93	0	0	0	0	-1	6
94	0	0	0	0	-1	6
95	142	143	2	0.415	-3	6.97222222222222
96	144	145	7	0	-3	7
97	146	147	2	0.41	-3	6.16666666666667
98	0	0	0	0	-1	7.25
99	0	0	0	0	-1	5.66666666666667
100	0	0	0	0	-1	5
101	148	149	4	2.45	-3	6.05263157894737
102	0	0	0	0	-1	7
103	150	151	11	11.1	-3	5.33870967741935
104	0	0	0	0	-1	5
105	152	153	9	3.245	-3	5.84126984126984
106	154	155	3	0.015	-3	6.66666666666667
107	156	157	7	72.5	-3	5.83333333333333
108	0	0	0	0	-1	6
109	158	159	8	0.9982	-3	5
110	0	0	0	0	-1	4.75
111	0	0	0	0	-1	4
112	160	161	4	4.65	-3	5.38461538461539
113	0	0	0	0	-1	4
114	162	163	9	3.545	-3	5.15384615384615
115	164	165	3	0.23	-3	5.488
116	166	167	5	0.0725	-3	5.58659217877095
117	168	169	3	0.6	-3	5.33783783783784
118	170	171	1	7.5	-3	5.25
119	172	173	5	0.0675	-3	5.04615384615385
120	174	175	4	1.55	-3	5.11267605633803
121	176	177	2	0.7525	-3	5.58333333333333
122	178	179	2	0.6	-3	5.69230769230769
123	180	181	6	53.5	-3	5.09756097560976
124	0	0	0	0	-1	6
125	0	0	0	0	-1	5
126	182	183	3	0.505	-3	6
127	0	0	0	0	-1	6
128	184	185	7	16.5	-3	7.14285714285714
129	186	187	8	0.999475	-3	6.46808510638298
130	188	189	9	3.075	-3	6.27777777777778
131	0	0	0	0	-1	5.4
132	190	191	7	20.5	-3	5.875
133	192	193	4	2.45	-3	6.33333333333333
134	194	195	10	0.685	-3	4.83333333333333
135	0	0	0	0	-1	6
136	196	197	9	3.36	-3	5.92307692307692
137	0	0	0	0	-1	7
138	198	199	8	1.00015	-3	5.50980392156863
139	200	201	1	14.15	-3	6.23809523809524
140	202	203	8	0.99695	-3	5
141	0	0	0	0	-1	5.5
142	204	205	3	0.22	-3	6.94285714285714
143	0	0	0	0	-1	8
144	0	0	0	0	-1	5
145	206	207	1	0	-3	7
146	0	0	0	0	-1	6
147	0	0	0	0	-1	7
148	208	209	3	0.425	-3	6
149	0	0	0	0	-1	6.25
150	210	211	6	4.5	-3	5.11764705882353
151	212	213	5	0.054	-3	5.60714285714286
152	214	215	7	33	-3	5.2
153	216	217	1	6.25	-3	5.9622641509434
154	218	219	8	0.9926	-3	6
155	220	221	10	0.71	-3	6.92857142857143
156	222	223	6	0	-3	6
157	0	0	0	0	-1	5.33333333333333
158	0	0	0	0	-1	5
159	0	0	0	0	-1	5
160	224	225	8	0.99745	-3	5.25
161	0	0	0	0	-1	7
162	226	227	11	8.7	-3	5.20143884892086
163	0	0	0	0	-1	3.5
164	228	229	9	3.335	-3	5.22
165	230	231	10	0.635	-3	5.66666666666667
166	232	233	5	0.0635	-3	5.13333333333333
167	234	235	8	0.996735	-3	5.67785234899329
168	236	237	11	9.95	-3	5.30769230769231
169	0	0	0	0	-1	6.2
170	0	0	0	0	-1	5
171	0	0	0	0	-1	5.66666666666667
172	0	0	0	0	-1	6
173	238	239	9	3.315	-3	5.01587301587302
174	240	241	10	0.93	-3	4.33333333333333
175	242	243	8	0.996125	-3	5.18461538461539
176	244	245	10	1.115	-3	5.375
177	0	0	0	0	-1	6
178	246	247	8	0.9992	-3	5.8
179	248	249	10	0.715	-3	5.33333333333333
180	250	251	9	2.885	-3	5.02631578947368
181	0	0	0	0	-1	6
182	0	0	0	0	-1	6
183	0	0	0	0	-1	6
184	0	0	0	0	-1	8
185	0	0	0	0	-1	6.8
186	252	253	6	25	-3	6.43181818181818
187	254	255	3	0.55	-3	7
188	0	0	0	0	-1	5
189	256	257	1	12.4	-3	6.35294117647059
190	258	259	7	19.5	-3	6.14814814814815
191	260	261	10	0.655	-3	5.67567567567568
192	262	263	8	0.99705	-3	6.875
193	264	265	5	0.0735	-3	6.25454545454545
194	0	0	0	0	-1	4
195	0	0	0	0	-1	5
196	0	0	0	0	-1	5.8
197	266	267	11	11.95	-3	6
198	268	269	1	7.6	-3	5.44897959183673
199	0	0	0	0	-1	7
200	270	271	3	0.32	-3	6.36842105263158
201	0	0	0	0	-1	5
202	0	0	0	0	-1	5
203	0	0	0	0	-1	5
204	0	0	0	0	-1	6
205	272	273	3	0.31	-3	6.97058823529412
206	0	0	0	0	-1	6
207	0	0	0	0	-1	7
208	274	275	10	0.765	-3	6
209	0	0	0	0	-1	6
210	276	277	8	0.99427	-3	5.66666666666667
211	278	279	2	0.6175	-3	5
212	0	0	0	0	-1	5
213	280	281	7	25	-3	5.73913043478261
214	0	0	0	0	-1	5
215	0	0	0	0	-1	5.5
216	282	283	5	0.0575	-3	5.5
217	284	285	8	0.99512	-3	6.09756097560976
218	0	0	0	0	-1	5.33333333333333
219	286	287	9	3.38	-3	6.25
220	288	289	11	12.4	-3	6.54545454545454
221	290	291	11	12.15	-3	7.1764705882353
222	0	0	0	0	-1	5
223	292	293	3	0.055	-3	6
224	294	295	9	3.495	-3	5.14285714285714
225	0	0	0	0	-1	6
226	0	0	0	0	-1	3
227	296	297	2	0.65	-3	5.21739130434783
228	298	299	9	3.285	-3	5.52941176470588
229	300	301	5	0.072	-3	5.06060606060606
230	302	303	8	0.99696	-3	5.61111111111111
231	0	0	0	0	-1	7
232	0	0	0	0	-1	6
233	304	305	8	0.99578	-3	4.96
234	306	307	10	0.545	-3	5.58620689655172
235	308	309	10	0.61	-3	6
236	310	311	1	6.95	-3	5.21739130434783
237	312	313	1	11.15	-3	5.67857142857143
238	314	315	6	25.5	-3	5
239	316	317	6	20	-3	5.1
240	0	0	0	0	-1	5
241	0	0	0	0	-1	4
242	0	0	0	0	-1	5.6
243	318	319	7	83	-3	5.15
244	0	0	0	0	-1	5.75
245	0	0	0	0	-1	5
246	320	321	7	101	-3	5.93548387096774
247	322	323	7	37	-3	5.33333333333333
248	0	0	0	0	-1	5
249	324	325	9	3.405	-3	5.57142857142857
250	0	0	0	0	-1	4
251	326	327	4	1.85	-3	5.05405405405405
252	328	329	3	0.59	-3	6.46341463414634
253	330	331	1	8.65	-3	6
254	0	0	0	0	-1	7
255	0	0	0	0	-1	7
256	332	333	7	21	-3	6.26666666666667
257	0	0	0	0	-1	7
258	334	335	4	1.85	-3	6.05
259	336	337	9	3.28	-3	6.42857142857143
260	0	0	0	0	-1	6.33333333333333
261	338	339	5	0.0775	-3	5.61764705882353
262	0	0	0	0	-1	6
263	340	341	8	0.9972	-3	7
264	342	343	10	0.695	-3	6.71428571428571
265	344	345	3	0.1	-3	6.1875
266	0	0	0	0	-1	6
267	0	0	0	0	-1	6
268	346	347	8	0.996365	-3	5.08333333333333
269	348	349	3	0.505	-3	5.56756756756757
270	350	351	1	3.355	-3	6
271	352	353	1	11.4	-3	6.875
272	0	0	0	0	-1	8
273	354	355	8	0.99469	-3	6.93939393939394
274	0	0	0	0	-1	6
275	0	0	0	0	-1	6
276	0	0	0	0	-1	4
277	0	0	0	0	-1	6
278	356	357	6	18.5	-3	5
279	0	0	0	0	-1	5
280	358	359	1	6.65	-3	5.5
281	360	361	9	3.47	-3	5.86666666666667
282	0	0	0	0	-1	5
283	362	363	1	5.95	-3	5.75
284	364	365	1	6.45	-3	6
285	366	367	3	0.065	-3	6.4
286	0	0	0	0	-1	7
287	368	369	11	12.35	-3	6.14285714285714
288	370	371	2	0.5	-3	6.85714285714286
289	0	0	0	0	-1	6
290	0	0	0	0	-1	6.5
291	372	373	3	0.1	-3	7.38461538461539
292	0	0	0	0	-1	6
293	0	0	0	0	-1	6
294	374	375	10	0.55	-3	5.05263157894737
295	0	0	0	0	-1	6
296	376	377	10	0.585	-3	5.37362637362637
297	378	379	3	0.25	-3	4.91489361702128
298	380	381	6	0	-3	5
299	382	383	11	10.3	-3	5.81818181818182
300	0	0	0	0	-1	5.75
301	384	385	11	10.95	-3	4.96551724137931
302	386	387	10	0.485	-3	5.95454545454545
303	388	389	5	0.073	-3	5.46
304	390	391	10	0.545	-3	4.63636363636364
305	392	393	2	0.53	-3	5.21428571428571
306	394	395	2	0.415	-3	5.32558139534884
307	396	397	7	38	-3	5.73972602739726
308	398	399	6	12.5	-3	5.76923076923077
309	400	401	11	9.75	-3	6.85714285714286
310	0	0	0	0	-1	6
311	402	403	5	0.0825	-3	5.19642857142857
312	404	405	2	0.6375	-3	5.79166666666667
313	0	0	0	0	-1	5
314	406	407	6	11	-3	5
315	408	409	5	0	-3	5
316	0	0	0	0	-1	5.25
317	410	411	5	0.077	-3	5
318	412	413	5	0.0665	-3	5.23404255319149
319	414	415	7	86	-3	4.84615384615385
320	416	417	11	0.395	-3	6
321	0	0	0	0	-1	5
322	0	0	0	0	-1	5
323	0	0	0	0	-1	6
324	0	0	0	0	-1	5
325	0	0	0	0	-1	5.8
326	418	419	6	3.5	-3	5.33333333333333
327	420	421	2	0.7975	-3	4.96428571428571
328	422	423	10	0.875	-3	6.50666666666667
329	424	425	8	0	-3	6
330	0	0	0	0	-1	6
331	0	0	0	0	-1	6
332	0	0	0	0	-1	7
333	426	427	10	0.995	-3	6.15384615384615
334	0	0	0	0	-1	6.25
335	428	429	5	0.079	-3	6
336	0	0	0	0	-1	7
337	0	0	0	0	-1	6
338	430	431	2	0.6225	-3	5.88235294117647
339	432	433	5	0.083	-3	5.35294117647059
340	0	0	0	0	-1	7
341	0	0	0	0	-1	7
342	0	0	0	0	-1	6
343	0	0	0	0	-1	7
344	434	435	2	0.62	-3	6.66666666666667
345	436	437	1	8.5	-3	6.11904761904762
346	0	0	0	0	-1	5.33333333333333
347	438	439	6	6.85	-3	5
348	440	441	6	8.5	-3	5.71428571428571
349	442	443	1	12	-3	5.11111111111111
350	0	0	0	0	-1	5
351	444	445	4	2.05	-3	6
352	446	447	6	28	-3	7
353	0	0	0	0	-1	6
354	448	449	4	0	-3	7
355	450	451	10	0.62	-3	6.86666666666667
356	0	0	0	0	-1	5
357	452	453	10	0.475	-3	5
358	0	0	0	0	-1	6
359	0	0	0	0	-1	5.2
360	454	455	7	37.5	-3	6
361	0	0	0	0	-1	5.5
362	0	0	0	0	-1	6
363	0	0	0	0	-1	5.33333333333333
364	0	0	0	0	-1	6
365	0	0	0	0	-1	6
366	456	457	5	0	-3	6
367	0	0	0	0	-1	7
368	458	459	2	0.71	-3	6
369	0	0	0	0	-1	7
370	0	0	0	0	-1	6
371	460	461	7	38.5	-3	7
372	462	463	9	3.43	-3	7.85714285714286
373	464	465	6	25	-3	6.83333333333333
374	0	0	0	0	-1	5
375	466	467	7	46.5	-3	5.125
376	468	469	5	0.0755	-3	5.22222222222222
377	470	471	2	0.585	-3	5.59459459459459
378	472	473	2	0.7525	-3	5
379	0	0	0	0	-1	4.2
380	0	0	0	0	-1	5
381	0	0	0	0	-1	5
382	474	475	10	0.62	-3	5.9
383	0	0	0	0	-1	5
384	476	477	2	0.6525	-3	5.13636363636364
385	478	479	11	11.4	-3	4.42857142857143
386	0	0	0	0	-1	5
387	480	481	6	3.5	-3	6
388	0	0	0	0	-1	6.5
389	482	483	8	0.99862	-3	5.3695652173913
390	0	0	0	0	-1	4
391	0	0	0	0	-1	5
392	0	0	0	0	-1	5.66666666666667
393	484	485	7	48.5	-3	5.09090909090909
394	486	487	9	3.26	-3	5.875
395	488	489	3	0.305	-3	5.2
396	490	491	7	18.5	-3	6.03333333333333
397	492	493	6	13.5	-3	5.53488372093023
398	0	0	0	0	-1	5.2
399	494	495	4	2.5	-3	5.90476190476191
400	0	0	0	0	-1	7
401	0	0	0	0	-1	6
402	496	497	1	11.55	-3	5.3125
403	498	499	8	0.99835	-3	5.04166666666667
404	500	501	9	3.41	-3	5.94444444444444
405	502	503	5	0.084	-3	5.33333333333333
406	0	0	0	0	-1	5
407	0	0	0	0	-1	5
408	0	0	0	0	-1	5
409	504	505	5	0.0785	-3	5
410	0	0	0	0	-1	5
411	0	0	0	0	-1	5
412	506	507	4	2	-3	5.71428571428571
413	508	509	10	1.355	-3	5.15
414	0	0	0	0	-1	4
415	510	511	3	0.295	-3	5
416	0	0	0	0	-1	6
417	512	513	3	0.055	-3	6
418	0	0	0	0	-1	6
419	514	515	2	0.375	-3	5.14285714285714
420	516	517	2	0.34	-3	5
421	0	0	0	0	-1	4
422	518	519	8	0.99553	-3	6.42622950819672
423	520	521	7	17.5	-3	6.85714285714286
424	0	0	0	0	-1	5
425	522	523	4	2.35	-3	6
426	524	525	2	0.335	-3	6.08333333333333
427	0	0	0	0	-1	7
428	526	527	1	7.4	-3	6
429	0	0	0	0	-1	6
430	528	529	10	0.685	-3	6.09090909090909
431	530	531	5	0.0685	-3	5.5
432	532	533	5	0.0785	-3	5.11111111111111
433	534	535	8	0.99845	-3	5.625
434	0	0	0	0	-1	7
435	0	0	0	0	-1	6
436	0	0	0	0	-1	5.8
437	536	537	8	0.997675	-3	6.16216216216216
438	0	0	0	0	-1	6
439	538	539	8	0.99875	-3	5
440	0	0	0	0	-1	5
441	540	541	10	0.685	-3	5.8695652173913
442	542	543	2	0.345	-3	5
443	0	0	0	0	-1	5.33333333333333
444	0	0	0	0	-1	6
445	0	0	0	0	-1	6
446	0	0	0	0	-1	7
447	0	0	0	0	-1	7
448	0	0	0	0	-1	6
449	544	545	7	0	-3	7
450	0	0	0	0	-1	6
451	546	547	1	0	-3	7
452	548	549	8	0	-3	5
453	0	0	0	0	-1	5
454	0	0	0	0	-1	6
455	0	0	0	0	-1	6
456	0	0	0	0	-1	5
457	0	0	0	0	-1	6
458	0	0	0	0	-1	6
459	0	0	0	0	-1	6
460	0	0	0	0	-1	7
461	0	0	0	0	-1	7
462	0	0	0	0	-1	7
463	550	551	2	0.71	-3	8
464	0	0	0	0	-1	7.25
465	0	0	0	0	-1	6
466	552	553	2	0	-3	5
467	0	0	0	0	-1	6
468	554	555	10	0.535	-3	5.58823529411765
469	556	557	3	0.53	-3	5.05405405405405
470	558	559	6	8.5	-3	5.48275862068965
471	0	0	0	0	-1	6
472	560	561	1	9.4	-3	5.0625
473	562	563	8	0.99663	-3	4.8
474	564	565	5	0.084	-3	6
475	0	0	0	0	-1	5
476	0	0	0	0	-1	5.66666666666667
477	566	567	5	0.2045	-3	5.05263157894737
478	0	0	0	0	-1	4.2
479	0	0	0	0	-1	5
480	0	0	0	0	-1	6.33333333333333
481	568	569	8	0.995875	-3	5.94444444444444
482	570	571	2	0.34	-3	5.11538461538461
483	572	573	3	0.515	-3	5.7
484	0	0	0	0	-1	5.5
485	0	0	0	0	-1	5
486	0	0	0	0	-1	5
487	574	575	11	9.75	-3	6
488	576	577	8	0.99669	-3	5.15151515151515
489	0	0	0	0	-1	6
490	0	0	0	0	-1	7
491	578	579	1	6.65	-3	5.96428571428571
492	580	581	5	0.0875	-3	4.83333333333333
493	582	583	11	9.45	-3	5.64864864864865
494	584	585	1	7.15	-3	5.94444444444444
495	0	0	0	0	-1	5.66666666666667
496	586	587	9	3.305	-3	5.27868852459016
497	0	0	0	0	-1	6
498	588	589	11	9.35	-3	4.96428571428571
499	590	591	3	0.15	-3	5.15
500	592	593	7	34.5	-3	6
501	0	0	0	0	-1	5
502	0	0	0	0	-1	5.66666666666667
503	0	0	0	0	-1	5
504	0	0	0	0	-1	5
505	0	0	0	0	-1	5
506	0	0	0	0	-1	5
507	0	0	0	0	-1	6
508	594	595	2	0.625	-3	5.12820512820513
509	0	0	0	0	-1	6
510	596	597	8	0.9965	-3	5
511	0	0	0	0	-1	5
512	0	0	0	0	-1	6
513	0	0	0	0	-1	6
514	0	0	0	0	-1	6
515	598	599	8	0.99837	-3	5
516	0	0	0	0	-1	5
517	600	601	2	0.495	-3	5
518	602	603	3	0.465	-3	6.73333333333333
519	604	605	10	0.68	-3	6.32608695652174
520	0	0	0	0	-1	8
521	606	607	2	0.25	-3	6.76923076923077
522	0	0	0	0	-1	6
523	0	0	0	0	-1	6
524	608	609	9	15.5	-3	6
525	0	0	0	0	-1	6.25
526	0	0	0	0	-1	6
527	610	611	1	8.85	-3	6
528	0	0	0	0	-1	6.33333333333333
529	612	613	6	21.5	-3	6
530	0	0	0	0	-1	6
531	0	0	0	0	-1	5
532	0	0	0	0	-1	5.33333333333333
533	614	615	8	0.125	-3	5
534	0	0	0	0	-1	6
535	0	0	0	0	-1	5
536	0	0	0	0	-1	6.8
537	616	617	8	1.003175	-3	6.0625
538	0	0	0	0	-1	5
539	0	0	0	0	-1	5
540	618	619	5	0.0945	-3	5.57142857142857
541	620	621	11	10.65	-3	6
542	0	0	0	0	-1	5
543	0	0	0	0	-1	5
544	0	0	0	0	-1	8
545	622	623	7	0	-3	7
546	0	0	0	0	-1	5
547	624	625	1	7.85	-3	7
548	0	0	0	0	-1	6
549	0	0	0	0	-1	5
550	0	0	0	0	-1	8
551	0	0	0	0	-1	8
552	0	0	0	0	-1	5
553	0	0	0	0	-1	5
554	626	627	11	9.45	-3	5.875
555	628	629	5	0.073	-3	5.33333333333333
556	630	631	3	0.235	-3	5.11428571428571
557	0	0	0	0	-1	4
558	632	633	2	0.265	-3	5.61904761904762
559	634	635	6	10.5	-3	5.125
560	636	637	11	10.5	-3	5
561	638	639	3	0.17	-3	5.33333333333333
562	640	641	7	15.5	-3	5
563	0	0	0	0	-1	4
564	0	0	0	0	-1	6
565	0	0	0	0	-1	6
566	642	643	3	0	-3	5
567	0	0	0	0	-1	6
568	0	0	0	0	-1	5.75
569	644	645	6	5.5	-3	6
570	0	0	0	0	-1	5.66666666666667
571	646	647	10	0.595	-3	5.04347826086957
572	648	649	5	0.0895	-3	6.16666666666667
573	650	651	1	10.15	-3	5
574	0	0	0	0	-1	6
575	0	0	0	0	-1	6
576	652	653	11	10.15	-3	5.10344827586207
577	0	0	0	0	-1	5.5
578	0	0	0	0	-1	5.25
579	654	655	8	0.99655	-3	6.08333333333333
580	0	0	0	0	-1	4
581	0	0	0	0	-1	5.25
582	656	657	4	0	-3	5
583	658	659	8	0.9954	-3	5.8
584	0	0	0	0	-1	5.66666666666667
585	660	661	9	3.38	-3	6
586	662	663	10	0.49	-3	5.72727272727273
587	664	665	3	0.025	-3	5.18
588	666	667	8	0.99772	-3	4.875
589	668	669	11	9.45	-3	5
590	670	671	7	43	-3	5.5
591	0	0	0	0	-1	5
592	0	0	0	0	-1	5.66666666666667
593	672	673	1	10.05	-3	6.07142857142857
594	674	675	7	66.5	-3	5.22222222222222
595	676	677	7	25	-3	5.04761904761905
596	0	0	0	0	-1	5
597	678	679	3	0	-3	5
598	0	0	0	0	-1	5
599	0	0	0	0	-1	5
600	0	0	0	0	-1	5
601	680	681	1	8.55	-3	5
602	682	683	10	0.75	-3	7
603	0	0	0	0	-1	6
604	0	0	0	0	-1	6.8
605	684	685	7	43	-3	6.26829268292683
606	0	0	0	0	-1	6.4
607	686	687	8	0.9978	-3	7
608	688	689	4	0	-3	6
609	0	0	0	0	-1	6
610	0	0	0	0	-1	6
611	0	0	0	0	-1	6
612	690	691	8	0.99897	-3	6
613	0	0	0	0	-1	6
614	0	0	0	0	-1	6
615	0	0	0	0	-1	5
616	692	693	6	19.5	-3	6
617	0	0	0	0	-1	7
618	0	0	0	0	-1	6
619	0	0	0	0	-1	5
620	0	0	0	0	-1	6
621	0	0	0	0	-1	6
622	0	0	0	0	-1	5
623	694	695	7	0	-3	7
624	0	0	0	0	-1	7
625	696	697	10	0.775	-3	7
626	0	0	0	0	-1	5
627	698	699	9	0	-3	6
628	700	701	9	3.435	-3	5.25
629	0	0	0	0	-1	6
630	702	703	6	7.5	-3	5.25
631	704	705	6	6.5	-3	5
632	0	0	0	0	-1	6
633	706	707	8	0.9983	-3	5.5
634	708	709	8	0	-3	5
635	0	0	0	0	-1	6
636	710	711	4	1.85	-3	5
637	0	0	0	0	-1	5
638	0	0	0	0	-1	6
639	0	0	0	0	-1	5
640	0	0	0	0	-1	5
641	712	713	4	0	-3	5
642	714	715	7	15	-3	5
643	716	717	11	0	-3	5
644	718	719	8	15.5	-3	6
645	720	721	3	0.275	-3	6
646	722	723	6	10.5	-3	5
647	0	0	0	0	-1	6
648	0	0	0	0	-1	6
649	724	725	6	8	-3	6.28571428571429
650	0	0	0	0	-1	5
651	726	727	6	0	-3	5
652	728	729	11	9.3	-3	5.04761904761905
653	730	731	9	3.23	-3	5.25
654	732	733	10	0.555	-3	6
655	0	0	0	0	-1	6.66666666666667
656	0	0	0	0	-1	6
657	734	735	2	0.71	-3	5
658	0	0	0	0	-1	5
659	736	737	5	0.0765	-3	5.85714285714286
660	0	0	0	0	-1	6
661	0	0	0	0	-1	6
662	0	0	0	0	-1	6
663	738	739	11	9.05	-3	5.5
664	740	741	2	0.635	-3	5.55555555555556
665	742	743	8	0.997165	-3	5.09756097560976
666	0	0	0	0	-1	4.5
667	744	745	6	0	-3	5
668	0	0	0	0	-1	5
669	746	747	10	0.545	-3	5
670	0	0	0	0	-1	5
671	0	0	0	0	-1	6
672	748	749	1	7.25	-3	6
673	0	0	0	0	-1	6.5
674	750	751	8	0.99711	-3	5.125
675	0	0	0	0	-1	6
676	0	0	0	0	-1	5.5
677	752	753	1	8.35	-3	5
678	0	0	0	0	-1	7
679	754	755	7	114	-3	5
680	0	0	0	0	-1	5
681	756	757	3	0.125	-3	5
682	0	0	0	0	-1	7
683	758	759	9	3.285	-3	7
684	760	761	10	0.695	-3	6.20588235294118
685	762	763	4	2.45	-3	6.57142857142857
686	764	765	1	9.95	-3	7
687	0	0	0	0	-1	7
688	0	0	0	0	-1	6
689	766	767	10	0.725	-3	6
690	0	0	0	0	-1	6
691	0	0	0	0	-1	6
692	768	769	3	0.625	-3	6.03448275862069
693	0	0	0	0	-1	5
694	0	0	0	0	-1	5
695	770	771	8	0	-3	7
696	0	0	0	0	-1	7
697	772	773	5	0.059	-3	7
698	0	0	0	0	-1	4
699	774	775	6	7.5	-3	6
700	0	0	0	0	-1	5
701	0	0	0	0	-1	6
702	0	0	0	0	-1	6
703	776	777	8	0.996095	-3	5.07692307692308
704	778	779	6	8.7	-3	5
705	0	0	0	0	-1	5
706	780	781	10	0.635	-3	5.38461538461539
707	0	0	0	0	-1	6
708	0	0	0	0	-1	5
709	782	783	1	7.75	-3	5
710	0	0	0	0	-1	5
711	0	0	0	0	-1	5
712	0	0	0	0	-1	6
713	784	785	9	3.215	-3	5
714	786	787	7	0	-3	5
715	0	0	0	0	-1	5
716	0	0	0	0	-1	6
717	0	0	0	0	-1	5
718	788	789	10	0.61	-3	6
719	0	0	0	0	-1	6
720	0	0	0	0	-1	6
721	0	0	0	0	-1	6
722	0	0	0	0	-1	5
723	0	0	0	0	-1	5
724	0	0	0	0	-1	6
725	0	0	0	0	-1	7
726	0	0	0	0	-1	5
727	0	0	0	0	-1	5
728	0	0	0	0	-1	5.2
729	790	791	7	81	-3	5
730	0	0	0	0	-1	5.5
731	792	793	4	1.8	-3	5.16666666666667
732	0	0	0	0	-1	6
733	794	795	4	2.35	-3	6
734	0	0	0	0	-1	5
735	0	0	0	0	-1	5
736	0	0	0	0	-1	5.6
737	796	797	9	3.48	-3	5.91304347826087
738	0	0	0	0	-1	6
739	0	0	0	0	-1	5
740	0	0	0	0	-1	6
741	0	0	0	0	-1	5
742	798	799	10	0.585	-3	5.36363636363636
743	800	801	2	0.61	-3	5
744	0	0	0	0	-1	5
745	0	0	0	0	-1	5
746	0	0	0	0	-1	5
747	802	803	11	9.6	-3	5
748	0	0	0	0	-1	6
749	804	805	6	16.5	-3	6
750	806	807	6	25.5	-3	5.06666666666667
751	0	0	0	0	-1	6
752	0	0	0	0	-1	5
753	0	0	0	0	-1	5
754	0	0	0	0	-1	5
755	0	0	0	0	-1	5
756	0	0	0	0	-1	5
757	808	809	8	139.5	-3	5
758	0	0	0	0	-1	7
759	0	0	0	0	-1	7
760	0	0	0	0	-1	5.33333333333333
761	810	811	2	0.34	-3	6.29032258064516
762	0	0	0	0	-1	6.25
763	0	0	0	0	-1	7
764	0	0	0	0	-1	7
765	0	0	0	0	-1	7
766	0	0	0	0	-1	6
767	0	0	0	0	-1	6
768	812	813	9	3.015	-3	5.95833333333333
769	0	0	0	0	-1	6.4
770	0	0	0	0	-1	5
771	814	815	2	0	-3	7
772	0	0	0	0	-1	7
773	0	0	0	0	-1	7
774	0	0	0	0	-1	6
775	0	0	0	0	-1	6
776	0	0	0	0	-1	5.33333333333333
777	816	817	4	1.95	-3	5
778	818	819	1	0	-3	5
779	0	0	0	0	-1	5
780	820	821	9	3.285	-3	5.2
781	0	0	0	0	-1	6
782	0	0	0	0	-1	5
783	0	0	0	0	-1	5
784	0	0	0	0	-1	5
785	0	0	0	0	-1	5
786	0	0	0	0	-1	6
787	822	823	6	0	-3	5
788	0	0	0	0	-1	6
789	0	0	0	0	-1	6
790	824	825	8	0.99552	-3	5
791	0	0	0	0	-1	5
792	0	0	0	0	-1	5.5
793	0	0	0	0	-1	5
794	826	827	7	35.5	-3	6
795	828	829	6	14.5	-3	6
796	830	831	8	0.99603	-3	5.95454545454545
797	0	0	0	0	-1	5
798	832	833	4	29	-3	5
799	0	0	0	0	-1	5.8
800	0	0	0	0	-1	5
801	834	835	9	0	-3	5
802	836	837	2	0	-3	5
803	0	0	0	0	-1	5
804	0	0	0	0	-1	6
805	838	839	11	10.35	-3	6
806	840	841	1	0	-3	5
807	0	0	0	0	-1	5.5
808	842	843	10	0.695	-3	5
809	0	0	0	0	-1	5
810	844	845	2	0.285	-3	6.42857142857143
811	846	847	6	6.5	-3	6
812	0	0	0	0	-1	5
813	848	849	7	17.5	-3	6
814	0	0	0	0	-1	6
815	850	851	2	0.295	-3	7
816	0	0	0	0	-1	5
817	0	0	0	0	-1	5
818	0	0	0	0	-1	6
819	852	853	8	0.9984	-3	5
820	0	0	0	0	-1	5
821	0	0	0	0	-1	5.4
822	0	0	0	0	-1	6
823	854	855	5	0.1305	-3	5
824	856	857	8	0	-3	5
825	0	0	0	0	-1	5
826	0	0	0	0	-1	6
827	858	859	7	36.5	-3	6
828	0	0	0	0	-1	6
829	860	861	8	0	-3	6
830	862	863	2	0.43	-3	5.88888888888889
831	864	865	1	7.15	-3	6
832	0	0	0	0	-1	5
833	0	0	0	0	-1	5
834	0	0	0	0	-1	6
835	0	0	0	0	-1	5
836	0	0	0	0	-1	6
837	866	867	3	0	-3	5
838	0	0	0	0	-1	6
839	0	0	0	0	-1	6
840	0	0	0	0	-1	5
841	868	869	10	0.885	-3	5
842	0	0	0	0	-1	5
843	870	871	3	0	-3	5
844	872	873	1	11.7	-3	6.11111111111111
845	874	875	8	0.99805	-3	6.66666666666667
846	0	0	0	0	-1	6
847	0	0	0	0	-1	6
848	0	0	0	0	-1	6
849	876	877	2	0.665	-3	6
850	0	0	0	0	-1	7
851	878	879	1	8.6	-3	7
852	880	881	10	0.515	-3	5
853	882	883	2	0	-3	5
854	0	0	0	0	-1	5
855	0	0	0	0	-1	5
856	0	0	0	0	-1	5
857	0	0	0	0	-1	5
858	0	0	0	0	-1	6
859	0	0	0	0	-1	6
860	0	0	0	0	-1	5
861	884	885	9	3.495	-3	6
862	0	0	0	0	-1	5
863	886	887	11	0.135	-3	6
864	0	0	0	0	-1	6
865	888	889	9	3.305	-3	6
866	0	0	0	0	-1	6
867	0	0	0	0	-1	5
868	0	0	0	0	-1	5
869	890	891	4	0	-3	5
870	0	0	0	0	-1	3
871	892	893	5	39.5	-3	5
872	0	0	0	0	-1	6
873	0	0	0	0	-1	7
874	894	895	4	1.5	-3	6.88888888888889
875	0	0	0	0	-1	6
876	896	897	10	0.665	-3	6
877	0	0	0	0	-1	6
878	898	899	6	13	-3	7
879	0	0	0	0	-1	7
880	0	0	0	0	-1	5
881	0	0	0	0	-1	5
882	0	0	0	0	-1	6
883	900	901	2	0	-3	5
884	0	0	0	0	-1	6
885	0	0	0	0	-1	6
886	0	0	0	0	-1	5
887	0	0	0	0	-1	6
888	902	903	11	10.35	-3	6
889	0	0	0	0	-1	6
890	0	0	0	0	-1	5
891	904	905	6	11	-3	5
892	0	0	0	0	-1	5
893	0	0	0	0	-1	5
894	0	0	0	0	-1	6.66666666666667
895	906	907	2	0.3	-3	7
896	0	0	0	0	-1	6
897	908	909	10	0.75	-3	6
898	910	911	9	3.37	-3	7
899	0	0	0	0	-1	7
900	0	0	0	0	-1	6
901	0	0	0	0	-1	5
902	0	0	0	0	-1	6
903	0	0	0	0	-1	6
904	0	0	0	0	-1	5
905	0	0	0	0	-1	5
906	0	0	0	0	-1	7
907	0	0	0	0	-1	7
908	0	0	0	0	-1	6
909	912	913	7	46.5	-3	6
910	0	0	0	0	-1	7
911	0	0	0	0	-1	7
912	0	0	0	0	-1	6
913	0	0	0	0	-1	6
