1	2	3	2	0.385	-3	5.6447779862414
2	4	5	8	0.99538	-3	6.16284987277353
3	6	7	10	0.585	-3	5.4759535655058
4	8	9	1	7.15	-3	6.45161290322581
5	10	11	10	0.655	-3	6.02973977695167
6	12	13	1	8.05	-3	5.20616570327553
7	14	15	5	0.0955	-3	5.67976710334789
8	16	17	11	11.15	-3	6.02777777777778
9	18	19	1	7.65	-3	6.625
10	20	21	11	10.7	-3	5.58510638297872
11	22	23	11	9.65	-3	6.26857142857143
12	24	25	9	3.735	-3	5.30792682926829
13	26	27	2	0.99	-3	5.03141361256544
14	28	29	1	9.75	-3	5.76642335766423
15	30	31	9	3.485	-3	5.33812949640288
16	32	33	10	0.64	-3	5.28571428571429
17	34	35	9	3.365	-3	6.20689655172414
18	36	37	9	3.265	-3	7.0952380952381
19	38	39	4	1.85	-3	6.47761194029851
20	40	41	11	9.7	-3	5.41176470588235
21	42	43	9	3.135	-3	6.03846153846154
22	44	45	1	11.35	-3	5.44827586206897
23	46	47	9	3.355	-3	6.43150684931507
24	48	49	8	0.99418	-3	5.32407407407407
25	0	0	0	0	-1	4
26	50	51	9	3.235	-3	5
27	52	53	5	0.078	-3	5.5
28	54	55	7	104	-3	5.68722466960353
29	56	57	9	3.185	-3	6.14893617021277
30	58	59	8	0.996215	-3	5.38636363636364
31	60	61	3	0.115	-3	4.42857142857143
32	0	0	0	0	-1	5
33	0	0	0	0	-1	6
34	62	63	6	6	-3	6.375
35	64	65	9	3.48	-3	6
36	66	67	7	26	-3	7.42857142857143
37	68	69	9	3.315	-3	6.92857142857143
38	70	71	10	0.735	-3	6.15
39	72	73	5	0.094	-3	6.61702127659575
40	74	75	8	0.996325	-3	5.25641025641026
41	76	77	8	0.9988	-3	5.62068965517241
42	78	79	7	14.5	-3	6.33333333333333
43	80	81	7	9	-3	5.95
44	82	83	7	70	-3	5.30434782608696
45	84	85	9	2.92	-3	6
46	86	87	1	14.65	-3	6.54464285714286
47	88	89	10	0.905	-3	6.05882352941176
48	90	91	7	9.5	-3	5.75609756097561
49	92	93	5	0.0675	-3	5.26148409893993
50	94	95	11	10.05	-3	5.17283950617284
51	96	97	8	1.00045	-3	4.85714285714286
52	98	99	2	2.6	-3	6
53	100	101	1	8.15	-3	5
54	102	103	2	0.5875	-3	5.74468085106383
55	104	105	4	1.7	-3	4.90322580645161
56	106	107	6	21.5	-3	5.93846153846154
57	108	109	3	0.655	-3	6.62068965517241
58	110	111	5	0.1005	-3	6
59	112	113	1	10.15	-3	5.34146341463415
60	0	0	0	0	-1	4
61	0	0	0	0	-1	5
62	0	0	0	0	-1	7
63	114	115	2	0.245	-3	6.23076923076923
64	0	0	0	0	-1	6
65	0	0	0	0	-1	6
66	0	0	0	0	-1	8
67	0	0	0	0	-1	7.2
68	0	0	0	0	-1	6
69	116	117	10	0	-3	7
70	118	119	3	0.36	-3	5.9375
71	0	0	0	0	-1	7
72	120	121	7	8.5	-3	6.67441860465116
73	0	0	0	0	-1	6
74	122	123	9	3.26	-3	4.9
75	124	125	1	7.85	-3	5.37931034482759
76	126	127	4	1.85	-3	5.75
77	0	0	0	0	-1	5
78	0	0	0	0	-1	7
79	0	0	0	0	-1	6
80	0	0	0	0	-1	5.66666666666667
81	0	0	0	0	-1	6
82	128	129	3	0.56	-3	5.4
83	0	0	0	0	-1	4.66666666666667
84	0	0	0	0	-1	6
85	0	0	0	0	-1	6
86	130	131	7	54	-3	6.55855855855856
87	0	0	0	0	-1	5
88	132	133	1	7.35	-3	6.16129032258065
89	0	0	0	0	-1	5
90	0	0	0	0	-1	5
91	134	135	8	0.99409	-3	5.81578947368421
92	136	137	3	0.175	-3	4.86666666666667
93	138	139	2	1.1825	-3	5.30830039525692
94	140	141	1	12.95	-3	5.06666666666667
95	142	143	1	11.05	-3	5.47619047619048
96	144	145	4	2.55	-3	4.87628865979381
97	0	0	0	0	-1	3
98	0	0	0	0	-1	6
99	0	0	0	0	-1	6
100	0	0	0	0	-1	5
101	0	0	0	0	-1	5
102	146	147	1	5.55	-3	5.92105263157895
103	148	149	4	1.95	-3	5.53846153846154
104	0	0	0	0	-1	4
105	150	151	9	3.33	-3	5
106	152	153	4	1.65	-3	5.7
107	154	155	2	0.555	-3	6.73333333333333
108	156	157	5	0.075	-3	6.46153846153846
109	0	0	0	0	-1	8
110	0	0	0	0	-1	5
111	158	159	3	0.08	-3	6.28571428571429
112	160	161	6	8.5	-3	5.18085106382979
113	162	163	7	33.5	-3	5.86206896551724
114	164	165	2	0.185	-3	6
115	166	167	5	0.064	-3	6.5
116	0	0	0	0	-1	5
117	168	169	9	3.46	-3	7
118	0	0	0	0	-1	7
119	170	171	4	1.75	-3	5.69230769230769
120	0	0	0	0	-1	6
121	172	173	5	0.073	-3	6.74358974358974
122	0	0	0	0	-1	4
123	174	175	6	12.5	-3	5
124	176	177	10	0.505	-3	5.875
125	178	179	9	3.175	-3	5.19047619047619
126	0	0	0	0	-1	5.33333333333333
127	180	181	9	3.42	-3	5.80952380952381
128	182	183	4	2.15	-3	5.57142857142857
129	184	185	7	0	-3	5
130	186	187	4	5.75	-3	6.62886597938144
131	188	189	3	0.57	-3	6.07142857142857
132	190	191	6	32.5	-3	5.71428571428571
133	192	193	5	0.086	-3	6.29166666666667
134	194	195	1	6.2	-3	5.75
135	0	0	0	0	-1	7
136	196	197	4	2.05	-3	4.70833333333333
137	198	199	6	14	-3	5.5
138	200	201	11	11.25	-3	5.32669322709163
139	0	0	0	0	-1	3
140	202	203	4	4.25	-3	5.03508771929825
141	0	0	0	0	-1	5.66666666666667
142	204	205	8	0.99645	-3	5.76923076923077
143	206	207	10	0.55	-3	5
144	208	209	1	9.85	-3	4.75757575757576
145	210	211	2	0.5475	-3	5.12903225806452
146	212	213	11	13.7833333333333	-3	7.2
147	214	215	10	0.645	-3	5.86238532110092
148	216	217	8	0.995145	-3	5.29032258064516
149	218	219	3	0.135	-3	5.65413533834586
150	220	221	7	126	-3	5
151	222	223	6	21	-3	5
152	224	225	9	3.1	-3	5.16666666666667
153	226	227	6	5.5	-3	5.77272727272727
154	228	229	1	11.8	-3	6.84615384615385
155	0	0	0	0	-1	6
156	0	0	0	0	-1	5.75
157	230	231	8	0.99895	-3	6.59090909090909
158	0	0	0	0	-1	6
159	0	0	0	0	-1	6.66666666666667
160	232	233	2	0.635	-3	5.5
161	234	235	11	10.85	-3	5.0945945945946
162	236	237	8	0.9995	-3	6.33333333333333
163	238	239	11	9.1	-3	5.35714285714286
164	0	0	0	0	-1	6
165	0	0	0	0	-1	6
166	0	0	0	0	-1	7
167	0	0	0	0	-1	6
168	240	241	7	40	-3	7
169	0	0	0	0	-1	7
170	242	243	5	0.062	-3	6
171	0	0	0	0	-1	5
172	244	245	5	0.0655	-3	6.62068965517241
173	246	247	6	35.5	-3	7.1
174	248	249	4	0	-3	5
175	0	0	0	0	-1	5
176	0	0	0	0	-1	5
177	250	251	8	44	-3	6
178	0	0	0	0	-1	5.6
179	252	253	2	0.23	-3	5.0625
180	254	255	2	0.26	-3	5.9375
181	0	0	0	0	-1	5.4
182	0	0	0	0	-1	6
183	256	257	9	3.105	-3	5
184	0	0	0	0	-1	6
185	0	0	0	0	-1	5
186	258	259	5	0.0615	-3	6.58510638297872
187	0	0	0	0	-1	8
188	260	261	2	0.335	-3	6.25
189	0	0	0	0	-1	5
190	0	0	0	0	-1	6
191	0	0	0	0	-1	5
192	262	263	3	0.31	-3	6.34782608695652
193	0	0	0	0	-1	5
194	264	265	8	0.993935	-3	5.22222222222222
195	266	267	4	3.025	-3	5.92592592592593
196	268	269	4	1.85	-3	5.08333333333333
197	270	271	6	19.5	-3	4.33333333333333
198	0	0	0	0	-1	5
199	0	0	0	0	-1	6
200	272	273	10	0.575	-3	5.29113924050633
201	274	275	11	11.45	-3	5.92857142857143
202	276	277	10	0.505	-3	5.05357142857143
203	0	0	0	0	-1	4
204	0	0	0	0	-1	5
205	278	279	10	0.57	-3	6
206	0	0	0	0	-1	5
207	280	281	1	0	-3	5
208	282	283	10	0.475	-3	4.81967213114754
209	0	0	0	0	-1	4
210	284	285	3	0.415	-3	5.4
211	286	287	11	9.35	-3	5
212	0	0	0	0	-1	6.8
213	0	0	0	0	-1	7.6
214	288	289	5	0.067	-3	5.68888888888889
215	290	291	4	1.85	-3	5.984375
216	292	293	10	0.625	-3	5.6875
217	294	295	8	0.99716	-3	5.15217391304348
218	296	297	4	4.45	-3	5.86046511627907
219	298	299	4	2.05	-3	5.27659574468085
220	300	301	5	0.072	-3	5
221	0	0	0	0	-1	5
222	0	0	0	0	-1	5
223	0	0	0	0	-1	5
224	0	0	0	0	-1	5.2
225	0	0	0	0	-1	5
226	0	0	0	0	-1	5.25
227	302	303	11	9.1	-3	5.825
228	0	0	0	0	-1	7
229	0	0	0	0	-1	6
230	304	305	1	10.3	-3	6.86666666666667
231	0	0	0	0	-1	6
232	306	307	4	2.3	-3	5.3125
233	0	0	0	0	-1	6.25
234	308	309	10	1.99	-3	5.10958904109589
235	0	0	0	0	-1	4
236	310	311	7	26.5	-3	6.42857142857143
237	0	0	0	0	-1	5
238	0	0	0	0	-1	6
239	312	313	2	0.415	-3	5.25
240	0	0	0	0	-1	7
241	314	315	11	11.95	-3	7
242	316	317	10	0	-3	6
243	0	0	0	0	-1	6
244	318	319	7	63.5	-3	6.8421052631579
245	320	321	8	0.994965	-3	6.2
246	322	323	11	12.45	-3	7
247	0	0	0	0	-1	8
248	0	0	0	0	-1	7
249	0	0	0	0	-1	5
250	324	325	1	7.6	-3	6
251	0	0	0	0	-1	6
252	0	0	0	0	-1	6
253	326	327	2	0.26	-3	5
254	0	0	0	0	-1	5
255	328	329	2	0.3	-3	6
256	0	0	0	0	-1	5
257	0	0	0	0	-1	5
258	330	331	1	8.55	-3	7.125
259	332	333	3	0.67	-3	6.53488372093023
260	0	0	0	0	-1	6.8
261	334	335	5	0.0865	-3	5.85714285714286
262	0	0	0	0	-1	7
263	336	337	10	0.745	-3	6.25
264	338	339	7	0	-3	5
265	0	0	0	0	-1	6
266	340	341	6	27.5	-3	5.96153846153846
267	0	0	0	0	-1	5
268	342	343	10	0.4	-3	4.9
269	0	0	0	0	-1	6
270	344	345	1	7.55	-3	4.6
271	0	0	0	0	-1	3
272	346	347	10	0.485	-3	5.23762376237624
273	348	349	7	28.5	-3	5.6
274	0	0	0	0	-1	5.8
275	350	351	1	6.25	-3	6
276	352	353	11	9.65	-3	5.15
277	354	355	1	9.25	-3	5
278	356	357	1	0.16	-3	6
279	0	0	0	0	-1	6
280	0	0	0	0	-1	5
281	358	359	8	0.998615	-3	5
282	360	361	4	2.05	-3	4.5
283	362	363	6	5.5	-3	4.88235294117647
284	0	0	0	0	-1	6
285	0	0	0	0	-1	5
286	0	0	0	0	-1	4.5
287	364	365	10	0.545	-3	5.05263157894737
288	366	367	4	2.15	-3	5.35294117647059
289	368	369	8	0.99714	-3	5.76712328767123
290	370	371	7	28	-3	5.66666666666667
291	372	373	7	86	-3	6.08163265306123
292	0	0	0	0	-1	4.66666666666667
293	374	375	11	10.75	-3	5.92307692307692
294	376	377	2	0.7775	-3	5.05714285714286
295	378	379	1	7.05	-3	5.45454545454545
296	380	381	11	10.05	-3	5.81927710843374
297	0	0	0	0	-1	7
298	0	0	0	0	-1	6
299	382	383	2	0.7775	-3	5.15
300	0	0	0	0	-1	5
301	0	0	0	0	-1	5
302	0	0	0	0	-1	5
303	384	385	8	1.002325	-3	5.84615384615385
304	386	387	11	11.8	-3	7
305	0	0	0	0	-1	6.33333333333333
306	0	0	0	0	-1	5
307	0	0	0	0	-1	6
308	388	389	10	0.605	-3	5.125
309	0	0	0	0	-1	4
310	390	391	5	0.121	-3	6.27272727272727
311	0	0	0	0	-1	7
312	0	0	0	0	-1	6
313	392	393	2	0.51	-3	5.1
314	0	0	0	0	-1	7
315	0	0	0	0	-1	7
316	0	0	0	0	-1	5
317	394	395	3	0	-3	6
318	396	397	9	0	-3	7
319	398	399	9	3.08	-3	6.5
320	400	401	4	2	-3	6
321	0	0	0	0	-1	7
322	0	0	0	0	-1	7
323	0	0	0	0	-1	7
324	0	0	0	0	-1	6
325	0	0	0	0	-1	6
326	0	0	0	0	-1	5
327	402	403	9	0	-3	5
328	0	0	0	0	-1	6
329	404	405	10	0.535	-3	6
330	0	0	0	0	-1	8
331	406	407	3	0.48	-3	7
332	408	409	4	3.8	-3	6.47435897435898
333	410	411	9	2.96	-3	7.125
334	412	413	9	3.315	-3	6
335	0	0	0	0	-1	5
336	414	415	5	0.058	-3	5.85714285714286
337	416	417	1	8.8	-3	6.46153846153846
338	0	0	0	0	-1	5
339	418	419	3	0.06	-3	5
340	420	421	10	0.42	-3	6
341	0	0	0	0	-1	5.5
342	0	0	0	0	-1	4
343	422	423	3	0.07	-3	5
344	424	425	9	3.365	-3	4.33333333333333
345	0	0	0	0	-1	5
346	426	427	9	3.385	-3	5.02325581395349
347	428	429	1	7.45	-3	5.29559748427673
348	430	431	7	19	-3	5.22222222222222
349	432	433	7	91.5	-3	5.73076923076923
350	0	0	0	0	-1	6
351	434	435	9	3.45	-3	6
352	436	437	2	0.44	-3	5
353	438	439	4	1.65	-3	5.42857142857143
354	440	441	7	57.5	-3	5
355	0	0	0	0	-1	5
356	0	0	0	0	-1	5
357	0	0	0	0	-1	6
358	0	0	0	0	-1	5
359	0	0	0	0	-1	5
360	0	0	0	0	-1	5
361	0	0	0	0	-1	4
362	442	443	7	14.5	-3	4.45454545454546
363	444	445	3	0.24	-3	5
364	446	447	4	2.9	-3	5
365	448	449	10	0.555	-3	5.14285714285714
366	450	451	7	40.5	-3	5
367	452	453	1	6	-3	5.85714285714286
368	454	455	7	47	-3	5.92682926829268
369	456	457	6	6.5	-3	5.5625
370	458	459	2	0.43	-3	5.94117647058824
371	460	461	6	22	-3	5.30769230769231
372	462	463	3	0.575	-3	6.10416666666667
373	0	0	0	0	-1	5
374	0	0	0	0	-1	5
375	464	465	8	0.993535	-3	6.09090909090909
376	466	467	10	0.95	-3	5
377	0	0	0	0	-1	5.5
378	0	0	0	0	-1	5
379	468	469	7	11.5	-3	5.83333333333333
380	470	471	9	3.475	-3	5.51851851851852
381	472	473	2	0.8825	-3	5.96428571428572
382	474	475	11	10.55	-3	5.05555555555556
383	0	0	0	0	-1	6
384	476	477	9	2.995	-3	5.89189189189189
385	0	0	0	0	-1	5
386	478	479	3	0.53	-3	7
387	0	0	0	0	-1	7
388	0	0	0	0	-1	6
389	480	481	9	2.915	-3	5.11267605633803
390	482	483	4	2.3	-3	6.125
391	0	0	0	0	-1	6.66666666666667
392	0	0	0	0	-1	5.33333333333333
393	484	485	7	0	-3	5
394	0	0	0	0	-1	6
395	0	0	0	0	-1	6
396	0	0	0	0	-1	6
397	486	487	2	0.335	-3	7
398	0	0	0	0	-1	7
399	0	0	0	0	-1	6
400	0	0	0	0	-1	6
401	0	0	0	0	-1	6
402	0	0	0	0	-1	6
403	0	0	0	0	-1	5
404	0	0	0	0	-1	6
405	0	0	0	0	-1	6
406	0	0	0	0	-1	7
407	0	0	0	0	-1	7
408	488	489	10	0.695	-3	6.52857142857143
409	0	0	0	0	-1	6
410	0	0	0	0	-1	8
411	490	491	8	0.9979	-3	7
412	0	0	0	0	-1	6
413	0	0	0	0	-1	6
414	0	0	0	0	-1	5
415	492	493	6	0	-3	6
416	494	495	8	0.9963	-3	6.25
417	0	0	0	0	-1	6.8
418	0	0	0	0	-1	5
419	0	0	0	0	-1	5
420	0	0	0	0	-1	6
421	496	497	6	11	-3	6
422	0	0	0	0	-1	5
423	0	0	0	0	-1	5
424	0	0	0	0	-1	5
425	0	0	0	0	-1	4.2
426	498	499	5	0.0695	-3	5.05882352941177
427	500	501	8	0.995925	-3	4.88888888888889
428	502	503	3	0.085	-3	5.15384615384616
429	504	505	8	0.99601	-3	5.48529411764706
430	0	0	0	0	-1	5.5
431	0	0	0	0	-1	5
432	506	507	3	0.105	-3	5.85714285714286
433	0	0	0	0	-1	5.2
434	0	0	0	0	-1	6
435	0	0	0	0	-1	6
436	0	0	0	0	-1	5
437	508	509	6	0	-3	5
438	0	0	0	0	-1	5
439	0	0	0	0	-1	5.75
440	510	511	4	0	-3	5
441	512	513	10	2.2	-3	5
442	0	0	0	0	-1	4
443	0	0	0	0	-1	5
444	514	515	1	8.75	-3	5.1875
445	516	517	5	0.0875	-3	4.875
446	0	0	0	0	-1	5
447	0	0	0	0	-1	5
448	0	0	0	0	-1	5.33333333333333
449	0	0	0	0	-1	5
450	518	519	8	0	-3	5
451	0	0	0	0	-1	5
452	0	0	0	0	-1	5
453	0	0	0	0	-1	6.2
454	520	521	1	7.45	-3	6.03333333333333
455	522	523	7	53.5	-3	5.63636363636364
456	0	0	0	0	-1	6
457	524	525	8	0.998075	-3	5.48148148148148
458	0	0	0	0	-1	8
459	526	527	11	9.55	-3	5.8125
460	528	529	11	10.15	-3	5
461	0	0	0	0	-1	5.8
462	530	531	3	0.495	-3	6.13978494623656
463	0	0	0	0	-1	5
464	0	0	0	0	-1	7
465	532	533	3	0.055	-3	6
466	534	535	5	0.069	-3	5.03333333333333
467	0	0	0	0	-1	4
468	0	0	0	0	-1	5
469	0	0	0	0	-1	6
470	536	537	9	3.37	-3	5.68421052631579
471	538	539	5	0.0925	-3	5.125
472	540	541	9	3.66	-3	6.01851851851852
473	0	0	0	0	-1	4.5
474	542	543	5	0.0915	-3	4.93548387096774
475	0	0	0	0	-1	5.8
476	0	0	0	0	-1	5
477	544	545	8	0.99815	-3	5.91666666666667
478	546	547	6	10.5	-3	7
479	0	0	0	0	-1	7
480	0	0	0	0	-1	6
481	548	549	10	1.585	-3	5.1
482	0	0	0	0	-1	6
483	0	0	0	0	-1	6.25
484	0	0	0	0	-1	7
485	550	551	11	11.6	-3	5
486	552	553	6	0	-3	7
487	0	0	0	0	-1	7
488	554	555	1	11.45	-3	6.2
489	556	557	7	15	-3	6.66
490	0	0	0	0	-1	7
491	0	0	0	0	-1	7
492	0	0	0	0	-1	6
493	0	0	0	0	-1	6
494	0	0	0	0	-1	7
495	558	559	6	27	-3	6
496	560	561	9	0.52	-3	6
497	562	563	3	0.345	-3	6
498	0	0	0	0	-1	5.33333333333333
499	564	565	1	6.65	-3	5.03225806451613
500	0	0	0	0	-1	4.5
501	566	567	4	0	-3	5
502	568	569	4	4.2	-3	5
503	570	571	6	9.5	-3	5.29166666666667
504	572	573	2	0.59	-3	5.9375
505	574	575	6	18.5	-3	5.34615384615385
506	576	577	4	2.1	-3	6
507	578	579	7	50.5	-3	5.66666666666667
508	0	0	0	0	-1	5
509	580	581	11	9.25	-3	5
510	0	0	0	0	-1	5
511	582	583	3	0.115	-3	5
512	584	585	7	134.5	-3	5
513	0	0	0	0	-1	5
514	586	587	11	9.65	-3	5.07142857142857
515	0	0	0	0	-1	6
516	588	589	11	9.3	-3	4.95238095238095
517	0	0	0	0	-1	4.33333333333333
518	0	0	0	0	-1	6
519	0	0	0	0	-1	5
520	590	591	2	0.565	-3	5.9
521	592	593	8	0.996195	-3	6.3
522	0	0	0	0	-1	5
523	594	595	2	0.47	-3	5.875
524	596	597	5	0.0885	-3	5.23529411764706
525	598	599	10	0.615	-3	5.9
526	0	0	0	0	-1	5
527	600	601	5	0.0695	-3	6.08333333333333
528	602	603	10	0.785	-3	5
529	0	0	0	0	-1	5
530	604	605	11	11.15	-3	6.11111111111111
531	0	0	0	0	-1	7
532	0	0	0	0	-1	6
533	606	607	5	0.069	-3	6
534	608	609	2	0.615	-3	5.14285714285714
535	610	611	1	8.05	-3	5
536	612	613	3	0.09	-3	5.28571428571429
537	614	615	4	2.15	-3	5.91666666666667
538	616	617	10	0	-3	5
539	0	0	0	0	-1	6
540	618	619	7	14.5	-3	6
541	0	0	0	0	-1	7
542	0	0	0	0	-1	5
543	0	0	0	0	-1	4.6
544	0	0	0	0	-1	5.5
545	620	621	5	0.0905	-3	5.96875
546	0	0	0	0	-1	7
547	0	0	0	0	-1	7
548	622	623	8	1.00251	-3	5.078125
549	624	625	2	0.54	-3	5.33333333333333
550	0	0	0	0	-1	5
551	0	0	0	0	-1	5
552	0	0	0	0	-1	6
553	626	627	4	2.125	-3	7
554	628	629	11	9.85	-3	6
555	630	631	10	0.665	-3	6.5
556	632	633	1	11.1	-3	6
557	634	635	3	0.465	-3	6.75
558	0	0	0	0	-1	6
559	0	0	0	0	-1	6
560	0	0	0	0	-1	5
561	636	637	2	0.525	-3	6
562	638	639	8	3.445	-3	6
563	0	0	0	0	-1	6
564	0	0	0	0	-1	5.33333333333333
565	640	641	9	3.215	-3	5
566	0	0	0	0	-1	6
567	642	643	8	0.78	-3	5
568	644	645	9	3.575	-3	5.1025641025641
569	0	0	0	0	-1	4
570	646	647	8	0.9961	-3	5.71428571428571
571	648	649	9	3.42	-3	5.21951219512195
572	650	651	6	12.5	-3	6.08333333333333
573	0	0	0	0	-1	5.5
574	652	653	3	0.11	-3	5.53125
575	654	655	2	0.415	-3	5.05
576	0	0	0	0	-1	6
577	0	0	0	0	-1	6
578	0	0	0	0	-1	5
579	656	657	3	0.205	-3	5.85714285714286
580	0	0	0	0	-1	5
581	658	659	10	0	-3	5
582	0	0	0	0	-1	5
583	660	661	2	0	-3	5
584	662	663	8	0	-3	5
585	0	0	0	0	-1	5
586	0	0	0	0	-1	5.2
587	0	0	0	0	-1	5
588	0	0	0	0	-1	4
589	664	665	4	2.275	-3	5
590	666	667	7	24	-3	5.94444444444444
591	0	0	0	0	-1	5.5
592	668	669	1	0	-3	6
593	0	0	0	0	-1	7
594	670	671	2	0.445	-3	6
595	0	0	0	0	-1	5.5
596	672	673	2	0.5325	-3	5.13333333333333
597	0	0	0	0	-1	6
598	0	0	0	0	-1	5
599	674	675	9	3.35	-3	6
600	0	0	0	0	-1	6.33333333333333
601	0	0	0	0	-1	6
602	0	0	0	0	-1	5
603	0	0	0	0	-1	5
604	676	677	6	30	-3	6.04225352112676
605	678	679	11	12.3	-3	6.36842105263158
606	0	0	0	0	-1	6
607	0	0	0	0	-1	6
608	680	681	9	3.415	-3	5
609	0	0	0	0	-1	6
610	0	0	0	0	-1	5
611	0	0	0	0	-1	5
612	682	683	5	0.0915	-3	5.16666666666667
613	0	0	0	0	-1	6
614	684	685	9	0	-3	6
615	0	0	0	0	-1	5.75
616	0	0	0	0	-1	5
617	686	687	5	0	-3	5
618	0	0	0	0	-1	7
619	688	689	6	39.5	-3	5.96078431372549
620	0	0	0	0	-1	6
621	0	0	0	0	-1	5.66666666666667
622	690	691	5	0.0965	-3	5.06349206349206
623	0	0	0	0	-1	6
624	0	0	0	0	-1	5.2
625	0	0	0	0	-1	6
626	0	0	0	0	-1	7
627	0	0	0	0	-1	7
628	0	0	0	0	-1	6
629	0	0	0	0	-1	6
630	0	0	0	0	-1	7
631	0	0	0	0	-1	6
632	0	0	0	0	-1	5.8
633	0	0	0	0	-1	7
634	692	693	3	0.45	-3	7
635	694	695	6	6.5	-3	6.59259259259259
636	0	0	0	0	-1	6
637	0	0	0	0	-1	6
638	0	0	0	0	-1	6
639	0	0	0	0	-1	6
640	696	697	8	0.99497	-3	5
641	698	699	4	1.85	-3	5
642	0	0	0	0	-1	6
643	0	0	0	0	-1	5
644	700	701	1	7.15	-3	5.16216216216216
645	0	0	0	0	-1	4
646	0	0	0	0	-1	5
647	0	0	0	0	-1	6
648	702	703	9	3.3	-3	5.09090909090909
649	704	705	6	14	-3	5.75
650	0	0	0	0	-1	6.33333333333333
651	706	707	6	15	-3	6
652	708	709	2	0.675	-3	5.23076923076923
653	710	711	10	0.56	-3	5.73684210526316
654	0	0	0	0	-1	6
655	712	713	5	0.0795	-3	5
656	0	0	0	0	-1	5
657	714	715	9	3.39	-3	6
658	0	0	0	0	-1	6
659	0	0	0	0	-1	5
660	0	0	0	0	-1	6
661	716	717	9	3.14	-3	5
662	0	0	0	0	-1	7
663	718	719	7	110	-3	5
664	720	721	3	0	-3	5
665	722	723	1	0	-3	5
666	0	0	0	0	-1	5.66666666666667
667	724	725	5	0.0805	-3	6
668	0	0	0	0	-1	6
669	726	727	6	8	-3	6
670	0	0	0	0	-1	6
671	0	0	0	0	-1	6
672	728	729	9	3.46	-3	5
673	0	0	0	0	-1	6
674	0	0	0	0	-1	6
675	730	731	4	0.9986	-3	6
676	732	733	7	34.5	-3	5.98275862068966
677	734	735	8	0.99726	-3	6.30769230769231
678	736	737	4	2.6	-3	6.6
679	738	739	8	0.99359	-3	6.11111111111111
680	0	0	0	0	-1	5
681	0	0	0	0	-1	5
682	0	0	0	0	-1	5
683	0	0	0	0	-1	6
684	0	0	0	0	-1	6
685	0	0	0	0	-1	6
686	0	0	0	0	-1	5
687	0	0	0	0	-1	5
688	740	741	1	6.3	-3	6
689	0	0	0	0	-1	5.5
690	0	0	0	0	-1	6
691	742	743	11	9.15	-3	5.0327868852459
692	744	745	5	0.0775	-3	6.91666666666667
693	0	0	0	0	-1	7.2
694	746	747	4	1.85	-3	6.84615384615385
695	748	749	7	28.5	-3	6.35714285714286
696	0	0	0	0	-1	5
697	750	751	1	0	-3	5
698	0	0	0	0	-1	5
699	752	753	8	0.9958	-3	5
700	754	755	9	3.42	-3	5.26086956521739
701	756	757	2	0.6475	-3	5
702	758	759	8	0.99601	-3	5.27272727272727
703	760	761	7	9.65	-3	5
704	0	0	0	0	-1	5
705	0	0	0	0	-1	6
706	0	0	0	0	-1	6
707	0	0	0	0	-1	6
708	0	0	0	0	-1	6
709	762	763	11	9.75	-3	5
710	764	765	7	93	-3	5.82352941176471
711	0	0	0	0	-1	5
712	766	767	5	0.071	-3	5
713	768	769	10	0.525	-3	5
714	0	0	0	0	-1	6
715	0	0	0	0	-1	6
716	0	0	0	0	-1	5
717	0	0	0	0	-1	5
718	0	0	0	0	-1	5
719	0	0	0	0	-1	5
720	0	0	0	0	-1	6
721	770	771	8	0.99681	-3	5
722	0	0	0	0	-1	7
723	772	773	7	149.5	-3	5
724	774	775	2	0.475	-3	6
725	0	0	0	0	-1	6
726	0	0	0	0	-1	6
727	0	0	0	0	-1	6
728	776	777	9	0	-3	5
729	0	0	0	0	-1	5
730	0	0	0	0	-1	5
731	778	779	2	0.42	-3	6
732	780	781	2	0.42	-3	5.95
733	782	783	4	4.4	-3	6
734	0	0	0	0	-1	6
735	784	785	1	7.75	-3	6.57142857142857
736	786	787	3	0.425	-3	6.42857142857143
737	0	0	0	0	-1	7
738	0	0	0	0	-1	6.5
739	788	789	10	3.3	-3	6
740	790	791	3	0.085	-3	5.8
741	792	793	9	3.565	-3	6.05405405405405
742	0	0	0	0	-1	5.25
743	794	795	6	14.5	-3	5.01754385964912
744	0	0	0	0	-1	6.66666666666667
745	796	797	3	0.38	-3	7
746	0	0	0	0	-1	6
747	798	799	8	0	-3	7
748	0	0	0	0	-1	6
749	800	801	9	3.16	-3	6.71428571428571
750	0	0	0	0	-1	6
751	802	803	4	3.75	-3	5
752	0	0	0	0	-1	5
753	0	0	0	0	-1	5
754	804	805	5	0.093	-3	5.09090909090909
755	806	807	6	21.5	-3	5.41666666666667
756	808	809	10	0	-3	5
757	0	0	0	0	-1	5
758	0	0	0	0	-1	5
759	0	0	0	0	-1	5.6
760	0	0	0	0	-1	7
761	810	811	6	13	-3	5
762	812	813	7	33	-3	5
763	0	0	0	0	-1	5
764	814	815	5	0.073	-3	5.875
765	0	0	0	0	-1	5
766	0	0	0	0	-1	5
767	816	817	6	0	-3	5
768	818	819	9	0	-3	5
769	0	0	0	0	-1	5
770	0	0	0	0	-1	5
771	820	821	3	0	-3	5
772	822	823	1	0	-3	5
773	0	0	0	0	-1	5
774	0	0	0	0	-1	6
775	824	825	4	2.15	-3	6
776	0	0	0	0	-1	6
777	826	827	6	24	-3	5
778	0	0	0	0	-1	6
779	0	0	0	0	-1	6
780	0	0	0	0	-1	5.66666666666667
781	828	829	2	0.56	-3	6
782	830	831	11	9.75	-3	6
783	0	0	0	0	-1	6
784	0	0	0	0	-1	7
785	0	0	0	0	-1	6
786	832	833	8	0.995035	-3	6.33333333333333
787	0	0	0	0	-1	7
788	834	835	2	0.53	-3	6
789	0	0	0	0	-1	6
790	0	0	0	0	-1	6
791	0	0	0	0	-1	5
792	836	837	9	3.5	-3	6.02777777777778
793	0	0	0	0	-1	7
794	838	839	4	2.4	-3	5.07142857142857
795	840	841	10	0.715	-3	5
796	0	0	0	0	-1	7
797	0	0	0	0	-1	7
798	0	0	0	0	-1	6
799	0	0	0	0	-1	7
800	0	0	0	0	-1	7
801	0	0	0	0	-1	6
802	0	0	0	0	-1	5
803	0	0	0	0	-1	5
804	842	843	3	0.075	-3	5
805	0	0	0	0	-1	5.33333333333333
806	844	845	5	0.0705	-3	5
807	846	847	6	34	-3	5.83333333333333
808	0	0	0	0	-1	6
809	848	849	6	0	-3	5
810	0	0	0	0	-1	5
811	850	851	8	3.355	-3	5
812	852	853	11	0	-3	5
813	0	0	0	0	-1	5
814	0	0	0	0	-1	5.6
815	854	855	7	0	-3	6
816	0	0	0	0	-1	5
817	856	857	3	0.305	-3	5
818	0	0	0	0	-1	5
819	0	0	0	0	-1	5
820	0	0	0	0	-1	6
821	858	859	4	2.075	-3	5
822	0	0	0	0	-1	6
823	860	861	2	0.585	-3	5
824	0	0	0	0	-1	6
825	0	0	0	0	-1	6
826	862	863	10	0	-3	5
827	0	0	0	0	-1	5
828	864	865	10	0.795	-3	6
829	0	0	0	0	-1	6
830	866	867	11	7.7	-3	6
831	868	869	5	0	-3	6
832	0	0	0	0	-1	6.66666666666667
833	0	0	0	0	-1	6
834	0	0	0	0	-1	6
835	0	0	0	0	-1	6
836	870	871	3	0.115	-3	6
837	872	873	5	0.0805	-3	6.14285714285714
838	874	875	10	0.75	-3	5
839	0	0	0	0	-1	5.33333333333333
840	876	877	2	0.605	-3	5
841	878	879	1	0.3195	-3	5
842	0	0	0	0	-1	5
843	0	0	0	0	-1	5
844	0	0	0	0	-1	5
845	0	0	0	0	-1	5
846	0	0	0	0	-1	6
847	0	0	0	0	-1	5
848	0	0	0	0	-1	5
849	0	0	0	0	-1	5
850	880	881	3	0.29	-3	5
851	0	0	0	0	-1	5
852	0	0	0	0	-1	5
853	882	883	1	7.8	-3	5
854	0	0	0	0	-1	6
855	884	885	9	3.255	-3	6
856	0	0	0	0	-1	5
857	0	0	0	0	-1	5
858	0	0	0	0	-1	5
859	0	0	0	0	-1	5
860	0	0	0	0	-1	5
861	886	887	7	0	-3	5
862	0	0	0	0	-1	5
863	888	889	4	0.305	-3	5
864	890	891	9	3.54	-3	6
865	0	0	0	0	-1	6
866	0	0	0	0	-1	5
867	892	893	6	0	-3	6
868	0	0	0	0	-1	5
869	894	895	7	42	-3	6
870	896	897	7	0	-3	6
871	0	0	0	0	-1	6
872	898	899	10	16	-3	6
873	0	0	0	0	-1	7
874	0	0	0	0	-1	5
875	900	901	7	0	-3	5
876	902	903	7	56.5	-3	5
877	904	905	5	18	-3	5
878	0	0	0	0	-1	5
879	906	907	3	0.275	-3	5
880	0	0	0	0	-1	5
881	0	0	0	0	-1	5
882	0	0	0	0	-1	5
883	0	0	0	0	-1	5
884	0	0	0	0	-1	6
885	0	0	0	0	-1	6
886	0	0	0	0	-1	5
887	908	909	4	0	-3	5
888	0	0	0	0	-1	5
889	0	0	0	0	-1	5
890	910	911	10	0.725	-3	6
891	0	0	0	0	-1	6
892	0	0	0	0	-1	7
893	912	913	7	50.5	-3	6
894	914	915	10	0.79	-3	6
895	916	917	4	2.75	-3	6
896	0	0	0	0	-1	6
897	918	919	7	52	-3	6
898	0	0	0	0	-1	6
899	0	0	0	0	-1	6
900	0	0	0	0	-1	5
901	920	921	6	1.9	-3	5
902	0	0	0	0	-1	5
903	0	0	0	0	-1	5
904	922	923	3	0.54	-3	5
905	0	0	0	0	-1	5
906	0	0	0	0	-1	5
907	0	0	0	0	-1	5
908	0	0	0	0	-1	7
909	0	0	0	0	-1	5
910	0	0	0	0	-1	6
911	924	925	2	0.53	-3	6
912	926	927	9	0	-3	6
913	0	0	0	0	-1	6
914	0	0	0	0	-1	6
915	0	0	0	0	-1	6
916	0	0	0	0	-1	6
917	928	929	5	0.0815	-3	6
918	930	931	7	39	-3	6
919	0	0	0	0	-1	6
920	0	0	0	0	-1	6
921	0	0	0	0	-1	5
922	932	933	6	0	-3	5
923	0	0	0	0	-1	5
924	0	0	0	0	-1	6
925	0	0	0	0	-1	6
926	0	0	0	0	-1	5
927	934	935	5	0.086	-3	6
928	0	0	0	0	-1	6
929	0	0	0	0	-1	6
930	936	937	1	8.65	-3	6
931	938	939	11	10.6	-3	6
932	0	0	0	0	-1	5
933	940	941	9	3.365	-3	5
934	0	0	0	0	-1	6
935	0	0	0	0	-1	6
936	942	943	5	0.073	-3	6
937	0	0	0	0	-1	6
938	0	0	0	0	-1	6
939	0	0	0	0	-1	6
940	0	0	0	0	-1	5
941	0	0	0	0	-1	5
942	0	0	0	0	-1	6
943	944	945	11	0	-3	6
944	0	0	0	0	-1	5
945	946	947	4	2.2	-3	6
946	0	0	0	0	-1	6
947	0	0	0	0	-1	6
