1	2	3	11	10.525	-3	5.61538461538462
2	4	5	8	0.99833	-3	5.34431455897981
3	6	7	2	0.865	-3	6.00303951367781
4	8	9	11	9.85	-3	5.28867403314917
5	10	11	1	12.35	-3	5.52995391705069
6	12	13	10	0.635	-3	6.06487341772152
7	14	15	7	10.5	-3	4.5
8	16	17	4	1.35	-3	5.17903930131004
9	18	19	4	4.75	-3	5.47744360902256
10	20	21	7	66.5	-3	5.4300518134715
11	22	23	8	0.99895	-3	6.33333333333333
12	24	25	2	0.405	-3	5.72689075630252
13	26	27	11	11.55	-3	6.26903553299492
14	0	0	0	0	-1	3
15	28	29	2	0.99	-3	4.69565217391304
16	30	31	1	6.95	-3	4.66666666666667
17	32	33	2	0.405	-3	5.18930957683741
18	34	35	2	0.335	-3	5.51821862348178
19	36	37	6	5	-3	4.94736842105263
20	38	39	7	11.5	-3	5.56818181818182
21	40	41	9	2.91	-3	5.13114754098361
22	0	0	0	0	-1	8
23	42	43	10	0.83	-3	6.18181818181818
24	44	45	6	24.5	-3	6.1
25	46	47	6	8.5	-3	5.57142857142857
26	48	49	9	3.155	-3	6.09019607843137
27	50	51	6	13.5	-3	6.59712230215827
28	52	53	10	0.56	-3	5
29	54	55	5	0.0915	-3	4.22222222222222
30	0	0	0	0	-1	3
31	56	57	10	0.84	-3	4.875
32	58	59	10	0.575	-3	5.44067796610169
33	60	61	1	12.45	-3	5.15128205128205
34	62	63	11	10.45	-3	6.33333333333333
35	64	65	1	6.75	-3	5.41818181818182
36	0	0	0	0	-1	3
37	66	67	1	6.9	-3	5.17647058823529
38	0	0	0	0	-1	7
39	68	69	4	2.35	-3	5.53488372093023
40	0	0	0	0	-1	4
41	70	71	5	0.2095	-3	5.15
42	72	73	1	13.25	-3	5.875
43	74	75	8	0.999875	-3	7
44	76	77	11	11.05	-3	6.03125
45	78	79	11	12.6	-3	6.83333333333333
46	80	81	4	2.45	-3	5.28813559322034
47	82	83	1	6.45	-3	5.72477064220184
48	84	85	1	14.75	-3	6.5
49	86	87	7	57	-3	6.03139013452915
50	88	89	1	9.75	-3	6.78378378378378
51	90	91	10	0.725	-3	6.38461538461539
52	92	93	2	0.8825	-3	4.8
53	0	0	0	0	-1	5.5
54	94	95	1	7.8	-3	4.375
55	0	0	0	0	-1	3
56	96	97	1	0	-3	5
57	0	0	0	0	-1	4
58	98	99	2	0.245	-3	5.04761904761905
59	100	101	8	0.996555	-3	5.65789473684211
60	102	103	1	5.85	-3	5.15721649484536
61	0	0	0	0	-1	4
62	104	105	11	9.95	-3	6.14285714285714
63	106	107	9	3.175	-3	7
64	108	109	6	6.5	-3	4.91666666666667
65	110	111	7	44.5	-3	5.47959183673469
66	0	0	0	0	-1	5.75
67	112	113	1	7.2	-3	5
68	114	115	3	0.365	-3	5.28070175438596
69	116	117	11	10.35	-3	5.73611111111111
70	118	119	7	88.5	-3	5.10526315789474
71	0	0	0	0	-1	6
72	120	121	3	0.535	-3	5.77777777777778
73	122	123	3	0	-3	6
74	0	0	0	0	-1	7
75	0	0	0	0	-1	7
76	124	125	2	0.38	-3	5.44444444444444
77	126	127	5	0.0675	-3	6.12727272727273
78	0	0	0	0	-1	7
79	0	0	0	0	-1	6
80	128	129	5	0.0805	-3	5.45714285714286
81	130	131	2	0.53	-3	5.04166666666667
82	132	133	7	102.5	-3	5.45714285714286
83	134	135	7	28.5	-3	5.85135135135135
84	136	137	2	0.37	-3	6.6551724137931
85	0	0	0	0	-1	5
86	138	139	1	7.85	-3	6.16568047337278
87	140	141	4	2.8	-3	5.61111111111111
88	142	143	9	3.39	-3	6.92
89	144	145	6	5.5	-3	6.5
90	146	147	10	0.65	-3	6.05555555555556
91	148	149	5	0.1065	-3	6.51063829787234
92	0	0	0	0	-1	4.5
93	150	151	6	3.545	-3	5
94	152	153	9	3.665	-3	4.16666666666667
95	0	0	0	0	-1	5
96	0	0	0	0	-1	5
97	154	155	6	0.72	-3	5
98	0	0	0	0	-1	4
99	156	157	10	0.45	-3	5.1
100	0	0	0	0	-1	5
101	158	159	7	21.5	-3	5.73529411764706
102	0	0	0	0	-1	4
103	160	161	7	41.5	-3	5.16020671834625
104	0	0	0	0	-1	7
105	162	163	4	1.5	-3	6
106	0	0	0	0	-1	7
107	0	0	0	0	-1	7
108	0	0	0	0	-1	3.75
109	164	165	6	37.5	-3	5.15
110	166	167	2	0.655	-3	5.62280701754386
111	168	169	4	1.55	-3	5.28048780487805
112	170	171	1	0	-3	5
113	172	173	7	6	-3	5
114	174	175	9	3.16	-3	5.76470588235294
115	176	177	2	0.56	-3	5.075
116	178	179	11	9.35	-3	5.63934426229508
117	180	181	3	0.6	-3	6.27272727272727
118	182	183	7	84.5	-3	5.23076923076923
119	184	185	7	109.5	-3	5
120	186	187	2	0.525	-3	6
121	0	0	0	0	-1	5.33333333333333
122	0	0	0	0	-1	5
123	188	189	5	0.0785	-3	6
124	190	191	3	0.37	-3	5.14285714285714
125	0	0	0	0	-1	6.5
126	192	193	8	0.99415	-3	6.32
127	194	195	7	7.5	-3	5.96666666666667
128	196	197	3	0.02	-3	5
129	198	199	10	0.625	-3	6
130	200	201	7	17	-3	5.66666666666667
131	202	203	11	11.15	-3	4.83333333333333
132	204	205	1	5.5	-3	5.40625
133	0	0	0	0	-1	6
134	206	207	5	0.061	-3	6.14814814814815
135	208	209	1	6.65	-3	5.68085106382979
136	210	211	10	0.665	-3	7.07692307692308
137	212	213	5	0.107	-3	6.3125
138	214	215	3	0.26	-3	6.421875
139	216	217	10	0.725	-3	6.00952380952381
140	218	219	10	0.78	-3	5.47727272727273
141	220	221	3	0.335	-3	6.2
142	222	223	11	11.65	-3	7.08108108108108
143	224	225	9	3.405	-3	6.46153846153846
144	0	0	0	0	-1	7.33333333333333
145	226	227	4	2.35	-3	6.38095238095238
146	0	0	0	0	-1	7
147	228	229	9	3.535	-3	6
148	230	231	10	0.765	-3	6.60975609756098
149	232	233	4	3.95	-3	5.83333333333333
150	0	0	0	0	-1	5
151	0	0	0	0	-1	5
152	0	0	0	0	-1	4
153	0	0	0	0	-1	5
154	0	0	0	0	-1	5
155	0	0	0	0	-1	5
156	0	0	0	0	-1	6
157	234	235	7	77.5	-3	5
158	0	0	0	0	-1	5
159	236	237	11	9.05	-3	5.80645161290323
160	238	239	4	3.9	-3	5.23780487804878
161	240	241	11	9.45	-3	5.10313901345291
162	0	0	0	0	-1	6.66666666666667
163	242	243	3	0.485	-3	5.86666666666667
164	244	245	3	0.085	-3	5.21052631578947
165	0	0	0	0	-1	4
166	246	247	10	0.755	-3	5.80769230769231
167	248	249	3	0.125	-3	5.22222222222222
168	0	0	0	0	-1	3
169	250	251	2	0.515	-3	5.3375
170	0	0	0	0	-1	6
171	252	253	7	124.5	-3	5
172	0	0	0	0	-1	6
173	0	0	0	0	-1	5
174	0	0	0	0	-1	5
175	254	255	3	0.325	-3	5.92857142857143
176	256	257	7	45.5	-3	5.3030303030303
177	258	259	4	2.25	-3	4
178	260	261	2	0.31	-3	5.91304347826087
179	262	263	8	0.99965	-3	5.47368421052632
180	264	265	2	0.44	-3	6.2
181	0	0	0	0	-1	7
182	266	267	10	0.67	-3	5.1
183	268	269	6	25.5	-3	5.66666666666667
184	270	271	7	9.65	-3	5
185	272	273	9	3.395	-3	5
186	0	0	0	0	-1	6
187	0	0	0	0	-1	6
188	0	0	0	0	-1	6
189	0	0	0	0	-1	6
190	0	0	0	0	-1	6
191	274	275	7	10	-3	5
192	276	277	1	9.05	-3	6
193	278	279	2	0.285	-3	6.61538461538461
194	0	0	0	0	-1	4
195	280	281	11	12.05	-3	6.03448275862069
196	0	0	0	0	-1	4
197	282	283	9	3.51	-3	5.26666666666667
198	284	285	10	0.605	-3	5.66666666666667
199	0	0	0	0	-1	7
200	0	0	0	0	-1	6
201	0	0	0	0	-1	5
202	286	287	8	0.99626	-3	4.5
203	288	289	2	0.74	-3	5
204	290	291	8	0.9933	-3	6
205	292	293	6	33	-3	5.26923076923077
206	294	295	9	3.4	-3	6.66666666666667
207	296	297	1	6.8	-3	6
208	0	0	0	0	-1	7
209	298	299	4	3.35	-3	5.62222222222222
210	0	0	0	0	-1	8
211	300	301	6	4.5	-3	7
212	302	303	9	3.13	-3	6.15384615384615
213	0	0	0	0	-1	7
214	304	305	5	0.0795	-3	6.14285714285714
215	306	307	9	3.26	-3	6.63888888888889
216	308	309	2	0.295	-3	5.73684210526316
217	310	311	8	0.99995	-3	6.16417910447761
218	312	313	4	2.55	-3	5.7037037037037
219	314	315	2	0.36	-3	5.11764705882353
220	0	0	0	0	-1	6
221	0	0	0	0	-1	6.66666666666667
222	0	0	0	0	-1	6
223	316	317	9	3.22	-3	7.11111111111111
224	0	0	0	0	-1	5
225	318	319	10	0.825	-3	6.72727272727273
226	320	321	11	11.8	-3	6
227	322	323	4	2.975	-3	6.53333333333333
228	324	325	6	27.5	-3	6
229	0	0	0	0	-1	6
230	326	327	4	2.75	-3	7.1
231	328	329	10	0.84	-3	6.45161290322581
232	0	0	0	0	-1	6
233	0	0	0	0	-1	5
234	0	0	0	0	-1	5
235	0	0	0	0	-1	5
236	0	0	0	0	-1	5
237	330	331	4	1.65	-3	5.86206896551724
238	332	333	3	0.05	-3	5.25308641975309
239	0	0	0	0	-1	4
240	334	335	8	0.995675	-3	5
241	336	337	2	0.8075	-3	5.20175438596491
242	0	0	0	0	-1	6
243	338	339	4	2.55	-3	5.66666666666667
244	340	341	5	0.0785	-3	5.06666666666667
245	0	0	0	0	-1	5.75
246	342	343	7	10.5	-3	5.72222222222222
247	344	345	7	15	-3	6.83333333333333
248	346	347	9	3.385	-3	5.5625
249	348	349	9	3.44	-3	4.95
250	350	351	9	3.405	-3	5.71428571428571
251	352	353	1	7.2	-3	5.13461538461539
252	0	0	0	0	-1	5
253	0	0	0	0	-1	5
254	354	355	11	9.85	-3	5.84615384615385
255	0	0	0	0	-1	7
256	356	357	11	9.35	-3	5.25806451612903
257	0	0	0	0	-1	6
258	0	0	0	0	-1	3.25
259	0	0	0	0	-1	5
260	0	0	0	0	-1	5.5
261	358	359	11	9.05	-3	5.95238095238095
262	360	361	8	0.999375	-3	5.66666666666667
263	362	363	7	59.5	-3	5
264	0	0	0	0	-1	7
265	0	0	0	0	-1	6
266	364	365	11	9.45	-3	5
267	366	367	7	77.5	-3	5.28571428571429
268	0	0	0	0	-1	5
269	0	0	0	0	-1	6
270	0	0	0	0	-1	5
271	0	0	0	0	-1	5
272	368	369	5	0.0925	-3	5
273	0	0	0	0	-1	5
274	0	0	0	0	-1	5
275	0	0	0	0	-1	5
276	370	371	1	8.4	-3	6.09090909090909
277	0	0	0	0	-1	5
278	0	0	0	0	-1	6
279	372	373	8	0.995325	-3	6.8
280	374	375	9	3.195	-3	5.88888888888889
281	376	377	4	4.8	-3	6.27272727272727
282	378	379	9	3.445	-3	5.625
283	380	381	11	12.525	-3	4.85714285714286
284	0	0	0	0	-1	6
285	0	0	0	0	-1	5
286	0	0	0	0	-1	5
287	0	0	0	0	-1	4.25
288	0	0	0	0	-1	5
289	0	0	0	0	-1	5
290	0	0	0	0	-1	6
291	0	0	0	0	-1	6
292	382	383	4	1.6	-3	5.17391304347826
293	0	0	0	0	-1	6
294	0	0	0	0	-1	6
295	0	0	0	0	-1	7
296	384	385	7	27.5	-3	6
297	386	387	4	0	-3	6
298	388	389	6	33.5	-3	5.65909090909091
299	0	0	0	0	-1	4
300	0	0	0	0	-1	7
301	390	391	5	0	-3	7
302	0	0	0	0	-1	6
303	0	0	0	0	-1	6.66666666666667
304	392	393	11	11.3	-3	6
305	0	0	0	0	-1	6.8
306	0	0	0	0	-1	7.6
307	394	395	3	0.465	-3	6.48387096774194
308	0	0	0	0	-1	5.2
309	396	397	5	0.0985	-3	5.81818181818182
310	398	399	8	0.999395	-3	6.2
311	0	0	0	0	-1	5
312	400	401	7	105.5	-3	5.84210526315789
313	402	403	1	9	-3	5.375
314	404	405	9	3.325	-3	5
315	0	0	0	0	-1	6
316	406	407	4	2.45	-3	7.55555555555556
317	408	409	7	17.5	-3	6.96296296296296
318	410	411	8	0.994955	-3	7
319	0	0	0	0	-1	6.4
320	0	0	0	0	-1	6
321	0	0	0	0	-1	6
322	412	413	2	0.37	-3	6.85714285714286
323	414	415	4	4.35	-3	6.25
324	0	0	0	0	-1	6
325	0	0	0	0	-1	6
326	416	417	11	12.2	-3	7.22222222222222
327	0	0	0	0	-1	6
328	418	419	6	25.5	-3	6.25
329	420	421	2	0.49	-3	6.81818181818182
330	0	0	0	0	-1	5
331	422	423	7	107.5	-3	5.89285714285714
332	424	425	11	9.05	-3	5.07042253521127
333	426	427	3	0.19	-3	5.3956043956044
334	428	429	8	0.99555	-3	4.55555555555556
335	430	431	5	0.0665	-3	5.04
336	432	433	2	0.78	-3	5.21621621621622
337	0	0	0	0	-1	4.66666666666667
338	0	0	0	0	-1	5
339	0	0	0	0	-1	6
340	0	0	0	0	-1	6
341	0	0	0	0	-1	5
342	434	435	5	0.0945	-3	4.85714285714286
343	436	437	2	0.575	-3	5.81538461538462
344	0	0	0	0	-1	6
345	0	0	0	0	-1	7
346	438	439	5	0.1175	-3	6.14285714285714
347	440	441	5	0.086	-3	5.11111111111111
348	442	443	3	0.265	-3	4.89473684210526
349	0	0	0	0	-1	6
350	444	445	10	0.61	-3	5.8
351	0	0	0	0	-1	5
352	446	447	8	0.99584	-3	5.71428571428571
353	448	449	5	0.0935	-3	5.04444444444445
354	0	0	0	0	-1	5.33333333333333
355	0	0	0	0	-1	6
356	450	451	9	3.085	-3	5.66666666666667
357	452	453	2	0.385	-3	5.09090909090909
358	0	0	0	0	-1	5.75
359	454	455	3	11.5	-3	6
360	456	457	4	3.1	-3	5.4
361	458	459	3	0.475	-3	6
362	460	461	4	2.8	-3	5.1
363	0	0	0	0	-1	4
364	0	0	0	0	-1	5
365	462	463	1	9.05	-3	5
366	0	0	0	0	-1	5.66666666666667
367	0	0	0	0	-1	5
368	0	0	0	0	-1	5
369	464	465	9	0	-3	5
370	0	0	0	0	-1	6
371	0	0	0	0	-1	6.5
372	466	467	9	3.275	-3	7
373	0	0	0	0	-1	6.5
374	0	0	0	0	-1	5.6
375	468	469	6	15.5	-3	6
376	470	471	5	0.0865	-3	6.11111111111111
377	0	0	0	0	-1	7
378	0	0	0	0	-1	5.4
379	0	0	0	0	-1	6
380	472	473	7	12	-3	5
381	0	0	0	0	-1	4
382	0	0	0	0	-1	6
383	474	475	10	0.495	-3	5.09523809523809
384	476	477	1	6.55	-3	6
385	0	0	0	0	-1	6
386	0	0	0	0	-1	6
387	0	0	0	0	-1	6
388	478	479	9	3.18	-3	5.74358974358974
389	0	0	0	0	-1	5
390	0	0	0	0	-1	5
391	480	481	3	0.53	-3	7
392	0	0	0	0	-1	6
393	0	0	0	0	-1	6
394	482	483	4	2.35	-3	6.65217391304348
395	484	485	3	0	-3	6
396	486	487	7	19.5	-3	6.09090909090909
397	488	489	4	3.25	-3	5.27272727272727
398	490	491	11	11.05	-3	6.10344827586207
399	492	493	4	2.7	-3	7
400	494	495	8	0.99521	-3	5.94117647058824
401	0	0	0	0	-1	5
402	0	0	0	0	-1	5
403	0	0	0	0	-1	6
404	496	497	7	89	-3	5
405	0	0	0	0	-1	5
406	0	0	0	0	-1	7.2
407	0	0	0	0	-1	8
408	498	499	1	8.85	-3	6.85714285714286
409	500	501	11	0	-3	7
410	0	0	0	0	-1	7
411	0	0	0	0	-1	7
412	0	0	0	0	-1	6
413	502	503	3	0.485	-3	7
414	0	0	0	0	-1	6
415	0	0	0	0	-1	6.66666666666667
416	0	0	0	0	-1	7
417	0	0	0	0	-1	7.5
418	504	505	8	0.99495	-3	6.66666666666667
419	506	507	7	57.5	-3	6.07142857142857
420	508	509	4	3.05	-3	7.16666666666667
421	0	0	0	0	-1	6.4
422	510	511	11	9.3	-3	5.92592592592593
423	0	0	0	0	-1	5
424	0	0	0	0	-1	6
425	512	513	10	0.555	-3	5.04347826086957
426	514	515	8	0.996405	-3	5.64102564102564
427	516	517	7	10.5	-3	5.21153846153846
428	0	0	0	0	-1	5
429	0	0	0	0	-1	4
430	0	0	0	0	-1	5.5
431	518	519	9	3.565	-3	5.02083333333333
432	520	521	7	55	-3	5.19444444444445
433	0	0	0	0	-1	6
434	0	0	0	0	-1	5
435	0	0	0	0	-1	4
436	522	523	10	0.48	-3	5.66666666666667
437	524	525	3	0.43	-3	6.08695652173913
438	0	0	0	0	-1	6
439	0	0	0	0	-1	7
440	0	0	0	0	-1	6
441	526	527	2	0.9825	-3	5
442	528	529	10	0.51	-3	5
443	0	0	0	0	-1	4.33333333333333
444	530	531	8	0.996525	-3	5.41666666666667
445	532	533	11	10.1	-3	6.15384615384615
446	0	0	0	0	-1	5
447	534	535	8	0.99686	-3	5.83333333333333
448	536	537	10	0.555	-3	4.86206896551724
449	538	539	11	10.05	-3	5.375
450	0	0	0	0	-1	6
451	0	0	0	0	-1	5.25
452	0	0	0	0	-1	5.66666666666667
453	540	541	10	0.56	-3	5
454	542	543	9	3.515	-3	6
455	0	0	0	0	-1	6
456	544	545	10	0.635	-3	5.75
457	546	547	4	0	-3	5
458	548	549	1	0.22	-3	6
459	550	551	7	38.5	-3	6
460	0	0	0	0	-1	5.33333333333333
461	552	553	7	0	-3	5
462	0	0	0	0	-1	5
463	554	555	6	25.5	-3	5
464	0	0	0	0	-1	6
465	556	557	5	0.1435	-3	5
466	0	0	0	0	-1	7
467	0	0	0	0	-1	7
468	558	559	8	0.99508	-3	6
469	0	0	0	0	-1	6
470	560	561	8	0.99468	-3	6
471	0	0	0	0	-1	6.5
472	0	0	0	0	-1	5
473	0	0	0	0	-1	5
474	0	0	0	0	-1	5.33333333333333
475	562	563	3	0.125	-3	5.05555555555556
476	0	0	0	0	-1	6
477	564	565	8	0.99641	-3	6
478	0	0	0	0	-1	5
479	566	567	10	0.625	-3	5.85294117647059
480	0	0	0	0	-1	7
481	0	0	0	0	-1	7
482	568	569	2	0.4	-3	6.92857142857143
483	570	571	2	0.335	-3	6.22222222222222
484	0	0	0	0	-1	6
485	572	573	8	0	-3	6
486	0	0	0	0	-1	6.66666666666667
487	574	575	9	3.205	-3	6
488	576	577	4	2.65	-3	5
489	0	0	0	0	-1	6
490	578	579	7	20.5	-3	6.32352941176471
491	580	581	2	0.315	-3	5.79166666666667
492	0	0	0	0	-1	7
493	0	0	0	0	-1	7
494	0	0	0	0	-1	5
495	0	0	0	0	-1	6
496	0	0	0	0	-1	5
497	0	0	0	0	-1	5
498	582	583	3	0.175	-3	7
499	0	0	0	0	-1	6
500	0	0	0	0	-1	5
501	584	585	4	29.5	-3	7
502	0	0	0	0	-1	7
503	0	0	0	0	-1	7
504	0	0	0	0	-1	6.33333333333333
505	0	0	0	0	-1	7
506	0	0	0	0	-1	6.5
507	586	587	6	33	-3	6
508	0	0	0	0	-1	7
509	0	0	0	0	-1	8
510	0	0	0	0	-1	5.66666666666667
511	588	589	8	0.9981	-3	5.95833333333333
512	590	591	8	0.9967	-3	4.80645161290323
513	592	593	9	3.395	-3	5.23684210526316
514	594	595	5	0.0795	-3	5.3
515	596	597	9	3.385	-3	5.75862068965517
516	0	0	0	0	-1	5.8
517	598	599	3	0.225	-3	5.14893617021277
518	600	601	6	6.5	-3	5.01052631578948
519	0	0	0	0	-1	6
520	602	603	2	0.64	-3	5.03448275862069
521	604	605	4	2.35	-3	5.25316455696203
522	0	0	0	0	-1	5
523	606	607	11	10.45	-3	5.73684210526316
524	608	609	6	10	-3	6.19047619047619
525	0	0	0	0	-1	5
526	0	0	0	0	-1	5
527	0	0	0	0	-1	5
528	0	0	0	0	-1	5
529	610	611	3	0	-3	5
530	612	613	9	3.315	-3	5.71428571428571
531	0	0	0	0	-1	5
532	0	0	0	0	-1	6.4
533	0	0	0	0	-1	6
534	0	0	0	0	-1	6
535	0	0	0	0	-1	5
536	614	615	7	118	-3	5
537	616	617	10	0.58	-3	4.5
538	0	0	0	0	-1	6
539	618	619	9	2.905	-3	5.16666666666667
540	0	0	0	0	-1	5
541	620	621	6	14	-3	5
542	0	0	0	0	-1	6
543	0	0	0	0	-1	6
544	0	0	0	0	-1	5.4
545	0	0	0	0	-1	6.33333333333333
546	0	0	0	0	-1	6
547	622	623	1	8.95	-3	5
548	0	0	0	0	-1	5
549	0	0	0	0	-1	6
550	0	0	0	0	-1	6
551	0	0	0	0	-1	6
552	0	0	0	0	-1	5
553	0	0	0	0	-1	5
554	624	625	7	0	-3	5
555	0	0	0	0	-1	5
556	0	0	0	0	-1	5
557	0	0	0	0	-1	5
558	0	0	0	0	-1	6
559	626	627	3	0.61	-3	6
560	0	0	0	0	-1	6
561	0	0	0	0	-1	6
562	0	0	0	0	-1	5
563	0	0	0	0	-1	5.33333333333333
564	0	0	0	0	-1	6
565	0	0	0	0	-1	6
566	628	629	4	2.7	-3	5.92857142857143
567	630	631	4	2.3	-3	5.5
568	632	633	2	0.275	-3	7
569	0	0	0	0	-1	6.5
570	0	0	0	0	-1	7
571	634	635	11	6.9	-3	6
572	0	0	0	0	-1	7
573	636	637	3	0.62	-3	6
574	0	0	0	0	-1	6
575	638	639	1	8	-3	6
576	640	641	2	0	-3	5
577	0	0	0	0	-1	5
578	642	643	9	3.265	-3	5.85714285714286
579	644	645	8	0.99715	-3	6.44444444444444
580	0	0	0	0	-1	7
581	646	647	8	0.99517	-3	5.73913043478261
582	0	0	0	0	-1	7
583	0	0	0	0	-1	7
584	648	649	10	0	-3	7
585	0	0	0	0	-1	7
586	0	0	0	0	-1	6
587	0	0	0	0	-1	6
588	650	651	10	0.805	-3	6
589	0	0	0	0	-1	5.5
590	652	653	8	0.9952	-3	5
591	654	655	11	9.55	-3	4.53846153846154
592	656	657	9	3.3	-3	5.66666666666667
593	658	659	4	2.05	-3	5.15625
594	0	0	0	0	-1	5.6
595	0	0	0	0	-1	5
596	660	661	1	7.6	-3	6.07692307692308
597	662	663	7	38.5	-3	5.5
598	664	665	7	25.5	-3	4.94117647058824
599	666	667	11	9.35	-3	5.26666666666667
600	0	0	0	0	-1	5.66666666666667
601	668	669	9	2.95	-3	4.98913043478261
602	670	671	2	0.615	-3	5
603	672	673	7	43.5	-3	5.14285714285714
604	674	675	9	3.21	-3	5.34615384615385
605	676	677	6	19.5	-3	5.07407407407407
606	678	679	7	26.5	-3	5.82142857142857
607	680	681	3	0.44	-3	5.5
608	682	683	4	2.2	-3	5.88888888888889
609	684	685	5	0.081	-3	6.41666666666667
610	0	0	0	0	-1	6
611	686	687	5	0.073	-3	5
612	0	0	0	0	-1	5
613	0	0	0	0	-1	6
614	0	0	0	0	-1	5
615	0	0	0	0	-1	5
616	0	0	0	0	-1	4
617	0	0	0	0	-1	5
618	0	0	0	0	-1	6
619	688	689	4	2.65	-3	5.09090909090909
620	0	0	0	0	-1	5
621	0	0	0	0	-1	5
622	0	0	0	0	-1	5
623	0	0	0	0	-1	5
624	0	0	0	0	-1	6
625	690	691	6	22	-3	5
626	0	0	0	0	-1	6
627	692	693	6	4.5	-3	6
628	694	695	2	0.425	-3	5.96296296296296
629	0	0	0	0	-1	5
630	0	0	0	0	-1	5
631	0	0	0	0	-1	6
632	0	0	0	0	-1	7
633	696	697	11	0	-3	7
634	0	0	0	0	-1	5
635	698	699	9	3.36	-3	6
636	0	0	0	0	-1	6
637	0	0	0	0	-1	6
638	0	0	0	0	-1	6
639	0	0	0	0	-1	6
640	0	0	0	0	-1	5
641	0	0	0	0	-1	5
642	0	0	0	0	-1	5.5
643	0	0	0	0	-1	6
644	700	701	9	3.19	-3	6.17647058823529
645	702	703	8	0.998645	-3	6.9
646	0	0	0	0	-1	5
647	704	705	6	5.5	-3	5.85
648	0	0	0	0	-1	7
649	706	707	3	0	-3	7
650	708	709	4	2.1	-3	6
651	0	0	0	0	-1	6
652	710	711	10	0	-3	5
653	712	713	8	0.99664	-3	5
654	714	715	9	3.4	-3	4.83333333333333
655	716	717	2	0.645	-3	4.28571428571429
656	0	0	0	0	-1	5
657	0	0	0	0	-1	6
658	718	719	2	0.535	-3	5.04347826086957
659	720	721	7	26	-3	5.44444444444444
660	0	0	0	0	-1	6.33333333333333
661	0	0	0	0	-1	6
662	722	723	7	26	-3	5.66666666666667
663	0	0	0	0	-1	5
664	0	0	0	0	-1	4.75
665	724	725	2	0.605	-3	5
666	0	0	0	0	-1	6
667	726	727	8	0.99825	-3	5.15384615384615
668	0	0	0	0	-1	6
669	728	729	9	3.265	-3	4.97802197802198
670	730	731	6	29.5	-3	5
671	0	0	0	0	-1	5
672	0	0	0	0	-1	6
673	0	0	0	0	-1	5
674	732	733	5	0.101	-3	5.05555555555556
675	734	735	7	92.5	-3	5.5
676	736	737	6	16.5	-3	5.25
677	738	739	11	9.55	-3	5
678	740	741	10	0.545	-3	5.61538461538461
679	742	743	7	30	-3	6
680	744	745	6	14	-3	5.625
681	0	0	0	0	-1	5
682	746	747	9	3.315	-3	6
683	0	0	0	0	-1	5.5
684	748	749	5	0.0695	-3	6.125
685	0	0	0	0	-1	7
686	0	0	0	0	-1	5
687	750	751	8	0.99702	-3	5
688	752	753	9	3.125	-3	5
689	0	0	0	0	-1	6
690	0	0	0	0	-1	5
691	0	0	0	0	-1	5
692	0	0	0	0	-1	6
693	0	0	0	0	-1	6
694	0	0	0	0	-1	5
695	754	755	4	1.65	-3	6
696	0	0	0	0	-1	6
697	0	0	0	0	-1	7
698	0	0	0	0	-1	6
699	0	0	0	0	-1	6
700	0	0	0	0	-1	7
701	756	757	7	44	-3	6.06666666666667
702	758	759	3	0.415	-3	7
703	0	0	0	0	-1	6
704	0	0	0	0	-1	5
705	760	761	7	38.5	-3	6
706	0	0	0	0	-1	5
707	762	763	8	0	-3	7
708	764	765	6	0	-3	6
709	0	0	0	0	-1	6
710	0	0	0	0	-1	5
711	0	0	0	0	-1	5
712	766	767	1	0	-3	5
713	0	0	0	0	-1	5
714	0	0	0	0	-1	4
715	0	0	0	0	-1	5
716	0	0	0	0	-1	5
717	0	0	0	0	-1	4
718	0	0	0	0	-1	6
719	768	769	6	12	-3	5
720	0	0	0	0	-1	5.8
721	0	0	0	0	-1	5
722	0	0	0	0	-1	5
723	770	771	4	2.5	-3	5.8
724	772	773	8	0	-3	5
725	774	775	6	13	-3	5
726	776	777	5	0.1375	-3	5.08333333333333
727	0	0	0	0	-1	6
728	778	779	1	8.25	-3	4.93877551020408
729	780	781	7	44	-3	5.02380952380952
730	782	783	5	0	-3	5
731	784	785	9	0	-3	5
732	786	787	6	0	-3	5
733	0	0	0	0	-1	5.25
734	788	789	6	22.5	-3	5.72727272727273
735	790	791	9	3.47	-3	5.08333333333333
736	792	793	11	9.6	-3	5
737	0	0	0	0	-1	6
738	0	0	0	0	-1	5
739	794	795	7	3.39	-3	5
740	0	0	0	0	-1	5
741	796	797	9	3.335	-3	5.8
742	0	0	0	0	-1	6
743	798	799	11	10.35	-3	6
744	800	801	1	8.7	-3	5.83333333333333
745	0	0	0	0	-1	5
746	0	0	0	0	-1	6
747	0	0	0	0	-1	6
748	0	0	0	0	-1	7
749	802	803	5	0	-3	6
750	804	805	6	0	-3	5
751	0	0	0	0	-1	5
752	0	0	0	0	-1	5
753	0	0	0	0	-1	5
754	0	0	0	0	-1	6
755	0	0	0	0	-1	6
756	0	0	0	0	-1	6.25
757	806	807	11	48.5	-3	6
758	0	0	0	0	-1	7
759	0	0	0	0	-1	7
760	808	809	4	1.95	-3	6
761	810	811	6	18	-3	6
762	0	0	0	0	-1	6
763	812	813	4	0	-3	7
764	0	0	0	0	-1	6
765	814	815	8	0.9977	-3	6
766	0	0	0	0	-1	6
767	816	817	4	2.15	-3	5
768	0	0	0	0	-1	5
769	818	819	11	0	-3	5
770	820	821	1	6.75	-3	5.88888888888889
771	0	0	0	0	-1	5
772	0	0	0	0	-1	6
773	822	823	11	1.75	-3	5
774	0	0	0	0	-1	5
775	0	0	0	0	-1	5
776	824	825	11	9.45	-3	5
777	0	0	0	0	-1	5.5
778	826	827	6	15	-3	5
779	828	829	9	3.255	-3	4.875
780	830	831	9	3.325	-3	4.83333333333333
781	832	833	10	0.705	-3	5.05555555555556
782	0	0	0	0	-1	6
783	834	835	8	0.995575	-3	5
784	0	0	0	0	-1	5
785	836	837	3	0	-3	5
786	0	0	0	0	-1	5
787	838	839	9	3.11	-3	5
788	840	841	9	3.37	-3	5.875
789	842	843	1	7.8	-3	5.33333333333333
790	844	845	3	0.275	-3	5
791	0	0	0	0	-1	6
792	0	0	0	0	-1	5
793	0	0	0	0	-1	5
794	0	0	0	0	-1	5
795	846	847	10	0.1	-3	5
796	0	0	0	0	-1	6
797	0	0	0	0	-1	5
798	848	849	9	3.355	-3	6
799	0	0	0	0	-1	6
800	0	0	0	0	-1	5.66666666666667
801	0	0	0	0	-1	6
802	0	0	0	0	-1	6
803	850	851	6	16	-3	6
804	0	0	0	0	-1	5
805	852	853	4	0	-3	5
806	0	0	0	0	-1	6
807	0	0	0	0	-1	6
808	0	0	0	0	-1	6
809	0	0	0	0	-1	6
810	0	0	0	0	-1	6
811	0	0	0	0	-1	6
812	0	0	0	0	-1	7
813	854	855	5	0	-3	7
814	856	857	2	1.85	-3	6
815	0	0	0	0	-1	6
816	0	0	0	0	-1	5
817	0	0	0	0	-1	5
818	0	0	0	0	-1	6
819	858	859	8	0	-3	5
820	0	0	0	0	-1	5
821	0	0	0	0	-1	6
822	0	0	0	0	-1	6
823	0	0	0	0	-1	5
824	0	0	0	0	-1	5
825	860	861	1	0	-3	5
826	862	863	8	0	-3	5
827	864	865	2	0.7675	-3	5
828	866	867	1	8.35	-3	4.91304347826087
829	0	0	0	0	-1	4
830	0	0	0	0	-1	4.5
831	0	0	0	0	-1	5
832	868	869	1	7.85	-3	5.02857142857143
833	0	0	0	0	-1	6
834	0	0	0	0	-1	5
835	870	871	8	0.99735	-3	5
836	0	0	0	0	-1	5
837	0	0	0	0	-1	5
838	0	0	0	0	-1	5
839	872	873	4	1.95	-3	5
840	0	0	0	0	-1	6
841	0	0	0	0	-1	5.6
842	0	0	0	0	-1	5
843	0	0	0	0	-1	6
844	874	875	11	0	-3	5
845	0	0	0	0	-1	5
846	0	0	0	0	-1	6
847	876	877	3	0.02	-3	5
848	0	0	0	0	-1	6
849	0	0	0	0	-1	6
850	0	0	0	0	-1	6
851	0	0	0	0	-1	6
852	0	0	0	0	-1	7
853	0	0	0	0	-1	5
854	0	0	0	0	-1	6
855	878	879	3	0	-3	7
856	880	881	3	0.275	-3	6
857	0	0	0	0	-1	6
858	0	0	0	0	-1	5
859	882	883	8	0	-3	5
860	0	0	0	0	-1	6
861	884	885	4	1.85	-3	5
862	0	0	0	0	-1	5
863	886	887	8	0.99705	-3	5
864	888	889	7	0.6	-3	5
865	0	0	0	0	-1	5
866	0	0	0	0	-1	4
867	890	891	3	0.175	-3	5
868	892	893	3	0.13	-3	5
869	894	895	8	0.9962	-3	5.08333333333333
870	896	897	10	0.565	-3	5
871	0	0	0	0	-1	5
872	0	0	0	0	-1	5
873	0	0	0	0	-1	5
874	0	0	0	0	-1	6
875	898	899	10	0.51	-3	5
876	0	0	0	0	-1	5
877	900	901	9	3.225	-3	5
878	0	0	0	0	-1	6
879	902	903	3	0.335	-3	7
880	0	0	0	0	-1	6
881	904	905	9	7.25	-3	6
882	0	0	0	0	-1	8
883	0	0	0	0	-1	5
884	0	0	0	0	-1	5
885	906	907	1	0	-3	5
886	0	0	0	0	-1	5
887	0	0	0	0	-1	5
888	0	0	0	0	-1	5
889	908	909	5	0.1165	-3	5
890	0	0	0	0	-1	5
891	910	911	4	2.2	-3	5
892	912	913	7	54.5	-3	5
893	914	915	11	9.35	-3	5
894	0	0	0	0	-1	6
895	916	917	1	7.95	-3	5
896	0	0	0	0	-1	5
897	0	0	0	0	-1	5
898	0	0	0	0	-1	5
899	0	0	0	0	-1	5
900	0	0	0	0	-1	5
901	918	919	6	0	-3	5
902	0	0	0	0	-1	7
903	920	921	3	24.5	-3	7
904	0	0	0	0	-1	6
905	0	0	0	0	-1	6
906	0	0	0	0	-1	6
907	922	923	7	18	-3	5
908	924	925	6	23	-3	5
909	0	0	0	0	-1	5
910	926	927	4	0	-3	5
911	928	929	11	9.15	-3	5
912	0	0	0	0	-1	5
913	0	0	0	0	-1	5
914	930	931	11	7	-3	5
915	0	0	0	0	-1	5
916	0	0	0	0	-1	5
917	0	0	0	0	-1	5
918	0	0	0	0	-1	6
919	0	0	0	0	-1	5
920	932	933	4	2.25	-3	7
921	0	0	0	0	-1	7
922	0	0	0	0	-1	5
923	0	0	0	0	-1	5
924	934	935	7	0.535	-3	5
925	0	0	0	0	-1	5
926	0	0	0	0	-1	7
927	936	937	6	19.5	-3	5
928	0	0	0	0	-1	5
929	938	939	9	0	-3	5
930	0	0	0	0	-1	6
931	940	941	11	0.0765	-3	5
932	0	0	0	0	-1	7
933	0	0	0	0	-1	7
934	0	0	0	0	-1	6
935	0	0	0	0	-1	5
936	0	0	0	0	-1	5
937	0	0	0	0	-1	5
938	0	0	0	0	-1	6
939	0	0	0	0	-1	5
940	0	0	0	0	-1	7
941	942	943	2	0.535	-3	5
942	944	945	9	0	-3	5
943	0	0	0	0	-1	5
944	0	0	0	0	-1	4
945	946	947	7	63	-3	5
946	0	0	0	0	-1	5
947	0	0	0	0	-1	5
