1	2	3	3	0.295	-3	5.62351469668543
2	4	5	11	11.45	-3	5.41961231470923
3	6	7	11	10.55	-3	5.87119113573407
4	8	9	7	14.5	-3	5.32948717948718
5	10	11	5	0.047	-3	6.14432989690722
6	12	13	2	0.345	-3	5.47354497354497
7	14	15	1	14.75	-3	6.30813953488372
8	16	17	8	0.9946	-3	4.81428571428572
9	18	19	11	10.05	-3	5.38028169014084
10	20	21	2	0.8425	-3	7
11	22	23	8	0.991865	-3	6.02352941176471
12	24	25	10	0.715	-3	5.94029850746269
13	26	27	1	12.55	-3	5.37299035369775
14	28	29	11	11.55	-3	6.34730538922155
15	30	31	6	16	-3	5
16	32	33	9	3.315	-3	5.33333333333333
17	34	35	8	0.995335	-3	4.67272727272727
18	36	37	8	0.99669	-3	5.21029082774049
19	38	39	2	0.925	-3	5.66920152091255
20	40	41	6	8	-3	6.90909090909091
21	0	0	0	0	-1	8
22	42	43	10	0.635	-3	7
23	44	45	7	15	-3	5.93589743589744
24	46	47	2	0.3	-3	5.51724137931035
25	48	49	11	9.7	-3	6.26315789473684
26	50	51	10	0.595	-3	5.32534246575342
27	52	53	8	1.0018	-3	6.10526315789474
28	54	55	10	0.625	-3	6.13903743315508
29	56	57	4	1.65	-3	6.61224489795918
30	0	0	0	0	-1	5
31	0	0	0	0	-1	5
32	58	59	10	0.51	-3	5.66666666666667
33	60	61	10	0.455	-3	4.83333333333333
34	62	63	1	7.35	-3	3.875
35	64	65	10	0.575	-3	4.80851063829787
36	66	67	10	0.555	-3	5.08620689655172
37	68	69	8	0.996875	-3	5.28937728937729
38	70	71	3	0.185	-3	5.75308641975309
39	72	73	6	13	-3	4.65
40	0	0	0	0	-1	6
41	0	0	0	0	-1	7
42	0	0	0	0	-1	6
43	74	75	6	17.5	-3	7.16666666666667
44	76	77	10	0.46	-3	6.625
45	78	79	10	0.545	-3	5.85714285714286
46	80	81	4	1.55	-3	5.15384615384615
47	82	83	9	3.195	-3	5.8125
48	84	85	3	0.56	-3	5.75
49	86	87	9	3.265	-3	6.63636363636364
50	88	89	8	1.0006	-3	5.0462962962963
51	90	91	6	10.5	-3	5.48913043478261
52	92	93	1	13.25	-3	5.86666666666667
53	0	0	0	0	-1	7
54	94	95	5	0.0565	-3	5.625
55	96	97	2	0.395	-3	6.27891156462585
56	98	99	11	12.3	-3	6
57	100	101	2	0.335	-3	6.65217391304347
58	0	0	0	0	-1	5
59	102	103	7	8	-3	6
60	0	0	0	0	-1	4
61	0	0	0	0	-1	5
62	104	105	5	0.0615	-3	4.16666666666667
63	0	0	0	0	-1	3
64	106	107	4	5.175	-3	4.53333333333333
65	108	109	8	0.99711	-3	5.29411764705882
66	110	111	3	0.265	-3	4.95098039215686
67	112	113	7	48	-3	5.27777777777778
68	114	115	5	0.0745	-3	5.75675675675676
69	116	117	2	0.545	-3	5.21610169491525
70	118	119	10	0.845	-3	5.83333333333333
71	120	121	8	0.99451	-3	5.52380952380952
72	0	0	0	0	-1	4
73	122	123	3	0.005	-3	4.86666666666667
74	0	0	0	0	-1	7
75	0	0	0	0	-1	8
76	0	0	0	0	-1	5
77	124	125	8	0.99495	-3	6.85714285714286
78	126	127	11	12.65	-3	5.1875
79	128	129	11	12.7	-3	6.05555555555556
80	0	0	0	0	-1	6
81	130	131	10	0.535	-3	5.08333333333333
82	132	133	1	10.75	-3	6
83	134	135	9	3.355	-3	5.57142857142857
84	136	137	1	9.4	-3	6
85	0	0	0	0	-1	5
86	138	139	10	0.81	-3	7
87	140	141	8	0.999625	-3	6.33333333333333
88	142	143	8	0.996	-3	5.08490566037736
89	0	0	0	0	-1	3
90	144	145	6	9.5	-3	5.77272727272727
91	146	147	4	1.55	-3	5.4
92	148	149	11	10.05	-3	6
93	0	0	0	0	-1	5.33333333333333
94	0	0	0	0	-1	4.75
95	150	151	4	2.2	-3	5.72222222222222
96	152	153	10	0.735	-3	6.44554455445545
97	154	155	11	10.95	-3	5.91304347826087
98	156	157	5	0.075	-3	6
99	0	0	0	0	-1	6
100	158	159	9	2.995	-3	6.92307692307692
101	160	161	8	0.995855	-3	6.48837209302326
102	0	0	0	0	-1	6
103	0	0	0	0	-1	6
104	0	0	0	0	-1	5
105	0	0	0	0	-1	4
106	162	163	8	0.998735	-3	4.64285714285714
107	0	0	0	0	-1	3
108	164	165	9	3.54	-3	5
109	0	0	0	0	-1	6
110	166	167	11	9.125	-3	4.97979797979798
111	0	0	0	0	-1	4
112	168	169	2	0.32	-3	5.44186046511628
113	170	171	1	7.45	-3	5.03448275862069
114	0	0	0	0	-1	6.6
115	172	173	1	7.25	-3	5.625
116	174	175	4	1.95	-3	5.52083333333333
117	176	177	8	0.99825	-3	5.13829787234042
118	178	179	7	95.5	-3	5.78488372093023
119	180	181	9	3.48	-3	6.875
120	0	0	0	0	-1	6
121	182	183	9	3.28	-3	5.48275862068965
122	184	185	8	0.995965	-3	4.42857142857143
123	186	187	7	37	-3	5.25
124	188	189	6	4.5	-3	7
125	0	0	0	0	-1	6
126	190	191	9	3.35	-3	5.07142857142857
127	0	0	0	0	-1	6
128	192	193	11	12.25	-3	6.12244897959184
129	0	0	0	0	-1	5.4
130	0	0	0	0	-1	6
131	194	195	7	21.5	-3	5
132	0	0	0	0	-1	6
133	0	0	0	0	-1	6
134	0	0	0	0	-1	5.4
135	0	0	0	0	-1	6
136	0	0	0	0	-1	6
137	196	197	8	0.9993	-3	6
138	0	0	0	0	-1	6.6
139	0	0	0	0	-1	7.4
140	198	199	2	0.245	-3	6.2
141	0	0	0	0	-1	7
142	200	201	10	0.575	-3	5.85714285714286
143	202	203	1	12.4	-3	5.03030303030303
144	204	205	6	4.5	-3	5.62162162162162
145	206	207	10	0.73	-3	6.57142857142857
146	208	209	11	9.55	-3	6.42857142857143
147	210	211	7	56.5	-3	5.34586466165414
148	0	0	0	0	-1	6
149	0	0	0	0	-1	6
150	212	213	7	10.5	-3	6.15384615384615
151	214	215	8	0.996325	-3	5.47826086956522
152	216	217	1	10.25	-3	6.21428571428571
153	218	219	1	7.6	-3	6.53424657534247
154	220	221	7	25.5	-3	5.61904761904762
155	222	223	1	10.3	-3	6.16
156	0	0	0	0	-1	6
157	0	0	0	0	-1	6
158	0	0	0	0	-1	8
159	224	225	4	3.05	-3	6.85714285714286
160	226	227	11	12.45	-3	6.27272727272727
161	228	229	1	10.55	-3	6.62264150943396
162	230	231	1	7.05	-3	4.7037037037037
163	0	0	0	0	-1	3
164	232	233	8	0.99668	-3	5.44444444444444
165	0	0	0	0	-1	3.66666666666667
166	0	0	0	0	-1	4
167	234	235	2	0.465	-3	5.01041666666667
168	0	0	0	0	-1	7
169	236	237	8	0.995485	-3	5.36585365853659
170	238	239	2	0.595	-3	5.11111111111111
171	240	241	8	0.99645	-3	5
172	242	243	11	9.35	-3	6
173	244	245	1	7.65	-3	5.4
174	0	0	0	0	-1	6
175	246	247	10	0.59	-3	5.37837837837838
176	248	249	4	1.55	-3	5.08088235294118
177	250	251	10	0.775	-3	5.28846153846154
178	252	253	2	0.9075	-3	5.81818181818182
179	254	255	6	0	-3	5
180	256	257	3	0.125	-3	7
181	0	0	0	0	-1	6
182	258	259	5	0.086	-3	5.76923076923077
183	260	261	10	0.57	-3	5.4
184	0	0	0	0	-1	4
185	0	0	0	0	-1	5
186	0	0	0	0	-1	6
187	262	263	7	0	-3	5
188	0	0	0	0	-1	7
189	0	0	0	0	-1	7
190	0	0	0	0	-1	6
191	264	265	8	26.5	-3	5
192	266	267	5	0.0595	-3	6
193	268	269	8	0.994575	-3	6.54545454545454
194	0	0	0	0	-1	5
195	270	271	5	0.1015	-3	5
196	0	0	0	0	-1	6
197	0	0	0	0	-1	6
198	0	0	0	0	-1	6
199	0	0	0	0	-1	6.66666666666667
200	272	273	7	42	-3	6
201	0	0	0	0	-1	5
202	274	275	9	3.465	-3	5.04081632653061
203	0	0	0	0	-1	4
204	0	0	0	0	-1	5
205	276	277	1	11.95	-3	5.71875
206	0	0	0	0	-1	6.25
207	0	0	0	0	-1	7
208	0	0	0	0	-1	5
209	0	0	0	0	-1	7
210	278	279	1	7.4	-3	5.68181818181818
211	280	281	3	0.85	-3	5.17977528089888
212	0	0	0	0	-1	6.75
213	282	283	8	0.99484	-3	5.88888888888889
214	0	0	0	0	-1	6.2
215	284	285	9	3.28	-3	5.27777777777778
216	286	287	1	7.7	-3	5.85
217	288	289	6	5.5	-3	7.125
218	290	291	7	46	-3	5.91666666666667
219	292	293	8	0.99775	-3	6.65573770491803
220	0	0	0	0	-1	6
221	294	295	4	2.45	-3	5.42857142857143
222	296	297	4	2.65	-3	6.4
223	298	299	11	11.45	-3	6
224	300	301	9	3.365	-3	6.8
225	302	303	11	12.55	-3	7.11111111111111
226	304	305	9	3.175	-3	6.04545454545455
227	306	307	2	0.415	-3	6.72727272727273
228	308	309	4	3.7	-3	6.75675675675676
229	310	311	10	0.725	-3	6.3125
230	312	313	2	0	-3	5
231	314	315	6	4.5	-3	4.55555555555556
232	0	0	0	0	-1	5.8
233	0	0	0	0	-1	5
234	316	317	9	3.305	-3	5.44444444444444
235	318	319	2	0.9125	-3	4.96551724137931
236	320	321	9	3.36	-3	5.85714285714286
237	322	323	1	7.85	-3	5.26470588235294
238	324	325	5	0.0745	-3	5
239	0	0	0	0	-1	5.33333333333333
240	0	0	0	0	-1	5
241	326	327	9	0	-3	5
242	0	0	0	0	-1	6
243	0	0	0	0	-1	6
244	0	0	0	0	-1	5
245	328	329	10	0.535	-3	5.53333333333333
246	330	331	7	91	-3	5
247	332	333	7	33.5	-3	5.53846153846154
248	0	0	0	0	-1	4
249	334	335	2	0.9325	-3	5.09701492537313
250	336	337	6	19.5	-3	5.16666666666667
251	338	339	2	0.655	-3	5.8
252	340	341	4	2.05	-3	5.80368098159509
253	0	0	0	0	-1	7
254	0	0	0	0	-1	5
255	0	0	0	0	-1	5
256	0	0	0	0	-1	7
257	0	0	0	0	-1	7
258	342	343	1	7.8	-3	5.9
259	0	0	0	0	-1	5.33333333333333
260	344	345	7	66.5	-3	5.06666666666667
261	346	347	7	70.5	-3	5.56666666666667
262	0	0	0	0	-1	5
263	0	0	0	0	-1	5
264	348	349	1	6.55	-3	5
265	0	0	0	0	-1	5
266	350	351	2	0.53	-3	5.33333333333333
267	352	353	5	0.0625	-3	6.125
268	354	355	8	0.99346	-3	6.16666666666667
269	0	0	0	0	-1	7
270	356	357	10	0	-3	5
271	0	0	0	0	-1	5
272	0	0	0	0	-1	6
273	0	0	0	0	-1	6
274	358	359	5	0.0665	-3	5.02083333333333
275	0	0	0	0	-1	6
276	360	361	9	3.05	-3	5.80769230769231
277	362	363	9	3.055	-3	5.33333333333333
278	364	365	7	49.5	-3	6.18181818181818
279	366	367	6	34	-3	5.51515151515152
280	368	369	2	0.375	-3	5.20689655172414
281	0	0	0	0	-1	4
282	0	0	0	0	-1	5.75
283	0	0	0	0	-1	6
284	370	371	11	10.95	-3	5
285	372	373	11	10.75	-3	5.83333333333333
286	0	0	0	0	-1	6.4
287	374	375	11	10.8	-3	5.66666666666667
288	0	0	0	0	-1	8
289	376	377	9	3.145	-3	7
290	0	0	0	0	-1	7.5
291	378	379	11	11.25	-3	5.6
292	380	381	11	11.35	-3	6.55555555555556
293	382	383	7	21.5	-3	6.9375
294	0	0	0	0	-1	5
295	384	385	3	0.395	-3	5.66666666666667
296	386	387	10	0.77	-3	6.16666666666667
297	0	0	0	0	-1	6.75
298	0	0	0	0	-1	6
299	0	0	0	0	-1	6
300	388	389	10	0.545	-3	6.90909090909091
301	390	391	2	0.15	-3	6.28571428571429
302	392	393	7	21.5	-3	7
303	0	0	0	0	-1	8
304	0	0	0	0	-1	7
305	394	395	7	12	-3	6
306	396	397	4	2.25	-3	6.88888888888889
307	0	0	0	0	-1	6
308	398	399	11	11.95	-3	6.5
309	400	401	11	11.65	-3	7
310	402	403	2	0.355	-3	6.1
311	404	405	4	5.3	-3	6.66666666666667
312	0	0	0	0	-1	5
313	406	407	1	6.45	-3	5
314	408	409	10	0.53	-3	4.8
315	410	411	10	0.44	-3	4.25
316	0	0	0	0	-1	6
317	412	413	1	7.65	-3	5.16666666666667
318	414	415	5	0.1925	-3	4.98809523809524
319	0	0	0	0	-1	4.33333333333333
320	0	0	0	0	-1	5
321	416	417	9	3.385	-3	6
322	418	419	3	0.015	-3	5.39130434782609
323	420	421	3	0.12	-3	5
324	0	0	0	0	-1	5
325	0	0	0	0	-1	5
326	0	0	0	0	-1	6
327	422	423	8	0.99655	-3	5
328	424	425	9	3.275	-3	5.16666666666667
329	426	427	5	0.091	-3	5.77777777777778
330	0	0	0	0	-1	5
331	0	0	0	0	-1	5
332	428	429	8	0.997645	-3	6
333	430	431	8	0.997925	-3	5.29411764705882
334	432	433	9	3.465	-3	5.11278195488722
335	0	0	0	0	-1	3
336	434	435	11	9.65	-3	5.33333333333333
337	436	437	11	9.6	-3	5
338	0	0	0	0	-1	5.6
339	0	0	0	0	-1	6
340	438	439	9	3.51	-3	5.63265306122449
341	440	441	11	11.15	-3	5.87719298245614
342	0	0	0	0	-1	5.66666666666667
343	442	443	1	9	-3	6
344	444	445	10	3.38	-3	5
345	0	0	0	0	-1	6
346	446	447	8	0.996135	-3	5.73913043478261
347	448	449	10	0	-3	5
348	450	451	7	0	-3	5
349	0	0	0	0	-1	5
350	0	0	0	0	-1	6
351	0	0	0	0	-1	4.66666666666667
352	0	0	0	0	-1	7
353	452	453	8	0.993995	-3	6.03448275862069
354	0	0	0	0	-1	7
355	0	0	0	0	-1	6
356	0	0	0	0	-1	6
357	454	455	9	3.13	-3	5
358	456	457	10	0.52	-3	5.57142857142857
359	458	459	6	4	-3	4.97752808988764
360	0	0	0	0	-1	5
361	460	461	9	3.285	-3	5.91304347826087
362	0	0	0	0	-1	6
363	0	0	0	0	-1	4
364	462	463	11	9.65	-3	5.875
365	0	0	0	0	-1	7
366	464	465	7	46	-3	5.5625
367	0	0	0	0	-1	4
368	466	467	8	0.99733	-3	5.66666666666667
369	468	469	6	32.5	-3	5.15384615384616
370	0	0	0	0	-1	5
371	470	471	5	0	-3	5
372	0	0	0	0	-1	6
373	0	0	0	0	-1	5
374	0	0	0	0	-1	5
375	472	473	2	0.225	-3	5.90909090909091
376	0	0	0	0	-1	7
377	0	0	0	0	-1	7
378	0	0	0	0	-1	5
379	474	475	3	0.465	-3	6
380	476	477	3	0.475	-3	6.60975609756098
381	0	0	0	0	-1	6
382	0	0	0	0	-1	6
383	478	479	9	0	-3	7
384	0	0	0	0	-1	5
385	480	481	9	3.12	-3	6
386	0	0	0	0	-1	6
387	0	0	0	0	-1	7
388	0	0	0	0	-1	6
389	482	483	7	8	-3	6.9375
390	0	0	0	0	-1	7
391	0	0	0	0	-1	6
392	0	0	0	0	-1	7
393	0	0	0	0	-1	7
394	0	0	0	0	-1	4
395	484	485	8	0.99498	-3	6.1
396	0	0	0	0	-1	7.25
397	0	0	0	0	-1	6.6
398	486	487	4	2.975	-3	6.75
399	488	489	9	3.25	-3	6
400	0	0	0	0	-1	7
401	490	491	1	0	-3	7
402	0	0	0	0	-1	7
403	0	0	0	0	-1	6
404	0	0	0	0	-1	7
405	0	0	0	0	-1	6
406	0	0	0	0	-1	5
407	0	0	0	0	-1	5
408	492	493	4	3.975	-3	5
409	0	0	0	0	-1	4
410	0	0	0	0	-1	5
411	494	495	2	0.7875	-3	4.14285714285714
412	0	0	0	0	-1	5
413	0	0	0	0	-1	6
414	496	497	5	0.0725	-3	5.01204819277109
415	0	0	0	0	-1	3
416	0	0	0	0	-1	6
417	0	0	0	0	-1	6
418	0	0	0	0	-1	5.8
419	498	499	6	13.5	-3	5.27777777777778
420	0	0	0	0	-1	5
421	0	0	0	0	-1	5
422	0	0	0	0	-1	5
423	0	0	0	0	-1	5
424	0	0	0	0	-1	5.5
425	0	0	0	0	-1	5
426	500	501	11	9.95	-3	6
427	0	0	0	0	-1	5
428	502	503	1	7.6	-3	6
429	0	0	0	0	-1	6
430	504	505	3	0.11	-3	5
431	506	507	1	8.1	-3	5.71428571428571
432	508	509	4	3.9	-3	5.06451612903226
433	510	511	7	28	-3	5.225
434	512	513	10	0.515	-3	5.5
435	514	515	6	0	-3	5
436	516	517	5	0	-3	5
437	518	519	4	0	-3	5
438	520	521	7	43.5	-3	5.78947368421053
439	522	523	8	0.99512	-3	5.09090909090909
440	524	525	10	0.525	-3	5.84210526315789
441	526	527	9	3.375	-3	6.05263157894737
442	0	0	0	0	-1	6
443	0	0	0	0	-1	6
444	528	529	3	0.21	-3	5
445	0	0	0	0	-1	5
446	0	0	0	0	-1	5.2
447	530	531	11	10.75	-3	5.88888888888889
448	0	0	0	0	-1	5
449	532	533	9	2.3	-3	5
450	0	0	0	0	-1	5
451	534	535	1	6.15	-3	5
452	536	537	10	0.615	-3	6.16666666666667
453	538	539	11	11.95	-3	5.94117647058824
454	0	0	0	0	-1	5
455	0	0	0	0	-1	5
456	0	0	0	0	-1	5
457	0	0	0	0	-1	6
458	0	0	0	0	-1	4
459	540	541	4	3.15	-3	4.98863636363637
460	542	543	8	0.997375	-3	6
461	544	545	11	9.6	-3	5.75
462	0	0	0	0	-1	5
463	0	0	0	0	-1	6
464	546	547	10	0.875	-3	5.21428571428571
465	548	549	8	0.9981	-3	5.83333333333333
466	0	0	0	0	-1	6
467	0	0	0	0	-1	5.25
468	550	551	7	63	-3	5.05454545454545
469	552	553	3	0.43	-3	5.39130434782609
470	0	0	0	0	-1	6
471	554	555	2	0	-3	5
472	0	0	0	0	-1	5
473	0	0	0	0	-1	6
474	0	0	0	0	-1	6
475	0	0	0	0	-1	6
476	556	557	7	39.5	-3	6.6969696969697
477	558	559	4	2.05	-3	6.25
478	0	0	0	0	-1	6
479	560	561	7	0	-3	7
480	0	0	0	0	-1	6
481	0	0	0	0	-1	6
482	0	0	0	0	-1	6
483	562	563	8	0.9967	-3	6.96774193548387
484	564	565	8	0.99353	-3	6
485	566	567	6	10.5	-3	6.25
486	568	569	2	0.475	-3	7
487	0	0	0	0	-1	6
488	0	0	0	0	-1	6
489	0	0	0	0	-1	6
490	0	0	0	0	-1	5
491	570	571	8	0	-3	7
492	0	0	0	0	-1	5
493	0	0	0	0	-1	5
494	0	0	0	0	-1	4
495	0	0	0	0	-1	4.33333333333333
496	572	573	3	0.225	-3	5.07142857142857
497	574	575	7	64.5	-3	5
498	576	577	7	15.5	-3	5.09090909090909
499	578	579	2	0.555	-3	5.57142857142857
500	0	0	0	0	-1	6
501	0	0	0	0	-1	6
502	0	0	0	0	-1	6
503	0	0	0	0	-1	6
504	0	0	0	0	-1	5
505	580	581	9	0	-3	5
506	0	0	0	0	-1	5
507	0	0	0	0	-1	6
508	582	583	8	0.9975	-3	5
509	584	585	6	32.5	-3	5.5
510	0	0	0	0	-1	6
511	586	587	6	9.5	-3	5.16216216216216
512	0	0	0	0	-1	5
513	588	589	10	0.61	-3	5.77777777777778
514	0	0	0	0	-1	6
515	0	0	0	0	-1	5
516	0	0	0	0	-1	6
517	590	591	7	93	-3	5
518	0	0	0	0	-1	7
519	592	593	7	62	-3	5
520	594	595	3	0.145	-3	5.93333333333333
521	596	597	5	0.067	-3	5.25
522	598	599	4	1.8	-3	5
523	0	0	0	0	-1	5.2
524	600	601	4	4.7	-3	5
525	602	603	4	2.45	-3	5.90909090909091
526	0	0	0	0	-1	6.33333333333333
527	604	605	8	0.995355	-3	6
528	0	0	0	0	-1	5
529	606	607	4	2.3	-3	5
530	608	609	1	6.5	-3	5.66666666666667
531	610	611	1	7.35	-3	6.11111111111111
532	0	0	0	0	-1	5
533	0	0	0	0	-1	5
534	0	0	0	0	-1	5
535	612	613	6	0	-3	5
536	614	615	4	0	-3	6
537	0	0	0	0	-1	7
538	616	617	2	0.5425	-3	6
539	0	0	0	0	-1	5.66666666666667
540	618	619	3	0.31	-3	4.97619047619048
541	0	0	0	0	-1	5.25
542	0	0	0	0	-1	6
543	0	0	0	0	-1	6
544	0	0	0	0	-1	5
545	620	621	5	0.083	-3	5.85714285714286
546	622	623	9	3.505	-3	5.09090909090909
547	0	0	0	0	-1	5.66666666666667
548	624	625	9	3.19	-3	5.33333333333333
549	626	627	2	0.395	-3	6.08333333333333
550	0	0	0	0	-1	5.33333333333333
551	628	629	8	0.9966	-3	5.03846153846154
552	630	631	7	66.5	-3	5.9
553	632	633	2	0.5975	-3	5
554	0	0	0	0	-1	7
555	634	635	10	0.6	-3	5
556	636	637	10	0.92	-3	6.85
557	638	639	2	0.375	-3	6.46153846153846
558	640	641	5	0.0665	-3	6
559	0	0	0	0	-1	7
560	0	0	0	0	-1	6
561	642	643	3	0	-3	7
562	644	645	9	0	-3	7
563	0	0	0	0	-1	6
564	0	0	0	0	-1	6
565	646	647	1	8.1	-3	6
566	648	649	8	0.995555	-3	6
567	0	0	0	0	-1	7
568	0	0	0	0	-1	7
569	0	0	0	0	-1	7
570	0	0	0	0	-1	6
571	650	651	6	0	-3	7
572	652	653	7	64	-3	5
573	0	0	0	0	-1	5.33333333333333
574	654	655	6	7.5	-3	5
575	656	657	4	1.95	-3	5
576	0	0	0	0	-1	6
577	658	659	6	4.5	-3	5
578	0	0	0	0	-1	5.8
579	0	0	0	0	-1	5
580	0	0	0	0	-1	4
581	660	661	2	0.475	-3	5
582	662	663	11	9.35	-3	5.1219512195122
583	664	665	10	0.47	-3	4.875
584	666	667	9	3.255	-3	5.75
585	0	0	0	0	-1	5
586	0	0	0	0	-1	6
587	668	669	10	0.535	-3	5.11428571428571
588	670	671	7	16.5	-3	6
589	0	0	0	0	-1	5.33333333333333
590	672	673	10	0.565	-3	5
591	0	0	0	0	-1	5
592	0	0	0	0	-1	5
593	0	0	0	0	-1	5
594	674	675	11	10.15	-3	5.85714285714286
595	0	0	0	0	-1	7
596	0	0	0	0	-1	6
597	676	677	9	3.34	-3	5.14285714285714
598	0	0	0	0	-1	5
599	0	0	0	0	-1	5
600	678	679	5	0.0685	-3	4.83333333333333
601	0	0	0	0	-1	6
602	680	681	7	34.5	-3	6.03333333333333
603	682	683	6	10	-3	5.64285714285714
604	0	0	0	0	-1	6
605	684	685	11	11.35	-3	6
606	0	0	0	0	-1	5
607	686	687	5	0	-3	5
608	0	0	0	0	-1	5
609	688	689	3	0.215	-3	5.85714285714286
610	690	691	9	3.37	-3	6
611	0	0	0	0	-1	6.33333333333333
612	0	0	0	0	-1	5
613	692	693	6	9	-3	5
614	0	0	0	0	-1	5
615	694	695	10	0	-3	6
616	0	0	0	0	-1	6
617	696	697	9	3.435	-3	6
618	698	699	10	0.515	-3	4.85714285714286
619	700	701	3	0.365	-3	4.98701298701299
620	0	0	0	0	-1	5.5
621	0	0	0	0	-1	6
622	702	703	11	9.05	-3	5
623	0	0	0	0	-1	6
624	0	0	0	0	-1	6
625	0	0	0	0	-1	5.2
626	0	0	0	0	-1	7
627	0	0	0	0	-1	6
628	0	0	0	0	-1	6
629	704	705	8	0.998075	-3	5.01960784313726
630	0	0	0	0	-1	5
631	0	0	0	0	-1	6
632	706	707	6	0	-3	5
633	0	0	0	0	-1	5
634	0	0	0	0	-1	5
635	0	0	0	0	-1	5
636	708	709	2	0	-3	7
637	710	711	1	9.3	-3	6.57142857142857
638	712	713	6	13.5	-3	6.6
639	0	0	0	0	-1	6
640	0	0	0	0	-1	6
641	0	0	0	0	-1	6
642	0	0	0	0	-1	6
643	714	715	3	0.48	-3	7
644	0	0	0	0	-1	5
645	716	717	10	0	-3	7
646	718	719	11	12.15	-3	6
647	0	0	0	0	-1	6
648	0	0	0	0	-1	6
649	0	0	0	0	-1	6
650	0	0	0	0	-1	6
651	0	0	0	0	-1	7
652	0	0	0	0	-1	5
653	0	0	0	0	-1	5
654	720	721	11	9.7	-3	5
655	722	723	3	0.015	-3	5
656	724	725	1	7.75	-3	5
657	726	727	10	0.455	-3	5
658	0	0	0	0	-1	5
659	728	729	3	0.145	-3	5
660	0	0	0	0	-1	5
661	730	731	4	0	-3	5
662	732	733	6	12	-3	4.83333333333333
663	734	735	2	0.6575	-3	5.24137931034483
664	0	0	0	0	-1	4.4
665	736	737	8	0.997625	-3	4.94285714285714
666	0	0	0	0	-1	6
667	0	0	0	0	-1	5
668	0	0	0	0	-1	6
669	738	739	10	0.69	-3	5.06060606060606
670	0	0	0	0	-1	6
671	0	0	0	0	-1	6
672	0	0	0	0	-1	5
673	740	741	10	0.655	-3	5
674	0	0	0	0	-1	5
675	742	743	6	7.5	-3	5.92307692307692
676	0	0	0	0	-1	5.5
677	0	0	0	0	-1	5
678	0	0	0	0	-1	4
679	0	0	0	0	-1	5
680	744	745	7	32	-3	6.09677419354839
681	746	747	1	7	-3	5.96551724137931
682	748	749	7	30.5	-3	5.14285714285714
683	750	751	2	0.6875	-3	5.80952380952381
684	752	753	5	0.645	-3	6
685	0	0	0	0	-1	6
686	0	0	0	0	-1	6
687	754	755	4	3.45	-3	5
688	0	0	0	0	-1	5
689	756	757	11	10.55	-3	6
690	0	0	0	0	-1	6
691	0	0	0	0	-1	6
692	0	0	0	0	-1	5
693	0	0	0	0	-1	5
694	0	0	0	0	-1	5
695	0	0	0	0	-1	6
696	0	0	0	0	-1	6
697	758	759	8	0.994715	-3	6
698	0	0	0	0	-1	4
699	760	761	4	2.7	-3	5
700	762	763	11	9.95	-3	4.96
701	764	765	8	0.99815	-3	5
702	0	0	0	0	-1	5
703	766	767	2	0	-3	5
704	768	769	10	0.705	-3	4.97058823529412
705	770	771	8	0.998175	-3	5.11764705882353
706	0	0	0	0	-1	5
707	772	773	3	0.465	-3	5
708	0	0	0	0	-1	5
709	774	775	10	0.895	-3	7
710	0	0	0	0	-1	6
711	0	0	0	0	-1	7
712	0	0	0	0	-1	6
713	776	777	6	22.5	-3	6.75
714	0	0	0	0	-1	7
715	0	0	0	0	-1	7
716	0	0	0	0	-1	6
717	778	779	5	0.1625	-3	7
718	0	0	0	0	-1	6
719	0	0	0	0	-1	6
720	0	0	0	0	-1	5
721	0	0	0	0	-1	5
722	780	781	1	0	-3	5
723	782	783	2	0	-3	5
724	784	785	1	7.6	-3	5
725	0	0	0	0	-1	5
726	786	787	1	0	-3	5
727	0	0	0	0	-1	5
728	788	789	5	0	-3	5
729	0	0	0	0	-1	5
730	0	0	0	0	-1	4
731	790	791	11	9.6	-3	5
732	0	0	0	0	-1	4.6
733	792	793	9	0	-3	5
734	794	795	6	18.5	-3	5.11111111111111
735	796	797	8	0.99737	-3	5.45454545454545
736	0	0	0	0	-1	4.5
737	798	799	7	23.5	-3	5
738	800	801	4	2.1	-3	5.03571428571429
739	0	0	0	0	-1	5.2
740	802	803	7	0	-3	5
741	0	0	0	0	-1	5
742	0	0	0	0	-1	5
743	804	805	6	11	-3	6
744	806	807	1	6.95	-3	6.06666666666667
745	0	0	0	0	-1	7
746	808	809	4	2.25	-3	5.88888888888889
747	810	811	3	0.03	-3	6
748	0	0	0	0	-1	5
749	0	0	0	0	-1	6
750	812	813	1	6.85	-3	6.08333333333333
751	814	815	1	7.95	-3	5.44444444444444
752	816	817	2	0	-3	6
753	0	0	0	0	-1	6
754	0	0	0	0	-1	5
755	0	0	0	0	-1	5
756	0	0	0	0	-1	6
757	0	0	0	0	-1	6
758	0	0	0	0	-1	6
759	0	0	0	0	-1	6
760	0	0	0	0	-1	5
761	0	0	0	0	-1	5
762	818	819	4	1.95	-3	5
763	0	0	0	0	-1	4
764	820	821	4	1.65	-3	5
765	822	823	5	0.0815	-3	5
766	0	0	0	0	-1	6
767	824	825	1	0.9981	-3	5
768	826	827	7	86	-3	4.92857142857143
769	828	829	8	0.99695	-3	5
770	0	0	0	0	-1	6
771	830	831	5	0.0805	-3	5.0625
772	0	0	0	0	-1	5
773	0	0	0	0	-1	5
774	0	0	0	0	-1	7
775	0	0	0	0	-1	7
776	0	0	0	0	-1	7
777	0	0	0	0	-1	6.5
778	832	833	2	0	-3	7
779	0	0	0	0	-1	7
780	0	0	0	0	-1	6
781	834	835	2	0.7425	-3	5
782	0	0	0	0	-1	6
783	836	837	10	0.55	-3	5
784	0	0	0	0	-1	5
785	0	0	0	0	-1	5
786	0	0	0	0	-1	5
787	838	839	10	0	-3	5
788	0	0	0	0	-1	6
789	0	0	0	0	-1	5
790	0	0	0	0	-1	5
791	0	0	0	0	-1	5
792	0	0	0	0	-1	6
793	840	841	4	0	-3	5
794	842	843	11	9.45	-3	5.05882352941176
795	0	0	0	0	-1	6
796	844	845	9	3.3	-3	5.25
797	0	0	0	0	-1	6
798	0	0	0	0	-1	5
799	846	847	5	0.0765	-3	5
800	848	849	3	6.6	-3	5
801	850	851	4	2.25	-3	5.09090909090909
802	0	0	0	0	-1	5
803	852	853	5	0.0925	-3	5
804	0	0	0	0	-1	6.2
805	854	855	7	27	-3	5.94736842105263
806	856	857	6	14.5	-3	6
807	858	859	9	3.47	-3	6.2
808	0	0	0	0	-1	5
809	860	861	9	3.405	-3	6
810	0	0	0	0	-1	6
811	862	863	5	0.0795	-3	6
812	0	0	0	0	-1	7
813	864	865	9	3.375	-3	6
814	0	0	0	0	-1	5
815	0	0	0	0	-1	6
816	0	0	0	0	-1	6
817	866	867	9	0	-3	6
818	868	869	11	9.1	-3	5
819	870	871	11	0	-3	5
820	0	0	0	0	-1	5
821	0	0	0	0	-1	5
822	872	873	5	0	-3	5
823	874	875	5	0	-3	5
824	0	0	0	0	-1	6
825	0	0	0	0	-1	5
826	0	0	0	0	-1	4.75
827	876	877	4	1.9	-3	5
828	878	879	4	17.5	-3	5
829	0	0	0	0	-1	5
830	0	0	0	0	-1	5.2
831	880	881	8	0.99926	-3	5
832	0	0	0	0	-1	6
833	882	883	6	0	-3	7
834	0	0	0	0	-1	5
835	0	0	0	0	-1	5
836	884	885	5	0.079	-3	5
837	0	0	0	0	-1	5
838	0	0	0	0	-1	5
839	0	0	0	0	-1	5
840	0	0	0	0	-1	6
841	0	0	0	0	-1	5
842	0	0	0	0	-1	5.25
843	886	887	1	0	-3	5
844	0	0	0	0	-1	5
845	0	0	0	0	-1	5.5
846	0	0	0	0	-1	5
847	888	889	7	39	-3	5
848	890	891	10	0.615	-3	5
849	0	0	0	0	-1	5
850	0	0	0	0	-1	6
851	892	893	8	0.99747	-3	5
852	0	0	0	0	-1	5
853	0	0	0	0	-1	5
854	0	0	0	0	-1	5.5
855	894	895	5	0.075	-3	6
856	896	897	4	2.35	-3	6
857	898	899	5	0.05	-3	6
858	900	901	7	10.15	-3	6
859	0	0	0	0	-1	7
860	0	0	0	0	-1	6
861	0	0	0	0	-1	6
862	0	0	0	0	-1	6
863	902	903	3	0.045	-3	6
864	0	0	0	0	-1	6
865	0	0	0	0	-1	6
866	0	0	0	0	-1	5
867	904	905	8	0	-3	6
868	0	0	0	0	-1	5
869	0	0	0	0	-1	5
870	0	0	0	0	-1	8
871	906	907	4	2.1	-3	5
872	0	0	0	0	-1	6
873	0	0	0	0	-1	5
874	0	0	0	0	-1	7
875	908	909	2	68	-3	5
876	0	0	0	0	-1	5
877	0	0	0	0	-1	5
878	0	0	0	0	-1	5
879	0	0	0	0	-1	5
880	0	0	0	0	-1	5
881	0	0	0	0	-1	5
882	0	0	0	0	-1	7
883	910	911	5	0	-3	7
884	912	913	10	0.06	-3	5
885	914	915	11	0	-3	5
886	0	0	0	0	-1	4
887	916	917	10	0.515	-3	5
888	918	919	2	0	-3	5
889	920	921	10	0.575	-3	5
890	922	923	5	0	-3	5
891	924	925	9	0	-3	5
892	0	0	0	0	-1	5
893	0	0	0	0	-1	5
894	0	0	0	0	-1	6
895	926	927	11	10.75	-3	6
896	928	929	6	9.5	-3	6
897	0	0	0	0	-1	6
898	0	0	0	0	-1	6
899	0	0	0	0	-1	6
900	0	0	0	0	-1	6
901	930	931	1	3.31	-3	6
902	0	0	0	0	-1	6
903	0	0	0	0	-1	6
904	0	0	0	0	-1	6
905	932	933	9	0.665	-3	6
906	0	0	0	0	-1	5
907	934	935	7	0	-3	5
908	936	937	7	68	-3	5
909	0	0	0	0	-1	5
910	0	0	0	0	-1	6
911	938	939	5	0.05	-3	7
912	0	0	0	0	-1	6
913	940	941	3	0.06	-3	5
914	0	0	0	0	-1	5
915	942	943	4	1.55	-3	5
916	944	945	9	0	-3	5
917	0	0	0	0	-1	5
918	0	0	0	0	-1	3
919	946	947	2	0.7675	-3	5
920	948	949	2	9.2	-3	5
921	0	0	0	0	-1	5
922	0	0	0	0	-1	5
923	950	951	5	0.0785	-3	5
924	0	0	0	0	-1	7
925	0	0	0	0	-1	5
926	952	953	4	1.8	-3	6
927	0	0	0	0	-1	6
928	0	0	0	0	-1	6
929	0	0	0	0	-1	6
930	0	0	0	0	-1	4
931	954	955	4	2.25	-3	6
932	0	0	0	0	-1	6
933	0	0	0	0	-1	6
934	0	0	0	0	-1	7
935	956	957	3	0.355	-3	5
936	958	959	5	0.435	-3	5
937	960	961	5	0	-3	5
938	0	0	0	0	-1	7
939	0	0	0	0	-1	7
940	0	0	0	0	-1	5
941	962	963	5	0	-3	5
942	0	0	0	0	-1	5
943	0	0	0	0	-1	5
944	0	0	0	0	-1	5
945	964	965	1	8.95	-3	5
946	0	0	0	0	-1	5
947	0	0	0	0	-1	5
948	966	967	4	22	-3	5
949	0	0	0	0	-1	5
950	0	0	0	0	-1	5
951	0	0	0	0	-1	5
952	968	969	6	15	-3	6
953	0	0	0	0	-1	6
954	0	0	0	0	-1	6
955	0	0	0	0	-1	6
956	0	0	0	0	-1	5
957	970	971	5	0	-3	5
958	972	973	9	3.175	-3	5
959	0	0	0	0	-1	5
960	0	0	0	0	-1	6
961	974	975	9	0.42	-3	5
962	0	0	0	0	-1	6
963	976	977	6	24.5	-3	5
964	0	0	0	0	-1	5
965	0	0	0	0	-1	5
966	978	979	7	46.5	-3	5
967	0	0	0	0	-1	5
968	0	0	0	0	-1	6
969	0	0	0	0	-1	6
970	0	0	0	0	-1	7
971	0	0	0	0	-1	5
972	0	0	0	0	-1	5
973	980	981	7	0	-3	5
974	0	0	0	0	-1	5
975	0	0	0	0	-1	5
976	0	0	0	0	-1	5
977	0	0	0	0	-1	5
978	0	0	0	0	-1	5
979	982	983	8	0.998055	-3	5
980	0	0	0	0	-1	5
981	984	985	4	2.25	-3	5
982	986	987	8	0	-3	5
983	0	0	0	0	-1	5
984	0	0	0	0	-1	5
985	0	0	0	0	-1	5
986	0	0	0	0	-1	7
987	988	989	2	0.735	-3	5
988	0	0	0	0	-1	5
989	0	0	0	0	-1	5
