1	2	3	11	11.0333333333333	-3	5.63039399624766
2	4	5	2	0.405	-3	5.41935483870967
3	6	7	1	4.65	-3	6.2209026128266
4	8	9	10	0.635	-3	5.87250996015936
5	10	11	2	0.6525	-3	5.29665587918015
6	0	0	0	0	-1	4
7	12	13	10	0.635	-3	6.23150357995226
8	14	15	1	11.95	-3	5.47368421052632
9	16	17	9	3.255	-3	6.11538461538462
10	18	19	8	1.00027	-3	5.40973312401884
11	20	21	3	0.075	-3	5.04827586206896
12	22	23	3	0.25	-3	5.9608938547486
13	24	25	8	0.99277	-3	6.43333333333333
14	26	27	7	54.5	-3	5.45161290322581
15	0	0	0	0	-1	6.5
16	28	29	7	70	-3	6.36764705882353
17	30	31	4	4.8	-3	5.92045454545455
18	32	33	10	0.575	-3	5.39613526570048
19	34	35	9	3.13	-3	5.9375
20	36	37	8	0.99643	-3	4.82481751824817
21	38	39	7	18	-3	5.2483660130719
22	40	41	7	25.5	-3	5.73863636363636
23	42	43	4	5.075	-3	6.17582417582418
24	44	45	1	5.4	-3	7.4
25	46	47	6	12.5	-3	6.36888888888889
26	48	49	11	10.75	-3	5.30508474576271
27	50	51	11	9.9	-3	5.70588235294118
28	52	53	11	9.65	-3	6.4375
29	0	0	0	0	-1	5.25
30	54	55	7	81.5	-3	5.88235294117647
31	0	0	0	0	-1	7
32	56	57	9	3.155	-3	5.24229074889868
33	58	59	3	0.135	-3	5.48477157360406
34	60	61	1	13	-3	6.125
35	62	63	9	3.17	-3	5.75
36	64	65	8	0.996175	-3	5.10769230769231
37	66	67	2	0.8725	-3	4.56944444444444
38	68	69	5	0.0805	-3	5.71428571428571
39	70	71	2	1.0375	-3	5.20143884892086
40	72	73	5	0.085	-3	5.33333333333333
41	74	75	9	3.575	-3	6.01923076923077
42	76	77	9	3.025	-3	6.28048780487805
43	78	79	11	12.05	-3	5.22222222222222
44	80	81	2	0.38	-3	7
45	82	83	3	0.185	-3	8
46	84	85	8	0.99556	-3	6.57009345794392
47	86	87	3	0.285	-3	6.1864406779661
48	88	89	8	0.99615	-3	5.23076923076923
49	90	91	1	8.85	-3	5.85714285714286
50	92	93	9	3.285	-3	5.52380952380952
51	94	95	10	0.575	-3	6
52	96	97	2	0.235	-3	5.88235294117647
53	98	99	7	34.5	-3	6.63829787234043
54	100	101	3	0.515	-3	5.95
55	0	0	0	0	-1	4.8
56	102	103	4	4.3	-3	4.97222222222222
57	104	105	7	34.5	-3	5.29319371727749
58	106	107	7	14.5	-3	5.68181818181818
59	108	109	10	0.785	-3	5.38549618320611
60	0	0	0	0	-1	6.5
61	110	111	6	9	-3	6
62	0	0	0	0	-1	5.33333333333333
63	0	0	0	0	-1	6
64	112	113	6	5.5	-3	4.93181818181818
65	114	115	10	0.57	-3	5.47619047619048
66	116	117	7	26.5	-3	4.80645161290323
67	118	119	11	9.4	-3	3.1
68	120	121	2	0.785	-3	5.33333333333333
69	0	0	0	0	-1	6
70	122	123	10	0.535	-3	5.21897810218978
71	0	0	0	0	-1	4
72	124	125	5	0.0825	-3	5.18518518518519
73	126	127	11	12.15	-3	5.77777777777778
74	128	129	2	0.965	-3	6.22222222222222
75	130	131	4	4.05	-3	5.5625
76	0	0	0	0	-1	8
77	132	133	8	0.99092	-3	6.2375
78	134	135	10	0.59	-3	4.71428571428571
79	0	0	0	0	-1	7
80	0	0	0	0	-1	6
81	136	137	8	0.99176	-3	7.125
82	0	0	0	0	-1	8
83	0	0	0	0	-1	8
84	138	139	6	3.5	-3	6.8
85	140	141	9	3.39	-3	6.36842105263158
86	142	143	5	0.0555	-3	6
87	144	145	1	13.4	-3	6.31884057971015
88	146	147	3	0.455	-3	5.06666666666667
89	148	149	8	0.99685	-3	5.45454545454545
90	0	0	0	0	-1	5.5
91	0	0	0	0	-1	6
92	150	151	10	0	-3	5
93	152	153	7	67	-3	5.78571428571429
94	154	155	9	3.38	-3	6
95	0	0	0	0	-1	6
96	0	0	0	0	-1	7
97	156	157	5	0.0785	-3	5.73333333333333
98	158	159	8	0.99725	-3	6.77777777777778
99	160	161	8	0.99558	-3	6.18181818181818
100	162	163	5	0.097	-3	6.02941176470588
101	164	165	6	13	-3	5.5
102	166	167	5	0.1035	-3	5
103	0	0	0	0	-1	4
104	168	169	11	10.35	-3	5.52238805970149
105	170	171	11	9.05	-3	5.16935483870968
106	172	173	3	0.035	-3	5.26666666666667
107	174	175	2	0.605	-3	5.73504273504274
108	176	177	10	0.635	-3	5.44186046511628
109	178	179	3	0.88	-3	5.12765957446809
110	0	0	0	0	-1	6
111	0	0	0	0	-1	6
112	180	181	10	0.58	-3	4.16666666666667
113	182	183	3	0.035	-3	5.05263157894737
114	184	185	2	0.6775	-3	4.88888888888889
115	186	187	3	0.055	-3	5.91666666666667
116	188	189	8	0.99897	-3	4.51724137931035
117	190	191	5	0.0925	-3	5.06060606060606
118	0	0	0	0	-1	4
119	192	193	8	0.9985	-3	3
120	0	0	0	0	-1	5
121	0	0	0	0	-1	6
122	194	195	6	11.5	-3	4.9811320754717
123	196	197	11	10.15	-3	5.36904761904762
124	198	199	9	3.51	-3	5.23076923076923
125	0	0	0	0	-1	4
126	200	201	3	0.2	-3	5.625
127	0	0	0	0	-1	7
128	202	203	4	2.25	-3	6.28571428571429
129	0	0	0	0	-1	4
130	204	205	5	0.0535	-3	5.66666666666667
131	0	0	0	0	-1	4
132	0	0	0	0	-1	7
133	206	207	5	0.0675	-3	6.15277777777778
134	0	0	0	0	-1	4
135	0	0	0	0	-1	5
136	0	0	0	0	-1	7.5
137	208	209	9	3.5	-3	7
138	0	0	0	0	-1	6
139	210	211	11	11.15	-3	6.88888888888889
140	212	213	7	13.5	-3	6.39285714285714
141	0	0	0	0	-1	5
142	214	215	11	11.95	-3	5.57142857142857
143	216	217	5	0.119	-3	6.07142857142857
144	218	219	3	0.305	-3	6.37878787878788
145	0	0	0	0	-1	5
146	220	221	7	47.5	-3	5
147	0	0	0	0	-1	6
148	0	0	0	0	-1	6
149	222	223	1	11.35	-3	5.07692307692308
150	0	0	0	0	-1	6
151	224	225	4	1.95	-3	5
152	226	227	9	3.42	-3	6
153	228	229	4	1.75	-3	5.5
154	0	0	0	0	-1	6
155	230	231	11	10.3	-3	6
156	0	0	0	0	-1	5.25
157	232	233	6	7.5	-3	5.90909090909091
158	234	235	10	1.09	-3	7.0625
159	236	237	9	2.93	-3	6.55
160	0	0	0	0	-1	6.66666666666667
161	238	239	3	0.395	-3	6
162	240	241	8	0.99552	-3	6.10169491525424
163	242	243	7	20.5	-3	5.55555555555556
164	244	245	2	0.245	-3	5
165	246	247	4	2.65	-3	6
166	248	249	7	22.5	-3	5
167	250	251	10	0	-3	5
168	252	253	7	29.5	-3	5.32
169	254	255	10	0.55	-3	6.11764705882353
170	0	0	0	0	-1	4
171	256	257	9	3.54	-3	5.17886178861789
172	258	259	5	0.0625	-3	4.625
173	260	261	4	4.05	-3	6
174	262	263	6	30.5	-3	5.87012987012987
175	264	265	11	10.7	-3	5.475
176	266	267	7	96	-3	5.29310344827586
177	268	269	5	0.0925	-3	5.61616161616162
178	270	271	7	25	-3	5.15217391304348
179	0	0	0	0	-1	4
180	0	0	0	0	-1	4.33333333333333
181	0	0	0	0	-1	4
182	272	273	2	0.8175	-3	4.89285714285714
183	274	275	11	9.75	-3	5.5
184	0	0	0	0	-1	5
185	0	0	0	0	-1	4.75
186	276	277	9	3.365	-3	6
187	0	0	0	0	-1	5
188	278	279	10	0.465	-3	4.40740740740741
189	0	0	0	0	-1	6
190	280	281	2	0.765	-3	5
191	0	0	0	0	-1	5.4
192	282	283	9	3.355	-3	3
193	0	0	0	0	-1	3
194	284	285	8	0.99641	-3	4.8
195	286	287	4	4.75	-3	5.09090909090909
196	288	289	4	2.25	-3	5.26153846153846
197	290	291	1	6.85	-3	5.73684210526316
198	292	293	7	9	-3	5.4
199	294	295	10	0.545	-3	5
200	296	297	5	0.0895	-3	5.85714285714286
201	0	0	0	0	-1	4
202	298	299	4	1.65	-3	6.05882352941176
203	300	301	5	0.0645	-3	6.5
204	302	303	3	0.045	-3	5.375
205	304	305	10	0	-3	6
206	306	307	1	6.55	-3	6.34615384615385
207	308	309	6	5.5	-3	6.04347826086957
208	0	0	0	0	-1	7
209	0	0	0	0	-1	7
210	0	0	0	0	-1	5
211	310	311	10	0.94	-3	6.93181818181818
212	312	313	8	0.99787	-3	5.75
213	314	315	11	12.25	-3	6.5
214	0	0	0	0	-1	5.25
215	0	0	0	0	-1	6
216	316	317	2	0.445	-3	6.04878048780488
217	0	0	0	0	-1	7
218	0	0	0	0	-1	8
219	318	319	8	0.99705	-3	6.35384615384616
220	320	321	7	46	-3	5.08695652173913
221	0	0	0	0	-1	4.6
222	322	323	3	0.51	-3	5
223	0	0	0	0	-1	5.5
224	0	0	0	0	-1	5
225	0	0	0	0	-1	5
226	0	0	0	0	-1	6
227	0	0	0	0	-1	6
228	0	0	0	0	-1	5
229	0	0	0	0	-1	5.75
230	0	0	0	0	-1	6
231	0	0	0	0	-1	6
232	0	0	0	0	-1	5.75
233	324	325	1	9.45	-3	6
234	326	327	11	10.95	-3	7
235	0	0	0	0	-1	8
236	0	0	0	0	-1	8
237	328	329	6	9	-3	6.47368421052632
238	0	0	0	0	-1	6
239	330	331	6	0	-3	6
240	332	333	4	2.95	-3	6.91666666666667
241	334	335	10	0.94	-3	5.8936170212766
242	0	0	0	0	-1	5
243	336	337	6	7	-3	5.83333333333333
244	0	0	0	0	-1	5
245	0	0	0	0	-1	5
246	0	0	0	0	-1	5.8
247	0	0	0	0	-1	7
248	0	0	0	0	-1	5
249	338	339	9	3.135	-3	5
250	0	0	0	0	-1	5
251	0	0	0	0	-1	5
252	340	341	2	0.625	-3	5.17073170731707
253	0	0	0	0	-1	6
254	342	343	9	3.33	-3	5.92307692307692
255	0	0	0	0	-1	6.75
256	344	345	2	0.565	-3	5.15126050420168
257	0	0	0	0	-1	6
258	0	0	0	0	-1	6
259	346	347	6	5	-3	4.42857142857143
260	348	349	10	0.62	-3	5.83333333333333
261	0	0	0	0	-1	7
262	350	351	7	19	-3	5.96875
263	352	353	11	10.1	-3	5.38461538461539
264	354	355	10	0.605	-3	5.43589743589744
265	0	0	0	0	-1	7
266	356	357	8	0.99715	-3	5.35789473684211
267	358	359	5	0.0935	-3	5
268	360	361	1	9.4	-3	5.71084337349398
269	362	363	5	0.1175	-3	5.125
270	0	0	0	0	-1	6
271	364	365	10	0.885	-3	5.07142857142857
272	366	367	11	9.975	-3	4.63636363636364
273	368	369	8	0.99496	-3	5.05882352941176
274	0	0	0	0	-1	5
275	370	371	6	14	-3	5.83333333333333
276	0	0	0	0	-1	6
277	372	373	7	7.05	-3	6
278	374	375	4	2.35	-3	4
279	376	377	7	16.5	-3	4.61111111111111
280	378	379	11	9.45	-3	5
281	0	0	0	0	-1	5
282	0	0	0	0	-1	3
283	380	381	1	7.25	-3	3
284	382	383	2	0.805	-3	5
285	384	385	1	8.35	-3	4.55555555555556
286	386	387	5	0.0795	-3	5.0625
287	0	0	0	0	-1	6
288	388	389	3	0.645	-3	5.10344827586207
289	390	391	3	0.115	-3	5.38888888888889
290	0	0	0	0	-1	5
291	392	393	6	5.25	-3	6
292	0	0	0	0	-1	5
293	394	395	3	0.145	-3	5.54545454545455
294	0	0	0	0	-1	5
295	396	397	4	2.45	-3	5
296	0	0	0	0	-1	5
297	398	399	9	3.3	-3	6
298	400	401	11	11.95	-3	6.25
299	402	403	4	1.8	-3	5.88888888888889
300	404	405	7	28	-3	6.81818181818182
301	406	407	7	42.5	-3	6
302	0	0	0	0	-1	6
303	0	0	0	0	-1	5
304	0	0	0	0	-1	5
305	408	409	2	0.86	-3	6
306	410	411	11	12.35	-3	5.85714285714286
307	412	413	6	7.5	-3	6.52631578947368
308	414	415	9	3.195	-3	5.84210526315789
309	416	417	5	0.0915	-3	6.18518518518519
310	418	419	6	6.5	-3	6.95348837209302
311	0	0	0	0	-1	6
312	0	0	0	0	-1	6.5
313	0	0	0	0	-1	5
314	420	421	9	2.935	-3	6.61538461538462
315	0	0	0	0	-1	6
316	0	0	0	0	-1	6.33333333333333
317	422	423	11	11.65	-3	6.02631578947368
318	424	425	7	55.5	-3	6.2093023255814
319	426	427	4	3.1	-3	6.63636363636364
320	428	429	1	8.7	-3	5.04545454545455
321	0	0	0	0	-1	6
322	0	0	0	0	-1	5
323	0	0	0	0	-1	5
324	0	0	0	0	-1	6
325	0	0	0	0	-1	6
326	430	431	2	0.39	-3	6.92857142857143
327	0	0	0	0	-1	8
328	432	433	1	10.8	-3	6.33333333333333
329	0	0	0	0	-1	7
330	0	0	0	0	-1	6
331	434	435	8	1.00025	-3	6
332	436	437	4	1.95	-3	7
333	0	0	0	0	-1	6
334	438	439	6	52.5	-3	5.95454545454546
335	0	0	0	0	-1	5
336	0	0	0	0	-1	6
337	0	0	0	0	-1	5
338	440	441	6	38	-3	5
339	442	443	10	0	-3	5
340	444	445	5	0.1005	-3	5.05405405405405
341	0	0	0	0	-1	6.25
342	0	0	0	0	-1	5.66666666666667
343	446	447	1	7.55	-3	6
344	448	449	2	0.525	-3	5.34883720930233
345	450	451	7	56	-3	5.03947368421053
346	0	0	0	0	-1	5
347	0	0	0	0	-1	4
348	0	0	0	0	-1	5
349	0	0	0	0	-1	6
350	0	0	0	0	-1	7
351	452	453	8	0.9967	-3	5.93548387096774
352	0	0	0	0	-1	5
353	454	455	5	0.077	-3	5.83333333333333
354	456	457	5	0.0985	-3	5.8125
355	458	459	4	2.05	-3	5.17391304347826
356	460	461	8	0.996345	-3	5.26
357	462	463	3	0.19	-3	5.46666666666667
358	464	465	3	0.325	-3	5
359	0	0	0	0	-1	5
360	466	467	8	0.996335	-3	5.56666666666667
361	468	469	2	0.44	-3	6.08695652173913
362	0	0	0	0	-1	5
363	0	0	0	0	-1	5.66666666666667
364	470	471	9	3.365	-3	4.93333333333333
365	472	473	11	9.85	-3	5.14814814814815
366	474	475	6	12.5	-3	4.33333333333333
367	0	0	0	0	-1	5
368	0	0	0	0	-1	6
369	476	477	4	1.3	-3	5
370	0	0	0	0	-1	6
371	0	0	0	0	-1	5
372	0	0	0	0	-1	5
373	0	0	0	0	-1	6
374	0	0	0	0	-1	4
375	0	0	0	0	-1	4
376	478	479	11	9.65	-3	4.25
377	480	481	1	8.2	-3	4.9
378	482	483	10	0.545	-3	5
379	484	485	1	0.079	-3	5
380	0	0	0	0	-1	3
381	0	0	0	0	-1	3
382	0	0	0	0	-1	5
383	486	487	2	0.8975	-3	5
384	0	0	0	0	-1	4
385	0	0	0	0	-1	5
386	488	489	9	3.275	-3	5.22222222222222
387	490	491	2	0	-3	5
388	492	493	3	0.155	-3	5.07142857142857
389	0	0	0	0	-1	6
390	494	495	6	0.085	-3	6
391	496	497	5	0.085	-3	5.24137931034483
392	0	0	0	0	-1	5
393	498	499	2	0.8475	-3	6.16666666666667
394	500	501	10	0.585	-3	6
395	0	0	0	0	-1	5
396	0	0	0	0	-1	5
397	0	0	0	0	-1	5
398	0	0	0	0	-1	6
399	0	0	0	0	-1	6
400	0	0	0	0	-1	6
401	0	0	0	0	-1	6.66666666666667
402	0	0	0	0	-1	5
403	502	503	1	6.3	-3	6
404	0	0	0	0	-1	6
405	504	505	10	0.555	-3	6.9
406	0	0	0	0	-1	6
407	0	0	0	0	-1	6
408	0	0	0	0	-1	6
409	0	0	0	0	-1	6
410	0	0	0	0	-1	6
411	0	0	0	0	-1	5.66666666666667
412	506	507	5	0.0635	-3	6.81818181818182
413	508	509	9	3.16	-3	6.125
414	0	0	0	0	-1	5
415	510	511	7	11.5	-3	6
416	512	513	3	0.635	-3	6.04761904761905
417	514	515	10	0.57	-3	6.66666666666667
418	516	517	11	11.75	-3	7.05
419	518	519	7	18.5	-3	6.8695652173913
420	0	0	0	0	-1	5
421	520	521	3	0.515	-3	6.65789473684211
422	522	523	7	61	-3	6
423	524	525	3	0.015	-3	6.11111111111111
424	526	527	3	0.385	-3	6.33333333333333
425	528	529	7	107.5	-3	5.8
426	530	531	9	3.2	-3	6.375
427	532	533	8	0.9981	-3	7.33333333333333
428	534	535	9	3.405	-3	5
429	0	0	0	0	-1	6
430	536	537	3	0	-3	7
431	0	0	0	0	-1	6
432	538	539	4	3.85	-3	6.55555555555556
433	540	541	9	3.105	-3	6
434	0	0	0	0	-1	6
435	0	0	0	0	-1	6
436	0	0	0	0	-1	7
437	0	0	0	0	-1	7
438	542	543	7	59.5	-3	5.90476190476191
439	0	0	0	0	-1	7
440	544	545	5	0	-3	5
441	0	0	0	0	-1	5
442	0	0	0	0	-1	5
443	546	547	11	9.55	-3	5
444	548	549	11	9.75	-3	5.14705882352941
445	0	0	0	0	-1	4
446	0	0	0	0	-1	6
447	0	0	0	0	-1	6
448	550	551	3	0.305	-3	5.21428571428571
449	552	553	5	0.08	-3	5.6
450	554	555	6	12.5	-3	4.75
451	556	557	4	3.05	-3	5.09375
452	558	559	8	0.99655	-3	6
453	560	561	2	0.51	-3	5.80952380952381
454	0	0	0	0	-1	6
455	0	0	0	0	-1	5
456	562	563	11	9.1	-3	6
457	0	0	0	0	-1	5
458	564	565	11	9.9	-3	5
459	566	567	1	7.1	-3	5.57142857142857
460	568	569	11	9.65	-3	5.45833333333333
461	570	571	6	19	-3	5.07692307692308
462	0	0	0	0	-1	6
463	572	573	4	1.6	-3	5.4
464	574	575	1	7.95	-3	5
465	576	577	11	0.999	-3	5
466	578	579	2	0.445	-3	6
467	580	581	1	7.15	-3	5.43478260869565
468	0	0	0	0	-1	6.6
469	582	583	11	9.15	-3	5.94444444444444
470	584	585	9	3.135	-3	5
471	0	0	0	0	-1	4.66666666666667
472	586	587	9	3.025	-3	5
473	588	589	8	0.99675	-3	5.44444444444444
474	0	0	0	0	-1	4.6
475	0	0	0	0	-1	3
476	0	0	0	0	-1	5
477	590	591	1	3.495	-3	5
478	0	0	0	0	-1	5
479	592	593	1	7.9	-3	4
480	594	595	1	7.45	-3	4.77777777777778
481	0	0	0	0	-1	6
482	0	0	0	0	-1	5
483	0	0	0	0	-1	5
484	0	0	0	0	-1	5
485	596	597	10	0.53	-3	5
486	0	0	0	0	-1	5
487	598	599	9	0	-3	5
488	0	0	0	0	-1	5.66666666666667
489	0	0	0	0	-1	5
490	0	0	0	0	-1	6
491	600	601	2	0.81	-3	5
492	602	603	1	7.1	-3	5.2
493	604	605	8	0	-3	5
494	0	0	0	0	-1	7
495	606	607	8	0.997125	-3	6
496	608	609	6	27.5	-3	5.46153846153846
497	610	611	3	0.21	-3	5.0625
498	612	613	9	3.16	-3	6
499	0	0	0	0	-1	7
500	0	0	0	0	-1	6
501	0	0	0	0	-1	6
502	0	0	0	0	-1	6
503	614	615	1	6.8	-3	6
504	0	0	0	0	-1	6
505	616	617	4	2.35	-3	7
506	0	0	0	0	-1	6
507	618	619	4	1.65	-3	7
508	0	0	0	0	-1	7
509	620	621	11	11.35	-3	6
510	622	623	9	0.1275	-3	6
511	624	625	7	13	-3	6
512	626	627	4	3.9	-3	6.1
513	0	0	0	0	-1	5
514	0	0	0	0	-1	6
515	0	0	0	0	-1	7
516	0	0	0	0	-1	7.5
517	0	0	0	0	-1	7
518	0	0	0	0	-1	6.33333333333333
519	628	629	9	3.265	-3	6.95
520	630	631	11	11.25	-3	6.44444444444444
521	632	633	4	2.25	-3	6.85
522	0	0	0	0	-1	6
523	634	635	6	0	-3	6
524	0	0	0	0	-1	7
525	636	637	3	0.045	-3	6
526	638	639	1	7.05	-3	6.71428571428571
527	640	641	4	4.4	-3	6.05263157894737
528	642	643	7	68.5	-3	5.88888888888889
529	0	0	0	0	-1	5
530	0	0	0	0	-1	7
531	644	645	2	0.485	-3	6.16666666666667
532	0	0	0	0	-1	8
533	0	0	0	0	-1	7
534	646	647	2	0	-3	5
535	0	0	0	0	-1	5
536	0	0	0	0	-1	6
537	648	649	11	10.75	-3	7
538	650	651	8	0.9975	-3	6.71428571428571
539	0	0	0	0	-1	6
540	0	0	0	0	-1	6
541	0	0	0	0	-1	6
542	652	653	11	9.9	-3	6
543	654	655	3	0.325	-3	5.5
544	0	0	0	0	-1	4
545	0	0	0	0	-1	5
546	0	0	0	0	-1	5
547	0	0	0	0	-1	5
548	656	657	11	9.05	-3	5
549	658	659	6	8	-3	5.5
550	660	661	4	2.8	-3	5.05882352941176
551	662	663	10	0.495	-3	5.45454545454545
552	664	665	11	9.3	-3	5.81818181818182
553	0	0	0	0	-1	5
554	0	0	0	0	-1	6
555	666	667	3	0.2	-3	4.63636363636364
556	668	669	1	7.45	-3	5.02040816326531
557	670	671	4	4.15	-3	5.33333333333333
558	672	673	11	9.55	-3	5.94871794871795
559	0	0	0	0	-1	7
560	0	0	0	0	-1	5
561	674	675	10	0.645	-3	5.89473684210526
562	0	0	0	0	-1	6
563	676	677	1	6.95	-3	6
564	0	0	0	0	-1	5
565	678	679	5	0	-3	5
566	0	0	0	0	-1	6
567	0	0	0	0	-1	5.25
568	680	681	8	0.996315	-3	5.1
569	682	683	10	0.61	-3	5.71428571428571
570	0	0	0	0	-1	5
571	0	0	0	0	-1	5.5
572	0	0	0	0	-1	4.66666666666667
573	684	685	9	3.275	-3	5.45945945945946
574	0	0	0	0	-1	5
575	686	687	11	0	-3	5
576	0	0	0	0	-1	5
577	688	689	7	133	-3	5
578	0	0	0	0	-1	6
579	690	691	6	10	-3	6
580	692	693	10	0.65	-3	5.08333333333333
581	694	695	2	0.455	-3	5.55882352941176
582	0	0	0	0	-1	5
583	696	697	8	11.55	-3	6
584	0	0	0	0	-1	5
585	698	699	7	0	-3	5
586	0	0	0	0	-1	5
587	0	0	0	0	-1	5
588	0	0	0	0	-1	5
589	700	701	2	0.57	-3	5.66666666666667
590	0	0	0	0	-1	6
591	702	703	3	2.65	-3	5
592	0	0	0	0	-1	4
593	0	0	0	0	-1	4
594	704	705	4	0	-3	5
595	0	0	0	0	-1	4
596	0	0	0	0	-1	5
597	706	707	7	0	-3	5
598	0	0	0	0	-1	5
599	0	0	0	0	-1	5
600	0	0	0	0	-1	5
601	708	709	10	0	-3	5
602	0	0	0	0	-1	6
603	710	711	3	0.14	-3	5.11111111111111
604	0	0	0	0	-1	6
605	712	713	3	0.5	-3	5
606	0	0	0	0	-1	6
607	0	0	0	0	-1	6
608	714	715	2	0.685	-3	5.75
609	0	0	0	0	-1	5
610	716	717	9	0	-3	5
611	718	719	7	61	-3	5.14285714285714
612	0	0	0	0	-1	6
613	720	721	9	3.355	-3	6
614	0	0	0	0	-1	6
615	0	0	0	0	-1	6
616	0	0	0	0	-1	7
617	0	0	0	0	-1	7
618	0	0	0	0	-1	7
619	722	723	5	0.0665	-3	7
620	0	0	0	0	-1	7
621	724	725	9	3.2	-3	5.83333333333333
622	0	0	0	0	-1	5
623	726	727	3	0.5	-3	6
624	0	0	0	0	-1	6
625	0	0	0	0	-1	6
626	0	0	0	0	-1	6
627	0	0	0	0	-1	7
628	0	0	0	0	-1	6.5
629	728	729	1	0	-3	7
630	730	731	1	8.9	-3	6.85714285714286
631	732	733	11	11.95	-3	6.18181818181818
632	0	0	0	0	-1	6
633	734	735	4	3.675	-3	6.94444444444444
634	0	0	0	0	-1	6
635	0	0	0	0	-1	6
636	0	0	0	0	-1	6
637	0	0	0	0	-1	6
638	0	0	0	0	-1	6
639	736	737	2	0.4	-3	6.83333333333333
640	738	739	3	0.48	-3	6
641	0	0	0	0	-1	7
642	0	0	0	0	-1	5.5
643	0	0	0	0	-1	6
644	740	741	6	18	-3	6
645	0	0	0	0	-1	6.4
646	0	0	0	0	-1	6
647	742	743	2	0.395	-3	5
648	744	745	1	10.9	-3	7
649	0	0	0	0	-1	7
650	0	0	0	0	-1	6
651	746	747	8	0.99765	-3	6.83333333333333
652	0	0	0	0	-1	5.6
653	748	749	2	0.325	-3	6.06896551724138
654	0	0	0	0	-1	5.2
655	0	0	0	0	-1	6
656	0	0	0	0	-1	4.5
657	750	751	3	0.025	-3	5.04545454545455
658	752	753	1	7.4	-3	5.28571428571429
659	0	0	0	0	-1	6
660	754	755	11	41.5	-3	5
661	0	0	0	0	-1	5.33333333333333
662	0	0	0	0	-1	5
663	756	757	1	8.9	-3	5.71428571428571
664	0	0	0	0	-1	5
665	758	759	6	35.5	-3	6
666	760	761	5	0.0785	-3	5.16666666666667
667	0	0	0	0	-1	4
668	762	763	3	0.22	-3	5.06666666666667
669	764	765	3	0.235	-3	5
670	766	767	8	0.998985	-3	5.66666666666667
671	768	769	7	90.5	-3	5.11111111111111
672	0	0	0	0	-1	5
673	770	771	1	6.7	-3	6
674	772	773	4	2.55	-3	5.66666666666667
675	774	775	10	0.68	-3	6
676	0	0	0	0	-1	6
677	776	777	4	0	-3	6
678	0	0	0	0	-1	6
679	778	779	6	0.996465	-3	5
680	780	781	1	7.5	-3	5
681	0	0	0	0	-1	6
682	782	783	9	3.38	-3	5.76923076923077
683	0	0	0	0	-1	5
684	784	785	11	8.75	-3	5.7
685	786	787	11	9.85	-3	5.17647058823529
686	0	0	0	0	-1	5
687	788	789	2	0.51	-3	5
688	790	791	11	0	-3	5
689	0	0	0	0	-1	5
690	0	0	0	0	-1	6
691	792	793	9	0	-3	6
692	0	0	0	0	-1	5.33333333333333
693	794	795	6	9.5	-3	5
694	796	797	8	0.9986	-3	5.07142857142857
695	798	799	8	0.99681	-3	5.9
696	800	801	3	0.61	-3	6
697	0	0	0	0	-1	6
698	0	0	0	0	-1	6
699	0	0	0	0	-1	5
700	0	0	0	0	-1	6
701	0	0	0	0	-1	5
702	802	803	5	0.134	-3	5
703	0	0	0	0	-1	5
704	0	0	0	0	-1	5
705	804	805	10	0.595	-3	5
706	0	0	0	0	-1	6
707	806	807	3	0.05	-3	5
708	0	0	0	0	-1	5
709	808	809	1	10.1	-3	5
710	810	811	4	0.105	-3	5
711	0	0	0	0	-1	5.33333333333333
712	812	813	8	0	-3	5
713	0	0	0	0	-1	5
714	0	0	0	0	-1	5
715	814	815	2	1.0225	-3	5.85714285714286
716	0	0	0	0	-1	7
717	816	817	7	43.5	-3	5
718	0	0	0	0	-1	6
719	818	819	8	1.001945	-3	5
720	0	0	0	0	-1	6
721	0	0	0	0	-1	6
722	0	0	0	0	-1	7
723	0	0	0	0	-1	7
724	0	0	0	0	-1	5
725	0	0	0	0	-1	6
726	0	0	0	0	-1	6
727	0	0	0	0	-1	6
728	0	0	0	0	-1	5
729	0	0	0	0	-1	7
730	0	0	0	0	-1	7
731	0	0	0	0	-1	6.5
732	820	821	6	5.5	-3	6
733	0	0	0	0	-1	6.66666666666667
734	0	0	0	0	-1	7
735	0	0	0	0	-1	6.8
736	0	0	0	0	-1	7
737	0	0	0	0	-1	6
738	822	823	6	19	-3	6
739	0	0	0	0	-1	6
740	0	0	0	0	-1	6
741	0	0	0	0	-1	6
742	0	0	0	0	-1	5
743	0	0	0	0	-1	5
744	824	825	7	13.5	-3	7
745	0	0	0	0	-1	7
746	0	0	0	0	-1	7
747	0	0	0	0	-1	6
748	826	827	8	0.999325	-3	6.14285714285714
749	828	829	4	3.15	-3	6
750	0	0	0	0	-1	5.2
751	830	831	10	0	-3	5
752	0	0	0	0	-1	5
753	0	0	0	0	-1	5.66666666666667
754	832	833	6	20	-3	5
755	0	0	0	0	-1	5
756	0	0	0	0	-1	6
757	0	0	0	0	-1	5
758	0	0	0	0	-1	6
759	0	0	0	0	-1	6
760	0	0	0	0	-1	5.5
761	0	0	0	0	-1	5
762	834	835	9	3.52	-3	5
763	0	0	0	0	-1	5.33333333333333
764	836	837	11	10.2	-3	5
765	838	839	8	0.99617	-3	5
766	0	0	0	0	-1	6
767	0	0	0	0	-1	5
768	0	0	0	0	-1	5.25
769	0	0	0	0	-1	5
770	840	841	1	0	-3	6
771	842	843	5	0.0865	-3	6
772	0	0	0	0	-1	5.33333333333333
773	0	0	0	0	-1	6
774	0	0	0	0	-1	6
775	844	845	4	0	-3	6
776	0	0	0	0	-1	6
777	0	0	0	0	-1	6
778	0	0	0	0	-1	5
779	0	0	0	0	-1	5
780	846	847	10	0	-3	5
781	0	0	0	0	-1	5
782	848	849	8	0.996135	-3	5.66666666666667
783	0	0	0	0	-1	6
784	0	0	0	0	-1	3
785	850	851	6	18	-3	5.84210526315789
786	852	853	10	0	-3	5
787	854	855	2	0.6	-3	5.5
788	0	0	0	0	-1	5
789	0	0	0	0	-1	5
790	0	0	0	0	-1	6
791	0	0	0	0	-1	5
792	0	0	0	0	-1	6
793	856	857	11	10.15	-3	6
794	0	0	0	0	-1	5
795	858	859	11	0	-3	5
796	0	0	0	0	-1	5
797	0	0	0	0	-1	6
798	0	0	0	0	-1	5
799	860	861	6	29	-3	6.05882352941176
800	862	863	1	10.35	-3	6
801	0	0	0	0	-1	6
802	0	0	0	0	-1	5
803	0	0	0	0	-1	5
804	0	0	0	0	-1	5
805	0	0	0	0	-1	5
806	0	0	0	0	-1	5
807	0	0	0	0	-1	5
808	0	0	0	0	-1	5
809	0	0	0	0	-1	5
810	0	0	0	0	-1	5
811	0	0	0	0	-1	5
812	0	0	0	0	-1	6
813	864	865	2	0.695	-3	5
814	866	867	7	84.5	-3	6
815	0	0	0	0	-1	5
816	0	0	0	0	-1	5
817	868	869	3	0	-3	5
818	0	0	0	0	-1	5
819	0	0	0	0	-1	5
820	0	0	0	0	-1	6
821	870	871	3	0	-3	6
822	0	0	0	0	-1	6
823	872	873	6	0.465	-3	6
824	0	0	0	0	-1	7
825	0	0	0	0	-1	7
826	874	875	5	0.0565	-3	6.07692307692308
827	0	0	0	0	-1	7
828	876	877	6	15.5	-3	6
829	0	0	0	0	-1	6
830	0	0	0	0	-1	5
831	878	879	3	0.335	-3	5
832	880	881	5	0	-3	5
833	0	0	0	0	-1	5
834	0	0	0	0	-1	5
835	0	0	0	0	-1	5
836	882	883	9	3.285	-3	5
837	0	0	0	0	-1	5
838	0	0	0	0	-1	5
839	884	885	6	0.3	-3	5
840	0	0	0	0	-1	5
841	886	887	10	0	-3	6
842	888	889	8	0.9962	-3	6
843	0	0	0	0	-1	6
844	0	0	0	0	-1	6
845	890	891	4	0.86	-3	6
846	0	0	0	0	-1	5
847	892	893	6	5	-3	5
848	0	0	0	0	-1	5
849	894	895	4	2.2	-3	6
850	896	897	7	15	-3	6
851	0	0	0	0	-1	5
852	0	0	0	0	-1	6
853	898	899	6	18.5	-3	5
854	0	0	0	0	-1	5
855	0	0	0	0	-1	6
856	900	901	11	0	-3	6
857	0	0	0	0	-1	6
858	0	0	0	0	-1	7
859	902	903	4	3.65	-3	5
860	904	905	8	0.998775	-3	5.93333333333333
861	0	0	0	0	-1	7
862	0	0	0	0	-1	6
863	906	907	11	10.6	-3	6
864	0	0	0	0	-1	5
865	908	909	5	8.15	-3	5
866	0	0	0	0	-1	6
867	0	0	0	0	-1	6
868	0	0	0	0	-1	6
869	0	0	0	0	-1	5
870	0	0	0	0	-1	6
871	910	911	4	2.05	-3	6
872	0	0	0	0	-1	7
873	912	913	3	0.43	-3	6
874	0	0	0	0	-1	7
875	914	915	2	0.275	-3	6
876	0	0	0	0	-1	6
877	916	917	4	2.75	-3	6
878	918	919	10	0.52	-3	5
879	920	921	4	0	-3	5
880	0	0	0	0	-1	5
881	922	923	4	1.75	-3	5
882	0	0	0	0	-1	5
883	924	925	5	0.0875	-3	5
884	0	0	0	0	-1	6
885	0	0	0	0	-1	5
886	0	0	0	0	-1	5
887	926	927	6	18.5	-3	6
888	928	929	10	0.585	-3	6
889	0	0	0	0	-1	6
890	0	0	0	0	-1	5
891	0	0	0	0	-1	6
892	0	0	0	0	-1	5
893	0	0	0	0	-1	5
894	0	0	0	0	-1	6
895	0	0	0	0	-1	6
896	0	0	0	0	-1	6
897	930	931	5	0.067	-3	6
898	932	933	10	0	-3	5
899	0	0	0	0	-1	5
900	0	0	0	0	-1	6
901	934	935	1	6.7	-3	6
902	0	0	0	0	-1	5
903	0	0	0	0	-1	5
904	936	937	2	0.495	-3	6
905	0	0	0	0	-1	5
906	938	939	2	2.5	-3	6
907	0	0	0	0	-1	6
908	940	941	5	0.071	-3	5
909	0	0	0	0	-1	5
910	0	0	0	0	-1	6
911	0	0	0	0	-1	6
912	942	943	11	11.9	-3	6
913	0	0	0	0	-1	6
914	0	0	0	0	-1	6
915	0	0	0	0	-1	6
916	944	945	2	0.38	-3	6
917	0	0	0	0	-1	6
918	0	0	0	0	-1	5
919	0	0	0	0	-1	5
920	0	0	0	0	-1	6
921	946	947	10	0.475	-3	5
922	0	0	0	0	-1	5
923	948	949	4	0	-3	5
924	0	0	0	0	-1	5
925	0	0	0	0	-1	5
926	0	0	0	0	-1	6
927	0	0	0	0	-1	6
928	0	0	0	0	-1	6
929	950	951	4	0	-3	6
930	0	0	0	0	-1	6
931	952	953	1	11.65	-3	6
932	0	0	0	0	-1	6
933	954	955	5	0.085	-3	5
934	0	0	0	0	-1	6
935	0	0	0	0	-1	6
936	0	0	0	0	-1	6
937	956	957	9	3.495	-3	6
938	958	959	5	0.0775	-3	6
939	0	0	0	0	-1	6
940	0	0	0	0	-1	5
941	960	961	2	0	-3	5
942	962	963	7	11.3	-3	6
943	0	0	0	0	-1	6
944	964	965	6	0	-3	6
945	0	0	0	0	-1	6
946	0	0	0	0	-1	5
947	0	0	0	0	-1	5
948	0	0	0	0	-1	6
949	0	0	0	0	-1	5
950	0	0	0	0	-1	5
951	966	967	11	0.015	-3	6
952	968	969	11	9.35	-3	6
953	0	0	0	0	-1	6
954	0	0	0	0	-1	5
955	0	0	0	0	-1	5
956	970	971	5	0.072	-3	6
957	0	0	0	0	-1	6
958	0	0	0	0	-1	6
959	0	0	0	0	-1	6
960	0	0	0	0	-1	6
961	972	973	8	0.99655	-3	5
962	0	0	0	0	-1	6
963	0	0	0	0	-1	6
964	0	0	0	0	-1	6
965	974	975	9	3.38	-3	6
966	0	0	0	0	-1	5
967	976	977	1	7.05	-3	6
968	0	0	0	0	-1	6
969	0	0	0	0	-1	6
970	0	0	0	0	-1	6
971	0	0	0	0	-1	6
972	0	0	0	0	-1	5
973	0	0	0	0	-1	5
974	0	0	0	0	-1	6
975	0	0	0	0	-1	6
976	978	979	2	0.51	-3	6
977	980	981	4	2.45	-3	6
978	0	0	0	0	-1	6
979	0	0	0	0	-1	6
980	982	983	3	0.1	-3	6
981	0	0	0	0	-1	6
982	984	985	3	0.03	-3	6
983	0	0	0	0	-1	6
984	0	0	0	0	-1	6
985	0	0	0	0	-1	6
