1	2	3	2	0.425	-3	5.65040650406504
2	4	5	5	0.0795	-3	6.05620155038759
3	6	7	2	0.8575	-3	5.45706371191135
4	8	9	7	27.5	-3	6.22857142857143
5	10	11	1	7.55	-3	5.85169491525424
6	12	13	8	0.99569	-3	5.49756097560975
7	14	15	10	0.435	-3	4.74137931034483
8	16	17	7	16.5	-3	6.47142857142857
9	18	19	8	0.99537	-3	5.98571428571429
10	20	21	11	11.55	-3	5.48717948717949
11	22	23	10	0.585	-3	5.92385786802031
12	24	25	8	0.99241	-3	5.8326359832636
13	26	27	11	9.975	-3	5.39567430025445
14	0	0	0	0	-1	3.5
15	28	29	8	0.997025	-3	4.83333333333333
16	30	31	11	9.8	-3	6.640625
17	32	33	5	0.0735	-3	6.32894736842105
18	34	35	10	0.725	-3	6.30909090909091
19	36	37	11	9.35	-3	5.77647058823529
20	38	39	7	9.5	-3	5.3125
21	40	41	2	0.39	-3	6.28571428571429
22	42	43	5	0.101	-3	5.44
23	44	45	9	3.275	-3	6.08843537414966
24	46	47	5	0.0515	-3	7
25	48	49	2	0.595	-3	5.78695652173913
26	50	51	11	9.925	-3	5.19709543568464
27	52	53	3	0.51	-3	5.71052631578947
28	54	55	6	16	-3	5
29	56	57	10	0.56	-3	4.47058823529412
30	0	0	0	0	-1	5.25
31	58	59	2	0.325	-3	6.73333333333333
32	60	61	10	0.705	-3	6.2156862745098
33	62	63	4	2.45	-3	6.56
34	64	65	9	3.305	-3	6
35	66	67	7	54	-3	6.65384615384616
36	68	69	10	0.535	-3	4.83333333333333
37	70	71	5	0.059	-3	5.84810126582278
38	0	0	0	0	-1	4
39	72	73	4	2.15	-3	5.4
40	0	0	0	0	-1	6
41	0	0	0	0	-1	7
42	74	75	8	0.99676	-3	5.28205128205128
43	76	77	1	8.85	-3	6
44	78	79	10	0.98	-3	6.23333333333333
45	80	81	3	0.58	-3	5.85964912280702
46	82	83	4	1.35	-3	7.28571428571429
47	0	0	0	0	-1	6
48	84	85	8	0.995655	-3	5.97674418604651
49	86	87	9	3.665	-3	5.54455445544554
50	88	89	1	10.35	-3	5.20625
51	0	0	0	0	-1	3
52	90	91	7	81.5	-3	5.56147540983607
53	92	93	1	13.2	-3	6.31666666666667
54	94	95	5	0.0735	-3	5.11538461538461
55	96	97	7	44	-3	4.72727272727273
56	0	0	0	0	-1	3.66666666666667
57	98	99	4	3.05	-3	4.64285714285714
58	100	101	10	0.545	-3	6.51515151515152
59	102	103	6	3.5	-3	7
60	104	105	5	0.0675	-3	5.77777777777778
61	106	107	1	8.25	-3	6.45454545454546
62	108	109	8	0.995585	-3	6.69565217391304
63	0	0	0	0	-1	5
64	110	111	7	221.5	-3	6.3125
65	112	113	11	11.35	-3	5.61538461538461
66	114	115	11	11.55	-3	6.82352941176471
67	116	117	4	1.85	-3	6.33333333333333
68	0	0	0	0	-1	4
69	0	0	0	0	-1	5
70	118	119	8	0.996555	-3	5.28571428571429
71	120	121	10	0.8	-3	5.96923076923077
72	122	123	7	75.5	-3	5.05555555555556
73	124	125	1	7.2	-3	5.91666666666667
74	126	127	4	1.8	-3	5.76923076923077
75	128	129	3	0.395	-3	5.03846153846154
76	0	0	0	0	-1	5
77	130	131	2	0.37	-3	6.22222222222222
78	132	133	7	45	-3	6.3375
79	134	135	11	9.65	-3	5.4
80	136	137	6	33.5	-3	5.92307692307692
81	0	0	0	0	-1	5.2
82	0	0	0	0	-1	6.66666666666667
83	0	0	0	0	-1	7.75
84	138	139	10	0.535	-3	5.93548387096774
85	0	0	0	0	-1	7
86	140	141	11	10.35	-3	5.45652173913044
87	142	143	10	0.62	-3	6.44444444444444
88	144	145	8	0.99825	-3	5.23913043478261
89	146	147	9	3.22	-3	4.45
90	148	149	7	17.5	-3	5.62385321100917
91	150	151	1	6.95	-3	5.03846153846154
92	152	153	4	2.85	-3	6.3859649122807
93	0	0	0	0	-1	5
94	0	0	0	0	-1	5.8
95	154	155	6	12.5	-3	4.95238095238095
96	0	0	0	0	-1	4
97	156	157	9	3.225	-3	5
98	158	159	11	10.7	-3	5
99	160	161	7	92.5	-3	4.16666666666667
100	0	0	0	0	-1	6
101	162	163	5	0.0675	-3	6.60714285714286
102	0	0	0	0	-1	6.33333333333333
103	164	165	1	10.35	-3	7.08333333333333
104	166	167	2	0.255	-3	5.55555555555556
105	168	169	7	19.5	-3	6
106	170	171	9	3.445	-3	6.07692307692308
107	172	173	5	0.0575	-3	6.7
108	174	175	3	0.36	-3	7.14285714285714
109	176	177	10	0.77	-3	6.5
110	178	179	9	3.255	-3	6.15384615384615
111	0	0	0	0	-1	7
112	0	0	0	0	-1	5
113	180	181	9	3.395	-3	6
114	0	0	0	0	-1	6.4
115	182	183	7	49	-3	7
116	0	0	0	0	-1	6.6
117	0	0	0	0	-1	6
118	184	185	8	0.99586	-3	4.8
119	0	0	0	0	-1	6.5
120	186	187	11	11	-3	5.80952380952381
121	188	189	11	10.75	-3	6.26086956521739
122	190	191	4	1.5	-3	5
123	0	0	0	0	-1	6
124	192	193	3	0.28	-3	6
125	0	0	0	0	-1	5.5
126	0	0	0	0	-1	5
127	194	195	7	36	-3	6
128	196	197	1	8.4	-3	5.16666666666667
129	198	199	10	0.535	-3	5
130	0	0	0	0	-1	6
131	0	0	0	0	-1	6.5
132	200	201	2	0.275	-3	6.49206349206349
133	202	203	2	0.3	-3	5.76470588235294
134	204	205	4	2.15	-3	5
135	0	0	0	0	-1	7
136	206	207	2	0.28	-3	5.78571428571429
137	208	209	5	0.0805	-3	6.5
138	210	211	3	0.26	-3	5.4
139	212	213	8	0.9928	-3	6.03846153846154
140	214	215	3	0.27	-3	5
141	216	217	1	6.55	-3	5.73684210526316
142	0	0	0	0	-1	6
143	0	0	0	0	-1	7
144	218	219	2	0.775	-3	5.19736842105263
145	220	221	7	67	-3	5.4375
146	222	223	5	0.153	-3	4.8
147	0	0	0	0	-1	3.4
148	224	225	10	0.615	-3	5.25641025641026
149	226	227	4	2.05	-3	5.70391061452514
150	0	0	0	0	-1	5.5
151	228	229	3	0.24	-3	5
152	230	231	5	0.1235	-3	5.96428571428571
153	232	233	3	0.675	-3	6.79310344827586
154	234	235	5	0.169	-3	4.9
155	0	0	0	0	-1	6
156	0	0	0	0	-1	5
157	236	237	1	0	-3	5
158	238	239	4	0	-3	5
159	0	0	0	0	-1	5
160	0	0	0	0	-1	4
161	0	0	0	0	-1	5
162	240	241	9	3.32	-3	6.73913043478261
163	0	0	0	0	-1	6
164	242	243	9	3.205	-3	6.95238095238095
165	0	0	0	0	-1	8
166	0	0	0	0	-1	6
167	244	245	4	1.9	-3	5.42857142857143
168	0	0	0	0	-1	6
169	0	0	0	0	-1	6
170	246	247	1	0	-3	6
171	0	0	0	0	-1	6.25
172	0	0	0	0	-1	7
173	248	249	8	0.995915	-3	6.6
174	0	0	0	0	-1	8
175	250	251	1	9.25	-3	7
176	0	0	0	0	-1	6
177	252	253	10	1.055	-3	6.72727272727273
178	254	255	10	0.505	-3	6
179	0	0	0	0	-1	6.4
180	0	0	0	0	-1	6
181	0	0	0	0	-1	6
182	256	257	9	3.175	-3	6.90909090909091
183	0	0	0	0	-1	8
184	0	0	0	0	-1	4
185	0	0	0	0	-1	5
186	258	259	8	0.99581	-3	5.70588235294118
187	260	261	2	0.265	-3	6.25
188	262	263	3	0.29	-3	6.0625
189	264	265	10	0.89	-3	6.71428571428571
190	0	0	0	0	-1	5
191	266	267	4	0.9975	-3	5
192	0	0	0	0	-1	6
193	268	269	1	6.85	-3	6
194	0	0	0	0	-1	6
195	0	0	0	0	-1	6
196	0	0	0	0	-1	6
197	0	0	0	0	-1	5
198	270	271	11	0.55	-3	5
199	272	273	3	53.5	-3	5
200	274	275	11	11.5	-3	5.88888888888889
201	276	277	11	11.35	-3	6.59259259259259
202	0	0	0	0	-1	8
203	278	279	4	2.05	-3	5.625
204	280	281	11	0	-3	5
205	0	0	0	0	-1	5
206	282	283	10	0.805	-3	5.5
207	284	285	8	0.99895	-3	5.92857142857143
208	0	0	0	0	-1	6
209	0	0	0	0	-1	7
210	286	287	1	7.6	-3	5.2
211	0	0	0	0	-1	6
212	0	0	0	0	-1	7
213	288	289	10	0.675	-3	6.00990099009901
214	290	291	9	3.62	-3	4.90625
215	0	0	0	0	-1	6
216	292	293	11	11.55	-3	5.41176470588235
217	294	295	3	0.075	-3	5.875
218	296	297	7	39.5	-3	5.21823204419889
219	298	299	3	0.015	-3	4.77777777777778
220	300	301	10	0.54	-3	5.66666666666667
221	302	303	5	0.081	-3	5.14285714285714
222	304	305	4	3.5	-3	4.92857142857143
223	0	0	0	0	-1	3
224	306	307	3	0.08	-3	4.85714285714286
225	308	309	2	0.455	-3	5.72222222222222
226	310	311	8	0.99624	-3	5.25641025641026
227	312	313	9	3.515	-3	5.82857142857143
228	314	315	10	0	-3	5
229	316	317	3	0	-3	5
230	318	319	3	0.65	-3	6.03846153846154
231	0	0	0	0	-1	5
232	320	321	9	3.215	-3	7.0952380952381
233	322	323	9	3.195	-3	6
234	324	325	6	11.5	-3	4.94736842105263
235	0	0	0	0	-1	4
236	0	0	0	0	-1	5
237	326	327	2	0.89	-3	5
238	0	0	0	0	-1	5
239	328	329	9	3.415	-3	5
240	330	331	5	0.054	-3	6.8421052631579
241	0	0	0	0	-1	6.25
242	0	0	0	0	-1	6
243	332	333	10	0.655	-3	7.11111111111111
244	0	0	0	0	-1	5
245	0	0	0	0	-1	6
246	0	0	0	0	-1	5
247	334	335	1	7.75	-3	6
248	336	337	2	0.315	-3	7
249	338	339	9	3.18	-3	6.25
250	0	0	0	0	-1	7
251	0	0	0	0	-1	7
252	340	341	11	11.15	-3	6.875
253	0	0	0	0	-1	6.33333333333333
254	0	0	0	0	-1	6
255	342	343	4	1.7	-3	6
256	0	0	0	0	-1	6
257	344	345	5	0.076	-3	7
258	0	0	0	0	-1	5
259	346	347	3	0.315	-3	5.7741935483871
260	0	0	0	0	-1	7
261	348	349	11	12.9	-3	6.14285714285714
262	0	0	0	0	-1	5.5
263	350	351	2	0.265	-3	6.14285714285714
264	352	353	3	0.345	-3	6.83333333333333
265	0	0	0	0	-1	6
266	0	0	0	0	-1	6
267	0	0	0	0	-1	5
268	0	0	0	0	-1	6
269	0	0	0	0	-1	6
270	0	0	0	0	-1	8
271	354	355	7	20.5	-3	5
272	356	357	4	2.25	-3	5
273	0	0	0	0	-1	5
274	0	0	0	0	-1	6
275	0	0	0	0	-1	5
276	358	359	8	0.997315	-3	6.39285714285714
277	360	361	5	0.119	-3	6.80769230769231
278	0	0	0	0	-1	5
279	362	363	1	7.9	-3	5.83333333333333
280	0	0	0	0	-1	5
281	364	365	6	26	-3	5
282	366	367	3	0	-3	5
283	368	369	11	10.05	-3	6
284	370	371	7	81.5	-3	5.84615384615385
285	0	0	0	0	-1	7
286	372	373	4	2.3	-3	5
287	0	0	0	0	-1	6
288	374	375	1	5.8	-3	5.94029850746269
289	376	377	8	0.994275	-3	6.14705882352941
290	378	379	4	1.25	-3	4.93548387096774
291	0	0	0	0	-1	4
292	380	381	3	0.135	-3	5.8
293	382	383	4	3.4	-3	4.85714285714286
294	384	385	11	11.6	-3	6.1
295	386	387	11	11.2	-3	5.2
296	388	389	9	3.255	-3	5.35294117647059
297	390	391	1	8.25	-3	5.1522633744856
298	0	0	0	0	-1	4.4
299	392	393	11	9.7	-3	4.92307692307692
300	394	395	7	13.5	-3	5
301	396	397	10	0.625	-3	5.81081081081081
302	398	399	11	9.6	-3	5.83333333333333
303	400	401	1	10.1	-3	5
304	402	403	5	0.072	-3	5.08333333333333
305	0	0	0	0	-1	4
306	404	405	3	0.04	-3	4
307	406	407	4	3.45	-3	5.2
308	0	0	0	0	-1	5
309	408	409	1	10.9	-3	5.86666666666667
310	410	411	3	0.04	-3	5.57142857142857
311	412	413	11	10.1166666666666	-3	5.08
312	414	415	9	3.425	-3	5.76422764227642
313	416	417	1	6.9	-3	6.29411764705882
314	0	0	0	0	-1	7
315	0	0	0	0	-1	5
316	0	0	0	0	-1	5
317	0	0	0	0	-1	5
318	418	419	10	0.815	-3	6.08
319	0	0	0	0	-1	5
320	420	421	8	0.999	-3	6.9375
321	0	0	0	0	-1	7.6
322	422	423	4	4.25	-3	6.33333333333333
323	0	0	0	0	-1	5
324	424	425	2	0	-3	5
325	0	0	0	0	-1	4
326	0	0	0	0	-1	5
327	0	0	0	0	-1	5
328	0	0	0	0	-1	5
329	0	0	0	0	-1	5
330	0	0	0	0	-1	6.4
331	426	427	8	0	-3	7
332	0	0	0	0	-1	7
333	0	0	0	0	-1	7.66666666666667
334	0	0	0	0	-1	6
335	428	429	11	9.8	-3	6
336	0	0	0	0	-1	7
337	0	0	0	0	-1	7
338	0	0	0	0	-1	6.5
339	0	0	0	0	-1	6
340	430	431	5	0	-3	7
341	0	0	0	0	-1	6
342	0	0	0	0	-1	6
343	0	0	0	0	-1	6
344	0	0	0	0	-1	7
345	0	0	0	0	-1	7
346	432	433	1	7.85	-3	6
347	434	435	5	0.0745	-3	5.5
348	436	437	5	0.077	-3	6
349	0	0	0	0	-1	7
350	438	439	9	3.31	-3	6.33333333333333
351	440	441	8	0.99712	-3	6
352	0	0	0	0	-1	6
353	0	0	0	0	-1	7
354	0	0	0	0	-1	5
355	442	443	10	0	-3	5
356	0	0	0	0	-1	5
357	444	445	3	0	-3	5
358	446	447	8	0.99714	-3	6
359	448	449	3	0.525	-3	6.55
360	450	451	10	0.925	-3	7
361	452	453	10	0.795	-3	6.16666666666667
362	0	0	0	0	-1	5
363	454	455	4	5.65	-3	5.90909090909091
364	0	0	0	0	-1	5
365	0	0	0	0	-1	5
366	0	0	0	0	-1	7
367	0	0	0	0	-1	5
368	0	0	0	0	-1	6
369	0	0	0	0	-1	6
370	456	457	11	9.9	-3	5.91666666666667
371	0	0	0	0	-1	5
372	0	0	0	0	-1	5
373	0	0	0	0	-1	5
374	458	459	1	5.5	-3	5.42857142857143
375	460	461	9	3.605	-3	6
376	0	0	0	0	-1	7
377	462	463	5	0.0565	-3	6.03333333333333
378	0	0	0	0	-1	4.33333333333333
379	464	465	3	0.01	-3	5
380	466	467	9	3.5	-3	6
381	0	0	0	0	-1	5
382	468	469	11	12.025	-3	5
383	0	0	0	0	-1	4
384	470	471	4	1.95	-3	5.95454545454545
385	472	473	6	31.5	-3	6.5
386	0	0	0	0	-1	4.8
387	0	0	0	0	-1	5.6
388	474	475	8	0.995745	-3	5.03846153846154
389	476	477	7	34.5	-3	5.44086021505376
390	478	479	1	7.85	-3	5.20481927710843
391	480	481	9	3.35	-3	5.03896103896104
392	482	483	7	75.5	-3	5
393	0	0	0	0	-1	4.5
394	0	0	0	0	-1	5
395	484	485	8	0	-3	5
396	486	487	8	0.99865	-3	5.6
397	488	489	1	7.2	-3	5.95454545454545
398	0	0	0	0	-1	6
399	0	0	0	0	-1	5
400	490	491	5	0.4075	-3	4.96428571428571
401	0	0	0	0	-1	6
402	0	0	0	0	-1	5.25
403	492	493	11	9.35	-3	5
404	0	0	0	0	-1	4
405	0	0	0	0	-1	4
406	494	495	5	0.0945	-3	5
407	0	0	0	0	-1	6
408	496	497	5	0.1035	-3	5.92857142857143
409	0	0	0	0	-1	5
410	498	499	5	0.0785	-3	5.25
411	500	501	3	0.175	-3	6
412	502	503	7	24.5	-3	5.375
413	504	505	2	0.74	-3	4.94117647058824
414	506	507	9	3.145	-3	5.86
415	508	509	11	11.15	-3	5.34782608695652
416	510	511	9	3.58	-3	5.9
417	512	513	6	10.5	-3	6.85714285714286
418	514	515	4	1.65	-3	6.125
419	0	0	0	0	-1	5
420	0	0	0	0	-1	6.66666666666667
421	516	517	8	0	-3	7
422	0	0	0	0	-1	6
423	0	0	0	0	-1	7
424	0	0	0	0	-1	5
425	518	519	2	0.9325	-3	5
426	0	0	0	0	-1	7
427	520	521	5	0	-3	7
428	0	0	0	0	-1	6
429	0	0	0	0	-1	6
430	0	0	0	0	-1	7
431	522	523	10	3.195	-3	7
432	524	525	5	0.0665	-3	5.9375
433	0	0	0	0	-1	7
434	526	527	7	78.5	-3	5.33333333333333
435	0	0	0	0	-1	5.8
436	0	0	0	0	-1	6
437	0	0	0	0	-1	6
438	0	0	0	0	-1	6
439	0	0	0	0	-1	6.66666666666667
440	0	0	0	0	-1	6
441	0	0	0	0	-1	6
442	0	0	0	0	-1	6
443	528	529	10	0.465	-3	5
444	0	0	0	0	-1	5
445	530	531	5	0.084	-3	5
446	532	533	7	20.5	-3	6.14285714285714
447	0	0	0	0	-1	5
448	534	535	2	0.395	-3	6
449	536	537	8	1.0006	-3	6.78571428571429
450	538	539	3	0.53	-3	7.05263157894737
451	0	0	0	0	-1	6
452	0	0	0	0	-1	6
453	0	0	0	0	-1	7
454	540	541	3	0.315	-3	6
455	0	0	0	0	-1	5
456	542	543	1	7.75	-3	5.78571428571429
457	544	545	7	18	-3	6.1
458	0	0	0	0	-1	6
459	0	0	0	0	-1	5
460	546	547	3	0.015	-3	6.03389830508475
461	0	0	0	0	-1	4
462	0	0	0	0	-1	5.6
463	548	549	5	0.11	-3	6.12
464	550	551	7	46	-3	5
465	552	553	8	0.9947	-3	5
466	0	0	0	0	-1	6
467	554	555	5	0.0835	-3	6
468	0	0	0	0	-1	5
469	0	0	0	0	-1	5
470	0	0	0	0	-1	5.75
471	556	557	10	0.655	-3	6
472	558	559	6	10.5	-3	6.33333333333333
473	0	0	0	0	-1	7
474	0	0	0	0	-1	6
475	560	561	1	7.9	-3	5
476	562	563	9	3.37	-3	5.27868852459016
477	564	565	1	6.9	-3	5.75
478	566	567	5	0.0775	-3	5.14285714285714
479	568	569	7	112	-3	5.45454545454545
480	570	571	4	1.95	-3	5.01333333333333
481	0	0	0	0	-1	6
482	572	573	6	0	-3	5
483	0	0	0	0	-1	5
484	0	0	0	0	-1	6
485	574	575	10	0	-3	5
486	0	0	0	0	-1	6
487	576	577	5	0.1615	-3	5.4
488	0	0	0	0	-1	5.8
489	578	579	9	3.355	-3	6
490	580	581	6	11.5	-3	5
491	0	0	0	0	-1	4
492	0	0	0	0	-1	5
493	582	583	7	0	-3	5
494	584	585	8	0.997425	-3	5.09090909090909
495	0	0	0	0	-1	4
496	586	587	1	10.2	-3	6
497	0	0	0	0	-1	5.66666666666667
498	588	589	2	7.4	-3	5
499	0	0	0	0	-1	6
500	0	0	0	0	-1	6
501	0	0	0	0	-1	6
502	0	0	0	0	-1	5
503	0	0	0	0	-1	5.75
504	590	591	8	0.99727	-3	4.875
505	0	0	0	0	-1	6
506	592	593	2	0.585	-3	5.30769230769231
507	594	595	10	0.725	-3	5.94252873563218
508	596	597	1	6.55	-3	5.16666666666667
509	0	0	0	0	-1	6
510	598	599	4	4.75	-3	6
511	0	0	0	0	-1	5
512	0	0	0	0	-1	6
513	600	601	7	30.5	-3	7
514	0	0	0	0	-1	7
515	602	603	2	0.505	-3	6.08695652173913
516	0	0	0	0	-1	7
517	0	0	0	0	-1	7
518	0	0	0	0	-1	5
519	604	605	7	27	-3	5
520	0	0	0	0	-1	5
521	606	607	11	10.7	-3	7
522	0	0	0	0	-1	7
523	0	0	0	0	-1	7
524	0	0	0	0	-1	5
525	608	609	11	9.95	-3	6
526	610	611	9	3.24	-3	5.14285714285714
527	0	0	0	0	-1	6
528	0	0	0	0	-1	5
529	0	0	0	0	-1	5
530	0	0	0	0	-1	5
531	0	0	0	0	-1	5
532	0	0	0	0	-1	6.33333333333333
533	0	0	0	0	-1	6
534	0	0	0	0	-1	6
535	0	0	0	0	-1	6
536	612	613	10	0.725	-3	6.84615384615385
537	0	0	0	0	-1	6
538	614	615	10	0	-3	7
539	0	0	0	0	-1	7.33333333333333
540	0	0	0	0	-1	6.33333333333333
541	616	617	6	27	-3	5.85714285714286
542	0	0	0	0	-1	5
543	618	619	9	3.31	-3	5.91666666666667
544	0	0	0	0	-1	7
545	0	0	0	0	-1	6
546	620	621	11	10.85	-3	6.125
547	622	623	6	18.5	-3	6
548	624	625	7	13	-3	6.08333333333333
549	0	0	0	0	-1	7
550	0	0	0	0	-1	5
551	626	627	2	0	-3	5
552	0	0	0	0	-1	5
553	628	629	7	0	-3	5
554	0	0	0	0	-1	6
555	0	0	0	0	-1	6
556	630	631	2	0	-3	6
557	0	0	0	0	-1	6
558	0	0	0	0	-1	7
559	0	0	0	0	-1	6
560	0	0	0	0	-1	4.5
561	632	633	4	2.05	-3	5.04347826086957
562	634	635	8	0.99596	-3	5.6
563	636	637	11	9.125	-3	5.05555555555556
564	0	0	0	0	-1	5
565	638	639	4	1.95	-3	5.88888888888889
566	640	641	9	3.27	-3	5.01785714285714
567	642	643	9	3.45	-3	5.23376623376623
568	644	645	3	0.225	-3	5.625
569	646	647	3	16	-3	5
570	648	649	4	1.85	-3	5.3125
571	650	651	6	17.5	-3	4.93220338983051
572	0	0	0	0	-1	5
573	652	653	4	3.2	-3	5
574	0	0	0	0	-1	6
575	0	0	0	0	-1	5
576	654	655	1	10.1	-3	5.14285714285714
577	0	0	0	0	-1	6
578	0	0	0	0	-1	6
579	656	657	10	0.82	-3	6
580	0	0	0	0	-1	5
581	658	659	6	31.5	-3	5
582	0	0	0	0	-1	5
583	660	661	9	3.12	-3	5
584	662	663	3	0.255	-3	5
585	0	0	0	0	-1	5.33333333333333
586	664	665	6	6.5	-3	6
587	0	0	0	0	-1	6
588	0	0	0	0	-1	5
589	0	0	0	0	-1	5
590	0	0	0	0	-1	5
591	0	0	0	0	-1	4
592	666	667	9	3.095	-3	5.66666666666667
593	0	0	0	0	-1	5
594	668	669	4	2.15	-3	5.86111111111111
595	670	671	11	11.4	-3	6.33333333333333
596	0	0	0	0	-1	4
597	672	673	6	21.5	-3	5.23529411764706
598	674	675	5	0.0665	-3	6
599	0	0	0	0	-1	6
600	0	0	0	0	-1	7
601	0	0	0	0	-1	7
602	676	677	10	0.725	-3	6
603	678	679	11	11.3	-3	6.25
604	0	0	0	0	-1	5
605	0	0	0	0	-1	5
606	0	0	0	0	-1	7
607	680	681	6	4.5	-3	7
608	0	0	0	0	-1	6
609	0	0	0	0	-1	6
610	0	0	0	0	-1	5.33333333333333
611	0	0	0	0	-1	5
612	0	0	0	0	-1	6.33333333333333
613	682	683	4	2.05	-3	7
614	0	0	0	0	-1	6
615	684	685	2	0	-3	7
616	686	687	8	0.99712	-3	6
617	0	0	0	0	-1	5
618	0	0	0	0	-1	5.5
619	688	689	3	0.51	-3	6
620	0	0	0	0	-1	6
621	690	691	11	11.1	-3	6.18181818181818
622	692	693	7	11.5	-3	6
623	694	695	9	3.405	-3	6
624	0	0	0	0	-1	7
625	696	697	4	1.75	-3	6.04347826086957
626	0	0	0	0	-1	5
627	698	699	9	3.39	-3	5
628	0	0	0	0	-1	6
629	700	701	6	23	-3	5
630	0	0	0	0	-1	5
631	702	703	8	0.995315	-3	6
632	0	0	0	0	-1	5
633	0	0	0	0	-1	5.2
634	0	0	0	0	-1	5
635	704	705	9	3.335	-3	5.71428571428571
636	0	0	0	0	-1	4.4
637	706	707	9	3.465	-3	5.16129032258065
638	708	709	1	7.45	-3	6.07692307692308
639	710	711	2	0.58	-3	5.71428571428571
640	0	0	0	0	-1	5.25
641	712	713	10	0.575	-3	5
642	714	715	1	7.05	-3	5.15625
643	716	717	3	0.28	-3	5.61538461538461
644	718	719	2	0.5525	-3	5.25
645	720	721	2	0.47	-3	5.8125
646	722	723	7	123	-3	5
647	0	0	0	0	-1	5
648	724	725	10	1.24	-3	5.1
649	726	727	5	0.0845	-3	5.66666666666667
650	728	729	9	3.3	-3	4.81481481481481
651	730	731	6	20	-3	5.03125
652	0	0	0	0	-1	5
653	0	0	0	0	-1	5
654	732	733	11	9.35	-3	5
655	0	0	0	0	-1	6
656	0	0	0	0	-1	6
657	734	735	9	0.0885	-3	6
658	0	0	0	0	-1	5
659	736	737	2	0.7375	-3	5
660	0	0	0	0	-1	5
661	0	0	0	0	-1	5
662	0	0	0	0	-1	5
663	0	0	0	0	-1	5
664	0	0	0	0	-1	6
665	0	0	0	0	-1	6
666	0	0	0	0	-1	5
667	0	0	0	0	-1	5.8
668	0	0	0	0	-1	7
669	738	739	1	9.3	-3	5.81159420289855
670	740	741	4	2.4	-3	6.16666666666667
671	0	0	0	0	-1	7
672	0	0	0	0	-1	5
673	0	0	0	0	-1	6
674	0	0	0	0	-1	6
675	0	0	0	0	-1	6
676	742	743	6	5.5	-3	6
677	0	0	0	0	-1	6
678	744	745	1	11.7	-3	6
679	0	0	0	0	-1	7
680	0	0	0	0	-1	7
681	0	0	0	0	-1	7
682	0	0	0	0	-1	7
683	746	747	6	7	-3	7
684	0	0	0	0	-1	6
685	748	749	9	0	-3	7
686	0	0	0	0	-1	6
687	0	0	0	0	-1	6
688	0	0	0	0	-1	6
689	0	0	0	0	-1	6
690	0	0	0	0	-1	7
691	750	751	2	0.585	-3	6.1
692	752	753	1	7.85	-3	6
693	754	755	3	0.22	-3	6
694	0	0	0	0	-1	6
695	0	0	0	0	-1	6
696	0	0	0	0	-1	6.5
697	756	757	3	0.16	-3	6
698	0	0	0	0	-1	5
699	0	0	0	0	-1	5
700	758	759	5	0	-3	5
701	760	761	7	0	-3	5
702	0	0	0	0	-1	6
703	0	0	0	0	-1	6
704	762	763	10	0.56	-3	5.5625
705	0	0	0	0	-1	6.2
706	764	765	11	9.75	-3	5.04545454545455
707	766	767	1	6.7	-3	5.44444444444444
708	768	769	5	0	-3	6
709	0	0	0	0	-1	6.5
710	770	771	8	0.99695	-3	6
711	772	773	5	0.083	-3	5.33333333333333
712	774	775	11	9.35	-3	5
713	776	777	10	0.63	-3	5
714	778	779	11	9.45	-3	5.375
715	780	781	7	43	-3	5.08333333333333
716	782	783	5	0.0785	-3	5.72727272727273
717	0	0	0	0	-1	5
718	0	0	0	0	-1	6
719	784	785	4	2.25	-3	5.14285714285714
720	0	0	0	0	-1	5
721	786	787	4	1.85	-3	5.92857142857143
722	0	0	0	0	-1	5
723	0	0	0	0	-1	5
724	788	789	11	9.4	-3	5
725	0	0	0	0	-1	6
726	0	0	0	0	-1	6
727	0	0	0	0	-1	5.5
728	790	791	3	0.185	-3	4.88
729	0	0	0	0	-1	4
730	792	793	7	104.5	-3	5.16666666666667
731	0	0	0	0	-1	5
732	0	0	0	0	-1	5
733	0	0	0	0	-1	5
734	0	0	0	0	-1	5
735	794	795	6	0	-3	6
736	796	797	4	0	-3	5
737	0	0	0	0	-1	5
738	798	799	3	0.255	-3	5.63414634146341
739	800	801	11	10.05	-3	6.07142857142857
740	802	803	10	0.795	-3	6
741	0	0	0	0	-1	6.5
742	0	0	0	0	-1	6
743	804	805	10	0.67	-3	6
744	0	0	0	0	-1	6
745	0	0	0	0	-1	6
746	0	0	0	0	-1	7
747	0	0	0	0	-1	7
748	0	0	0	0	-1	5
749	806	807	8	0	-3	7
750	0	0	0	0	-1	6
751	0	0	0	0	-1	7
752	0	0	0	0	-1	6
753	0	0	0	0	-1	6
754	808	809	11	11.1	-3	6
755	810	811	1	0.255	-3	6
756	0	0	0	0	-1	6
757	812	813	10	6.5	-3	6
758	0	0	0	0	-1	6
759	814	815	3	2.2	-3	5
760	0	0	0	0	-1	7
761	816	817	7	116	-3	5
762	0	0	0	0	-1	5
763	818	819	2	0.565	-3	5.64285714285714
764	820	821	7	15.5	-3	5
765	0	0	0	0	-1	5.2
766	0	0	0	0	-1	5
767	0	0	0	0	-1	5.8
768	0	0	0	0	-1	7
769	822	823	1	7.3	-3	6
770	0	0	0	0	-1	6
771	0	0	0	0	-1	6
772	0	0	0	0	-1	5
773	0	0	0	0	-1	6
774	824	825	5	0.0715	-3	5
775	0	0	0	0	-1	5
776	826	827	4	1.95	-3	5
777	828	829	10	0.0645	-3	5
778	0	0	0	0	-1	6
779	830	831	1	6.95	-3	5.16666666666667
780	0	0	0	0	-1	6
781	832	833	8	0.99619	-3	5.06382978723404
782	0	0	0	0	-1	5.25
783	834	835	3	0.105	-3	6
784	0	0	0	0	-1	5
785	0	0	0	0	-1	5.5
786	0	0	0	0	-1	5
787	836	837	8	0.99628	-3	6
788	838	839	10	0	-3	5
789	0	0	0	0	-1	5
790	840	841	4	2.25	-3	5
791	842	843	3	0.395	-3	4.76923076923077
792	0	0	0	0	-1	6
793	0	0	0	0	-1	5
794	0	0	0	0	-1	7
795	844	845	5	0.0885	-3	6
796	0	0	0	0	-1	5
797	846	847	7	137.5	-3	5
798	848	849	4	5	-3	5.85714285714286
799	850	851	11	11.1	-3	5.15384615384615
800	0	0	0	0	-1	6.75
801	852	853	4	3.05	-3	5.95833333333333
802	854	855	6	0	-3	6
803	0	0	0	0	-1	6
804	0	0	0	0	-1	6
805	0	0	0	0	-1	6
806	0	0	0	0	-1	6
807	856	857	9	3.25	-3	7
808	858	859	9	3.345	-3	6
809	0	0	0	0	-1	6
810	0	0	0	0	-1	5
811	860	861	6	16	-3	6
812	862	863	9	3.24	-3	6
813	0	0	0	0	-1	6
814	0	0	0	0	-1	5
815	0	0	0	0	-1	5
816	864	865	2	0	-3	5
817	0	0	0	0	-1	5
818	866	867	6	4.5	-3	5.88888888888889
819	0	0	0	0	-1	5.2
820	0	0	0	0	-1	5
821	0	0	0	0	-1	5
822	868	869	7	38.5	-3	6
823	0	0	0	0	-1	6
824	0	0	0	0	-1	5
825	0	0	0	0	-1	5
826	0	0	0	0	-1	5
827	870	871	2	0.585	-3	5
828	0	0	0	0	-1	6
829	872	873	10	0.73	-3	5
830	874	875	8	0.996865	-3	5
831	0	0	0	0	-1	6
832	876	877	7	93.5	-3	5.25
833	878	879	5	0.109	-3	5
834	0	0	0	0	-1	6
835	0	0	0	0	-1	6
836	0	0	0	0	-1	6
837	880	881	5	0.0775	-3	6
838	0	0	0	0	-1	5
839	882	883	7	59	-3	5
840	0	0	0	0	-1	5
841	884	885	10	0	-3	5
842	0	0	0	0	-1	4.4
843	886	887	7	76	-3	5
844	0	0	0	0	-1	6
845	0	0	0	0	-1	6
846	0	0	0	0	-1	5
847	0	0	0	0	-1	5
848	888	889	7	55	-3	5.76923076923077
849	0	0	0	0	-1	7
850	890	891	7	71.5	-3	5
851	0	0	0	0	-1	7
852	892	893	5	0.095	-3	5.90476190476191
853	0	0	0	0	-1	6.33333333333333
854	0	0	0	0	-1	7
855	894	895	2	0.5725	-3	6
856	0	0	0	0	-1	7
857	0	0	0	0	-1	7
858	0	0	0	0	-1	6
859	896	897	2	0.5	-3	6
860	0	0	0	0	-1	6
861	0	0	0	0	-1	6
862	0	0	0	0	-1	6
863	898	899	10	0.74	-3	6
864	0	0	0	0	-1	7
865	900	901	5	3.46	-3	5
866	0	0	0	0	-1	5.66666666666667
867	902	903	7	18.5	-3	6
868	0	0	0	0	-1	6
869	0	0	0	0	-1	6
870	904	905	10	0	-3	5
871	0	0	0	0	-1	5
872	906	907	1	0	-3	5
873	0	0	0	0	-1	5
874	908	909	7	0	-3	5
875	0	0	0	0	-1	5
876	910	911	5	0.0885	-3	5.5
877	912	913	11	9.7	-3	5
878	914	915	3	0.27	-3	5
879	916	917	6	0	-3	5
880	0	0	0	0	-1	6
881	0	0	0	0	-1	6
882	0	0	0	0	-1	5
883	0	0	0	0	-1	5
884	0	0	0	0	-1	6
885	918	919	5	0.075	-3	5
886	0	0	0	0	-1	5
887	920	921	6	0	-3	5
888	922	923	9	3.335	-3	5.68421052631579
889	0	0	0	0	-1	6
890	924	925	9	3.27	-3	5
891	0	0	0	0	-1	5
892	0	0	0	0	-1	6
893	0	0	0	0	-1	5.33333333333333
894	0	0	0	0	-1	6
895	0	0	0	0	-1	6
896	0	0	0	0	-1	6
897	0	0	0	0	-1	6
898	0	0	0	0	-1	6
899	0	0	0	0	-1	6
900	0	0	0	0	-1	5
901	0	0	0	0	-1	5
902	0	0	0	0	-1	6
903	0	0	0	0	-1	6
904	0	0	0	0	-1	6
905	926	927	1	3.3	-3	5
906	0	0	0	0	-1	7
907	928	929	7	0	-3	5
908	0	0	0	0	-1	7
909	930	931	4	0	-3	5
910	0	0	0	0	-1	6
911	0	0	0	0	-1	5
912	0	0	0	0	-1	5
913	0	0	0	0	-1	5
914	932	933	10	0	-3	5
915	934	935	7	82.5	-3	5
916	0	0	0	0	-1	7
917	936	937	1	0.795	-3	5
918	0	0	0	0	-1	5
919	938	939	11	9.45	-3	5
920	0	0	0	0	-1	6
921	940	941	4	2.5	-3	5
922	0	0	0	0	-1	6
923	942	943	1	7.05	-3	5.57142857142857
924	0	0	0	0	-1	5
925	944	945	7	0	-3	5
926	0	0	0	0	-1	7
927	0	0	0	0	-1	5
928	0	0	0	0	-1	4
929	0	0	0	0	-1	5
930	0	0	0	0	-1	7
931	0	0	0	0	-1	5
932	0	0	0	0	-1	5
933	946	947	7	116.5	-3	5
934	0	0	0	0	-1	5
935	0	0	0	0	-1	5
936	0	0	0	0	-1	5
937	0	0	0	0	-1	5
938	0	0	0	0	-1	5
939	0	0	0	0	-1	5
940	0	0	0	0	-1	5
941	0	0	0	0	-1	5
942	948	949	2	0.7275	-3	6
943	950	951	7	40.5	-3	5.14285714285714
944	0	0	0	0	-1	6
945	952	953	8	17.5	-3	5
946	954	955	6	13.5	-3	5
947	0	0	0	0	-1	5
948	0	0	0	0	-1	6
949	0	0	0	0	-1	6
950	0	0	0	0	-1	5
951	0	0	0	0	-1	5.5
952	0	0	0	0	-1	5
953	0	0	0	0	-1	5
954	0	0	0	0	-1	5
955	956	957	11	0	-3	5
956	0	0	0	0	-1	6
957	958	959	2	0.7325	-3	5
958	0	0	0	0	-1	5
959	0	0	0	0	-1	5
