1	2	3	10	0.645	-3	5.63101938711695
2	4	5	8	0.99539	-3	5.40130151843817
3	6	7	11	10.65	-3	5.94387001477104
4	8	9	3	0.255	-3	5.81067961165049
5	10	11	5	0.0585	-3	5.28351955307262
6	12	13	6	31.5	-3	5.5849582172702
7	14	15	7	104	-3	6.34905660377358
8	16	17	10	0.525	-3	5.56060606060606
9	18	19	1	7.55	-3	6.25675675675676
10	20	21	11	9.35	-3	4.75
11	22	23	5	0.207	-3	5.29571428571428
12	24	25	5	0.0665	-3	5.66139240506329
13	26	27	11	10.3	-3	5.02325581395349
14	28	29	8	0.99289	-3	6.37060702875399
15	0	0	0	0	-1	5
16	30	31	4	1.3	-3	5.1
17	32	33	5	0.0745	-3	5.76086956521739
18	34	35	9	3.4	-3	5.94736842105263
19	36	37	3	0.44	-3	6.58333333333333
20	0	0	0	0	-1	4
21	38	39	10	0.43	-3	5
22	40	41	10	0.545	-3	5.28592162554426
23	42	43	4	4.6	-3	5.90909090909091
24	44	45	3	0.055	-3	6.15686274509804
25	46	47	3	0.65	-3	5.56603773584906
26	48	49	5	0.1335	-3	4.95121951219512
27	0	0	0	0	-1	6.5
28	50	51	6	22.5	-3	6.95238095238095
29	52	53	7	34.5	-3	6.32876712328767
30	0	0	0	0	-1	7
31	54	55	7	12.5	-3	5
32	56	57	11	13.05	-3	5.51923076923077
33	58	59	7	14.5	-3	6.075
34	60	61	5	0.0255	-3	6.07142857142857
35	62	63	1	6.05	-3	5.6
36	64	65	10	0.595	-3	6.28571428571429
37	66	67	5	0.094	-3	7
38	0	0	0	0	-1	6
39	68	69	11	11.2	-3	4.90909090909091
40	70	71	2	0.415	-3	5.125
41	72	73	2	0.6325	-3	5.38588235294118
42	0	0	0	0	-1	6
43	0	0	0	0	-1	5
44	0	0	0	0	-1	5.25
45	74	75	8	0.99734	-3	6.23404255319149
46	76	77	8	0.99703	-3	5.52016129032258
47	78	79	11	9.85	-3	6.23529411764706
48	80	81	2	0.41	-3	5.02857142857143
49	82	83	5	0.1585	-3	4.5
50	84	85	6	12.5	-3	7.28571428571429
51	86	87	1	5.35	-3	6.28571428571429
52	88	89	2	0.385	-3	6.5
53	90	91	5	0.0955	-3	6.14788732394366
54	0	0	0	0	-1	3.33333333333333
55	92	93	5	0.066	-3	5.14285714285714
56	94	95	6	11.5	-3	5.58
57	0	0	0	0	-1	4
58	96	97	5	0.1055	-3	6.75
59	98	99	9	3.17	-3	5.90625
60	0	0	0	0	-1	7
61	100	101	3	0.325	-3	6.03703703703704
62	0	0	0	0	-1	6.2
63	0	0	0	0	-1	5
64	102	103	7	14	-3	6.5
65	0	0	0	0	-1	6
66	104	105	1	9.95	-3	7.07142857142857
67	0	0	0	0	-1	6
68	106	107	6	5.5	-3	5
69	0	0	0	0	-1	4
70	108	109	4	4.65	-3	5.35294117647059
71	110	111	2	0.6125	-3	5.07042253521127
72	112	113	8	0.996985	-3	5.48534201954397
73	114	115	4	2.25	-3	5.1271186440678
74	116	117	10	0.895	-3	6.45161290322581
75	118	119	4	2.15	-3	5.8125
76	120	121	2	0.435	-3	5.24324324324324
77	122	123	2	0.5725	-3	5.63793103448276
78	124	125	10	1.105	-3	5.66666666666667
79	126	127	6	13.5	-3	6.875
80	128	129	2	0.395	-3	5.07692307692308
81	130	131	3	0.085	-3	5
82	0	0	0	0	-1	3.5
83	0	0	0	0	-1	5
84	0	0	0	0	-1	8
85	132	133	3	0.21	-3	7.09090909090909
86	134	135	4	1.7	-3	6
87	0	0	0	0	-1	8
88	136	137	3	0.3	-3	6.7910447761194
89	138	139	11	11.65	-3	6.26506024096386
90	140	141	5	0.0735	-3	6.23333333333333
91	142	143	11	11.05	-3	5.68181818181818
92	144	145	11	12.2	-3	5.4
93	146	147	9	3.485	-3	4.8
94	148	149	5	0.0555	-3	5.22222222222222
95	150	151	5	0.0725	-3	5.78125
96	152	153	6	6	-3	7
97	0	0	0	0	-1	6
98	0	0	0	0	-1	5
99	154	155	7	45	-3	5.93548387096774
100	156	157	6	5	-3	6.11111111111111
101	158	159	4	2.3	-3	6
102	0	0	0	0	-1	7
103	160	161	2	0.325	-3	6.14285714285714
104	0	0	0	0	-1	7
105	0	0	0	0	-1	8
106	0	0	0	0	-1	5
107	0	0	0	0	-1	5
108	162	163	7	13.5	-3	5.23404255319149
109	0	0	0	0	-1	6.75
110	164	165	3	0.025	-3	5.15116279069768
111	166	167	6	12.5	-3	5.01574803149606
112	168	169	7	18.5	-3	5.73469387755102
113	170	171	11	9.9	-3	5.25625
114	172	173	2	0.6375	-3	4.98333333333333
115	174	175	7	16.5	-3	5.27586206896552
116	176	177	5	0.064	-3	6.35714285714286
117	0	0	0	0	-1	7.33333333333333
118	178	179	6	14.5	-3	6
119	0	0	0	0	-1	5.4
120	180	181	4	1.75	-3	5.70588235294118
121	182	183	2	0.8975	-3	5.10526315789474
122	184	185	3	0.575	-3	5.79646017699115
123	186	187	10	0.715	-3	5.34426229508197
124	0	0	0	0	-1	6
125	0	0	0	0	-1	5.25
126	188	189	1	12.35	-3	7
127	0	0	0	0	-1	6
128	190	191	8	0.99682	-3	5
129	0	0	0	0	-1	6
130	192	193	10	0	-3	5
131	0	0	0	0	-1	5
132	194	195	3	0.04	-3	7
133	0	0	0	0	-1	8
134	0	0	0	0	-1	6
135	0	0	0	0	-1	6
136	196	197	2	0.345	-3	6
137	198	199	1	10.75	-3	6.86885245901639
138	200	201	1	12.2	-3	6.07407407407407
139	202	203	6	5.5	-3	6.62068965517241
140	204	205	10	0.7	-3	6.07272727272727
141	206	207	11	11.3	-3	6.36923076923077
142	208	209	7	61.5	-3	5.14285714285714
143	210	211	11	13.7	-3	5.93333333333333
144	212	213	1	7.05	-3	5.25
145	0	0	0	0	-1	6
146	214	215	2	0.66	-3	4.91666666666667
147	0	0	0	0	-1	4.33333333333333
148	0	0	0	0	-1	5.75
149	216	217	4	1.55	-3	5.07142857142857
150	218	219	6	31.5	-3	5.86206896551724
151	0	0	0	0	-1	5
152	0	0	0	0	-1	7
153	0	0	0	0	-1	7
154	220	221	4	2.35	-3	6
155	0	0	0	0	-1	5.5
156	0	0	0	0	-1	7
157	222	223	3	0.285	-3	6
158	0	0	0	0	-1	6
159	0	0	0	0	-1	6
160	224	225	7	35.5	-3	6.33333333333333
161	0	0	0	0	-1	5
162	0	0	0	0	-1	6
163	226	227	5	0.079	-3	5.16279069767442
164	0	0	0	0	-1	6
165	228	229	10	0.435	-3	5.0875
166	230	231	7	39	-3	4.87037037037037
167	232	233	6	17.5	-3	5.12328767123288
168	234	235	6	8.5	-3	6.15909090909091
169	236	237	2	0.5425	-3	5.55339805825243
170	238	239	11	8.7	-3	5.08653846153846
171	240	241	2	0.375	-3	5.57142857142857
172	0	0	0	0	-1	4
173	242	243	7	14.5	-3	5.05357142857143
174	244	245	4	3.05	-3	4.77777777777778
175	246	247	1	10.35	-3	5.36734693877551
176	248	249	8	0.99673	-3	6.21739130434783
177	0	0	0	0	-1	7
178	250	251	7	16	-3	6
179	0	0	0	0	-1	6
180	0	0	0	0	-1	5
181	252	253	11	9.65	-3	5.92307692307692
182	254	255	1	8.65	-3	5.03703703703704
183	0	0	0	0	-1	6.33333333333333
184	256	257	10	0.725	-3	5.87878787878788
185	258	259	2	0.48	-3	5.21428571428571
186	260	261	7	23	-3	5.53125
187	262	263	6	25	-3	5.13793103448276
188	0	0	0	0	-1	7
189	0	0	0	0	-1	7
190	0	0	0	0	-1	5
191	264	265	8	0	-3	5
192	0	0	0	0	-1	6
193	266	267	6	34.5	-3	5
194	0	0	0	0	-1	7
195	0	0	0	0	-1	7
196	0	0	0	0	-1	6
197	0	0	0	0	-1	6
198	268	269	1	10.65	-3	6.96363636363636
199	270	271	7	0	-3	6
200	272	273	3	0.105	-3	6.14
201	0	0	0	0	-1	5.25
202	274	275	11	11.8	-3	6
203	276	277	5	0.0665	-3	6.78260869565217
204	278	279	11	11.6	-3	5.66666666666667
205	280	281	9	3.61	-3	6.12244897959184
206	282	283	10	0.755	-3	6.11428571428571
207	284	285	6	16	-3	6.66666666666667
208	286	287	2	0.475	-3	5
209	0	0	0	0	-1	6
210	288	289	1	13.25	-3	6.07692307692308
211	0	0	0	0	-1	5
212	290	291	7	30	-3	5.14285714285714
213	0	0	0	0	-1	6
214	292	293	7	34.5	-3	5
215	0	0	0	0	-1	4.75
216	0	0	0	0	-1	5.6
217	294	295	9	3.485	-3	4.77777777777778
218	296	297	3	0.085	-3	5.92592592592593
219	0	0	0	0	-1	5
220	0	0	0	0	-1	6
221	0	0	0	0	-1	6
222	298	299	8	0.99434	-3	6
223	0	0	0	0	-1	6
224	0	0	0	0	-1	7
225	0	0	0	0	-1	6
226	300	301	11	9.95	-3	5.75
227	302	303	10	0.535	-3	5.02857142857143
228	0	0	0	0	-1	4
229	304	305	8	0.99865	-3	5.10126582278481
230	306	307	9	3.385	-3	4.93617021276596
231	308	309	11	9.5	-3	4.42857142857143
232	310	311	1	7.85	-3	5.27586206896552
233	312	313	3	0.09	-3	5.02272727272727
234	314	315	10	0.61	-3	5.91176470588235
235	0	0	0	0	-1	7
236	316	317	4	2.85	-3	5.3968253968254
237	318	319	10	0.575	-3	5.8
238	0	0	0	0	-1	3
239	320	321	8	1.0007	-3	5.10679611650485
240	322	323	10	0.625	-3	5.125
241	324	325	1	12.3	-3	5.64583333333333
242	326	327	2	0.71	-3	4.16666666666667
243	328	329	5	0.0765	-3	5.16
244	330	331	6	6	-3	5.16666666666667
245	0	0	0	0	-1	4
246	332	333	9	3.295	-3	5.29545454545455
247	0	0	0	0	-1	6
248	334	335	5	0.0585	-3	5.93333333333333
249	336	337	7	19	-3	6.75
250	0	0	0	0	-1	6
251	0	0	0	0	-1	6
252	0	0	0	0	-1	5.5
253	0	0	0	0	-1	6
254	338	339	1	7.55	-3	4.97916666666667
255	340	341	11	10.15	-3	5.5
256	342	343	2	0.44	-3	5.6
257	344	345	7	57	-3	6.06779661016949
258	346	347	10	0.7	-3	5.07692307692308
259	0	0	0	0	-1	7
260	348	349	11	9.825	-3	6
261	350	351	1	9.55	-3	5.4
262	352	353	2	0.7575	-3	5.23076923076923
263	0	0	0	0	-1	4.33333333333333
264	0	0	0	0	-1	5
265	354	355	3	0.38	-3	5
266	0	0	0	0	-1	5
267	0	0	0	0	-1	5
268	356	357	8	0.995105	-3	6.88235294117647
269	0	0	0	0	-1	8
270	0	0	0	0	-1	7
271	0	0	0	0	-1	6
272	358	359	8	0.996515	-3	6.45454545454546
273	360	361	10	0.795	-3	6.05128205128205
274	0	0	0	0	-1	6
275	0	0	0	0	-1	6
276	362	363	8	0.995	-3	6.28571428571429
277	364	365	5	0.069	-3	7
278	0	0	0	0	-1	6
279	0	0	0	0	-1	5.33333333333333
280	366	367	5	0.041	-3	6.14583333333333
281	0	0	0	0	-1	5
282	368	369	8	0.995115	-3	5.90909090909091
283	370	371	3	0.395	-3	6.46153846153846
284	0	0	0	0	-1	6
285	372	373	6	38.5	-3	6.8
286	0	0	0	0	-1	5
287	0	0	0	0	-1	5
288	374	375	6	41	-3	6
289	0	0	0	0	-1	7
290	0	0	0	0	-1	5
291	0	0	0	0	-1	5.66666666666667
292	0	0	0	0	-1	5
293	376	377	4	0	-3	5
294	0	0	0	0	-1	4
295	378	379	8	0	-3	5
296	380	381	1	5.3	-3	6.05882352941176
297	382	383	3	0.115	-3	5.7
298	0	0	0	0	-1	6
299	0	0	0	0	-1	6
300	384	385	7	0	-3	6
301	0	0	0	0	-1	4
302	386	387	8	0.99741	-3	5
303	0	0	0	0	-1	5.33333333333333
304	388	389	7	15.5	-3	5.06756756756757
305	0	0	0	0	-1	5.6
306	390	391	6	4.5	-3	4.89285714285714
307	392	393	1	7.9	-3	5
308	0	0	0	0	-1	4
309	0	0	0	0	-1	4.75
310	394	395	8	0.996525	-3	5
311	396	397	11	9.45	-3	5.61538461538461
312	398	399	3	0.06	-3	5.1
313	400	401	9	3.155	-3	5
314	402	403	11	10.7	-3	6.1304347826087
315	404	405	2	0.555	-3	5.45454545454545
316	406	407	1	8.8	-3	5.3448275862069
317	0	0	0	0	-1	6
318	408	409	1	7.5	-3	5.33333333333333
319	410	411	11	9.9	-3	5.88235294117647
320	412	413	3	0.185	-3	5.14851485148515
321	0	0	0	0	-1	3
322	0	0	0	0	-1	5
323	0	0	0	0	-1	6
324	414	415	3	0.14	-3	5.67391304347826
325	0	0	0	0	-1	5
326	0	0	0	0	-1	5
327	0	0	0	0	-1	3.75
328	416	417	11	10.5	-3	5
329	418	419	8	0.9979	-3	5.26666666666667
330	0	0	0	0	-1	5
331	0	0	0	0	-1	6
332	420	421	10	0.9976	-3	5
333	422	423	7	80	-3	5.41935483870968
334	0	0	0	0	-1	5.66666666666667
335	424	425	8	0.995395	-3	6
336	0	0	0	0	-1	5
337	426	427	8	0.735	-3	7
338	428	429	6	23	-3	5.16
339	430	431	7	21.5	-3	4.78260869565217
340	0	0	0	0	-1	5
341	0	0	0	0	-1	6
342	432	433	6	20.5	-3	5.36
343	434	435	8	0.99715	-3	6
344	436	437	11	10.45	-3	6.16
345	438	439	1	7.45	-3	5.55555555555556
346	440	441	9	0	-3	5
347	442	443	10	0.75	-3	5.14285714285714
348	444	445	9	3.155	-3	5.83333333333333
349	0	0	0	0	-1	7
350	446	447	8	0.99719	-3	5.55555555555556
351	448	449	4	0	-3	5
352	450	451	10	0.95	-3	5.09523809523809
353	0	0	0	0	-1	5.8
354	0	0	0	0	-1	6
355	0	0	0	0	-1	5
356	452	453	2	0.375	-3	7.1
357	454	455	9	3.255	-3	6.74193548387097
358	0	0	0	0	-1	6
359	0	0	0	0	-1	7
360	456	457	10	0.785	-3	6.1
361	458	459	5	0.06	-3	5.88888888888889
362	0	0	0	0	-1	6
363	0	0	0	0	-1	7
364	0	0	0	0	-1	8
365	460	461	7	20.5	-3	6.93333333333333
366	0	0	0	0	-1	7
367	462	463	8	0.99385	-3	6.12765957446809
368	0	0	0	0	-1	5.5
369	464	465	1	7.65	-3	5.95
370	466	467	6	22.5	-3	6
371	468	469	6	21.5	-3	6.85714285714286
372	470	471	7	36.5	-3	6.90909090909091
373	0	0	0	0	-1	6
374	472	473	8	18	-3	6
375	0	0	0	0	-1	6
376	0	0	0	0	-1	7
377	0	0	0	0	-1	5
378	0	0	0	0	-1	6
379	474	475	1	6.15	-3	5
380	0	0	0	0	-1	6.2
381	476	477	9	3.455	-3	6
382	0	0	0	0	-1	5
383	0	0	0	0	-1	6
384	0	0	0	0	-1	5
385	478	479	2	0.305	-3	6
386	480	481	8	0	-3	5
387	482	483	7	0	-3	5
388	0	0	0	0	-1	4.5
389	484	485	9	3.225	-3	5.08333333333333
390	0	0	0	0	-1	4.5
391	486	487	9	3.37	-3	4.92307692307692
392	488	489	5	0	-3	5
393	0	0	0	0	-1	5
394	0	0	0	0	-1	5
395	0	0	0	0	-1	5
396	0	0	0	0	-1	5
397	490	491	1	0	-3	6
398	492	493	8	0	-3	5
399	0	0	0	0	-1	6
400	494	495	10	0	-3	5
401	496	497	3	0.305	-3	5
402	498	499	5	0.0695	-3	5.81818181818182
403	500	501	5	0.1045	-3	6.41666666666667
404	502	503	6	3.5	-3	5.75
405	0	0	0	0	-1	4.66666666666667
406	504	505	3	0.185	-3	5.30909090909091
407	0	0	0	0	-1	6
408	0	0	0	0	-1	6
409	0	0	0	0	-1	5
410	506	507	7	40	-3	5.53846153846154
411	508	509	9	3.48	-3	6.09523809523809
412	510	511	7	90	-3	5.44444444444444
413	512	513	5	0.0705	-3	5.08433734939759
414	0	0	0	0	-1	5
415	514	515	11	10.25	-3	5.70454545454545
416	516	517	11	9.35	-3	5
417	0	0	0	0	-1	5
418	518	519	2	0.6575	-3	5.19230769230769
419	0	0	0	0	-1	5.75
420	520	521	6	22.5	-3	5
421	0	0	0	0	-1	5
422	522	523	3	0.075	-3	5.56
423	524	525	10	0.63	-3	4.83333333333333
424	0	0	0	0	-1	6
425	0	0	0	0	-1	6
426	0	0	0	0	-1	5
427	526	527	1	9.75	-3	7
428	528	529	11	9.45	-3	5.08695652173913
429	0	0	0	0	-1	6
430	0	0	0	0	-1	4
431	530	531	7	54	-3	5
432	532	533	8	0.9994	-3	5.5625
433	534	535	2	0	-3	5
434	0	0	0	0	-1	6
435	536	537	10	9.45	-3	6
436	538	539	1	11.55	-3	6.04545454545455
437	540	541	6	12	-3	7
438	0	0	0	0	-1	6
439	542	543	7	65.5	-3	5.42857142857143
440	0	0	0	0	-1	5
441	0	0	0	0	-1	5
442	0	0	0	0	-1	6
443	0	0	0	0	-1	5
444	0	0	0	0	-1	6
445	0	0	0	0	-1	5.66666666666667
446	0	0	0	0	-1	5
447	544	545	7	38.5	-3	5.66666666666667
448	0	0	0	0	-1	6
449	546	547	11	9.6	-3	5
450	0	0	0	0	-1	5
451	548	549	10	1	-3	5.28571428571429
452	550	551	5	0	-3	7
453	0	0	0	0	-1	7.66666666666667
454	552	553	3	0.37	-3	7
455	554	555	11	11.4	-3	6.52941176470588
456	556	557	4	2.65	-3	6.03703703703704
457	0	0	0	0	-1	6.66666666666667
458	0	0	0	0	-1	5
459	558	559	9	3.305	-3	6
460	560	561	2	0.58	-3	7.14285714285714
461	562	563	4	3.175	-3	6.75
462	0	0	0	0	-1	7
463	564	565	7	41.5	-3	6.08888888888889
464	0	0	0	0	-1	5.8
465	566	567	3	0.335	-3	6
466	0	0	0	0	-1	6
467	0	0	0	0	-1	6
468	0	0	0	0	-1	6
469	0	0	0	0	-1	7
470	0	0	0	0	-1	6
471	568	569	5	0.0795	-3	6.95238095238095
472	570	571	6	19.5	-3	6
473	0	0	0	0	-1	6
474	0	0	0	0	-1	5
475	0	0	0	0	-1	5
476	0	0	0	0	-1	6
477	0	0	0	0	-1	6
478	0	0	0	0	-1	6
479	0	0	0	0	-1	6
480	0	0	0	0	-1	5
481	0	0	0	0	-1	5
482	0	0	0	0	-1	7
483	572	573	4	5.5	-3	5
484	574	575	8	0.99668	-3	5.21428571428571
485	576	577	5	0.0855	-3	5
486	578	579	1	8.15	-3	4.96
487	0	0	0	0	-1	4
488	0	0	0	0	-1	6
489	580	581	4	0	-3	5
490	0	0	0	0	-1	5
491	582	583	7	0	-3	6
492	0	0	0	0	-1	4
493	584	585	4	2.325	-3	5
494	0	0	0	0	-1	5
495	586	587	4	2.6	-3	5
496	588	589	3	0.265	-3	5
497	0	0	0	0	-1	5
498	0	0	0	0	-1	5
499	590	591	3	0.245	-3	5.9
500	0	0	0	0	-1	7
501	592	593	3	0	-3	6
502	0	0	0	0	-1	5
503	594	595	9	3.255	-3	6
504	596	597	11	10.55	-3	5.14285714285714
505	598	599	9	3.33	-3	5.41176470588235
506	0	0	0	0	-1	6
507	600	601	3	0.225	-3	5.33333333333333
508	0	0	0	0	-1	6
509	0	0	0	0	-1	7
510	602	603	5	0.0795	-3	5.53333333333333
511	0	0	0	0	-1	5
512	604	605	10	0.58	-3	4.66666666666667
513	606	607	7	65.5	-3	5.13513513513514
514	608	609	1	10.95	-3	5.88888888888889
515	610	611	6	18.5	-3	5.57692307692308
516	0	0	0	0	-1	5
517	612	613	11	0	-3	5
518	0	0	0	0	-1	6
519	614	615	10	0.555	-3	5.08695652173913
520	0	0	0	0	-1	5
521	0	0	0	0	-1	5
522	616	617	10	0.565	-3	5.83333333333333
523	618	619	9	3.33	-3	5.30769230769231
524	0	0	0	0	-1	5
525	0	0	0	0	-1	4
526	0	0	0	0	-1	7
527	0	0	0	0	-1	7
528	0	0	0	0	-1	5.4
529	620	621	5	0.0775	-3	5
530	622	623	5	0.545	-3	5
531	624	625	1	0.625	-3	5
532	626	627	2	0.305	-3	5.69230769230769
533	0	0	0	0	-1	5
534	0	0	0	0	-1	5
535	628	629	8	0.99877	-3	5
536	0	0	0	0	-1	6
537	0	0	0	0	-1	6
538	630	631	8	1.0001	-3	5.91891891891892
539	632	633	6	8.5	-3	6.71428571428571
540	0	0	0	0	-1	7
541	0	0	0	0	-1	7
542	0	0	0	0	-1	5
543	0	0	0	0	-1	5.6
544	634	635	8	0.99734	-3	5.42857142857143
545	636	637	4	3.05	-3	5.875
546	0	0	0	0	-1	5
547	0	0	0	0	-1	5
548	0	0	0	0	-1	6
549	0	0	0	0	-1	5
550	0	0	0	0	-1	7
551	638	639	4	0	-3	7
552	0	0	0	0	-1	6
553	640	641	3	0.455	-3	7.07692307692308
554	642	643	5	0.0825	-3	6.14285714285714
555	644	645	9	3.425	-3	6.8
556	646	647	6	6.5	-3	6
557	0	0	0	0	-1	6.2
558	0	0	0	0	-1	6
559	0	0	0	0	-1	6
560	0	0	0	0	-1	7
561	0	0	0	0	-1	7.33333333333333
562	0	0	0	0	-1	7
563	0	0	0	0	-1	6.33333333333333
564	648	649	7	38.5	-3	6.27272727272727
565	650	651	5	0.0555	-3	6.02941176470588
566	0	0	0	0	-1	6
567	0	0	0	0	-1	6
568	652	653	6	0	-3	7
569	654	655	4	2.6	-3	6.85714285714286
570	656	657	11	11.95	-3	6
571	0	0	0	0	-1	6
572	658	659	8	0.9981	-3	5
573	0	0	0	0	-1	5
574	0	0	0	0	-1	5
575	660	661	4	3.05	-3	5.4
576	662	663	6	14	-3	5.02380952380952
577	0	0	0	0	-1	4.5
578	664	665	8	0.995665	-3	5
579	0	0	0	0	-1	4.8
580	0	0	0	0	-1	6
581	0	0	0	0	-1	5
582	0	0	0	0	-1	7
583	666	667	3	0.165	-3	6
584	0	0	0	0	-1	5
585	668	669	9	0	-3	5
586	0	0	0	0	-1	5
587	0	0	0	0	-1	5
588	670	671	1	8.35	-3	5
589	672	673	4	2.35	-3	5
590	0	0	0	0	-1	5.5
591	674	675	3	0.35	-3	6
592	0	0	0	0	-1	5
593	676	677	3	0	-3	6
594	0	0	0	0	-1	6
595	0	0	0	0	-1	6
596	678	679	6	9.5	-3	5.1
597	0	0	0	0	-1	6
598	680	681	10	0.585	-3	5
599	682	683	2	0.475	-3	5.63636363636364
600	0	0	0	0	-1	5
601	0	0	0	0	-1	6
602	684	685	2	0.48	-3	5.33333333333333
603	686	687	8	0.9994	-3	5.83333333333333
604	0	0	0	0	-1	4
605	0	0	0	0	-1	5.2
606	688	689	1	12.8	-3	5.34782608695652
607	690	691	10	0.615	-3	5.03921568627451
608	692	693	8	0.99802	-3	6
609	0	0	0	0	-1	5.6
610	694	695	5	0.093	-3	5.68181818181818
611	0	0	0	0	-1	5
612	0	0	0	0	-1	5
613	696	697	1	6.9	-3	5
614	0	0	0	0	-1	5.66666666666667
615	698	699	8	0.99589	-3	5
616	700	701	10	0.555	-3	5.66666666666667
617	702	703	11	10.8	-3	6
618	704	705	1	9	-3	5.83333333333333
619	706	707	4	2.35	-3	4.85714285714286
620	0	0	0	0	-1	5
621	708	709	8	0.99672	-3	5
622	710	711	2	0.45	-3	5
623	0	0	0	0	-1	5
624	0	0	0	0	-1	5
625	712	713	4	1.75	-3	5
626	714	715	6	4.5	-3	5.16666666666667
627	716	717	1	10.2	-3	6.14285714285714
628	718	719	9	0	-3	5
629	0	0	0	0	-1	5
630	720	721	9	3.1	-3	5.97142857142857
631	0	0	0	0	-1	5
632	0	0	0	0	-1	6
633	722	723	2	0.31	-3	6.83333333333333
634	0	0	0	0	-1	6
635	0	0	0	0	-1	5.2
636	0	0	0	0	-1	6
637	0	0	0	0	-1	5
638	0	0	0	0	-1	6
639	724	725	11	0	-3	7
640	0	0	0	0	-1	7.25
641	726	727	4	2	-3	7
642	728	729	11	10.75	-3	6
643	0	0	0	0	-1	7
644	730	731	6	5	-3	6.88888888888889
645	0	0	0	0	-1	6
646	732	733	9	3.285	-3	6
647	734	735	9	3.33	-3	6
648	736	737	6	18.5	-3	6.11111111111111
649	0	0	0	0	-1	7
650	0	0	0	0	-1	6.25
651	738	739	6	23	-3	6
652	0	0	0	0	-1	5
653	0	0	0	0	-1	7
654	0	0	0	0	-1	6
655	740	741	5	3	-3	7
656	0	0	0	0	-1	6
657	0	0	0	0	-1	6
658	0	0	0	0	-1	5
659	742	743	4	0	-3	5
660	744	745	5	0.0835	-3	5.18181818181818
661	0	0	0	0	-1	6
662	746	747	4	2.2	-3	5.1
663	748	749	3	0.055	-3	4.95454545454545
664	0	0	0	0	-1	5
665	0	0	0	0	-1	5
666	0	0	0	0	-1	6
667	0	0	0	0	-1	6
668	0	0	0	0	-1	5
669	750	751	5	0.0775	-3	5
670	752	753	7	75.5	-3	5
671	0	0	0	0	-1	5
672	0	0	0	0	-1	5
673	754	755	4	0	-3	5
674	0	0	0	0	-1	6
675	0	0	0	0	-1	6
676	0	0	0	0	-1	7
677	0	0	0	0	-1	6
678	0	0	0	0	-1	5.25
679	756	757	1	7.7	-3	5.0625
680	0	0	0	0	-1	5
681	0	0	0	0	-1	5
682	758	759	5	0.07	-3	5.77777777777778
683	0	0	0	0	-1	5
684	0	0	0	0	-1	6
685	0	0	0	0	-1	5
686	0	0	0	0	-1	6
687	0	0	0	0	-1	5
688	760	761	7	52.5	-3	5.28571428571429
689	0	0	0	0	-1	6
690	762	763	4	2.95	-3	5
691	764	765	3	0.33	-3	5.11764705882353
692	0	0	0	0	-1	6
693	766	767	5	0.99925	-3	6
694	768	769	7	44.5	-3	6
695	770	771	8	0.999	-3	5.46153846153846
696	0	0	0	0	-1	5
697	772	773	11	9.8	-3	5
698	0	0	0	0	-1	6
699	774	775	8	0.99724	-3	4.94736842105263
700	0	0	0	0	-1	6
701	0	0	0	0	-1	5
702	0	0	0	0	-1	6
703	0	0	0	0	-1	6
704	0	0	0	0	-1	5.66666666666667
705	0	0	0	0	-1	6
706	0	0	0	0	-1	4
707	776	777	3	10.35	-3	5
708	778	779	6	0	-3	5
709	780	781	7	0	-3	5
710	0	0	0	0	-1	5
711	782	783	8	0	-3	5
712	0	0	0	0	-1	5
713	784	785	10	0	-3	5
714	0	0	0	0	-1	6
715	0	0	0	0	-1	5
716	0	0	0	0	-1	6.33333333333333
717	0	0	0	0	-1	6
718	0	0	0	0	-1	5
719	786	787	3	0.32	-3	5
720	0	0	0	0	-1	5.5
721	788	789	5	0.075	-3	6
722	0	0	0	0	-1	7
723	0	0	0	0	-1	6.66666666666667
724	0	0	0	0	-1	6
725	790	791	8	0	-3	7
726	0	0	0	0	-1	7
727	0	0	0	0	-1	7
728	0	0	0	0	-1	6
729	0	0	0	0	-1	6
730	0	0	0	0	-1	6.75
731	0	0	0	0	-1	7
732	792	793	9	3.245	-3	6
733	0	0	0	0	-1	6
734	0	0	0	0	-1	6
735	0	0	0	0	-1	6
736	794	795	1	8.2	-3	6
737	0	0	0	0	-1	7
738	0	0	0	0	-1	6
739	796	797	9	3.28	-3	6
740	0	0	0	0	-1	7
741	0	0	0	0	-1	7
742	0	0	0	0	-1	7
743	798	799	6	8	-3	5
744	0	0	0	0	-1	6
745	800	801	3	0	-3	5
746	802	803	6	8.5	-3	5.33333333333333
747	804	805	3	0	-3	5
748	0	0	0	0	-1	4
749	806	807	7	59.5	-3	5
750	0	0	0	0	-1	5
751	0	0	0	0	-1	5
752	808	809	1	7.7	-3	5
753	810	811	7	0	-3	5
754	0	0	0	0	-1	6
755	812	813	4	2.9	-3	5
756	814	815	4	0	-3	5
757	0	0	0	0	-1	5.5
758	0	0	0	0	-1	5
759	816	817	5	0.087	-3	5.93333333333333
760	818	819	7	31.5	-3	5.14285714285714
761	820	821	2	0.365	-3	5.57142857142857
762	822	823	9	3.24	-3	5
763	824	825	2	0.4	-3	5
764	826	827	8	0.999565	-3	5
765	828	829	3	0.345	-3	5.22222222222222
766	830	831	10	0.635	-3	6
767	0	0	0	0	-1	6
768	0	0	0	0	-1	6
769	0	0	0	0	-1	6
770	0	0	0	0	-1	5
771	832	833	4	2.75	-3	5.66666666666667
772	834	835	11	0	-3	5
773	0	0	0	0	-1	5
774	836	837	6	22.5	-3	5
775	0	0	0	0	-1	4.66666666666667
776	0	0	0	0	-1	5
777	0	0	0	0	-1	5
778	0	0	0	0	-1	5
779	838	839	10	31	-3	5
780	0	0	0	0	-1	5
781	840	841	6	0	-3	5
782	0	0	0	0	-1	5
783	0	0	0	0	-1	5
784	0	0	0	0	-1	4
785	842	843	2	0.7175	-3	5
786	0	0	0	0	-1	5
787	0	0	0	0	-1	5
788	844	845	9	3.22	-3	6
789	846	847	10	0.765	-3	6
790	0	0	0	0	-1	7
791	848	849	2	0	-3	7
792	0	0	0	0	-1	6
793	0	0	0	0	-1	6
794	0	0	0	0	-1	6
795	0	0	0	0	-1	6
796	0	0	0	0	-1	6
797	0	0	0	0	-1	6
798	0	0	0	0	-1	5
799	0	0	0	0	-1	5
800	0	0	0	0	-1	4
801	0	0	0	0	-1	5
802	0	0	0	0	-1	6
803	0	0	0	0	-1	5.2
804	0	0	0	0	-1	5
805	850	851	1	2.45	-3	5
806	852	853	8	0	-3	5
807	0	0	0	0	-1	5
808	0	0	0	0	-1	5
809	0	0	0	0	-1	5
810	0	0	0	0	-1	5
811	854	855	4	0	-3	5
812	0	0	0	0	-1	5
813	0	0	0	0	-1	5
814	0	0	0	0	-1	5
815	856	857	6	24.5	-3	5
816	858	859	11	0	-3	6
817	0	0	0	0	-1	5.75
818	860	861	8	0.9979	-3	5.33333333333333
819	862	863	10	0.56	-3	5
820	0	0	0	0	-1	6
821	0	0	0	0	-1	5.25
822	0	0	0	0	-1	5
823	864	865	10	9.3	-3	5
824	0	0	0	0	-1	5
825	866	867	7	0	-3	5
826	868	869	4	0	-3	5
827	0	0	0	0	-1	5
828	0	0	0	0	-1	6
829	870	871	5	0	-3	5
830	0	0	0	0	-1	6
831	0	0	0	0	-1	6
832	0	0	0	0	-1	5
833	872	873	9	3.16	-3	5.85714285714286
834	0	0	0	0	-1	5
835	874	875	11	0	-3	5
836	876	877	7	0	-3	5
837	0	0	0	0	-1	5
838	0	0	0	0	-1	5
839	0	0	0	0	-1	5
840	0	0	0	0	-1	5
841	0	0	0	0	-1	5
842	0	0	0	0	-1	5
843	0	0	0	0	-1	5
844	0	0	0	0	-1	6
845	0	0	0	0	-1	6
846	0	0	0	0	-1	6
847	0	0	0	0	-1	6
848	0	0	0	0	-1	6
849	878	879	1	9.15	-3	7
850	0	0	0	0	-1	5
851	880	881	6	7.5	-3	5
852	0	0	0	0	-1	5
853	0	0	0	0	-1	5
854	0	0	0	0	-1	5
855	0	0	0	0	-1	5
856	882	883	6	11.5	-3	5
857	0	0	0	0	-1	5
858	0	0	0	0	-1	5
859	884	885	7	57	-3	6
860	0	0	0	0	-1	6
861	0	0	0	0	-1	5
862	0	0	0	0	-1	5
863	886	887	4	0	-3	5
864	888	889	3	0.305	-3	5
865	0	0	0	0	-1	5
866	0	0	0	0	-1	5
867	890	891	11	0	-3	5
868	0	0	0	0	-1	6
869	892	893	9	0	-3	5
870	0	0	0	0	-1	6
871	0	0	0	0	-1	5
872	894	895	4	0	-3	6
873	0	0	0	0	-1	5
874	0	0	0	0	-1	5
875	0	0	0	0	-1	5
876	0	0	0	0	-1	7
877	0	0	0	0	-1	5
878	0	0	0	0	-1	7
879	0	0	0	0	-1	7
880	0	0	0	0	-1	5
881	896	897	7	0	-3	5
882	0	0	0	0	-1	5
883	898	899	11	9.5	-3	5
884	900	901	1	0	-3	6
885	0	0	0	0	-1	6
886	0	0	0	0	-1	4
887	902	903	11	9.15	-3	5
888	0	0	0	0	-1	5
889	0	0	0	0	-1	5
890	0	0	0	0	-1	7
891	904	905	6	0	-3	5
892	0	0	0	0	-1	7
893	0	0	0	0	-1	5
894	0	0	0	0	-1	7
895	0	0	0	0	-1	6
896	0	0	0	0	-1	5
897	906	907	7	0	-3	5
898	0	0	0	0	-1	5
899	908	909	11	0	-3	5
900	0	0	0	0	-1	5
901	910	911	8	0.99553	-3	6
902	0	0	0	0	-1	5
903	0	0	0	0	-1	5
904	0	0	0	0	-1	7
905	912	913	5	0	-3	5
906	0	0	0	0	-1	7
907	0	0	0	0	-1	5
908	0	0	0	0	-1	5
909	914	915	7	0	-3	5
910	0	0	0	0	-1	6
911	0	0	0	0	-1	6
912	0	0	0	0	-1	6
913	0	0	0	0	-1	5
914	0	0	0	0	-1	6
915	0	0	0	0	-1	5
