1	2	3	10	0.645	-3	5.65228267667292
2	4	5	11	11.05	-3	5.40365984930032
3	6	7	8	0.996215	-3	5.99701492537313
4	8	9	2	0.6525	-3	5.3
5	10	11	1	6.55	-3	5.8698224852071
6	12	13	7	45.5	-3	6.42639593908629
7	14	15	11	9.95	-3	5.81818181818182
8	16	17	11	8.7	-3	5.38941398865784
9	18	19	7	9.5	-3	5.09523809523809
10	20	21	7	11.5	-3	5.47916666666667
11	22	23	2	0.765	-3	6.02479338842975
12	24	25	3	0.295	-3	6.63076923076923
13	26	27	11	12.95	-3	6.02985074626866
14	28	29	1	10.65	-3	5.42512077294686
15	30	31	7	76.5	-3	6.12406015037594
16	0	0	0	0	-1	3
17	32	33	7	95	-3	5.39848197343453
18	34	35	9	3.45	-3	3.83333333333333
19	36	37	4	1.3	-3	5.12888888888889
20	0	0	0	0	-1	6.75
21	38	39	7	106	-3	5.36363636363636
22	40	41	1	10.6	-3	6.12280701754386
23	42	43	4	1.95	-3	4.42857142857143
24	44	45	6	32	-3	6.23076923076923
25	46	47	9	3.16	-3	6.8021978021978
26	48	49	1	5.8	-3	5.87037037037037
27	50	51	6	22.5	-3	6.69230769230769
28	52	53	3	0.645	-3	5.30232558139535
29	54	55	2	0.415	-3	6.02857142857143
30	56	57	9	2.945	-3	6.22175732217573
31	58	59	3	0.525	-3	5.25925925925926
32	60	61	10	0.465	-3	5.45043103448276
33	62	63	8	0.99605	-3	5.01587301587302
34	0	0	0	0	-1	4.25
35	0	0	0	0	-1	3
36	0	0	0	0	-1	3
37	64	65	1	6.35	-3	5.13839285714286
38	66	67	11	11.55	-3	5.42857142857143
39	0	0	0	0	-1	4
40	68	69	4	6.1	-3	6.18867924528302
41	70	71	9	3.19	-3	5.25
42	0	0	0	0	-1	6
43	72	73	2	0.8575	-3	4.16666666666667
44	74	75	11	12.15	-3	6.18421052631579
45	0	0	0	0	-1	8
46	76	77	7	23.5	-3	6.35714285714286
47	78	79	7	19.5	-3	6.88311688311688
48	0	0	0	0	-1	5
49	80	81	2	0.585	-3	5.92156862745098
50	82	83	9	3.7	-3	7.16666666666667
51	84	85	1	5.35	-3	6.28571428571429
52	86	87	2	0.605	-3	5.27272727272727
53	88	89	8	0.99725	-3	6
54	90	91	8	0.9978	-3	6.22222222222222
55	92	93	2	0.53	-3	5.375
56	0	0	0	0	-1	5
57	94	95	10	0.655	-3	6.24786324786325
58	96	97	8	0.9999	-3	5.16666666666667
59	0	0	0	0	-1	6
60	98	99	1	7.2	-3	4.96428571428571
61	100	101	8	0.99487	-3	5.48165137614679
62	102	103	9	3.275	-3	5.11111111111111
63	104	105	9	3.275	-3	5
64	106	107	9	3.685	-3	4.33333333333333
65	108	109	2	0.99	-3	5.1605504587156
66	110	111	8	0.995235	-3	5.06666666666667
67	112	113	1	4.8	-3	5.62962962962963
68	114	115	7	14	-3	6.26262626262626
69	116	117	4	7.3	-3	5.14285714285714
70	118	119	3	0.585	-3	5
71	0	0	0	0	-1	6
72	0	0	0	0	-1	5
73	0	0	0	0	-1	4
74	120	121	4	1.85	-3	6.09677419354839
75	122	123	6	18	-3	6.57142857142857
76	124	125	10	0.76	-3	6.625
77	126	127	10	0.735	-3	6
78	128	129	9	3.25	-3	7.12
79	130	131	6	10.5	-3	6.76923076923077
80	132	133	1	9.05	-3	6.02857142857143
81	134	135	6	15.5	-3	5.6875
82	0	0	0	0	-1	7
83	0	0	0	0	-1	8
84	136	137	10	0.705	-3	6
85	0	0	0	0	-1	8
86	138	139	3	0.375	-3	5.4020618556701
87	140	141	3	0.09	-3	5.08823529411765
88	0	0	0	0	-1	6.4
89	0	0	0	0	-1	5
90	0	0	0	0	-1	7
91	142	143	1	14.65	-3	6.08695652173913
92	0	0	0	0	-1	4.75
93	0	0	0	0	-1	6
94	144	145	8	0.99782	-3	6.89473684210526
95	146	147	11	11.05	-3	6.1906976744186
96	148	149	6	11	-3	5.09523809523809
97	0	0	0	0	-1	5.66666666666667
98	0	0	0	0	-1	4.4
99	150	151	7	88.5	-3	5.08695652173913
100	152	153	4	1.35	-3	6
101	154	155	8	0.99504	-3	5.44878048780488
102	0	0	0	0	-1	5.5
103	156	157	10	0	-3	5
104	158	159	8	0.997845	-3	5
105	160	161	2	0.5	-3	5
106	0	0	0	0	-1	4.5
107	0	0	0	0	-1	4
108	162	163	11	10.25	-3	5.13942307692308
109	164	165	3	0.12	-3	5.6
110	166	167	4	2.05	-3	5.23076923076923
111	0	0	0	0	-1	4
112	0	0	0	0	-1	4
113	168	169	2	0.495	-3	5.69230769230769
114	170	171	2	0.4125	-3	6.68571428571429
115	172	173	6	39	-3	6.03125
116	0	0	0	0	-1	4
117	0	0	0	0	-1	6.66666666666667
118	0	0	0	0	-1	5
119	0	0	0	0	-1	5
120	174	175	2	0.63	-3	6.71428571428571
121	176	177	1	6.15	-3	5.91666666666667
122	0	0	0	0	-1	6.8
123	0	0	0	0	-1	6
124	0	0	0	0	-1	6
125	178	179	10	0.85	-3	6.83333333333333
126	0	0	0	0	-1	6
127	0	0	0	0	-1	6
128	180	181	1	8.15	-3	7.33333333333333
129	182	183	1	8.85	-3	6.92307692307692
130	184	185	7	26.5	-3	5.88888888888889
131	186	187	3	0.315	-3	6.95348837209302
132	188	189	5	0.0755	-3	6
133	0	0	0	0	-1	7
134	0	0	0	0	-1	5
135	190	191	2	0.6	-3	5.84615384615385
136	0	0	0	0	-1	6
137	0	0	0	0	-1	6
138	192	193	8	0.99717	-3	5.50877192982456
139	194	195	4	1.55	-3	5.25
140	196	197	5	0.07	-3	5.23333333333333
141	198	199	10	1.095	-3	4.97368421052632
142	200	201	2	0.355	-3	5.95
143	0	0	0	0	-1	7
144	202	203	7	16.5	-3	7.41666666666667
145	204	205	1	0	-3	6
146	206	207	3	0.65	-3	6.03821656050956
147	208	209	5	0.1255	-3	6.60344827586207
148	0	0	0	0	-1	6
149	210	211	1	7.25	-3	5
150	212	213	2	0.405	-3	5.04545454545455
151	0	0	0	0	-1	6
152	0	0	0	0	-1	7
153	214	215	11	10.75	-3	5.8695652173913
154	0	0	0	0	-1	4.2
155	216	217	7	35.5	-3	5.4641975308642
156	0	0	0	0	-1	5
157	218	219	4	2.05	-3	5
158	0	0	0	0	-1	5
159	220	221	1	9.55	-3	5
160	222	223	8	0	-3	5
161	224	225	6	44	-3	5
162	226	227	11	9.05	-3	5.07058823529412
163	228	229	1	7	-3	5.44736842105263
164	230	231	10	0.515	-3	5.83333333333333
165	0	0	0	0	-1	5.25
166	232	233	4	1.95	-3	5
167	0	0	0	0	-1	6
168	234	235	5	0.0835	-3	6.125
169	236	237	9	3.65	-3	5.5
170	238	239	4	1.3	-3	6.82758620689655
171	240	241	2	0.445	-3	6
172	242	243	5	0.0255	-3	6
173	0	0	0	0	-1	8
174	244	245	5	0.122	-3	6.83333333333333
175	0	0	0	0	-1	6
176	0	0	0	0	-1	5
177	246	247	1	8.55	-3	5.95652173913043
178	0	0	0	0	-1	7
179	0	0	0	0	-1	6
180	0	0	0	0	-1	8
181	248	249	11	12.3	-3	7.2
182	250	251	7	8	-3	7
183	0	0	0	0	-1	6
184	252	253	11	11.75	-3	6.33333333333333
185	0	0	0	0	-1	5
186	0	0	0	0	-1	7.75
187	254	255	11	10.5	-3	6.87179487179487
188	256	257	4	0.89	-3	6
189	0	0	0	0	-1	6
190	0	0	0	0	-1	5
191	258	259	5	0.0835	-3	6
192	260	261	2	0.565	-3	5.04545454545455
193	262	263	6	21.5	-3	5.8
194	0	0	0	0	-1	3.66666666666667
195	264	265	7	81.5	-3	5.37837837837838
196	266	267	3	0.01	-3	5.54545454545455
197	268	269	3	0.065	-3	5.05263157894737
198	270	271	4	1.9	-3	5
199	272	273	5	0.097	-3	4.83333333333333
200	274	275	6	5.5	-3	6
201	276	277	4	2.25	-3	5.83333333333333
202	0	0	0	0	-1	8
203	278	279	2	0.425	-3	7
204	0	0	0	0	-1	5
205	0	0	0	0	-1	6
206	280	281	5	0.0975	-3	6.00666666666667
207	282	283	1	13.25	-3	6.71428571428571
208	284	285	2	0.26	-3	6.69811320754717
209	0	0	0	0	-1	5.6
210	286	287	4	5	-3	5
211	288	289	6	0	-3	5
212	0	0	0	0	-1	5.33333333333333
213	290	291	4	2.1	-3	5
214	292	293	5	0.083	-3	5.95238095238095
215	0	0	0	0	-1	5
216	294	295	9	3.45	-3	5.60606060606061
217	296	297	3	0.025	-3	5.36666666666667
218	0	0	0	0	-1	5
219	0	0	0	0	-1	5
220	298	299	10	0.565	-3	5
221	0	0	0	0	-1	5
222	0	0	0	0	-1	5
223	300	301	3	0	-3	5
224	302	303	7	104.5	-3	5
225	0	0	0	0	-1	5
226	0	0	0	0	-1	5.66666666666667
227	304	305	3	0.075	-3	5.05988023952096
228	306	307	6	7.5	-3	5.66666666666667
229	308	309	5	0.091	-3	5.17647058823529
230	0	0	0	0	-1	5
231	0	0	0	0	-1	6
232	310	311	5	0.0775	-3	5.11111111111111
233	0	0	0	0	-1	4
234	312	313	11	0	-3	6
235	0	0	0	0	-1	7
236	314	315	8	0.9958	-3	5.35714285714286
237	0	0	0	0	-1	6
238	0	0	0	0	-1	6
239	316	317	1	9.9	-3	6.92307692307692
240	0	0	0	0	-1	6
241	0	0	0	0	-1	6
242	0	0	0	0	-1	7
243	318	319	7	18.5	-3	5.98387096774194
244	0	0	0	0	-1	7
245	0	0	0	0	-1	6
246	320	321	3	0.1	-3	6
247	0	0	0	0	-1	5
248	322	323	1	9.8	-3	7
249	0	0	0	0	-1	8
250	0	0	0	0	-1	6
251	324	325	10	0.695	-3	7.09090909090909
252	0	0	0	0	-1	5.66666666666667
253	0	0	0	0	-1	7
254	0	0	0	0	-1	6
255	326	327	1	7.05	-3	6.91891891891892
256	0	0	0	0	-1	6
257	328	329	4	1.85	-3	6
258	0	0	0	0	-1	6
259	0	0	0	0	-1	6
260	0	0	0	0	-1	5
261	330	331	3	0.205	-3	5.14285714285714
262	332	333	1	6.7	-3	5.9
263	0	0	0	0	-1	5.2
264	334	335	2	0.27	-3	5.625
265	336	337	8	0.99714	-3	4.92307692307692
266	0	0	0	0	-1	5
267	338	339	5	0.067	-3	6
268	340	341	5	0.073	-3	4.94117647058824
269	0	0	0	0	-1	6
270	342	343	5	0.0805	-3	5
271	344	345	8	0.9967	-3	5
272	0	0	0	0	-1	4
273	0	0	0	0	-1	5
274	0	0	0	0	-1	6
275	346	347	8	1.0011	-3	6
276	0	0	0	0	-1	6
277	0	0	0	0	-1	5.5
278	0	0	0	0	-1	7
279	0	0	0	0	-1	7
280	348	349	5	0.0935	-3	6.06716417910448
281	350	351	7	19	-3	5.5
282	0	0	0	0	-1	7
283	0	0	0	0	-1	6
284	0	0	0	0	-1	6
285	352	353	10	0.895	-3	6.72549019607843
286	0	0	0	0	-1	5
287	354	355	10	0	-3	5
288	0	0	0	0	-1	6
289	0	0	0	0	-1	5
290	356	357	5	0.0765	-3	5
291	358	359	6	1.0001	-3	5
292	0	0	0	0	-1	6
293	0	0	0	0	-1	5
294	360	361	7	26.5	-3	5.62893081761006
295	0	0	0	0	-1	5
296	362	363	10	0.525	-3	5.88888888888889
297	364	365	11	9.35	-3	5.32432432432432
298	0	0	0	0	-1	5
299	366	367	6	0	-3	5
300	0	0	0	0	-1	5
301	0	0	0	0	-1	5
302	0	0	0	0	-1	5
303	368	369	4	1.9	-3	5
304	370	371	5	0.063	-3	4.92592592592593
305	372	373	10	0.57	-3	5.12389380530974
306	374	375	10	0.59	-3	5.28571428571429
307	376	377	5	0.11	-3	5.85714285714286
308	378	379	1	9.25	-3	5.33333333333333
309	0	0	0	0	-1	4
310	380	381	3	0.165	-3	5
311	0	0	0	0	-1	6
312	0	0	0	0	-1	6
313	382	383	8	0.9954	-3	6
314	384	385	8	0.992235	-3	5.18181818181818
315	0	0	0	0	-1	6
316	386	387	8	0.995645	-3	6.96
317	0	0	0	0	-1	6
318	388	389	11	11.45	-3	5.8125
319	390	391	10	0.495	-3	6.04347826086957
320	392	393	10	0.89	-3	6
321	394	395	7	39	-3	6
322	396	397	5	0	-3	7
323	0	0	0	0	-1	7
324	0	0	0	0	-1	8
325	398	399	4	2.3	-3	7
326	0	0	0	0	-1	6
327	400	401	10	0.68	-3	6.97142857142857
328	0	0	0	0	-1	6
329	402	403	1	7.25	-3	6
330	404	405	6	0	-3	5
331	0	0	0	0	-1	6
332	0	0	0	0	-1	5
333	406	407	2	0.575	-3	5.93103448275862
334	0	0	0	0	-1	6
335	408	409	7	36	-3	5.52631578947368
336	0	0	0	0	-1	6
337	410	411	8	0.9975	-3	4.83333333333333
338	0	0	0	0	-1	6
339	0	0	0	0	-1	6
340	0	0	0	0	-1	4
341	412	413	1	7.15	-3	5
342	414	415	5	0	-3	5
343	416	417	1	0	-3	5
344	0	0	0	0	-1	5
345	0	0	0	0	-1	5
346	418	419	4	1.9	-3	6
347	0	0	0	0	-1	6
348	420	421	2	0.285	-3	6.02380952380952
349	422	423	6	18.5	-3	6.75
350	0	0	0	0	-1	5
351	424	425	1	9.7	-3	5.61538461538461
352	426	427	9	3.205	-3	6.78260869565218
353	0	0	0	0	-1	6.2
354	0	0	0	0	-1	7
355	428	429	4	5.55	-3	5
356	0	0	0	0	-1	5
357	430	431	11	0	-3	5
358	0	0	0	0	-1	5
359	432	433	9	3.27	-3	5
360	434	435	6	8.5	-3	5.52525252525253
361	436	437	10	0.635	-3	5.8
362	0	0	0	0	-1	5
363	438	439	10	0.555	-3	6
364	440	441	6	8.5	-3	5
365	442	443	5	0.0725	-3	5.36923076923077
366	0	0	0	0	-1	6
367	0	0	0	0	-1	5
368	0	0	0	0	-1	5
369	444	445	10	0	-3	5
370	0	0	0	0	-1	3.66666666666667
371	446	447	5	0.0695	-3	5
372	448	449	6	12.5	-3	5.15789473684211
373	450	451	8	0.99724	-3	4.94444444444444
374	0	0	0	0	-1	5
375	0	0	0	0	-1	6
376	452	453	8	3.38	-3	6
377	0	0	0	0	-1	5.33333333333333
378	454	455	6	18.5	-3	5.09090909090909
379	0	0	0	0	-1	6
380	456	457	5	0	-3	5
381	0	0	0	0	-1	5
382	0	0	0	0	-1	6
383	0	0	0	0	-1	6
384	0	0	0	0	-1	6
385	458	459	1	6.25	-3	5
386	460	461	5	0	-3	7
387	0	0	0	0	-1	6.8
388	0	0	0	0	-1	5.33333333333333
389	462	463	4	3.075	-3	5.92307692307692
390	0	0	0	0	-1	6.4
391	464	465	11	11.25	-3	6
392	0	0	0	0	-1	6
393	0	0	0	0	-1	6
394	466	467	1	7.65	-3	6
395	0	0	0	0	-1	6
396	0	0	0	0	-1	6
397	468	469	1	8.9	-3	7
398	0	0	0	0	-1	7
399	470	471	3	0.35	-3	7
400	0	0	0	0	-1	6
401	472	473	1	9.45	-3	7
402	474	475	5	0.0705	-3	6
403	476	477	6	38.5	-3	6
404	0	0	0	0	-1	5
405	0	0	0	0	-1	5
406	478	479	9	3.605	-3	6
407	480	481	6	12	-3	5.66666666666667
408	482	483	1	9.2	-3	5.25
409	484	485	3	0.495	-3	6
410	0	0	0	0	-1	4
411	486	487	4	2.3	-3	5
412	488	489	2	0	-3	5
413	0	0	0	0	-1	5
414	0	0	0	0	-1	4
415	490	491	11	9.5	-3	5
416	0	0	0	0	-1	6
417	492	493	1	8.5	-3	5
418	0	0	0	0	-1	6
419	494	495	4	20	-3	6
420	496	497	3	0.475	-3	6.34375
421	498	499	4	2.45	-3	5.91489361702128
422	0	0	0	0	-1	7
423	0	0	0	0	-1	6
424	0	0	0	0	-1	5
425	500	501	3	0.38	-3	5.88888888888889
426	502	503	5	0	-3	7
427	504	505	4	2.3	-3	6.6551724137931
428	0	0	0	0	-1	5
429	0	0	0	0	-1	5
430	0	0	0	0	-1	5
431	0	0	0	0	-1	5
432	506	507	8	0	-3	5
433	0	0	0	0	-1	5
434	508	509	10	0.585	-3	5.43589743589744
435	510	511	2	0.575	-3	5.85714285714286
436	512	513	6	10.5	-3	5.85185185185185
437	514	515	8	0.995415	-3	5.33333333333333
438	0	0	0	0	-1	6
439	516	517	7	0	-3	6
440	0	0	0	0	-1	5.75
441	518	519	1	10.05	-3	4.8695652173913
442	520	521	10	0.525	-3	4.85
443	522	523	10	0.575	-3	5.42857142857143
444	0	0	0	0	-1	5
445	524	525	3	0.295	-3	5
446	0	0	0	0	-1	5.5
447	526	527	7	10.5	-3	4.95744680851064
448	528	529	7	11.5	-3	5.04444444444445
449	530	531	6	19.5	-3	5.26
450	532	533	10	0.585	-3	5
451	534	535	2	0.675	-3	4.83333333333333
452	536	537	9	2.15	-3	6
453	0	0	0	0	-1	6
454	538	539	7	12	-3	5
455	0	0	0	0	-1	6
456	0	0	0	0	-1	6
457	0	0	0	0	-1	5
458	540	541	5	0	-3	5
459	0	0	0	0	-1	5
460	0	0	0	0	-1	6
461	542	543	5	0	-3	7
462	544	545	1	8.65	-3	6
463	0	0	0	0	-1	5
464	0	0	0	0	-1	5.33333333333333
465	546	547	10	0.615	-3	6.05263157894737
466	0	0	0	0	-1	6
467	0	0	0	0	-1	6
468	0	0	0	0	-1	7
469	0	0	0	0	-1	7
470	0	0	0	0	-1	7
471	0	0	0	0	-1	7
472	0	0	0	0	-1	7
473	0	0	0	0	-1	7
474	548	549	5	0.065	-3	6
475	0	0	0	0	-1	6
476	550	551	6	2.35	-3	6
477	0	0	0	0	-1	6
478	552	553	5	0.1335	-3	6
479	0	0	0	0	-1	6
480	0	0	0	0	-1	5
481	0	0	0	0	-1	6
482	0	0	0	0	-1	6
483	554	555	8	0.9984	-3	5.1
484	0	0	0	0	-1	6
485	0	0	0	0	-1	6
486	0	0	0	0	-1	5
487	556	557	10	0	-3	5
488	0	0	0	0	-1	5
489	558	559	2	0	-3	5
490	0	0	0	0	-1	5
491	0	0	0	0	-1	5
492	560	561	11	0	-3	5
493	0	0	0	0	-1	5
494	562	563	2	0.265	-3	6
495	0	0	0	0	-1	6
496	564	565	2	0.23	-3	6.6
497	566	567	8	0.99659	-3	6.11764705882353
498	568	569	5	0.086	-3	5.73584905660377
499	570	571	10	0.755	-3	6.14634146341463
500	0	0	0	0	-1	5
501	572	573	9	3.295	-3	6
502	0	0	0	0	-1	5
503	574	575	6	0	-3	7
504	576	577	2	0.335	-3	6.11111111111111
505	578	579	11	12.55	-3	6.9
506	0	0	0	0	-1	6
507	580	581	8	0.405	-3	5
508	582	583	10	0.565	-3	5.14705882352941
509	584	585	9	3.235	-3	5.65909090909091
510	586	587	4	1.95	-3	5.5
511	0	0	0	0	-1	7
512	588	589	7	31.5	-3	5.7037037037037
513	590	591	10	0.625	-3	6
514	0	0	0	0	-1	6
515	0	0	0	0	-1	5
516	0	0	0	0	-1	5
517	592	593	1	0	-3	6
518	594	595	8	0.99565	-3	4.95238095238095
519	0	0	0	0	-1	4
520	0	0	0	0	-1	6
521	596	597	5	0.0705	-3	4.72222222222222
522	598	599	1	7.05	-3	5.24050632911392
523	600	601	3	0.465	-3	5.58333333333333
524	602	603	2	0	-3	5
525	0	0	0	0	-1	5
526	0	0	0	0	-1	6
527	604	605	5	0.0865	-3	4.93478260869565
528	0	0	0	0	-1	6
529	606	607	10	0.555	-3	5.02272727272727
530	608	609	8	0.99654	-3	5.66666666666667
531	610	611	8	0.995915	-3	5.08571428571429
532	0	0	0	0	-1	5
533	612	613	11	9.7	-3	5
534	0	0	0	0	-1	4
535	0	0	0	0	-1	5
536	0	0	0	0	-1	6
537	614	615	1	6.55	-3	6
538	0	0	0	0	-1	5
539	616	617	8	0	-3	5
540	0	0	0	0	-1	6
541	618	619	8	0.0695	-3	5
542	0	0	0	0	-1	7
543	620	621	7	0	-3	7
544	622	623	8	0.994115	-3	6
545	0	0	0	0	-1	6
546	624	625	5	0.0845	-3	6
547	626	627	8	0.99584	-3	6.28571428571429
548	0	0	0	0	-1	6
549	0	0	0	0	-1	6
550	0	0	0	0	-1	6
551	0	0	0	0	-1	6
552	628	629	11	9.55	-3	6
553	0	0	0	0	-1	6
554	0	0	0	0	-1	6
555	630	631	6	10.5	-3	5
556	0	0	0	0	-1	5
557	632	633	9	0.785	-3	5
558	0	0	0	0	-1	5
559	0	0	0	0	-1	5
560	0	0	0	0	-1	5
561	634	635	10	0.715	-3	5
562	0	0	0	0	-1	6
563	0	0	0	0	-1	6
564	0	0	0	0	-1	6
565	636	637	6	48.5	-3	6.75
566	0	0	0	0	-1	5
567	638	639	1	11.1	-3	6.26666666666667
568	640	641	2	0.6475	-3	5.80851063829787
569	642	643	11	10.7	-3	5.16666666666667
570	644	645	4	5.45	-3	5.94117647058824
571	646	647	3	0.2	-3	6.29166666666667
572	648	649	8	0.99764	-3	6
573	0	0	0	0	-1	6
574	0	0	0	0	-1	6
575	650	651	5	0	-3	7
576	0	0	0	0	-1	7
577	652	653	1	10.55	-3	6
578	654	655	2	0.38	-3	6.77777777777778
579	0	0	0	0	-1	8
580	0	0	0	0	-1	5
581	0	0	0	0	-1	5
582	656	657	4	2.75	-3	5.30434782608696
583	658	659	5	0.107	-3	4.81818181818182
584	660	661	3	0.405	-3	5.9
585	662	663	2	0.345	-3	5.45833333333333
586	664	665	4	1.55	-3	5.3
587	666	667	5	0.073	-3	5.83333333333333
588	668	669	8	0.995885	-3	5.82608695652174
589	0	0	0	0	-1	5
590	670	671	10	0.605	-3	5.96
591	0	0	0	0	-1	6.5
592	0	0	0	0	-1	5
593	672	673	1	7.15	-3	6
594	0	0	0	0	-1	4.5
595	674	675	7	38	-3	5
596	676	677	8	0.99582	-3	4.5
597	678	679	4	2.15	-3	5
598	680	681	4	1.75	-3	5.81818181818182
599	682	683	8	0.997845	-3	5.14705882352941
600	684	685	1	9.9	-3	5.65
601	686	687	3	0.53	-3	5.25
602	0	0	0	0	-1	5
603	688	689	8	0.99755	-3	5
604	690	691	8	0.99789	-3	4.97058823529412
605	692	693	2	0.905	-3	4.83333333333333
606	694	695	1	8.9	-3	5
607	0	0	0	0	-1	6
608	0	0	0	0	-1	5
609	696	697	6	14	-3	5.83333333333333
610	0	0	0	0	-1	6
611	698	699	8	0.99785	-3	5
612	700	701	6	0	-3	5
613	0	0	0	0	-1	5
614	0	0	0	0	-1	6
615	702	703	3	25.5	-3	6
616	0	0	0	0	-1	6
617	0	0	0	0	-1	5
618	0	0	0	0	-1	7
619	0	0	0	0	-1	5
620	0	0	0	0	-1	6
621	704	705	3	0	-3	7
622	0	0	0	0	-1	6
623	0	0	0	0	-1	6
624	0	0	0	0	-1	6
625	706	707	2	0.515	-3	6
626	708	709	1	6.7	-3	6.16666666666667
627	0	0	0	0	-1	7
628	710	711	11	9.35	-3	6
629	712	713	2	0.495	-3	6
630	714	715	2	0	-3	5
631	0	0	0	0	-1	5
632	0	0	0	0	-1	6
633	0	0	0	0	-1	5
634	0	0	0	0	-1	5
635	0	0	0	0	-1	5
636	716	717	1	8.65	-3	6.81818181818182
637	0	0	0	0	-1	6
638	718	719	8	0.99792	-3	6
639	720	721	4	2.45	-3	6.66666666666667
640	722	723	8	0.99982	-3	5.86363636363636
641	0	0	0	0	-1	5
642	0	0	0	0	-1	5
643	0	0	0	0	-1	6
644	724	725	9	3.105	-3	6
645	0	0	0	0	-1	5.5
646	0	0	0	0	-1	7
647	726	727	6	12.5	-3	6.10526315789474
648	0	0	0	0	-1	6
649	0	0	0	0	-1	6
650	0	0	0	0	-1	5
651	0	0	0	0	-1	7
652	0	0	0	0	-1	6
653	0	0	0	0	-1	6
654	0	0	0	0	-1	6.25
655	728	729	9	3.41	-3	6.92857142857143
656	730	731	8	0.996335	-3	5.11764705882353
657	732	733	1	10.25	-3	5.83333333333333
658	734	735	7	17	-3	4.9
659	0	0	0	0	-1	4
660	736	737	6	6.5	-3	5.66666666666667
661	738	739	7	16.5	-3	6
662	0	0	0	0	-1	5
663	740	741	6	4.5	-3	5.61111111111111
664	742	743	11	9.55	-3	5.5
665	0	0	0	0	-1	5
666	0	0	0	0	-1	5
667	0	0	0	0	-1	6
668	0	0	0	0	-1	5
669	744	745	10	0.605	-3	5.90476190476191
670	746	747	5	0.098	-3	6
671	0	0	0	0	-1	5.8
672	0	0	0	0	-1	6
673	0	0	0	0	-1	6
674	0	0	0	0	-1	6
675	748	749	9	3.27	-3	4.94444444444444
676	0	0	0	0	-1	4
677	750	751	3	0.39	-3	4.71428571428571
678	0	0	0	0	-1	5
679	752	753	4	2.4	-3	5
680	0	0	0	0	-1	5
681	754	755	9	3.455	-3	5.9
682	756	757	7	89.5	-3	5.07692307692308
683	758	759	5	0.0915	-3	5.375
684	760	761	5	0.0745	-3	5.56521739130435
685	762	763	11	10.1	-3	6.18181818181818
686	764	765	2	0.51	-3	5.14285714285714
687	0	0	0	0	-1	6
688	766	767	1	0	-3	5
689	0	0	0	0	-1	5
690	768	769	8	0.99755	-3	5
691	0	0	0	0	-1	4.75
692	770	771	10	0.465	-3	4.90909090909091
693	0	0	0	0	-1	4
694	772	773	7	42.5	-3	4.96428571428571
695	774	775	9	3.295	-3	5.06666666666667
696	0	0	0	0	-1	5.33333333333333
697	776	777	10	0.53	-3	6
698	778	779	3	0.255	-3	5
699	0	0	0	0	-1	5
700	0	0	0	0	-1	6
701	780	781	11	9.45	-3	5
702	782	783	8	0.995495	-3	6
703	0	0	0	0	-1	6
704	0	0	0	0	-1	6
705	784	785	11	0	-3	7
706	0	0	0	0	-1	6
707	0	0	0	0	-1	6
708	0	0	0	0	-1	7
709	0	0	0	0	-1	6
710	786	787	10	0.67	-3	6
711	0	0	0	0	-1	6
712	788	789	8	0	-3	6
713	0	0	0	0	-1	6
714	0	0	0	0	-1	6
715	790	791	10	0.785	-3	5
716	0	0	0	0	-1	6.33333333333333
717	0	0	0	0	-1	7
718	792	793	10	1.05	-3	6
719	0	0	0	0	-1	6
720	0	0	0	0	-1	7
721	0	0	0	0	-1	6
722	794	795	7	64.5	-3	5.90476190476191
723	0	0	0	0	-1	5
724	0	0	0	0	-1	6
725	796	797	5	0.0815	-3	6
726	798	799	5	0.0845	-3	6.25
727	800	801	8	1.00015	-3	6
728	802	803	10	0	-3	7
729	0	0	0	0	-1	6
730	804	805	8	0.99571	-3	5.5
731	806	807	5	0.1005	-3	4.90909090909091
732	0	0	0	0	-1	6
733	0	0	0	0	-1	5
734	0	0	0	0	-1	4
735	808	809	2	0	-3	5
736	0	0	0	0	-1	6
737	0	0	0	0	-1	5
738	810	811	3	0.43	-3	6
739	812	813	10	0.625	-3	6
740	0	0	0	0	-1	5.25
741	814	815	2	0.6125	-3	5.71428571428571
742	0	0	0	0	-1	5
743	0	0	0	0	-1	6
744	816	817	4	1.5	-3	5.95
745	0	0	0	0	-1	5
746	0	0	0	0	-1	6
747	0	0	0	0	-1	6
748	0	0	0	0	-1	4.75
749	0	0	0	0	-1	5
750	0	0	0	0	-1	5
751	0	0	0	0	-1	4
752	0	0	0	0	-1	5
753	0	0	0	0	-1	5
754	818	819	1	6.05	-3	6
755	0	0	0	0	-1	5.5
756	820	821	3	0.065	-3	5.04
757	0	0	0	0	-1	6
758	822	823	2	0.51	-3	5.16666666666667
759	0	0	0	0	-1	6
760	824	825	10	0.605	-3	6
761	826	827	2	0.625	-3	5.52380952380952
762	0	0	0	0	-1	7
763	828	829	11	10.35	-3	6
764	830	831	8	0.99735	-3	5
765	0	0	0	0	-1	6
766	0	0	0	0	-1	5
767	0	0	0	0	-1	5
768	832	833	11	9.35	-3	5
769	834	835	2	0	-3	5
770	0	0	0	0	-1	4
771	836	837	9	3.345	-3	5
772	838	839	1	7.45	-3	5
773	0	0	0	0	-1	4
774	840	841	10	0.49	-3	5
775	0	0	0	0	-1	5.33333333333333
776	0	0	0	0	-1	6
777	0	0	0	0	-1	6
778	0	0	0	0	-1	5
779	842	843	6	0	-3	5
780	0	0	0	0	-1	5
781	0	0	0	0	-1	5
782	0	0	0	0	-1	6
783	0	0	0	0	-1	6
784	0	0	0	0	-1	6
785	844	845	10	0	-3	7
786	0	0	0	0	-1	6
787	0	0	0	0	-1	6
788	0	0	0	0	-1	6
789	0	0	0	0	-1	6
790	0	0	0	0	-1	5
791	0	0	0	0	-1	5
792	0	0	0	0	-1	6
793	0	0	0	0	-1	6
794	846	847	9	3.57	-3	5.97435897435897
795	0	0	0	0	-1	5
796	0	0	0	0	-1	6
797	848	849	8	19	-3	6
798	0	0	0	0	-1	6
799	0	0	0	0	-1	6.66666666666667
800	850	851	2	0.405	-3	5.88888888888889
801	0	0	0	0	-1	6.5
802	0	0	0	0	-1	6
803	852	853	2	0.405	-3	7
804	0	0	0	0	-1	5
805	0	0	0	0	-1	5.75
806	854	855	5	0.0815	-3	5
807	0	0	0	0	-1	4
808	0	0	0	0	-1	6
809	856	857	7	0	-3	5
810	0	0	0	0	-1	6
811	0	0	0	0	-1	6
812	0	0	0	0	-1	6
813	0	0	0	0	-1	6
814	858	859	2	0.485	-3	5.9
815	0	0	0	0	-1	5.25
816	0	0	0	0	-1	5
817	860	861	11	9.95	-3	6
818	0	0	0	0	-1	6
819	862	863	5	0	-3	6
820	864	865	1	7.85	-3	5.33333333333333
821	866	867	6	28	-3	5
822	868	869	1	0	-3	5
823	0	0	0	0	-1	5.66666666666667
824	0	0	0	0	-1	6
825	0	0	0	0	-1	6
826	870	871	8	0.996335	-3	5.47368421052632
827	872	873	7	56	-3	6
828	0	0	0	0	-1	6
829	0	0	0	0	-1	6
830	0	0	0	0	-1	5
831	874	875	1	2.75	-3	5
832	876	877	1	7	-3	5
833	0	0	0	0	-1	5
834	0	0	0	0	-1	5
835	878	879	5	0.0755	-3	5
836	0	0	0	0	-1	5
837	880	881	6	0	-3	5
838	882	883	7	9.65	-3	5
839	0	0	0	0	-1	5
840	0	0	0	0	-1	5
841	0	0	0	0	-1	5
842	0	0	0	0	-1	6
843	884	885	1	8.6	-3	5
844	0	0	0	0	-1	6
845	886	887	10	0	-3	7
846	888	889	6	28	-3	5.94736842105263
847	0	0	0	0	-1	7
848	890	891	6	19	-3	6
849	0	0	0	0	-1	6
850	892	893	8	0.99689	-3	6
851	0	0	0	0	-1	5.5
852	0	0	0	0	-1	7
853	894	895	10	0.72	-3	7
854	0	0	0	0	-1	5
855	896	897	9	0	-3	5
856	0	0	0	0	-1	7
857	898	899	8	0	-3	5
858	0	0	0	0	-1	5.75
859	900	901	11	9.3	-3	6
860	902	903	5	0.08	-3	6
861	904	905	3	10.1	-3	6
862	0	0	0	0	-1	5
863	906	907	8	0.99556	-3	6
864	0	0	0	0	-1	5
865	0	0	0	0	-1	6
866	908	909	2	0.6225	-3	4.97560975609756
867	0	0	0	0	-1	5.33333333333333
868	0	0	0	0	-1	6
869	910	911	5	0.0805	-3	5
870	912	913	3	0.235	-3	5.83333333333333
871	914	915	2	0.415	-3	5.37777777777778
872	0	0	0	0	-1	6
873	0	0	0	0	-1	6
874	0	0	0	0	-1	6
875	916	917	9	3.06	-3	5
876	0	0	0	0	-1	5
877	0	0	0	0	-1	5
878	0	0	0	0	-1	5
879	0	0	0	0	-1	5
880	0	0	0	0	-1	4
881	918	919	2	0.665	-3	5
882	0	0	0	0	-1	7
883	920	921	3	0.085	-3	5
884	0	0	0	0	-1	5
885	0	0	0	0	-1	5
886	0	0	0	0	-1	5
887	922	923	4	0	-3	7
888	924	925	9	3.37	-3	5.90909090909091
889	0	0	0	0	-1	6.2
890	0	0	0	0	-1	6
891	926	927	6	3.365	-3	6
892	0	0	0	0	-1	6
893	0	0	0	0	-1	6
894	0	0	0	0	-1	7
895	928	929	11	12	-3	7
896	0	0	0	0	-1	5
897	0	0	0	0	-1	5
898	0	0	0	0	-1	7
899	930	931	1	10.8	-3	5
900	0	0	0	0	-1	6
901	0	0	0	0	-1	6
902	932	933	9	3.245	-3	6
903	0	0	0	0	-1	6
904	934	935	8	0.996415	-3	6
905	0	0	0	0	-1	6
906	0	0	0	0	-1	6
907	0	0	0	0	-1	6
908	936	937	1	9.05	-3	5
909	938	939	1	7.8	-3	4.83333333333333
910	0	0	0	0	-1	5
911	0	0	0	0	-1	5
912	940	941	10	0.595	-3	5.90909090909091
913	0	0	0	0	-1	5
914	942	943	8	0.997225	-3	5.88888888888889
915	944	945	7	93	-3	5.25
916	0	0	0	0	-1	5
917	0	0	0	0	-1	5
918	0	0	0	0	-1	5
919	946	947	11	0	-3	5
920	0	0	0	0	-1	5
921	948	949	5	0	-3	5
922	0	0	0	0	-1	5
923	950	951	6	0	-3	7
924	952	953	7	14.5	-3	5.96551724137931
925	0	0	0	0	-1	5.5
926	0	0	0	0	-1	6
927	954	955	7	65.5	-3	6
928	0	0	0	0	-1	7
929	0	0	0	0	-1	7
930	0	0	0	0	-1	5
931	0	0	0	0	-1	5
932	0	0	0	0	-1	6
933	0	0	0	0	-1	6
934	0	0	0	0	-1	6
935	0	0	0	0	-1	6
936	956	957	10	0.535	-3	5
937	0	0	0	0	-1	5
938	0	0	0	0	-1	5
939	0	0	0	0	-1	4
940	0	0	0	0	-1	5
941	958	959	10	0.635	-3	6
942	0	0	0	0	-1	6
943	0	0	0	0	-1	5.75
944	960	961	6	10.5	-3	5.18181818181818
945	0	0	0	0	-1	6
946	0	0	0	0	-1	7
947	0	0	0	0	-1	5
948	0	0	0	0	-1	7
949	962	963	1	0	-3	5
950	0	0	0	0	-1	5
951	964	965	7	9	-3	7
952	966	967	8	0.99706	-3	5.83333333333333
953	968	969	2	0.295	-3	6
954	0	0	0	0	-1	6
955	0	0	0	0	-1	6
956	970	971	11	0.0805	-3	5
957	972	973	8	0.99659	-3	5
958	974	975	1	7.4	-3	6
959	0	0	0	0	-1	6
960	0	0	0	0	-1	5.75
961	976	977	8	0.99757	-3	5.10344827586207
962	0	0	0	0	-1	7
963	0	0	0	0	-1	5
964	0	0	0	0	-1	7
965	978	979	6	6.5	-3	7
966	0	0	0	0	-1	6
967	0	0	0	0	-1	5
968	0	0	0	0	-1	6
969	980	981	1	11.55	-3	6
970	0	0	0	0	-1	6
971	982	983	10	0.525	-3	5
972	984	985	10	0.555	-3	5
973	0	0	0	0	-1	5
974	0	0	0	0	-1	6
975	0	0	0	0	-1	6
976	986	987	8	0.99665	-3	5.05
977	988	989	2	0.44	-3	5.22222222222222
978	0	0	0	0	-1	7
979	0	0	0	0	-1	7
980	0	0	0	0	-1	6
981	990	991	2	0	-3	6
982	992	993	4	0	-3	5
983	0	0	0	0	-1	5
984	994	995	1	0	-3	5
985	0	0	0	0	-1	5
986	0	0	0	0	-1	5.2
987	996	997	5	0.0775	-3	5
988	0	0	0	0	-1	6
989	998	999	8	0.997745	-3	5.125
990	0	0	0	0	-1	5
991	1000	1001	11	10.6	-3	6
992	0	0	0	0	-1	6
993	1002	1003	10	0.495	-3	5
994	0	0	0	0	-1	7
995	1004	1005	5	0	-3	5
996	1006	1007	2	0.53	-3	5
997	1008	1009	6	9.7	-3	5
998	0	0	0	0	-1	6
999	1010	1011	5	0	-3	5
1000	0	0	0	0	-1	6
1001	0	0	0	0	-1	6
1002	0	0	0	0	-1	5
1003	0	0	0	0	-1	5
1004	0	0	0	0	-1	7
1005	0	0	0	0	-1	5
1006	0	0	0	0	-1	5
1007	0	0	0	0	-1	5
1008	0	0	0	0	-1	6
1009	1012	1013	7	55	-3	5
1010	0	0	0	0	-1	6
1011	1014	1015	3	0.215	-3	5
1012	0	0	0	0	-1	5
1013	0	0	0	0	-1	5
1014	0	0	0	0	-1	5
1015	0	0	0	0	-1	5
