1	2	3	2	0.425	-3	5.63852407754847
2	4	5	3	0.255	-3	6.04480651731161
3	6	7	8	0.99278	-3	5.45848375451263
4	8	9	10	0.595	-3	5.51470588235294
5	10	11	8	0.99553	-3	6.13002364066194
6	12	13	10	0.67	-3	6.90909090909091
7	14	15	10	0.535	-3	5.42909760589318
8	16	17	1	7.95	-3	5.23809523809524
9	18	19	8	0.99346	-3	5.96153846153846
10	20	21	3	0.365	-3	6.48
11	22	23	7	51.5	-3	5.98322147651007
12	24	25	7	76	-3	6
13	26	27	8	0.99131	-3	7.53846153846154
14	28	29	4	1.3	-3	5.1042471042471
15	30	31	4	1.65	-3	5.53083434099153
16	32	33	1	7.25	-3	5.17948717948718
17	0	0	0	0	-1	6
18	34	35	10	0.745	-3	6.42857142857143
19	36	37	8	0.996365	-3	5.78947368421053
20	38	39	1	6.55	-3	6.81818181818182
21	40	41	3	0.445	-3	6.35869565217391
22	42	43	11	9.65	-3	6.13461538461538
23	44	45	4	8.45	-3	5.63333333333333
24	46	47	5	0.068	-3	5.875
25	0	0	0	0	-1	7
26	0	0	0	0	-1	8
27	48	49	1	5.5	-3	7.33333333333333
28	0	0	0	0	-1	7
29	50	51	1	5.75	-3	5.08949416342412
30	52	53	6	33	-3	5.07142857142857
31	54	55	11	11.45	-3	5.56420233463035
32	56	57	7	60	-3	5.32142857142857
33	58	59	2	0.365	-3	4.81818181818182
34	0	0	0	0	-1	7.5
35	0	0	0	0	-1	6
36	60	61	2	0.395	-3	5.33333333333333
37	62	63	6	27.5	-3	6
38	0	0	0	0	-1	6
39	64	65	3	0.275	-3	6.9
40	66	67	11	11.15	-3	6.17741935483871
41	68	69	1	6.9	-3	6.73333333333333
42	70	71	5	0.0905	-3	5.48780487804878
43	72	73	9	3.05	-3	6.29341317365269
44	74	75	10	0.57	-3	5.67045454545455
45	0	0	0	0	-1	4
46	76	77	8	0	-3	6
47	0	0	0	0	-1	5
48	78	79	7	91	-3	7
49	0	0	0	0	-1	8
50	80	81	3	0.02	-3	4.28571428571429
51	82	83	2	0.455	-3	5.112
52	84	85	11	9.75	-3	5.20408163265306
53	86	87	1	9.55	-3	4.14285714285714
54	88	89	6	18.5	-3	5.45852187028657
55	90	91	1	4.65	-3	6.21296296296296
56	92	93	8	0.99462	-3	5.17391304347826
57	0	0	0	0	-1	6
58	0	0	0	0	-1	4.33333333333333
59	94	95	7	19	-3	5
60	0	0	0	0	-1	5
61	0	0	0	0	-1	6
62	96	97	11	9.4	-3	6
63	0	0	0	0	-1	6
64	0	0	0	0	-1	6
65	98	99	1	7.5	-3	7
66	100	101	1	8.6	-3	5.25
67	102	103	10	0.675	-3	6.31481481481482
68	104	105	1	0	-3	6
69	106	107	2	0.38	-3	6.95652173913044
70	108	109	4	2.55	-3	5.61290322580645
71	110	111	9	3.305	-3	5.1
72	112	113	7	35	-3	7.5
73	114	115	10	0.715	-3	6.24844720496894
74	116	117	6	13	-3	5.14285714285714
75	118	119	6	53	-3	5.83582089552239
76	0	0	0	0	-1	5
77	120	121	4	1.3	-3	6
78	0	0	0	0	-1	7
79	0	0	0	0	-1	7
80	0	0	0	0	-1	5
81	0	0	0	0	-1	4
82	122	123	1	9.45	-3	5.63636363636364
83	124	125	11	10.45	-3	5.08786610878661
84	126	127	5	0.087	-3	4.95652173913043
85	128	129	7	41.5	-3	5.42307692307692
86	0	0	0	0	-1	5
87	0	0	0	0	-1	3.5
88	130	131	10	0.645	-3	5.50854700854701
89	132	133	7	64.5	-3	5.33846153846154
90	0	0	0	0	-1	4
91	134	135	7	76.5	-3	6.25471698113208
92	0	0	0	0	-1	6
93	136	137	10	0.52	-3	5.05
94	0	0	0	0	-1	5
95	138	139	9	0	-3	5
96	0	0	0	0	-1	6
97	0	0	0	0	-1	6
98	140	141	11	11.55	-3	7.30769230769231
99	142	143	9	3.35	-3	6.71428571428571
100	0	0	0	0	-1	5
101	0	0	0	0	-1	7
102	144	145	10	0.49	-3	5.95454545454545
103	146	147	6	17.5	-3	6.5625
104	0	0	0	0	-1	5
105	148	149	9	3.245	-3	6
106	150	151	9	2.995	-3	6.85
107	0	0	0	0	-1	7.66666666666667
108	152	153	6	12	-3	5.79166666666667
109	154	155	6	0	-3	5
110	156	157	4	0	-3	5
111	0	0	0	0	-1	6
112	0	0	0	0	-1	8
113	0	0	0	0	-1	7
114	158	159	7	17.5	-3	5.97368421052632
115	160	161	4	2.15	-3	6.49411764705882
116	0	0	0	0	-1	5.5
117	162	163	3	0.465	-3	5.05882352941176
118	164	165	9	3.29	-3	5.78125
119	0	0	0	0	-1	7
120	0	0	0	0	-1	6
121	0	0	0	0	-1	6
122	166	167	7	0	-3	6
123	0	0	0	0	-1	5
124	168	169	2	0.825	-3	5.03092783505154
125	170	171	3	0.065	-3	5.33333333333333
126	172	173	1	7.55	-3	4.8125
127	174	175	2	0.6775	-3	5.28571428571429
128	176	177	11	10.0666666666666	-3	5.55
129	178	179	5	0.0655	-3	5
130	180	181	5	0.0785	-3	5.42086330935252
131	182	183	7	50.5	-3	5.63684210526316
132	184	185	4	1.85	-3	5.58333333333333
133	186	187	3	0.85	-3	5.15315315315315
134	188	189	5	0.082	-3	6.31313131313131
135	190	191	2	0.565	-3	5.42857142857143
136	192	193	1	6.3	-3	5.16666666666667
137	194	195	2	0	-3	5
138	0	0	0	0	-1	5
139	196	197	4	0	-3	5
140	198	199	10	0.745	-3	7.57142857142857
141	200	201	2	0.31	-3	7
142	202	203	8	0.9953	-3	6.90909090909091
143	0	0	0	0	-1	6
144	0	0	0	0	-1	5.5
145	204	205	7	8	-3	6
146	206	207	2	0.405	-3	7.06666666666667
147	208	209	10	0.865	-3	6.11764705882353
148	0	0	0	0	-1	6
149	0	0	0	0	-1	6
150	0	0	0	0	-1	8
151	210	211	6	8.5	-3	6.78947368421053
152	212	213	7	16	-3	5.86363636363636
153	0	0	0	0	-1	5
154	0	0	0	0	-1	6
155	214	215	11	0	-3	5
156	0	0	0	0	-1	7
157	216	217	9	3.05	-3	5
158	218	219	8	0.995945	-3	6.46153846153846
159	220	221	9	3.385	-3	5.72
160	222	223	5	0.0585	-3	6.21212121212121
161	224	225	11	11.05	-3	6.67307692307692
162	226	227	9	0	-3	5
163	228	229	2	0.23	-3	5.125
164	230	231	6	27.5	-3	5.36363636363636
165	232	233	1	10.9	-3	6
166	0	0	0	0	-1	8
167	234	235	7	33.5	-3	6
168	236	237	7	68.5	-3	5.07058823529412
169	238	239	11	10.1	-3	4.75
170	240	241	3	0.055	-3	5
171	242	243	8	0.99401	-3	5.51724137931035
172	244	245	11	9.55	-3	5
173	0	0	0	0	-1	4.4
174	246	247	1	7.2	-3	5.16666666666667
175	0	0	0	0	-1	6
176	248	249	6	0	-3	6
177	250	251	3	0.015	-3	5.25
178	0	0	0	0	-1	5
179	0	0	0	0	-1	5
180	252	253	8	0.997745	-3	5.21311475409836
181	254	255	2	0.705	-3	5.58333333333333
182	256	257	1	6.7	-3	5.75
183	258	259	10	1.305	-3	5.23809523809524
184	260	261	7	54.5	-3	5.2
185	262	263	9	3.545	-3	5.66666666666667
186	264	265	11	9.85	-3	5.16363636363636
187	0	0	0	0	-1	4
188	266	267	3	0.615	-3	6.17910447761194
189	268	269	1	12.45	-3	6.59375
190	0	0	0	0	-1	5
191	0	0	0	0	-1	6
192	0	0	0	0	-1	5
193	0	0	0	0	-1	6
194	0	0	0	0	-1	6
195	270	271	7	28	-3	5
196	0	0	0	0	-1	7
197	0	0	0	0	-1	5
198	0	0	0	0	-1	7.25
199	0	0	0	0	-1	8
200	0	0	0	0	-1	7
201	0	0	0	0	-1	7
202	0	0	0	0	-1	7
203	0	0	0	0	-1	6
204	0	0	0	0	-1	6.33333333333333
205	272	273	11	11.45	-3	5.94117647058824
206	274	275	11	0	-3	7
207	0	0	0	0	-1	8
208	276	277	11	12.5	-3	6.0625
209	0	0	0	0	-1	7
210	0	0	0	0	-1	6.25
211	278	279	2	0.285	-3	6.93333333333333
212	280	281	11	9.55	-3	5.66666666666667
213	282	283	5	0.0575	-3	6
214	0	0	0	0	-1	7
215	0	0	0	0	-1	5
216	0	0	0	0	-1	5
217	284	285	7	0	-3	5
218	286	287	8	0.99567	-3	5.77777777777778
219	288	289	9	3.18	-3	6.82352941176471
220	290	291	11	10.65	-3	5.81395348837209
221	292	293	7	42.5	-3	5.14285714285714
222	0	0	0	0	-1	7
223	294	295	3	0.29	-3	6.10344827586207
224	296	297	10	0.815	-3	6.43333333333333
225	298	299	11	12.35	-3	7
226	0	0	0	0	-1	6
227	300	301	10	0.54	-3	5
228	0	0	0	0	-1	6
229	302	303	4	0	-3	5
230	304	305	2	0.385	-3	5.61538461538461
231	306	307	9	0.996895	-3	5
232	308	309	7	104.5	-3	5.92307692307692
233	0	0	0	0	-1	7
234	0	0	0	0	-1	6
235	0	0	0	0	-1	6
236	310	311	8	0.99422	-3	4.98076923076923
237	312	313	11	9.53333333333333	-3	5.21212121212121
238	314	315	11	9.7	-3	4.82608695652174
239	0	0	0	0	-1	3
240	316	317	6	26.5	-3	5.14285714285714
241	0	0	0	0	-1	4
242	318	319	6	0	-3	5
243	320	321	4	3.525	-3	5.68181818181818
244	0	0	0	0	-1	5
245	0	0	0	0	-1	5
246	0	0	0	0	-1	6
247	0	0	0	0	-1	5
248	0	0	0	0	-1	6
249	322	323	3	0	-3	6
250	0	0	0	0	-1	6
251	324	325	3	0.045	-3	4.875
252	326	327	6	6.5	-3	5.29591836734694
253	328	329	7	43.5	-3	4.875
254	330	331	11	8.7	-3	5.704
255	332	333	8	0.9985	-3	5.09677419354839
256	334	335	6	15	-3	5.18181818181818
257	336	337	9	2.935	-3	5.84920634920635
258	338	339	4	2.15	-3	5.16216216216216
259	0	0	0	0	-1	5.8
260	340	341	1	7.35	-3	5.08333333333333
261	0	0	0	0	-1	5.66666666666667
262	342	343	6	27.5	-3	5.73846153846154
263	0	0	0	0	-1	4.5
264	344	345	1	10.05	-3	5.08235294117647
265	346	347	7	88.5	-3	5.44
266	348	349	7	48.5	-3	6.09836065573771
267	0	0	0	0	-1	7
268	350	351	11	13.35	-3	6.7037037037037
269	0	0	0	0	-1	6
270	352	353	6	4	-3	5
271	354	355	5	0	-3	5
272	0	0	0	0	-1	5
273	0	0	0	0	-1	6
274	0	0	0	0	-1	6
275	356	357	6	0	-3	7
276	358	359	6	19.5	-3	6
277	0	0	0	0	-1	7
278	0	0	0	0	-1	6.66666666666667
279	360	361	8	0.99407	-3	7
280	362	363	3	0.38	-3	5.85714285714286
281	0	0	0	0	-1	5
282	0	0	0	0	-1	6
283	364	365	7	38	-3	6
284	0	0	0	0	-1	6
285	0	0	0	0	-1	5
286	0	0	0	0	-1	4
287	366	367	9	3.32	-3	6
288	368	369	2	0.36	-3	7.375
289	370	371	5	0.0765	-3	6.33333333333333
290	372	373	11	10.2	-3	5.47368421052632
291	374	375	4	2.95	-3	6.08333333333333
292	0	0	0	0	-1	5
293	0	0	0	0	-1	6
294	0	0	0	0	-1	7
295	376	377	10	0.885	-3	6.07142857142857
296	378	379	11	10.35	-3	6.57894736842105
297	380	381	10	0.995	-3	6.18181818181818
298	382	383	9	3.225	-3	6.9
299	0	0	0	0	-1	8
300	384	385	9	0	-3	5
301	0	0	0	0	-1	5
302	0	0	0	0	-1	6
303	386	387	6	0	-3	5
304	388	389	10	0.805	-3	5.8
305	0	0	0	0	-1	5
306	0	0	0	0	-1	5
307	390	391	1	12	-3	5
308	392	393	8	0.99793	-3	6.02857142857143
309	0	0	0	0	-1	5
310	0	0	0	0	-1	4
311	394	395	4	2.7	-3	4.99029126213592
312	396	397	8	0.99926	-3	5.06896551724138
313	398	399	7	99.5	-3	5.32432432432432
314	400	401	4	1.6	-3	5.09090909090909
315	402	403	10	0.485	-3	4.58333333333333
316	404	405	2	0.635	-3	5
317	0	0	0	0	-1	6
318	0	0	0	0	-1	6
319	0	0	0	0	-1	5
320	406	407	6	16.5	-3	5.53333333333333
321	408	409	1	8	-3	6
322	0	0	0	0	-1	6
323	0	0	0	0	-1	6
324	0	0	0	0	-1	4
325	0	0	0	0	-1	5
326	410	411	9	3.46	-3	4.71428571428571
327	412	413	9	3.37	-3	5.45454545454545
328	414	415	11	9.15	-3	5.05263157894737
329	0	0	0	0	-1	4.2
330	0	0	0	0	-1	3
331	416	417	8	0.99569	-3	5.7258064516129
332	418	419	4	2.85	-3	4.88
333	420	421	8	0.99915	-3	6
334	422	423	5	0.0565	-3	5.05263157894737
335	0	0	0	0	-1	6
336	0	0	0	0	-1	5
337	424	425	8	1.00185	-3	5.89166666666667
338	426	427	2	0.6	-3	5.04545454545455
339	428	429	11	9.525	-3	5.33333333333333
340	0	0	0	0	-1	5
341	0	0	0	0	-1	5.33333333333333
342	430	431	10	0.745	-3	5.57894736842105
343	432	433	2	0.47	-3	5.96296296296296
344	434	435	8	0.99613	-3	5.025
345	0	0	0	0	-1	6
346	436	437	5	0.0725	-3	5.8
347	438	439	9	3.075	-3	5.2
348	440	441	4	1.75	-3	6.14814814814815
349	442	443	6	14	-3	5.71428571428571
350	444	445	2	0.6425	-3	6.65384615384615
351	0	0	0	0	-1	8
352	0	0	0	0	-1	5
353	0	0	0	0	-1	5
354	0	0	0	0	-1	6
355	446	447	11	0.077	-3	5
356	0	0	0	0	-1	5
357	448	449	2	0.265	-3	7
358	0	0	0	0	-1	6
359	450	451	3	0.4	-3	6
360	0	0	0	0	-1	7
361	0	0	0	0	-1	7
362	0	0	0	0	-1	5
363	452	453	4	2.05	-3	6
364	0	0	0	0	-1	6
365	0	0	0	0	-1	6
366	454	455	7	0	-3	6
367	0	0	0	0	-1	6
368	0	0	0	0	-1	8
369	0	0	0	0	-1	7
370	0	0	0	0	-1	6.8
371	0	0	0	0	-1	5.75
372	456	457	10	0.685	-3	6.125
373	0	0	0	0	-1	5
374	458	459	9	3.095	-3	5.95
375	0	0	0	0	-1	6.75
376	460	461	5	0.063	-3	6
377	0	0	0	0	-1	6.5
378	0	0	0	0	-1	6
379	462	463	8	0.996325	-3	6.78571428571429
380	464	465	3	0.37	-3	6
381	0	0	0	0	-1	7
382	466	467	2	0.385	-3	6.66666666666667
383	0	0	0	0	-1	7
384	0	0	0	0	-1	5
385	0	0	0	0	-1	5
386	0	0	0	0	-1	6
387	0	0	0	0	-1	5
388	0	0	0	0	-1	5.6
389	0	0	0	0	-1	6
390	0	0	0	0	-1	5
391	0	0	0	0	-1	5
392	468	469	7	94	-3	6.0625
393	0	0	0	0	-1	5.66666666666667
394	470	471	2	0.51	-3	5.01030927835052
395	472	473	1	8.45	-3	4.66666666666667
396	474	475	6	15	-3	5
397	0	0	0	0	-1	6
398	476	477	5	0.0815	-3	5.54545454545455
399	478	479	4	5.05	-3	5
400	0	0	0	0	-1	6
401	480	481	8	0.99649	-3	5
402	482	483	4	2.55	-3	4.16666666666667
403	484	485	11	9.95	-3	5
404	0	0	0	0	-1	5.5
405	486	487	10	0.49	-3	4.9
406	488	489	6	0	-3	5
407	0	0	0	0	-1	6
408	0	0	0	0	-1	6
409	0	0	0	0	-1	6
410	490	491	3	0.28	-3	5.13333333333333
411	492	493	5	0.069	-3	3.66666666666667
412	494	495	8	0.995775	-3	5.63157894736842
413	496	497	1	6.75	-3	5.28205128205128
414	0	0	0	0	-1	6
415	498	499	8	0.99915	-3	5
416	500	501	8	0.99526	-3	6.3
417	502	503	4	2.75	-3	5.67543859649123
418	504	505	10	0.555	-3	5
419	0	0	0	0	-1	4
420	0	0	0	0	-1	6
421	0	0	0	0	-1	6
422	0	0	0	0	-1	6
423	506	507	5	0	-3	5
424	508	509	9	3.625	-3	5.85344827586207
425	0	0	0	0	-1	7
426	510	511	1	8	-3	5.16666666666667
427	512	513	6	13	-3	5
428	0	0	0	0	-1	6
429	514	515	1	7.05	-3	5.16666666666667
430	516	517	5	0.078	-3	5.41379310344828
431	518	519	5	0.0895	-3	6.11111111111111
432	0	0	0	0	-1	5.25
433	520	521	2	0.495	-3	6.08695652173913
434	0	0	0	0	-1	6
435	522	523	5	0.0875	-3	5
436	0	0	0	0	-1	5
437	524	525	9	3.07	-3	5.88888888888889
438	0	0	0	0	-1	6
439	526	527	9	3.345	-3	5
440	0	0	0	0	-1	7
441	528	529	1	9.85	-3	6.13207547169811
442	0	0	0	0	-1	5
443	0	0	0	0	-1	6
444	530	531	11	11.75	-3	6.52631578947368
445	532	533	4	3.3	-3	7
446	0	0	0	0	-1	5
447	0	0	0	0	-1	5
448	0	0	0	0	-1	7
449	534	535	2	0.29	-3	7
450	536	537	5	0.75	-3	6
451	0	0	0	0	-1	6
452	0	0	0	0	-1	6
453	0	0	0	0	-1	6
454	0	0	0	0	-1	6
455	538	539	4	2.95	-3	6
456	540	541	9	3.35	-3	6
457	0	0	0	0	-1	7
458	0	0	0	0	-1	5.66666666666667
459	542	543	10	46	-3	6
460	0	0	0	0	-1	5.66666666666667
461	544	545	3	0.515	-3	6.04761904761905
462	0	0	0	0	-1	6
463	0	0	0	0	-1	7
464	0	0	0	0	-1	6
465	546	547	7	42.5	-3	6
466	0	0	0	0	-1	7
467	0	0	0	0	-1	6
468	548	549	6	43	-3	6.03225806451613
469	0	0	0	0	-1	7
470	550	551	10	0.5	-3	4.77777777777778
471	552	553	6	9.5	-3	5.03409090909091
472	0	0	0	0	-1	5
473	0	0	0	0	-1	4
474	0	0	0	0	-1	5
475	554	555	2	0.605	-3	5
476	556	557	10	0.505	-3	5.2
477	558	559	8	0.995765	-3	5.83333333333333
478	560	561	11	0.595	-3	5
479	0	0	0	0	-1	5
480	0	0	0	0	-1	5
481	562	563	7	0	-3	5
482	0	0	0	0	-1	4
483	0	0	0	0	-1	5
484	0	0	0	0	-1	5
485	0	0	0	0	-1	5
486	564	565	3	0.01	-3	5
487	0	0	0	0	-1	4.75
488	0	0	0	0	-1	7
489	566	567	10	0.48	-3	5
490	568	569	9	3.38	-3	5
491	0	0	0	0	-1	6
492	0	0	0	0	-1	4
493	0	0	0	0	-1	3
494	570	571	5	0.0765	-3	5.4
495	572	573	7	96.5	-3	5.78260869565217
496	574	575	2	0.53	-3	5.6
497	576	577	9	3.41	-3	5.08333333333333
498	578	579	6	0	-3	5
499	580	581	8	0.9999	-3	5
500	0	0	0	0	-1	7
501	582	583	1	7.6	-3	6.125
502	584	585	9	3.165	-3	5.78409090909091
503	586	587	1	9.15	-3	5.30769230769231
504	0	0	0	0	-1	5.25
505	588	589	3	0.045	-3	4.94444444444444
506	0	0	0	0	-1	5
507	590	591	4	5.5	-3	5
508	592	593	9	3.55	-3	5.87610619469027
509	0	0	0	0	-1	5
510	0	0	0	0	-1	6
511	0	0	0	0	-1	5
512	594	595	5	0	-3	5
513	596	597	3	0	-3	5
514	0	0	0	0	-1	6
515	598	599	7	53.5	-3	5.09090909090909
516	600	601	8	0.99547	-3	5.125
517	602	603	8	0.99711	-3	5.52380952380952
518	604	605	4	1.95	-3	6
519	0	0	0	0	-1	7
520	0	0	0	0	-1	7
521	606	607	1	6.25	-3	5.95
522	608	609	3	0.315	-3	5
523	610	611	9	3.225	-3	5
524	0	0	0	0	-1	5
525	612	613	10	0.58	-3	6
526	0	0	0	0	-1	5
527	614	615	1	8.65	-3	5
528	616	617	6	31.5	-3	6.11538461538462
529	0	0	0	0	-1	7
530	618	619	10	0.555	-3	6.16666666666667
531	620	621	3	0.295	-3	6.69230769230769
532	0	0	0	0	-1	7
533	0	0	0	0	-1	7
534	0	0	0	0	-1	7
535	0	0	0	0	-1	7
536	0	0	0	0	-1	6
537	0	0	0	0	-1	6
538	0	0	0	0	-1	6
539	0	0	0	0	-1	6
540	0	0	0	0	-1	6
541	0	0	0	0	-1	6
542	622	623	9	3.11	-3	6
543	0	0	0	0	-1	6
544	624	625	11	10.7	-3	6
545	0	0	0	0	-1	6.33333333333333
546	626	627	10	0.84	-3	6
547	0	0	0	0	-1	6
548	628	629	1	6.5	-3	6
549	0	0	0	0	-1	6.25
550	630	631	6	8	-3	4.875
551	0	0	0	0	-1	4
552	632	633	10	0.475	-3	5.10526315789474
553	634	635	11	10.35	-3	4.98
554	636	637	5	2.2	-3	5
555	638	639	8	0.99768	-3	5
556	0	0	0	0	-1	6
557	640	641	11	9.75	-3	5
558	0	0	0	0	-1	5
559	642	643	2	9.85	-3	6
560	0	0	0	0	-1	5
561	644	645	8	0.996165	-3	5
562	0	0	0	0	-1	6
563	646	647	2	0.8825	-3	5
564	0	0	0	0	-1	5
565	0	0	0	0	-1	5
566	0	0	0	0	-1	5
567	0	0	0	0	-1	5
568	648	649	4	1.95	-3	4.91666666666667
569	0	0	0	0	-1	6
570	0	0	0	0	-1	5
571	650	651	7	25	-3	6
572	652	653	9	3.215	-3	5.85714285714286
573	0	0	0	0	-1	5
574	0	0	0	0	-1	6
575	654	655	4	2.3	-3	5.4
576	656	657	8	0.995315	-3	4.71428571428571
577	658	659	5	0.066	-3	5.23529411764706
578	0	0	0	0	-1	6
579	660	661	5	0.066	-3	5
580	0	0	0	0	-1	5
581	0	0	0	0	-1	5
582	662	663	10	0.635	-3	6
583	0	0	0	0	-1	7
584	664	665	7	74.5	-3	5.16666666666667
585	666	667	10	0.555	-3	5.88157894736842
586	668	669	11	9.25	-3	5.125
587	670	671	1	10.65	-3	5.6
588	0	0	0	0	-1	4.8
589	672	673	9	3.285	-3	5
590	674	675	2	0.6125	-3	5
591	0	0	0	0	-1	5
592	676	677	6	7.5	-3	5.82075471698113
593	678	679	10	0.68	-3	6.71428571428571
594	0	0	0	0	-1	5
595	680	681	5	0.0775	-3	5
596	0	0	0	0	-1	5
597	0	0	0	0	-1	5
598	0	0	0	0	-1	6
599	682	683	2	0.69	-3	5
600	0	0	0	0	-1	6
601	0	0	0	0	-1	5
602	684	685	4	2.1	-3	5.9
603	686	687	1	9.85	-3	5.18181818181818
604	0	0	0	0	-1	6
605	688	689	1	8.4	-3	6
606	0	0	0	0	-1	5.5
607	690	691	11	10.9	-3	6
608	692	693	5	9.65	-3	5
609	694	695	9	3.355	-3	5
610	696	697	1	7.95	-3	5
611	698	699	2	0.69	-3	5
612	0	0	0	0	-1	6
613	700	701	5	0.08	-3	6
614	0	0	0	0	-1	5
615	0	0	0	0	-1	5
616	702	703	1	6.35	-3	6.06382978723404
617	0	0	0	0	-1	6.6
618	0	0	0	0	-1	7
619	0	0	0	0	-1	6
620	0	0	0	0	-1	6
621	704	705	8	0.9986	-3	6.75
622	0	0	0	0	-1	6
623	706	707	7	46	-3	6
624	708	709	1	8.3	-3	6
625	0	0	0	0	-1	6
626	0	0	0	0	-1	6
627	0	0	0	0	-1	6
628	0	0	0	0	-1	6
629	0	0	0	0	-1	6
630	710	711	9	3.135	-3	5
631	0	0	0	0	-1	4.5
632	712	713	7	10.5	-3	5
633	714	715	11	9.75	-3	5.2
634	716	717	11	9.1	-3	4.95918367346939
635	0	0	0	0	-1	6
636	718	719	2	0.58	-3	5
637	0	0	0	0	-1	5
638	720	721	8	0	-3	5
639	0	0	0	0	-1	5
640	0	0	0	0	-1	5
641	722	723	6	0	-3	5
642	724	725	7	96	-3	6
643	0	0	0	0	-1	6
644	726	727	7	0	-3	5
645	0	0	0	0	-1	5
646	0	0	0	0	-1	5
647	0	0	0	0	-1	5
648	0	0	0	0	-1	6
649	728	729	8	0.99685	-3	4.81818181818182
650	0	0	0	0	-1	6
651	0	0	0	0	-1	6
652	0	0	0	0	-1	5
653	730	731	11	9.25	-3	5.94736842105263
654	732	733	7	28	-3	5
655	0	0	0	0	-1	6
656	0	0	0	0	-1	4
657	0	0	0	0	-1	5
658	0	0	0	0	-1	6
659	734	735	9	3.43	-3	5.13333333333333
660	0	0	0	0	-1	5
661	736	737	7	0	-3	5
662	0	0	0	0	-1	6
663	0	0	0	0	-1	6
664	738	739	1	8.05	-3	5
665	0	0	0	0	-1	6
666	0	0	0	0	-1	5
667	740	741	7	34	-3	5.91780821917808
668	0	0	0	0	-1	6
669	742	743	2	0.675	-3	5.06666666666667
670	744	745	2	0.615	-3	5.75
671	0	0	0	0	-1	5
672	0	0	0	0	-1	5
673	0	0	0	0	-1	5
674	746	747	1	0	-3	5
675	0	0	0	0	-1	5
676	748	749	2	0.87	-3	6.1
677	750	751	11	10.525	-3	5.71052631578947
678	0	0	0	0	-1	5
679	0	0	0	0	-1	7
680	0	0	0	0	-1	5
681	752	753	6	0	-3	5
682	754	755	9	0	-3	5
683	0	0	0	0	-1	5
684	0	0	0	0	-1	5
685	756	757	10	0	-3	6
686	0	0	0	0	-1	5
687	0	0	0	0	-1	6
688	0	0	0	0	-1	6
689	0	0	0	0	-1	6
690	758	759	2	0.68	-3	6
691	760	761	10	0.605	-3	6
692	762	763	6	35	-3	5
693	0	0	0	0	-1	5
694	0	0	0	0	-1	5
695	764	765	8	0	-3	5
696	766	767	9	3.165	-3	5
697	768	769	2	0.615	-3	5
698	770	771	5	0.1165	-3	5
699	0	0	0	0	-1	5
700	0	0	0	0	-1	6
701	0	0	0	0	-1	6
702	772	773	5	0.0805	-3	5.83333333333333
703	774	775	4	2.35	-3	6.09756097560976
704	776	777	8	0.99679	-3	6.9
705	0	0	0	0	-1	6
706	778	779	5	0.1075	-3	6
707	0	0	0	0	-1	6
708	0	0	0	0	-1	6
709	780	781	2	0.385	-3	6
710	0	0	0	0	-1	5
711	0	0	0	0	-1	5
712	0	0	0	0	-1	5
713	782	783	8	0	-3	5
714	784	785	10	0.51	-3	5.05882352941176
715	0	0	0	0	-1	6
716	0	0	0	0	-1	4
717	786	787	10	0.525	-3	4.97916666666667
718	788	789	2	0	-3	5
719	0	0	0	0	-1	5
720	0	0	0	0	-1	6
721	0	0	0	0	-1	5
722	0	0	0	0	-1	6
723	790	791	7	87.5	-3	5
724	792	793	11	0	-3	6
725	0	0	0	0	-1	6
726	0	0	0	0	-1	6
727	794	795	8	0.99554	-3	5
728	0	0	0	0	-1	4.5
729	796	797	4	0	-3	5
730	0	0	0	0	-1	5.75
731	798	799	3	0.025	-3	6
732	0	0	0	0	-1	5
733	0	0	0	0	-1	5
734	0	0	0	0	-1	6
735	0	0	0	0	-1	5
736	0	0	0	0	-1	5
737	800	801	4	0	-3	5
738	0	0	0	0	-1	5
739	802	803	3	0	-3	5
740	804	805	2	0.6125	-3	5.79487179487179
741	806	807	3	0.335	-3	6.05882352941176
742	808	809	8	0.997955	-3	5
743	0	0	0	0	-1	6
744	0	0	0	0	-1	5
745	810	811	10	0.59	-3	6
746	0	0	0	0	-1	5
747	812	813	9	3.56	-3	5
748	814	815	11	9.65	-3	6.03571428571429
749	0	0	0	0	-1	7
750	816	817	1	7.35	-3	5.62295081967213
751	818	819	4	1.75	-3	6.06666666666667
752	0	0	0	0	-1	6
753	820	821	7	64	-3	5
754	0	0	0	0	-1	6
755	822	823	11	0	-3	5
756	0	0	0	0	-1	6
757	824	825	4	3.3	-3	6
758	826	827	11	0.995085	-3	6
759	0	0	0	0	-1	6
760	0	0	0	0	-1	6
761	0	0	0	0	-1	6
762	828	829	2	0.525	-3	5
763	0	0	0	0	-1	5
764	0	0	0	0	-1	6
765	830	831	7	0	-3	5
766	0	0	0	0	-1	5
767	832	833	10	0	-3	5
768	834	835	6	39.5	-3	5
769	836	837	10	0	-3	5
770	838	839	2	0	-3	5
771	0	0	0	0	-1	5
772	0	0	0	0	-1	6
773	0	0	0	0	-1	5
774	840	841	7	22.5	-3	6
775	842	843	11	12.75	-3	6.2
776	0	0	0	0	-1	6.5
777	844	845	2	0.525	-3	7
778	846	847	5	0.082	-3	6
779	0	0	0	0	-1	6
780	0	0	0	0	-1	6
781	0	0	0	0	-1	6
782	0	0	0	0	-1	5
783	848	849	10	0.405	-3	5
784	0	0	0	0	-1	5.2
785	850	851	5	0.0745	-3	5
786	852	853	7	49.5	-3	5
787	0	0	0	0	-1	4.5
788	0	0	0	0	-1	7
789	0	0	0	0	-1	5
790	0	0	0	0	-1	5
791	0	0	0	0	-1	5
792	0	0	0	0	-1	5
793	854	855	2	0.6	-3	6
794	0	0	0	0	-1	5
795	0	0	0	0	-1	5
796	0	0	0	0	-1	4
797	0	0	0	0	-1	5
798	0	0	0	0	-1	6
799	856	857	1	7.65	-3	6
800	0	0	0	0	-1	5
801	0	0	0	0	-1	5
802	0	0	0	0	-1	5
803	0	0	0	0	-1	5
804	858	859	9	3.44	-3	6
805	860	861	11	9.65	-3	5.52941176470588
806	862	863	9	3.375	-3	6
807	0	0	0	0	-1	6.5
808	0	0	0	0	-1	5
809	864	865	11	0	-3	5
810	0	0	0	0	-1	6
811	0	0	0	0	-1	6
812	0	0	0	0	-1	5
813	0	0	0	0	-1	5
814	0	0	0	0	-1	5
815	866	867	8	0.9965	-3	6.07407407407407
816	868	869	10	0.74	-3	5.9375
817	870	871	2	0.535	-3	5.51111111111111
818	0	0	0	0	-1	7
819	872	873	1	8.55	-3	5.92307692307692
820	0	0	0	0	-1	5
821	0	0	0	0	-1	5
822	0	0	0	0	-1	5
823	0	0	0	0	-1	5
824	0	0	0	0	-1	6
825	0	0	0	0	-1	6
826	0	0	0	0	-1	5
827	874	875	9	0.525	-3	6
828	876	877	4	0	-3	5
829	0	0	0	0	-1	5
830	0	0	0	0	-1	6
831	878	879	10	0	-3	5
832	0	0	0	0	-1	6
833	0	0	0	0	-1	5
834	0	0	0	0	-1	5
835	0	0	0	0	-1	5
836	0	0	0	0	-1	5
837	880	881	4	1.85	-3	5
838	0	0	0	0	-1	5
839	882	883	4	6.05	-3	5
840	884	885	4	0	-3	6
841	886	887	11	12.2	-3	6
842	888	889	3	0.195	-3	6.4
843	890	891	11	13.4	-3	6
844	892	893	11	11.9	-3	7
845	0	0	0	0	-1	7
846	0	0	0	0	-1	6
847	0	0	0	0	-1	6
848	0	0	0	0	-1	5
849	894	895	9	3.165	-3	5
850	0	0	0	0	-1	5
851	896	897	2	0	-3	5
852	898	899	8	0.99498	-3	5
853	900	901	2	0.6	-3	5
854	0	0	0	0	-1	6
855	0	0	0	0	-1	6
856	0	0	0	0	-1	6
857	0	0	0	0	-1	6
858	902	903	4	2.3	-3	5.9
859	0	0	0	0	-1	7
860	904	905	6	5.5	-3	5.16666666666667
861	906	907	4	2.55	-3	5.72727272727273
862	908	909	6	11.5	-3	5.90476190476191
863	910	911	2	0.56	-3	6.22222222222222
864	0	0	0	0	-1	7
865	912	913	4	3.15	-3	5
866	914	915	7	15	-3	6.5
867	916	917	3	0.17	-3	5.95238095238095
868	918	919	1	7.05	-3	6
869	0	0	0	0	-1	5
870	920	921	2	0.495	-3	6
871	922	923	4	2.7	-3	5.24137931034483
872	924	925	5	0.0755	-3	6
873	0	0	0	0	-1	5.75
874	0	0	0	0	-1	6
875	926	927	1	0	-3	6
876	0	0	0	0	-1	6
877	928	929	5	0.0755	-3	5
878	0	0	0	0	-1	6
879	930	931	8	0	-3	5
880	0	0	0	0	-1	5
881	0	0	0	0	-1	5
882	0	0	0	0	-1	5
883	0	0	0	0	-1	5
884	0	0	0	0	-1	5
885	932	933	8	0.99446	-3	6
886	0	0	0	0	-1	6
887	0	0	0	0	-1	6
888	934	935	9	3.4	-3	6.66666666666667
889	0	0	0	0	-1	6
890	0	0	0	0	-1	6
891	0	0	0	0	-1	6
892	0	0	0	0	-1	7
893	0	0	0	0	-1	7
894	0	0	0	0	-1	5
895	936	937	3	0.325	-3	5
896	0	0	0	0	-1	5
897	938	939	7	21	-3	5
898	0	0	0	0	-1	5
899	940	941	9	3.37	-3	5
900	942	943	7	59.5	-3	5
901	944	945	8	0.99522	-3	5
902	946	947	11	9.75	-3	5.71428571428571
903	948	949	2	0.53	-3	6
904	0	0	0	0	-1	6
905	0	0	0	0	-1	5
906	950	951	3	0.195	-3	5.8
907	0	0	0	0	-1	5
908	0	0	0	0	-1	5
909	952	953	4	2.05	-3	6
910	0	0	0	0	-1	7
911	0	0	0	0	-1	6
912	0	0	0	0	-1	5
913	0	0	0	0	-1	5
914	0	0	0	0	-1	6
915	0	0	0	0	-1	7
916	0	0	0	0	-1	7
917	954	955	9	3.085	-3	5.9
918	0	0	0	0	-1	6
919	0	0	0	0	-1	6
920	956	957	4	6.8	-3	6
921	0	0	0	0	-1	6
922	958	959	2	0.7925	-3	5.18518518518519
923	0	0	0	0	-1	6
924	0	0	0	0	-1	6
925	0	0	0	0	-1	6
926	0	0	0	0	-1	6
927	960	961	1	0	-3	6
928	0	0	0	0	-1	5
929	0	0	0	0	-1	5
930	0	0	0	0	-1	6
931	0	0	0	0	-1	5
932	0	0	0	0	-1	6
933	0	0	0	0	-1	6
934	0	0	0	0	-1	6.33333333333333
935	0	0	0	0	-1	7
936	0	0	0	0	-1	5
937	0	0	0	0	-1	5
938	0	0	0	0	-1	5
939	0	0	0	0	-1	5
940	0	0	0	0	-1	5
941	0	0	0	0	-1	5
942	0	0	0	0	-1	5
943	962	963	2	0	-3	5
944	0	0	0	0	-1	5
945	964	965	9	0	-3	5
946	0	0	0	0	-1	6
947	0	0	0	0	-1	5.33333333333333
948	0	0	0	0	-1	6
949	966	967	2	8.2	-3	6
950	968	969	6	10.5	-3	6
951	0	0	0	0	-1	5
952	970	971	1	7.1	-3	6
953	972	973	1	7.7	-3	6
954	0	0	0	0	-1	5
955	974	975	6	5.5	-3	5.94736842105263
956	0	0	0	0	-1	6
957	0	0	0	0	-1	6
958	976	977	1	11.55	-3	5.12
959	0	0	0	0	-1	6
960	0	0	0	0	-1	7
961	0	0	0	0	-1	6
962	0	0	0	0	-1	6
963	978	979	8	7.8	-3	5
964	0	0	0	0	-1	6
965	980	981	1	0	-3	5
966	0	0	0	0	-1	6
967	0	0	0	0	-1	6
968	0	0	0	0	-1	6
969	0	0	0	0	-1	6
970	0	0	0	0	-1	6
971	982	983	1	7.8	-3	6
972	0	0	0	0	-1	6
973	984	985	3	0.16	-3	6
974	986	987	8	0.9984	-3	6
975	988	989	5	0.1055	-3	5.9
976	990	991	2	0.685	-3	5.08333333333333
977	0	0	0	0	-1	6
978	0	0	0	0	-1	5
979	0	0	0	0	-1	5
980	0	0	0	0	-1	6
981	992	993	8	0.996025	-3	5
982	0	0	0	0	-1	6
983	0	0	0	0	-1	6
984	0	0	0	0	-1	6
985	0	0	0	0	-1	6
986	0	0	0	0	-1	6
987	0	0	0	0	-1	6
988	994	995	7	23.5	-3	6
989	0	0	0	0	-1	5
990	0	0	0	0	-1	5
991	996	997	3	0.1	-3	5.33333333333333
992	0	0	0	0	-1	5
993	998	999	1	0	-3	5
994	1000	1001	2	0.475	-3	6
995	0	0	0	0	-1	6
996	0	0	0	0	-1	6
997	0	0	0	0	-1	5
998	0	0	0	0	-1	6
999	1002	1003	1	7.35	-3	5
1000	0	0	0	0	-1	6
1001	0	0	0	0	-1	6
1002	0	0	0	0	-1	5
1003	1004	1005	3	0	-3	5
1004	0	0	0	0	-1	6
1005	1006	1007	10	0.485	-3	5
1006	0	0	0	0	-1	5
1007	0	0	0	0	-1	5
