1	2	3	11	10.525	-3	5.63039399624765
2	4	5	11	9.85	-3	5.3631067961165
3	6	7	9	3.355	-3	6.11423550087873
4	8	9	9	3.395	-3	5.26497005988024
5	10	11	10	0.545	-3	5.54419889502763
6	12	13	10	0.645	-3	6.29
7	14	15	8	0.99241	-3	5.9182156133829
8	16	17	6	14.5	-3	5.22118959107806
9	18	19	3	0.005	-3	5.44615384615385
10	20	21	4	10.65	-3	5.05882352941177
11	22	23	1	7.15	-3	5.65646258503401
12	24	25	2	0.555	-3	5.98076923076923
13	26	27	2	0.395	-3	6.45408163265306
14	28	29	10	0.695	-3	7.04761904761905
15	30	31	10	0.585	-3	5.82258064516129
16	32	33	7	46	-3	5.32978723404255
17	34	35	4	1.3	-3	5.1015625
18	36	37	4	4.7	-3	5.125
19	38	39	9	3.475	-3	5.5188679245283
20	40	41	7	15.5	-3	5.01538461538462
21	0	0	0	0	-1	6
22	42	43	2	0.425	-3	5.32307692307692
23	44	45	10	0.685	-3	5.75109170305677
24	46	47	6	5.5	-3	6.10112359550562
25	48	49	9	3.315	-3	5.26666666666667
26	50	51	9	3.345	-3	6.70093457943925
27	52	53	6	34.5	-3	6.15730337078652
28	0	0	0	0	-1	6
29	54	55	3	0.015	-3	7.375
30	56	57	6	23.5	-3	5.35106382978723
31	58	59	7	89	-3	6.11038961038961
32	60	61	2	0.595	-3	5.39484978540773
33	62	63	8	1.00028	-3	5.02040816326531
34	0	0	0	0	-1	3
35	64	65	6	53.5	-3	5.10980392156863
36	66	67	1	8.1	-3	5.04545454545455
37	0	0	0	0	-1	6
38	68	69	9	3.465	-3	5.63636363636364
39	70	71	4	2.85	-3	5.325
40	72	73	3	0.3	-3	4.5
41	74	75	10	0.485	-3	5.08771929824561
42	0	0	0	0	-1	6
43	76	77	8	0.99609	-3	5.27868852459016
44	78	79	3	0.325	-3	5.61073825503356
45	80	81	9	3.005	-3	6.0125
46	82	83	2	0.365	-3	5.61904761904762
47	84	85	3	0.335	-3	6.25
48	86	87	11	10.8	-3	5.08333333333333
49	0	0	0	0	-1	6
50	88	89	5	0.116	-3	6.67307692307692
51	0	0	0	0	-1	7.66666666666667
52	90	91	7	15.5	-3	6.09638554216868
53	92	93	6	36	-3	7
54	0	0	0	0	-1	6.8
55	94	95	6	17.5	-3	7.63636363636364
56	96	97	5	0.046	-3	5.2125
57	98	99	6	31.5	-3	6.14285714285714
58	100	101	10	0.675	-3	6.16438356164384
59	102	103	1	5.15	-3	5.125
60	104	105	2	0.265	-3	5.59333333333333
61	106	107	11	8.7	-3	5.03614457831325
62	108	109	7	75.5	-3	5.13333333333333
63	0	0	0	0	-1	3.75
64	110	111	3	0.85	-3	5.096
65	0	0	0	0	-1	5.8
66	112	113	4	1.85	-3	5
67	0	0	0	0	-1	6
68	114	115	7	22.5	-3	5.52
69	116	117	5	0.0565	-3	6
70	118	119	5	0.0775	-3	5.20588235294118
71	120	121	11	9.31666666666667	-3	6
72	122	123	3	0.025	-3	4.28571428571429
73	0	0	0	0	-1	6
74	124	125	3	0.265	-3	4.90476190476191
75	126	127	1	7.95	-3	5.19444444444444
76	128	129	1	6	-3	5.66666666666667
77	130	131	6	6.5	-3	5.075
78	132	133	3	0.02	-3	5.76530612244898
79	134	135	1	9.05	-3	5.31372549019608
80	136	137	9	2.935	-3	5.4
81	138	139	5	0.1215	-3	6.1
82	140	141	5	0.09	-3	6.33333333333333
83	142	143	9	3.285	-3	5.33333333333333
84	144	145	6	7	-3	6
85	146	147	6	9.5	-3	6.36956521739131
86	0	0	0	0	-1	6
87	148	149	11	0.996	-3	5
88	150	151	1	8.7	-3	6.70707070707071
89	0	0	0	0	-1	6
90	152	153	5	0.1	-3	6.54545454545454
91	154	155	8	0.99789	-3	6.02777777777778
92	0	0	0	0	-1	7
93	0	0	0	0	-1	7
94	0	0	0	0	-1	7.2
95	156	157	4	1.9	-3	8
96	0	0	0	0	-1	6
97	158	159	2	0.42	-3	5.17105263157895
98	160	161	10	0	-3	6
99	0	0	0	0	-1	6.4
100	162	163	11	11.35	-3	5.93846153846154
101	164	165	11	11.85	-3	6.34567901234568
102	0	0	0	0	-1	6
103	166	167	4	0	-3	5
104	168	169	10	0.83	-3	6.125
105	170	171	1	10.75	-3	5.52985074626866
106	0	0	0	0	-1	3
107	172	173	4	2.25	-3	5.0609756097561
108	174	175	9	3.295	-3	5.04
109	176	177	8	0.996585	-3	5.25
110	178	179	2	0.375	-3	5.10483870967742
111	0	0	0	0	-1	4
112	180	181	5	0	-3	5
113	182	183	5	0	-3	5
114	0	0	0	0	-1	5
115	184	185	9	3.435	-3	5.56521739130435
116	0	0	0	0	-1	6
117	186	187	4	2.25	-3	6
118	0	0	0	0	-1	5
119	188	189	10	0.62	-3	5.33333333333333
120	0	0	0	0	-1	6
121	0	0	0	0	-1	6
122	0	0	0	0	-1	5
123	0	0	0	0	-1	3.75
124	190	191	11	0.99608	-3	5
125	192	193	5	0.0775	-3	4.75
126	194	195	5	0.068	-3	5.04347826086957
127	196	197	8	0.995945	-3	5.46153846153846
128	0	0	0	0	-1	5
129	198	199	10	0.615	-3	5.77777777777778
130	0	0	0	0	-1	4
131	200	201	7	37	-3	5.1025641025641
132	202	203	11	10.45	-3	6.3
133	204	205	5	0.064	-3	5.70454545454545
134	206	207	11	10.45	-3	4.80952380952381
135	208	209	4	2.25	-3	5.66666666666667
136	0	0	0	0	-1	6
137	0	0	0	0	-1	5
138	210	211	10	0.695	-3	6.16666666666667
139	0	0	0	0	-1	5
140	0	0	0	0	-1	6.66666666666667
141	0	0	0	0	-1	6
142	212	213	1	8.55	-3	4.88888888888889
143	0	0	0	0	-1	6
144	0	0	0	0	-1	5
145	214	215	5	0.064	-3	6.15789473684211
146	216	217	2	0.285	-3	6.54545454545455
147	218	219	6	11	-3	6.20833333333333
148	0	0	0	0	-1	6
149	220	221	4	2.7	-3	5
150	222	223	7	28.5	-3	6.51351351351351
151	224	225	9	3.315	-3	6.82258064516129
152	226	227	2	0.59	-3	6.16666666666667
153	0	0	0	0	-1	7
154	228	229	9	3.335	-3	6.15909090909091
155	230	231	6	19.5	-3	5.82142857142857
156	0	0	0	0	-1	8
157	0	0	0	0	-1	8
158	232	233	1	7.15	-3	6.11111111111111
159	234	235	1	7.35	-3	5.04477611940299
160	0	0	0	0	-1	6
161	236	237	7	3.525	-3	6
162	238	239	9	3.515	-3	5.76315789473684
163	240	241	5	0.0835	-3	6.18518518518519
164	242	243	2	0.34	-3	6.14516129032258
165	244	245	5	0.076	-3	7
166	0	0	0	0	-1	5
167	246	247	4	2.4	-3	5
168	248	249	9	0.43	-3	6
169	0	0	0	0	-1	7
170	250	251	2	0.495	-3	5.45714285714286
171	252	253	5	0.086	-3	5.79310344827586
172	254	255	8	0.997625	-3	4.9
173	256	257	11	9.25	-3	5.3125
174	258	259	2	0.805	-3	4.91666666666667
175	260	261	11	9.05	-3	5.15384615384615
176	262	263	3	0.45	-3	5
177	264	265	1	8.25	-3	5.41666666666667
178	266	267	11	9.35	-3	5.36666666666667
179	268	269	11	9.45	-3	5.06880733944954
180	0	0	0	0	-1	6
181	0	0	0	0	-1	5
182	0	0	0	0	-1	5
183	270	271	11	9.45	-3	5
184	272	273	1	7.45	-3	5.68965517241379
185	274	275	3	0.26	-3	5.35294117647059
186	276	277	5	24	-3	6
187	0	0	0	0	-1	6
188	278	279	9	3.515	-3	5.7
189	280	281	4	2.2	-3	5
190	0	0	0	0	-1	5
191	282	283	8	0.996735	-3	5
192	284	285	7	21	-3	5
193	0	0	0	0	-1	4
194	0	0	0	0	-1	4
195	286	287	6	14.5	-3	5.09090909090909
196	0	0	0	0	-1	5
197	288	289	2	0.395	-3	5.6
198	290	291	6	37	-3	5.5
199	292	293	11	10.2	-3	6
200	294	295	1	6.8	-3	5.27272727272727
201	296	297	5	0.0855	-3	5.03571428571429
202	0	0	0	0	-1	6
203	0	0	0	0	-1	7
204	0	0	0	0	-1	6.6
205	298	299	5	0.072	-3	5.65060240963855
206	300	301	11	10.2	-3	4.54545454545454
207	302	303	2	0.495	-3	5.1
208	304	305	6	16.5	-3	5.88235294117647
209	306	307	1	11.65	-3	5.38461538461539
210	0	0	0	0	-1	7
211	308	309	3	0.63	-3	6.11290322580645
212	0	0	0	0	-1	4
213	310	311	2	0	-3	5
214	312	313	11	11.05	-3	6.57142857142857
215	314	315	3	0.29	-3	5.91666666666667
216	0	0	0	0	-1	7
217	316	317	7	14.5	-3	6.41176470588235
218	0	0	0	0	-1	5
219	318	319	7	221.5	-3	6.31818181818182
220	320	321	10	0	-3	5
221	0	0	0	0	-1	5
222	322	323	6	3.5	-3	6.94117647058824
223	324	325	2	0.325	-3	6.15
224	326	327	7	17.5	-3	6.90566037735849
225	328	329	5	0.0745	-3	6.33333333333333
226	0	0	0	0	-1	6
227	0	0	0	0	-1	7
228	330	331	5	0.1015	-3	6.05128205128205
229	0	0	0	0	-1	7
230	332	333	8	1.003175	-3	6.05555555555556
231	334	335	9	3.175	-3	5.4
232	0	0	0	0	-1	6.5
233	0	0	0	0	-1	6
234	336	337	4	3.825	-3	5.15686274509804
235	338	339	10	0.42	-3	4.6875
236	0	0	0	0	-1	6
237	340	341	10	29.5	-3	6
238	342	343	4	4.85	-3	6.06666666666667
239	344	345	1	6.7	-3	4.625
240	346	347	10	0.655	-3	6.04545454545455
241	0	0	0	0	-1	6.8
242	348	349	4	2.2	-3	5.57142857142857
243	350	351	11	10.65	-3	6.21818181818182
244	352	353	5	0.0675	-3	7.11764705882353
245	0	0	0	0	-1	6
246	0	0	0	0	-1	5
247	0	0	0	0	-1	5
248	0	0	0	0	-1	7
249	354	355	7	14.5	-3	6
250	356	357	4	1.85	-3	5.21052631578947
251	358	359	1	8.85	-3	5.75
252	360	361	6	5.5	-3	5.9
253	362	363	8	0.9985	-3	5.55555555555556
254	364	365	10	0.445	-3	4.97826086956522
255	0	0	0	0	-1	4
256	366	367	6	30.5	-3	6
257	368	369	1	8.95	-3	5.12
258	0	0	0	0	-1	5
259	0	0	0	0	-1	4
260	0	0	0	0	-1	6
261	370	371	11	9.45	-3	5.08333333333333
262	0	0	0	0	-1	5
263	0	0	0	0	-1	5
264	372	373	5	0.097	-3	5.83333333333333
265	374	375	11	0.53	-3	5
266	376	377	5	0.219	-3	5.125
267	378	379	8	0.99695	-3	5.45454545454545
268	380	381	11	8.75	-3	4.99206349206349
269	382	383	5	0.1105	-3	5.17391304347826
270	384	385	8	0	-3	5
271	386	387	5	0	-3	5
272	388	389	11	9.6	-3	5.875
273	390	391	7	53.5	-3	5.46153846153846
274	392	393	8	0.99775	-3	5.66666666666667
275	394	395	4	1.85	-3	5.18181818181818
276	0	0	0	0	-1	6
277	0	0	0	0	-1	6
278	0	0	0	0	-1	5
279	396	397	8	0.997725	-3	5.875
280	0	0	0	0	-1	5
281	398	399	2	0	-3	5
282	400	401	1	7.35	-3	5
283	0	0	0	0	-1	5
284	0	0	0	0	-1	5
285	0	0	0	0	-1	5
286	402	403	8	0.99574	-3	5.28571428571429
287	404	405	10	0.525	-3	5
288	0	0	0	0	-1	5
289	406	407	7	41.5	-3	5.85714285714286
290	408	409	4	2.2	-3	5.33333333333333
291	0	0	0	0	-1	6
292	0	0	0	0	-1	6
293	410	411	3	0.03	-3	6
294	412	413	3	0.09	-3	5
295	0	0	0	0	-1	6
296	414	415	4	2	-3	5
297	0	0	0	0	-1	5.5
298	416	417	3	0.3	-3	5.125
299	418	419	8	0.996475	-3	5.70666666666667
300	0	0	0	0	-1	6
301	420	421	8	0.998025	-3	4.4
302	422	423	8	0.997535	-3	5
303	0	0	0	0	-1	6
304	424	425	11	10.15	-3	6
305	0	0	0	0	-1	5
306	426	427	1	10.05	-3	5.625
307	0	0	0	0	-1	5
308	428	429	5	0.062	-3	6.05357142857143
309	430	431	4	3	-3	6.66666666666667
310	0	0	0	0	-1	5
311	0	0	0	0	-1	5
312	0	0	0	0	-1	6
313	0	0	0	0	-1	7
314	432	433	11	0.195	-3	6
315	0	0	0	0	-1	5
316	434	435	5	0.066	-3	6.6
317	436	437	1	11.1	-3	6.14285714285714
318	438	439	4	2.9	-3	6.21052631578947
319	0	0	0	0	-1	7
320	0	0	0	0	-1	6
321	440	441	9	3.135	-3	5
322	0	0	0	0	-1	6
323	442	443	3	0.31	-3	7.06666666666667
324	444	445	4	1.675	-3	6.57142857142857
325	446	447	8	0.9965	-3	5.92307692307692
326	448	449	5	0.092	-3	7.33333333333333
327	450	451	5	0.0905	-3	6.81818181818182
328	452	453	1	9.75	-3	6
329	0	0	0	0	-1	7
330	454	455	10	0.93	-3	6.15625
331	456	457	1	10.4	-3	5.57142857142857
332	458	459	1	14.8	-3	5.9375
333	0	0	0	0	-1	7
334	0	0	0	0	-1	6
335	460	461	2	0.6525	-3	5.14285714285714
336	462	463	6	16.5	-3	5.26086956521739
337	0	0	0	0	-1	4.2
338	0	0	0	0	-1	3
339	464	465	5	0.0585	-3	4.8
340	466	467	5	0.0575	-3	6
341	0	0	0	0	-1	6
342	468	469	1	7.55	-3	5.88
343	0	0	0	0	-1	7
344	0	0	0	0	-1	5.33333333333333
345	0	0	0	0	-1	4.2
346	470	471	10	0.605	-3	6
347	0	0	0	0	-1	6.5
348	0	0	0	0	-1	6.33333333333333
349	0	0	0	0	-1	5
350	0	0	0	0	-1	5.33333333333333
351	472	473	4	4.85	-3	6.26923076923077
352	0	0	0	0	-1	7.4
353	474	475	4	2.25	-3	7
354	0	0	0	0	-1	6
355	476	477	4	0	-3	6
356	478	479	2	0.455	-3	5.42857142857143
357	480	481	3	0.185	-3	5.13953488372093
358	482	483	1	6.55	-3	5.825
359	484	485	2	0.555	-3	5.375
360	0	0	0	0	-1	5
361	486	487	1	11.4	-3	6
362	0	0	0	0	-1	6
363	488	489	7	29.5	-3	5.33333333333333
364	490	491	4	1.9	-3	4.42857142857143
365	492	493	11	9.15	-3	5.07692307692308
366	494	495	10	0.57	-3	6
367	0	0	0	0	-1	6
368	496	497	10	0.475	-3	4.9375
369	498	499	2	0.655	-3	5.44444444444444
370	500	501	2	0	-3	5
371	0	0	0	0	-1	5.33333333333333
372	0	0	0	0	-1	6
373	0	0	0	0	-1	5
374	0	0	0	0	-1	6
375	0	0	0	0	-1	5
376	502	503	6	0	-3	5
377	0	0	0	0	-1	6
378	504	505	5	0.075	-3	5.83333333333333
379	506	507	1	8.55	-3	5.3125
380	0	0	0	0	-1	5.66666666666667
381	508	509	10	1.07	-3	4.97560975609756
382	510	511	2	0.385	-3	5.14772727272727
383	0	0	0	0	-1	5.75
384	0	0	0	0	-1	6
385	512	513	8	0	-3	5
386	0	0	0	0	-1	7
387	0	0	0	0	-1	5
388	0	0	0	0	-1	6
389	514	515	5	0.0825	-3	5.71428571428571
390	516	517	6	12.5	-3	5.75
391	0	0	0	0	-1	5
392	0	0	0	0	-1	5
393	0	0	0	0	-1	6
394	518	519	11	9.45	-3	5.33333333333333
395	0	0	0	0	-1	5
396	0	0	0	0	-1	6
397	0	0	0	0	-1	5
398	0	0	0	0	-1	6
399	0	0	0	0	-1	5
400	0	0	0	0	-1	5
401	520	521	6	0	-3	5
402	0	0	0	0	-1	5
403	0	0	0	0	-1	5.66666666666667
404	522	523	6	0	-3	5
405	524	525	1	7.1	-3	5
406	0	0	0	0	-1	6
407	0	0	0	0	-1	5.5
408	0	0	0	0	-1	5
409	0	0	0	0	-1	6
410	0	0	0	0	-1	6
411	0	0	0	0	-1	6
412	0	0	0	0	-1	5
413	0	0	0	0	-1	5
414	0	0	0	0	-1	5
415	0	0	0	0	-1	5
416	526	527	1	0	-3	5
417	0	0	0	0	-1	6
418	528	529	11	10.25	-3	6.04166666666667
419	530	531	8	0.9983	-3	5.54901960784314
420	532	533	9	3.345	-3	4.14285714285714
421	0	0	0	0	-1	5
422	0	0	0	0	-1	5
423	0	0	0	0	-1	5
424	534	535	8	0.245	-3	6
425	0	0	0	0	-1	6
426	0	0	0	0	-1	5
427	0	0	0	0	-1	6
428	536	537	6	4	-3	6.5
429	538	539	3	0.57	-3	6
430	0	0	0	0	-1	6
431	0	0	0	0	-1	7
432	0	0	0	0	-1	5
433	540	541	3	0.08	-3	6
434	0	0	0	0	-1	6
435	542	543	3	0	-3	7
436	544	545	5	0.092	-3	6
437	0	0	0	0	-1	7
438	546	547	6	13.5	-3	6.11764705882353
439	0	0	0	0	-1	7
440	0	0	0	0	-1	5
441	548	549	9	0	-3	5
442	0	0	0	0	-1	8
443	0	0	0	0	-1	7
444	0	0	0	0	-1	6
445	0	0	0	0	-1	7
446	550	551	10	0.75	-3	6
447	0	0	0	0	-1	5
448	0	0	0	0	-1	7.75
449	0	0	0	0	-1	7
450	552	553	1	10.7	-3	6.73333333333333
451	554	555	5	0	-3	7
452	0	0	0	0	-1	6
453	0	0	0	0	-1	6
454	556	557	11	12	-3	6.12903225806452
455	0	0	0	0	-1	7
456	0	0	0	0	-1	5
457	0	0	0	0	-1	6
458	558	559	5	0.0885	-3	6
459	0	0	0	0	-1	5
460	0	0	0	0	-1	5
461	0	0	0	0	-1	6
462	560	561	11	11.45	-3	5.41666666666667
463	562	563	2	0.8525	-3	4.7
464	564	565	9	3.37	-3	4.5
465	0	0	0	0	-1	5
466	0	0	0	0	-1	6
467	0	0	0	0	-1	6
468	566	567	7	0.99539	-3	6
469	0	0	0	0	-1	5.4
470	568	569	9	3.475	-3	5.875
471	570	571	9	3.435	-3	6.08333333333333
472	572	573	6	25.5	-3	6.22448979591837
473	0	0	0	0	-1	7
474	574	575	7	23	-3	7
475	0	0	0	0	-1	7
476	0	0	0	0	-1	6
477	576	577	6	9.5	-3	6
478	578	579	3	0.37	-3	5.27272727272727
479	0	0	0	0	-1	6
480	0	0	0	0	-1	6
481	580	581	6	11.5	-3	5.05128205128205
482	0	0	0	0	-1	5
483	582	583	9	3.255	-3	5.86842105263158
484	0	0	0	0	-1	5.75
485	0	0	0	0	-1	5
486	584	585	11	9.25	-3	6
487	586	587	10	0.58	-3	6
488	0	0	0	0	-1	5
489	0	0	0	0	-1	6
490	0	0	0	0	-1	4.2
491	0	0	0	0	-1	5
492	0	0	0	0	-1	5.66666666666667
493	588	589	6	3.5	-3	5.02777777777778
494	0	0	0	0	-1	6
495	0	0	0	0	-1	6
496	0	0	0	0	-1	4.5
497	590	591	5	0	-3	5
498	0	0	0	0	-1	5
499	0	0	0	0	-1	6
500	0	0	0	0	-1	5
501	592	593	6	13	-3	5
502	0	0	0	0	-1	5
503	0	0	0	0	-1	5
504	0	0	0	0	-1	5
505	0	0	0	0	-1	6
506	0	0	0	0	-1	6
507	594	595	8	1.0006	-3	5.15384615384615
508	596	597	3	0.11	-3	5
509	598	599	6	24.5	-3	4.78571428571429
510	0	0	0	0	-1	4
511	600	601	1	8.35	-3	5.16091954022989
512	0	0	0	0	-1	6
513	0	0	0	0	-1	5
514	0	0	0	0	-1	5.33333333333333
515	0	0	0	0	-1	6
516	0	0	0	0	-1	5
517	602	603	8	0.99825	-3	6
518	0	0	0	0	-1	5
519	0	0	0	0	-1	6
520	0	0	0	0	-1	6
521	604	605	1	0.225	-3	5
522	0	0	0	0	-1	5
523	0	0	0	0	-1	5
524	606	607	7	0	-3	5
525	0	0	0	0	-1	5
526	0	0	0	0	-1	5
527	608	609	10	0.585	-3	5
528	610	611	9	3.34	-3	6.16666666666667
529	612	613	3	0.465	-3	6
530	614	615	6	8.5	-3	5.39393939393939
531	616	617	9	3.16	-3	5.83333333333333
532	0	0	0	0	-1	4
533	0	0	0	0	-1	5
534	0	0	0	0	-1	7
535	618	619	8	0.99717	-3	6
536	0	0	0	0	-1	8
537	0	0	0	0	-1	6.2
538	620	621	7	86	-3	6.04255319148936
539	0	0	0	0	-1	5.33333333333333
540	0	0	0	0	-1	6
541	622	623	2	0.5175	-3	6
542	0	0	0	0	-1	7
543	0	0	0	0	-1	7
544	0	0	0	0	-1	6
545	0	0	0	0	-1	6
546	0	0	0	0	-1	6.5
547	624	625	11	12.35	-3	6.06666666666667
548	0	0	0	0	-1	7
549	626	627	10	0.6	-3	5
550	0	0	0	0	-1	6
551	628	629	3	0.41	-3	6
552	630	631	6	22.5	-3	6.83333333333333
553	632	633	8	0.9979	-3	6.33333333333333
554	0	0	0	0	-1	5
555	634	635	2	0	-3	7
556	636	637	5	0.0565	-3	6.04
557	638	639	8	0.995235	-3	6.5
558	0	0	0	0	-1	6
559	0	0	0	0	-1	6
560	640	641	11	10.85	-3	5.15
561	642	643	10	0.525	-3	5.75
562	644	645	11	10.7	-3	5.16666666666667
563	0	0	0	0	-1	4
564	0	0	0	0	-1	5
565	0	0	0	0	-1	4
566	0	0	0	0	-1	5
567	646	647	8	0.99539	-3	6
568	0	0	0	0	-1	5.66666666666667
569	0	0	0	0	-1	6
570	0	0	0	0	-1	7
571	648	649	6	23.5	-3	6
572	650	651	3	0.36	-3	6.39285714285714
573	652	653	1	6.55	-3	6
574	0	0	0	0	-1	7
575	0	0	0	0	-1	7
576	0	0	0	0	-1	6
577	0	0	0	0	-1	6
578	0	0	0	0	-1	5.6
579	0	0	0	0	-1	5
580	654	655	6	7.5	-3	5
581	0	0	0	0	-1	7
582	656	657	8	0.99479	-3	5.5
583	658	659	10	0.58	-3	6
584	0	0	0	0	-1	6
585	0	0	0	0	-1	6
586	0	0	0	0	-1	6
587	660	661	6	10.5	-3	6
588	0	0	0	0	-1	6
589	662	663	10	0.585	-3	5
590	0	0	0	0	-1	5
591	664	665	10	0.08	-3	5
592	666	667	5	0	-3	5
593	0	0	0	0	-1	5
594	668	669	11	9.75	-3	5.08333333333333
595	0	0	0	0	-1	6
596	670	671	9	3.355	-3	5.16666666666667
597	672	673	1	8.7	-3	4.97938144329897
598	0	0	0	0	-1	5
599	0	0	0	0	-1	4
600	674	675	1	7.95	-3	5.24528301886792
601	676	677	10	0.66	-3	5.02941176470588
602	0	0	0	0	-1	6
603	0	0	0	0	-1	6
604	0	0	0	0	-1	5
605	0	0	0	0	-1	5
606	0	0	0	0	-1	5
607	678	679	6	42.5	-3	5
608	0	0	0	0	-1	5
609	0	0	0	0	-1	5
610	0	0	0	0	-1	6
611	0	0	0	0	-1	7
612	680	681	6	15	-3	6
613	0	0	0	0	-1	6
614	682	683	7	31	-3	5.7
615	684	685	5	0.0895	-3	5.26086956521739
616	0	0	0	0	-1	5
617	686	687	4	3.3	-3	5.9375
618	0	0	0	0	-1	6
619	688	689	9	3.155	-3	6
620	690	691	9	3.045	-3	6
621	0	0	0	0	-1	7
622	692	693	5	0	-3	6
623	0	0	0	0	-1	6
624	694	695	6	18.5	-3	6
625	0	0	0	0	-1	6.33333333333333
626	0	0	0	0	-1	5
627	0	0	0	0	-1	5
628	0	0	0	0	-1	6
629	0	0	0	0	-1	6
630	696	697	6	7.5	-3	6.8695652173913
631	0	0	0	0	-1	6
632	0	0	0	0	-1	6.2
633	0	0	0	0	-1	7
634	0	0	0	0	-1	5
635	698	699	5	0.73	-3	7
636	0	0	0	0	-1	5
637	700	701	5	0.092	-3	6.08333333333333
638	0	0	0	0	-1	6
639	0	0	0	0	-1	7
640	702	703	2	0.89	-3	5.30769230769231
641	704	705	9	3.43	-3	4.85714285714286
642	706	707	1	7	-3	5.5
643	708	709	11	11.55	-3	6
644	0	0	0	0	-1	6
645	0	0	0	0	-1	5
646	710	711	2	0.77	-3	6
647	712	713	6	19	-3	6
648	714	715	1	6.8	-3	6
649	0	0	0	0	-1	6
650	716	717	9	3.57	-3	6.22727272727273
651	718	719	1	8.5	-3	7
652	0	0	0	0	-1	6
653	720	721	5	0	-3	6
654	0	0	0	0	-1	5
655	722	723	9	3.285	-3	5
656	0	0	0	0	-1	6
657	724	725	7	26	-3	5.16666666666667
658	0	0	0	0	-1	6.25
659	726	727	1	7.15	-3	5.95833333333333
660	728	729	1	12.3	-3	6
661	0	0	0	0	-1	6
662	730	731	3	0.005	-3	4.96774193548387
663	0	0	0	0	-1	5.25
664	0	0	0	0	-1	7
665	732	733	8	0.997125	-3	5
666	0	0	0	0	-1	5
667	734	735	6	0	-3	5
668	0	0	0	0	-1	5
669	0	0	0	0	-1	6
670	736	737	5	0.072	-3	5
671	0	0	0	0	-1	5.5
672	738	739	5	0.078	-3	5
673	740	741	1	8.85	-3	4.94285714285714
674	742	743	10	0.555	-3	5.17021276595745
675	744	745	2	0.46	-3	5.83333333333333
676	746	747	10	0.575	-3	5
677	748	749	1	10.1	-3	5.1
678	0	0	0	0	-1	5
679	0	0	0	0	-1	5
680	0	0	0	0	-1	6
681	750	751	8	0	-3	6
682	0	0	0	0	-1	6
683	0	0	0	0	-1	5
684	752	753	3	0.07	-3	5.19047619047619
685	0	0	0	0	-1	6
686	754	755	6	28	-3	6
687	0	0	0	0	-1	5
688	0	0	0	0	-1	6
689	0	0	0	0	-1	6
690	0	0	0	0	-1	7
691	756	757	1	7.25	-3	5.97727272727273
692	0	0	0	0	-1	6
693	758	759	2	0.38	-3	6
694	0	0	0	0	-1	6
695	760	761	4	2.25	-3	6
696	762	763	11	11.05	-3	6.93333333333333
697	764	765	11	11.85	-3	6.75
698	0	0	0	0	-1	7
699	0	0	0	0	-1	7
700	766	767	11	11.15	-3	6.04347826086957
701	0	0	0	0	-1	7
702	0	0	0	0	-1	5
703	0	0	0	0	-1	6
704	0	0	0	0	-1	4
705	0	0	0	0	-1	5
706	768	769	3	0.04	-3	5.33333333333333
707	0	0	0	0	-1	6
708	0	0	0	0	-1	6
709	0	0	0	0	-1	6
710	0	0	0	0	-1	6
711	0	0	0	0	-1	6
712	770	771	10	0.665	-3	6
713	0	0	0	0	-1	6
714	772	773	5	0.079	-3	6
715	0	0	0	0	-1	6
716	774	775	7	63.5	-3	6.10526315789474
717	0	0	0	0	-1	7
718	0	0	0	0	-1	7
719	0	0	0	0	-1	7
720	0	0	0	0	-1	6
721	0	0	0	0	-1	6
722	776	777	1	0	-3	5
723	778	779	11	0	-3	5
724	0	0	0	0	-1	5
725	0	0	0	0	-1	6
726	780	781	9	3.29	-3	5.85714285714286
727	0	0	0	0	-1	6
728	0	0	0	0	-1	6
729	0	0	0	0	-1	6
730	0	0	0	0	-1	4.5
731	782	783	2	0.7225	-3	5
732	0	0	0	0	-1	5
733	784	785	8	0.998075	-3	5
734	0	0	0	0	-1	5
735	0	0	0	0	-1	5
736	0	0	0	0	-1	5
737	786	787	11	0	-3	5
738	788	789	8	0.996685	-3	5
739	790	791	8	0.99641	-3	5
740	792	793	6	25	-3	4.66666666666667
741	794	795	9	3.35	-3	5
742	796	797	4	4.75	-3	5.03846153846154
743	798	799	4	2	-3	5.33333333333333
744	0	0	0	0	-1	5
745	0	0	0	0	-1	6
746	800	801	8	0.99814	-3	5
747	802	803	3	0.3	-3	5
748	804	805	7	0	-3	5
749	0	0	0	0	-1	6
750	0	0	0	0	-1	5
751	806	807	9	3.375	-3	6
752	0	0	0	0	-1	5.66666666666667
753	808	809	9	3.345	-3	5.11111111111111
754	0	0	0	0	-1	6
755	0	0	0	0	-1	6
756	0	0	0	0	-1	5
757	810	811	1	8.55	-3	6
758	0	0	0	0	-1	6
759	0	0	0	0	-1	6
760	0	0	0	0	-1	6
761	0	0	0	0	-1	6
762	812	813	3	0.48	-3	6.875
763	814	815	8	0.99828	-3	7
764	816	817	3	0.455	-3	6.85714285714286
765	0	0	0	0	-1	6
766	818	819	5	0.0715	-3	6
767	820	821	8	0.99639	-3	6.11111111111111
768	0	0	0	0	-1	6
769	0	0	0	0	-1	5
770	0	0	0	0	-1	6
771	0	0	0	0	-1	6
772	0	0	0	0	-1	6
773	0	0	0	0	-1	6
774	822	823	11	11.25	-3	6.16666666666667
775	0	0	0	0	-1	5
776	0	0	0	0	-1	7
777	824	825	4	2.05	-3	5
778	0	0	0	0	-1	4
779	0	0	0	0	-1	5
780	0	0	0	0	-1	5
781	826	827	1	6.8	-3	6
782	828	829	6	0	-3	5
783	830	831	6	0	-3	5
784	832	833	9	0	-3	5
785	0	0	0	0	-1	5
786	0	0	0	0	-1	5
787	834	835	1	8.35	-3	5
788	836	837	4	2.05	-3	5
789	838	839	11	9.1	-3	5
790	0	0	0	0	-1	5
791	840	841	5	0.108	-3	5
792	0	0	0	0	-1	4.5
793	0	0	0	0	-1	5
794	842	843	8	0.999	-3	5
795	0	0	0	0	-1	5
796	844	845	7	70.75	-3	5
797	0	0	0	0	-1	6
798	846	847	2	0.52	-3	5
799	848	849	10	0.585	-3	5.46666666666667
800	850	851	1	0	-3	5
801	852	853	4	0	-3	5
802	0	0	0	0	-1	5
803	854	855	3	0	-3	5
804	0	0	0	0	-1	6
805	856	857	6	33	-3	5
806	0	0	0	0	-1	6
807	0	0	0	0	-1	6
808	858	859	4	2.2	-3	5
809	0	0	0	0	-1	5.4
810	860	861	1	8.25	-3	5.8
811	862	863	10	0.725	-3	6.06060606060606
812	864	865	10	1.035	-3	7
813	0	0	0	0	-1	6
814	0	0	0	0	-1	7
815	0	0	0	0	-1	7
816	866	867	8	0.99507	-3	7
817	0	0	0	0	-1	6
818	0	0	0	0	-1	6
819	0	0	0	0	-1	6
820	868	869	9	3.14	-3	6
821	0	0	0	0	-1	6.33333333333333
822	0	0	0	0	-1	6
823	870	871	9	3.46	-3	6.42857142857143
824	0	0	0	0	-1	5
825	0	0	0	0	-1	5
826	0	0	0	0	-1	6
827	0	0	0	0	-1	6
828	0	0	0	0	-1	4
829	872	873	8	0	-3	5
830	0	0	0	0	-1	7
831	874	875	4	2.05	-3	5
832	0	0	0	0	-1	5
833	0	0	0	0	-1	5
834	0	0	0	0	-1	5
835	0	0	0	0	-1	5
836	876	877	1	0	-3	5
837	0	0	0	0	-1	5
838	0	0	0	0	-1	5
839	0	0	0	0	-1	5
840	878	879	8	0	-3	5
841	880	881	2	9.35	-3	5
842	882	883	8	0.99751	-3	5
843	884	885	7	0	-3	5
844	886	887	1	0	-3	5
845	888	889	8	0.9966	-3	5
846	0	0	0	0	-1	5
847	0	0	0	0	-1	5
848	0	0	0	0	-1	6
849	890	891	1	7.25	-3	5.2
850	0	0	0	0	-1	6
851	892	893	11	9.75	-3	5
852	0	0	0	0	-1	6
853	894	895	1	0	-3	5
854	0	0	0	0	-1	5
855	0	0	0	0	-1	5
856	896	897	6	0	-3	5
857	0	0	0	0	-1	5
858	0	0	0	0	-1	5
859	898	899	10	0.63	-3	5
860	900	901	9	3.335	-3	5.88888888888889
861	0	0	0	0	-1	5
862	0	0	0	0	-1	7
863	902	903	11	10.45	-3	6.03125
864	0	0	0	0	-1	7
865	0	0	0	0	-1	7
866	0	0	0	0	-1	7
867	0	0	0	0	-1	7
868	0	0	0	0	-1	6
869	0	0	0	0	-1	6
870	0	0	0	0	-1	6.2
871	0	0	0	0	-1	7
872	0	0	0	0	-1	7
873	904	905	9	3.38	-3	5
874	0	0	0	0	-1	5
875	0	0	0	0	-1	5
876	0	0	0	0	-1	5
877	906	907	8	0	-3	5
878	0	0	0	0	-1	5
879	0	0	0	0	-1	5
880	0	0	0	0	-1	5
881	0	0	0	0	-1	5
882	0	0	0	0	-1	5
883	908	909	10	0	-3	5
884	0	0	0	0	-1	5
885	910	911	3	0.2	-3	5
886	0	0	0	0	-1	4
887	912	913	3	0.075	-3	5
888	914	915	8	0	-3	5
889	0	0	0	0	-1	5
890	0	0	0	0	-1	5.5
891	0	0	0	0	-1	5
892	0	0	0	0	-1	5
893	0	0	0	0	-1	5
894	0	0	0	0	-1	5
895	0	0	0	0	-1	5
896	0	0	0	0	-1	5
897	916	917	6	24	-3	5
898	918	919	9	0.095	-3	5
899	0	0	0	0	-1	5
900	0	0	0	0	-1	5
901	920	921	11	0	-3	6
902	922	923	10	0.735	-3	6
903	0	0	0	0	-1	6.2
904	924	925	4	1.95	-3	5
905	0	0	0	0	-1	5
906	0	0	0	0	-1	6
907	0	0	0	0	-1	5
908	0	0	0	0	-1	5
909	926	927	10	0.57	-3	5
910	0	0	0	0	-1	5
911	928	929	8	0	-3	5
912	0	0	0	0	-1	5
913	0	0	0	0	-1	5
914	0	0	0	0	-1	6
915	930	931	11	0	-3	5
916	0	0	0	0	-1	5
917	0	0	0	0	-1	5
918	0	0	0	0	-1	7
919	932	933	2	0	-3	5
920	0	0	0	0	-1	6
921	934	935	3	0.275	-3	6
922	0	0	0	0	-1	6
923	936	937	5	0.1055	-3	6
924	938	939	10	0	-3	5
925	0	0	0	0	-1	5
926	0	0	0	0	-1	5
927	940	941	1	0	-3	5
928	0	0	0	0	-1	5
929	942	943	7	79.5	-3	5
930	0	0	0	0	-1	5
931	944	945	8	0.99626	-3	5
932	0	0	0	0	-1	6
933	946	947	9	3.25	-3	5
934	0	0	0	0	-1	6
935	0	0	0	0	-1	6
936	0	0	0	0	-1	6
937	0	0	0	0	-1	6
938	0	0	0	0	-1	5
939	0	0	0	0	-1	5
940	0	0	0	0	-1	6
941	948	949	1	9.05	-3	5
942	0	0	0	0	-1	5
943	0	0	0	0	-1	5
944	950	951	1	0.995755	-3	5
945	0	0	0	0	-1	5
946	0	0	0	0	-1	5
947	0	0	0	0	-1	5
948	952	953	2	0	-3	5
949	0	0	0	0	-1	5
950	0	0	0	0	-1	5
951	954	955	10	0.465	-3	5
952	0	0	0	0	-1	5
953	0	0	0	0	-1	5
954	0	0	0	0	-1	5
955	956	957	3	0	-3	5
956	0	0	0	0	-1	7
957	958	959	7	93	-3	5
958	0	0	0	0	-1	5
959	0	0	0	0	-1	5
