1	2	3	11	11.15	-3	5.63352095059412
2	4	5	1	10.05	-3	5.4566098945661
3	6	7	10	0.645	-3	6.22950819672131
4	8	9	3	0.265	-3	5.38212927756654
5	10	11	11	10.45	-3	5.88950276243094
6	12	13	11	11.55	-3	5.81481481481482
7	14	15	6	17.5	-3	6.55882352941176
8	16	17	10	0.555	-3	5.2945301542777
9	18	19	2	0.405	-3	5.56637168141593
10	20	21	2	0.355	-3	5.71186440677966
11	22	23	1	12.95	-3	6.22222222222222
12	24	25	2	0.735	-3	5.5
13	26	27	3	0.3	-3	6.05434782608696
14	28	29	3	0.455	-3	6.64748201438849
15	30	31	1	13.4	-3	6.36923076923077
16	32	33	9	3.475	-3	5.05119453924914
17	34	35	8	0.99495	-3	5.46428571428571
18	36	37	10	0.71	-3	5.91608391608392
19	38	39	1	7.05	-3	5.31122448979592
20	40	41	10	0.5	-3	6.02702702702703
21	42	43	10	0.635	-3	5.5679012345679
22	44	45	10	0.59	-3	6.35087719298246
23	46	47	8	1.001375	-3	5
24	48	49	9	3.6	-3	5.75438596491228
25	50	51	5	0.06	-3	4.38461538461539
26	52	53	6	13.5	-3	5.71153846153846
27	54	55	4	5.25	-3	6.5
28	56	57	10	0.685	-3	6.79220779220779
29	58	59	1	9.55	-3	6.46774193548387
30	60	61	4	2.25	-3	6.41269841269841
31	0	0	0	0	-1	5
32	62	63	3	0.055	-3	5.11450381679389
33	64	65	11	10.95	-3	4.51612903225806
34	66	67	1	5.35	-3	6.04347826086957
35	68	69	10	0.645	-3	5.43073047858942
36	70	71	7	11.5	-3	5.58461538461538
37	72	73	1	7.25	-3	6.19230769230769
38	74	75	10	1.165	-3	5.75
39	76	77	7	62.5	-3	5.25
40	0	0	0	0	-1	5
41	78	79	3	0.415	-3	6.08571428571429
42	80	81	8	0.99815	-3	5.26315789473684
43	82	83	10	0.84	-3	5.83720930232558
44	0	0	0	0	-1	5
45	84	85	7	31	-3	6.4
46	0	0	0	0	-1	5
47	0	0	0	0	-1	5
48	86	87	5	0.0545	-3	5.95918367346939
49	88	89	10	0.6	-3	4.5
50	0	0	0	0	-1	5.25
51	90	91	3	0.16	-3	4
52	92	93	5	0.061	-3	5.33333333333333
53	94	95	10	0.435	-3	6.03571428571429
54	96	97	8	0.996405	-3	6.41176470588235
55	98	99	7	13.5	-3	7
56	100	101	7	11.5	-3	6.07692307692308
57	102	103	1	10.35	-3	6.9375
58	104	105	2	0.495	-3	7.125
59	106	107	5	0.1055	-3	6.37037037037037
60	108	109	9	3.71	-3	6.11111111111111
61	110	111	11	12.65	-3	6.63888888888889
62	112	113	2	1.02	-3	4.92307692307692
63	114	115	3	0.235	-3	5.19565217391304
64	116	117	9	3.605	-3	4.80769230769231
65	0	0	0	0	-1	3
66	0	0	0	0	-1	5
67	118	119	11	10.1	-3	6.09090909090909
68	120	121	6	6.5	-3	5.3542600896861
69	122	123	2	0.7875	-3	5.52873563218391
70	124	125	3	0.38	-3	6.33333333333333
71	126	127	11	11.05	-3	5.46428571428571
72	128	129	8	0.99636	-3	6.61538461538461
73	130	131	3	0.485	-3	6.10769230769231
74	132	133	7	70.5	-3	5.81818181818182
75	0	0	0	0	-1	5
76	134	135	2	0.595	-3	5.4
77	136	137	4	2.15	-3	5.14705882352941
78	0	0	0	0	-1	5
79	138	139	1	14.2	-3	6.15151515151515
80	140	141	8	0.997855	-3	4.92857142857143
81	142	143	2	0.51	-3	5.45833333333333
82	144	145	11	9.6	-3	6
83	146	147	4	2.9	-3	5.3
84	148	149	10	0.665	-3	6.8
85	150	151	7	76	-3	6.06666666666667
86	0	0	0	0	-1	4.5
87	152	153	5	0.063	-3	6.02127659574468
88	0	0	0	0	-1	5
89	0	0	0	0	-1	4
90	154	155	11	0.99526	-3	4
91	0	0	0	0	-1	4
92	156	157	7	57	-3	4.7
93	158	159	6	4	-3	5.78571428571429
94	0	0	0	0	-1	7
95	160	161	11	12.95	-3	6
96	162	163	7	14.5	-3	6.5
97	164	165	6	8	-3	6
98	0	0	0	0	-1	7
99	0	0	0	0	-1	7
100	0	0	0	0	-1	7
101	166	167	5	0.0435	-3	6
102	168	169	3	0.005	-3	6.98360655737705
103	0	0	0	0	-1	6
104	170	171	11	11.85	-3	7.5
105	0	0	0	0	-1	6
106	172	173	5	0.0915	-3	6.475
107	174	175	6	5.5	-3	6.07142857142857
108	176	177	9	3.285	-3	6.03846153846154
109	0	0	0	0	-1	8
110	178	179	9	3.295	-3	6.5
111	180	181	8	0.994155	-3	7.33333333333333
112	182	183	4	1.3	-3	4.84931506849315
113	0	0	0	0	-1	6
114	184	185	3	0.175	-3	5.24358974358974
115	186	187	10	0.535	-3	4.92857142857143
116	188	189	10	0.415	-3	5
117	0	0	0	0	-1	3.75
118	0	0	0	0	-1	7
119	190	191	3	0.07	-3	6
120	192	193	11	10.85	-3	5
121	194	195	7	19	-3	5.47305389221557
122	196	197	4	2.05	-3	5.45333333333333
123	198	199	3	0.02	-3	6
124	0	0	0	0	-1	7
125	200	201	2	0.26	-3	6
126	202	203	8	0.99781	-3	5.53061224489796
127	204	205	8	0	-3	5
128	206	207	3	0.47	-3	7
129	0	0	0	0	-1	5.75
130	208	209	5	0.0605	-3	6.31914893617021
131	210	211	10	1.025	-3	5.55555555555556
132	212	213	10	0.545	-3	5.9
133	0	0	0	0	-1	5
134	214	215	2	0.445	-3	5.52941176470588
135	216	217	5	0.085	-3	5.05263157894737
136	218	219	6	10.5	-3	5.33333333333333
137	220	221	3	0.85	-3	5.03174603174603
138	222	223	1	11.65	-3	6.09677419354839
139	0	0	0	0	-1	7
140	224	225	7	4	-3	5
141	0	0	0	0	-1	4.66666666666667
142	226	227	8	1.00005	-3	5.29411764705882
143	228	229	4	2.65	-3	5.85714285714286
144	230	231	5	0.079	-3	5.66666666666667
145	232	233	9	3.025	-3	6.19047619047619
146	234	235	6	21.5	-3	4.83333333333333
147	0	0	0	0	-1	6
148	236	237	11	10.9	-3	7.28571428571429
149	238	239	3	0.56	-3	6.61111111111111
150	240	241	4	1.75	-3	6
151	0	0	0	0	-1	7
152	242	243	11	11.35	-3	6.42857142857143
153	244	245	3	0.2	-3	5.84848484848485
154	0	0	0	0	-1	5
155	0	0	0	0	-1	4
156	246	247	10	0.53	-3	4.875
157	0	0	0	0	-1	4
158	0	0	0	0	-1	7
159	248	249	7	15.5	-3	5.69230769230769
160	250	251	7	82	-3	6.03846153846154
161	0	0	0	0	-1	5
162	252	253	10	0.6	-3	7
163	254	255	10	0.625	-3	6.26315789473684
164	0	0	0	0	-1	6
165	0	0	0	0	-1	6
166	0	0	0	0	-1	6
167	256	257	11	12	-3	6
168	0	0	0	0	-1	6.25
169	258	259	11	11.25	-3	7.03508771929825
170	0	0	0	0	-1	8
171	0	0	0	0	-1	7.25
172	260	261	4	5.05	-3	6.28571428571429
173	262	263	4	4.2	-3	6.91666666666667
174	0	0	0	0	-1	5
175	264	265	7	15.5	-3	6.15384615384615
176	0	0	0	0	-1	6.5
177	266	267	5	0.0535	-3	6
178	268	269	8	0.999195	-3	6.78571428571429
179	270	271	1	6.5	-3	6.25
180	0	0	0	0	-1	6.66666666666667
181	0	0	0	0	-1	8
182	0	0	0	0	-1	6
183	272	273	10	0.545	-3	4.78260869565218
184	274	275	5	0.1145	-3	5.16091954022989
185	276	277	6	4.5	-3	5.34782608695652
186	278	279	11	9.3	-3	4.96153846153846
187	0	0	0	0	-1	4.5
188	0	0	0	0	-1	3
189	280	281	8	0.99415	-3	5.09523809523809
190	282	283	2	0.8775	-3	6
191	0	0	0	0	-1	6
192	284	285	2	0.615	-3	5.15217391304348
193	286	287	2	0.79	-3	4.3
194	288	289	2	0.51	-3	6.14285714285714
195	290	291	2	0.6475	-3	5.41176470588235
196	292	293	11	10.525	-3	5.26760563380282
197	294	295	7	13.5	-3	5.62025316455696
198	0	0	0	0	-1	5
199	296	297	10	0.655	-3	6.2
200	0	0	0	0	-1	6
201	0	0	0	0	-1	6
202	298	299	4	1.65	-3	5.82142857142857
203	300	301	11	9.85	-3	5.14285714285714
204	0	0	0	0	-1	6
205	302	303	1	3.39	-3	5
206	304	305	7	28.5	-3	7.125
207	0	0	0	0	-1	6
208	306	307	3	0.395	-3	6.71428571428571
209	308	309	2	0.3	-3	6.25
210	310	311	3	0.595	-3	5.35714285714286
211	0	0	0	0	-1	6.25
212	0	0	0	0	-1	5
213	312	313	1	6.65	-3	5.94736842105263
214	314	315	8	0.9987	-3	5.0625
215	316	317	9	3.315	-3	5.74285714285714
216	318	319	11	10.8	-3	5.57142857142857
217	320	321	11	9.2	-3	4.75
218	322	323	2	0.7075	-3	5.85714285714286
219	324	325	6	11.5	-3	5.21875
220	326	327	7	100	-3	5.04838709677419
221	0	0	0	0	-1	4
222	328	329	7	23.5	-3	6
223	330	331	4	2.35	-3	6.27272727272727
224	0	0	0	0	-1	5
225	332	333	2	0.56	-3	5
226	334	335	2	0.42	-3	5.57142857142857
227	336	337	2	0.445	-3	5.1
228	338	339	3	0.555	-3	6
229	0	0	0	0	-1	5
230	0	0	0	0	-1	5
231	0	0	0	0	-1	6
232	0	0	0	0	-1	7
233	340	341	4	5.45	-3	6.10526315789474
234	0	0	0	0	-1	5
235	0	0	0	0	-1	4
236	0	0	0	0	-1	7
237	0	0	0	0	-1	8
238	342	343	9	3.255	-3	6.36363636363636
239	344	345	4	2.2	-3	7
240	0	0	0	0	-1	7
241	346	347	6	33	-3	5.92307692307692
242	0	0	0	0	-1	7
243	348	349	9	3.16	-3	6
244	350	351	6	12	-3	6.05263157894737
245	352	353	2	0.385	-3	5.57142857142857
246	0	0	0	0	-1	5
247	0	0	0	0	-1	4.66666666666667
248	0	0	0	0	-1	5
249	354	355	3	0.015	-3	6
250	356	357	6	31.5	-3	6
251	0	0	0	0	-1	6.5
252	0	0	0	0	-1	7
253	0	0	0	0	-1	7
254	358	359	3	0.355	-3	6.13333333333333
255	0	0	0	0	-1	6.75
256	0	0	0	0	-1	6
257	360	361	5	0.064	-3	6
258	0	0	0	0	-1	6.6
259	362	363	10	0.695	-3	7.07692307692308
260	364	365	11	12.05	-3	6.20833333333333
261	0	0	0	0	-1	6.75
262	366	367	6	0.48	-3	7
263	0	0	0	0	-1	6.5
264	0	0	0	0	-1	7
265	368	369	8	0.9986	-3	6.08333333333333
266	0	0	0	0	-1	6
267	370	371	5	0.067	-3	6
268	372	373	1	9.1	-3	7
269	0	0	0	0	-1	6
270	0	0	0	0	-1	6.75
271	374	375	6	21.5	-3	6.08333333333333
272	376	377	6	5.5	-3	4.84375
273	0	0	0	0	-1	4
274	378	379	9	3.445	-3	5.12345679012346
275	380	381	7	19	-3	5.66666666666667
276	0	0	0	0	-1	6
277	382	383	4	2.15	-3	5.30769230769231
278	0	0	0	0	-1	4.5
279	384	385	6	26	-3	5
280	0	0	0	0	-1	4
281	386	387	10	0.455	-3	5.15
282	0	0	0	0	-1	6
283	0	0	0	0	-1	6
284	388	389	10	0.595	-3	5.45833333333333
285	390	391	10	0.605	-3	4.81818181818182
286	0	0	0	0	-1	5
287	392	393	4	3.3	-3	4
288	0	0	0	0	-1	4
289	394	395	11	10.45	-3	6.30769230769231
290	396	397	7	24.5	-3	5.53448275862069
291	398	399	11	9.95	-3	5.02702702702703
292	400	401	10	1.03	-3	5.2089552238806
293	0	0	0	0	-1	6.25
294	0	0	0	0	-1	7
295	402	403	3	0.125	-3	5.6025641025641
296	404	405	11	10.3	-3	6.4
297	0	0	0	0	-1	6
298	406	407	4	1.55	-3	5.42857142857143
299	408	409	1	9.35	-3	5.95238095238095
300	410	411	2	0.345	-3	5
301	412	413	6	11.5	-3	5.5
302	0	0	0	0	-1	5
303	0	0	0	0	-1	5
304	0	0	0	0	-1	8
305	0	0	0	0	-1	7
306	0	0	0	0	-1	7
307	0	0	0	0	-1	6.33333333333333
308	414	415	4	2.6	-3	6
309	416	417	2	0.33	-3	6.35714285714286
310	418	419	4	1.9	-3	5.25
311	0	0	0	0	-1	6
312	0	0	0	0	-1	5.8
313	420	421	4	1.8	-3	6
314	422	423	11	10.45	-3	5
315	0	0	0	0	-1	6
316	424	425	3	0.5	-3	5.86206896551724
317	426	427	2	0.46	-3	5.16666666666667
318	0	0	0	0	-1	6
319	0	0	0	0	-1	5
320	0	0	0	0	-1	5
321	428	429	8	0.997275	-3	4.57142857142857
322	430	431	5	0.087	-3	6
323	0	0	0	0	-1	5
324	0	0	0	0	-1	4
325	432	433	9	2.965	-3	5.25806451612903
326	434	435	3	0.345	-3	5.10714285714286
327	436	437	10	0.575	-3	5
328	0	0	0	0	-1	6
329	438	439	9	3.07	-3	6
330	0	0	0	0	-1	7
331	440	441	8	0.99935	-3	6
332	442	443	9	0	-3	5
333	0	0	0	0	-1	5
334	0	0	0	0	-1	6
335	0	0	0	0	-1	5
336	444	445	6	9	-3	5
337	0	0	0	0	-1	6
338	0	0	0	0	-1	6
339	0	0	0	0	-1	6
340	446	447	7	52.5	-3	6
341	0	0	0	0	-1	7
342	448	449	10	0.755	-3	6.66666666666667
343	0	0	0	0	-1	6
344	0	0	0	0	-1	7
345	0	0	0	0	-1	7
346	450	451	6	28	-3	5.82608695652174
347	0	0	0	0	-1	6.66666666666667
348	0	0	0	0	-1	7
349	452	453	11	11.45	-3	5.66666666666667
350	0	0	0	0	-1	6.2
351	0	0	0	0	-1	6
352	454	455	9	3.305	-3	6
353	456	457	9	3.395	-3	5.25
354	0	0	0	0	-1	6
355	0	0	0	0	-1	6
356	458	459	11	11.65	-3	5.95652173913043
357	0	0	0	0	-1	7
358	0	0	0	0	-1	6.4
359	460	461	8	0.990635	-3	6
360	0	0	0	0	-1	6
361	0	0	0	0	-1	6
362	0	0	0	0	-1	8
363	462	463	5	0.0455	-3	7.05882352941176
364	464	465	11	11.25	-3	6.07142857142857
365	466	467	11	12.6	-3	6.4
366	0	0	0	0	-1	5
367	468	469	7	18.5	-3	7
368	470	471	3	0.66	-3	6
369	0	0	0	0	-1	7
370	472	473	4	1.95	-3	6
371	474	475	1	6.5	-3	6
372	0	0	0	0	-1	7
373	476	477	11	11.9	-3	7
374	0	0	0	0	-1	6.33333333333333
375	478	479	4	2.55	-3	6
376	480	481	2	0.8475	-3	4.46666666666667
377	482	483	2	0.7275	-3	4.95918367346939
378	484	485	7	34.5	-3	5.10126582278481
379	0	0	0	0	-1	6
380	0	0	0	0	-1	6
381	0	0	0	0	-1	5
382	486	487	6	6	-3	5.03703703703704
383	488	489	9	3.155	-3	5.5
384	490	491	6	13	-3	5
385	492	493	6	0	-3	5
386	0	0	0	0	-1	6
387	494	495	6	22.5	-3	5.05555555555556
388	496	497	4	2.25	-3	5.16666666666667
389	498	499	3	0.215	-3	5.75
390	500	501	8	0.99653	-3	5.2
391	502	503	8	0.996995	-3	4
392	0	0	0	0	-1	4
393	0	0	0	0	-1	4
394	504	505	2	0.5975	-3	6
395	506	507	9	3.47	-3	6.57142857142857
396	0	0	0	0	-1	5
397	508	509	3	0.07	-3	5.55855855855856
398	510	511	2	0.9625	-3	4.89285714285714
399	512	513	2	0.9475	-3	5.44444444444444
400	514	515	8	0.997695	-3	5.25396825396825
401	0	0	0	0	-1	4.5
402	516	517	1	6.85	-3	5.46511627906977
403	518	519	6	22	-3	5.77142857142857
404	0	0	0	0	-1	7
405	0	0	0	0	-1	6
406	0	0	0	0	-1	5.75
407	0	0	0	0	-1	5
408	520	521	8	0.99585	-3	6
409	0	0	0	0	-1	5
410	0	0	0	0	-1	5
411	522	523	1	8.2	-3	5
412	0	0	0	0	-1	5
413	0	0	0	0	-1	6
414	524	525	6	35.5	-3	6.125
415	0	0	0	0	-1	5.75
416	0	0	0	0	-1	7
417	526	527	5	0.071	-3	6.25
418	0	0	0	0	-1	7
419	528	529	4	2.6	-3	5.09090909090909
420	0	0	0	0	-1	6
421	530	531	10	3.8	-3	6
422	532	533	10	0.55	-3	5
423	0	0	0	0	-1	5
424	534	535	6	28.5	-3	5.96
425	0	0	0	0	-1	5.25
426	0	0	0	0	-1	6
427	0	0	0	0	-1	5
428	0	0	0	0	-1	5
429	0	0	0	0	-1	4
430	0	0	0	0	-1	6
431	0	0	0	0	-1	6
432	0	0	0	0	-1	5.8
433	536	537	2	0.58	-3	5.15384615384615
434	538	539	10	0.645	-3	5.3
435	540	541	4	0	-3	5
436	542	543	11	9.2	-3	5
437	544	545	3	0.39	-3	5
438	0	0	0	0	-1	6
439	546	547	10	0	-3	6
440	0	0	0	0	-1	6
441	0	0	0	0	-1	6
442	0	0	0	0	-1	6
443	0	0	0	0	-1	5
444	0	0	0	0	-1	5
445	548	549	1	0	-3	5
446	550	551	10	0.645	-3	6.15384615384615
447	0	0	0	0	-1	5.5
448	0	0	0	0	-1	6
449	0	0	0	0	-1	7
450	552	553	10	0.66	-3	5.90476190476191
451	0	0	0	0	-1	5
452	0	0	0	0	-1	5
453	0	0	0	0	-1	6
454	0	0	0	0	-1	6
455	0	0	0	0	-1	6
456	554	555	8	0.99536	-3	5.42857142857143
457	0	0	0	0	-1	4
458	0	0	0	0	-1	5
459	556	557	1	6.25	-3	6
460	0	0	0	0	-1	6
461	558	559	3	0	-3	6
462	0	0	0	0	-1	8
463	560	561	1	9.75	-3	7.04
464	0	0	0	0	-1	6.5
465	562	563	5	0.0665	-3	6
466	0	0	0	0	-1	6.8
467	0	0	0	0	-1	6
468	0	0	0	0	-1	7
469	0	0	0	0	-1	7
470	0	0	0	0	-1	6
471	0	0	0	0	-1	6
472	0	0	0	0	-1	6
473	0	0	0	0	-1	6
474	0	0	0	0	-1	6
475	564	565	10	0.695	-3	6
476	0	0	0	0	-1	7
477	0	0	0	0	-1	7
478	0	0	0	0	-1	6
479	0	0	0	0	-1	6
480	566	567	1	6.8	-3	4.8
481	0	0	0	0	-1	3.8
482	568	569	10	0.495	-3	5.02702702702703
483	570	571	11	9.7	-3	4.75
484	572	573	8	0.99529	-3	5
485	574	575	3	0.065	-3	5.2
486	0	0	0	0	-1	5.2
487	0	0	0	0	-1	5
488	0	0	0	0	-1	5
489	576	577	6	12	-3	5.61290322580645
490	578	579	10	0	-3	5
491	0	0	0	0	-1	5
492	0	0	0	0	-1	6
493	580	581	2	33	-3	5
494	582	583	3	0.03	-3	5
495	0	0	0	0	-1	5.5
496	584	585	1	6.15	-3	5
497	0	0	0	0	-1	6
498	586	587	10	0.605	-3	5.9
499	0	0	0	0	-1	5
500	0	0	0	0	-1	5.75
501	588	589	9	3.115	-3	5
502	590	591	11	9.975	-3	3.83333333333333
503	0	0	0	0	-1	5
504	0	0	0	0	-1	6
505	0	0	0	0	-1	6
506	0	0	0	0	-1	7
507	0	0	0	0	-1	6
508	592	593	5	0.085	-3	5.86666666666667
509	594	595	10	0.565	-3	5.44444444444444
510	596	597	9	3.205	-3	4.96
511	0	0	0	0	-1	4.33333333333333
512	598	599	4	2.95	-3	5.625
513	0	0	0	0	-1	4
514	600	601	8	0.996225	-3	5.14285714285714
515	602	603	3	0.11	-3	5.64285714285714
516	604	605	10	0.675	-3	5.0625
517	606	607	5	0.0935	-3	5.7037037037037
518	608	609	7	24	-3	5.88888888888889
519	610	611	11	10.8	-3	5.375
520	0	0	0	0	-1	6
521	612	613	10	0.635	-3	6
522	0	0	0	0	-1	5
523	614	615	3	0	-3	5
524	616	617	3	0.385	-3	6
525	0	0	0	0	-1	6.5
526	0	0	0	0	-1	6.75
527	618	619	8	0.99875	-3	6.15
528	620	621	3	0.58	-3	5
529	0	0	0	0	-1	6
530	0	0	0	0	-1	6
531	0	0	0	0	-1	6
532	0	0	0	0	-1	5
533	622	623	9	0	-3	5
534	624	625	5	0.0745	-3	5.91666666666667
535	0	0	0	0	-1	7
536	626	627	7	131.5	-3	5
537	628	629	4	2.05	-3	5.28571428571429
538	0	0	0	0	-1	5.6
539	0	0	0	0	-1	5
540	0	0	0	0	-1	6
541	630	631	5	0.1445	-3	5
542	0	0	0	0	-1	5
543	632	633	3	0	-3	5
544	634	635	4	0	-3	5
545	636	637	8	0	-3	5
546	0	0	0	0	-1	6
547	638	639	9	3.165	-3	6
548	0	0	0	0	-1	5
549	640	641	1	12.6	-3	5
550	0	0	0	0	-1	6.5
551	642	643	11	9.75	-3	6
552	644	645	5	0.086	-3	6
553	646	647	8	0.99763	-3	5.84615384615385
554	0	0	0	0	-1	6
555	0	0	0	0	-1	5.2
556	648	649	11	12.65	-3	6
557	650	651	3	0.085	-3	6
558	0	0	0	0	-1	6
559	652	653	2	0	-3	6
560	654	655	6	14.5	-3	7.02040816326531
561	0	0	0	0	-1	8
562	0	0	0	0	-1	6
563	0	0	0	0	-1	6
564	0	0	0	0	-1	6
565	656	657	3	0	-3	6
566	0	0	0	0	-1	4
567	658	659	3	0.025	-3	5
568	660	661	4	1.7	-3	4.95238095238095
569	662	663	7	32.5	-3	5.125
570	664	665	10	0.49	-3	4.5
571	666	667	1	6.9	-3	5
572	0	0	0	0	-1	4.66666666666667
573	668	669	7	27.5	-3	5.02777777777778
574	0	0	0	0	-1	5.66666666666667
575	670	671	7	49.5	-3	5.16216216216216
576	0	0	0	0	-1	5
577	672	673	7	74	-3	5.7037037037037
578	0	0	0	0	-1	5
579	0	0	0	0	-1	5
580	674	675	4	2.1	-3	5
581	0	0	0	0	-1	5
582	676	677	5	0	-3	5
583	678	679	3	0	-3	5
584	0	0	0	0	-1	5
585	680	681	11	0	-3	5
586	0	0	0	0	-1	5.66666666666667
587	682	683	10	0.635	-3	6
588	0	0	0	0	-1	5
589	684	685	4	2.35	-3	5
590	0	0	0	0	-1	3
591	0	0	0	0	-1	4
592	686	687	4	2.45	-3	5.95833333333333
593	688	689	9	3.365	-3	5.5
594	690	691	2	0.545	-3	6
595	692	693	7	30.5	-3	5.38356164383562
596	0	0	0	0	-1	4.75
597	694	695	11	9.15	-3	5
598	696	697	3	0.13	-3	5.71428571428571
599	0	0	0	0	-1	5
600	698	699	1	7	-3	5.71428571428571
601	700	701	8	0.99716	-3	5.04761904761905
602	702	703	10	0.845	-3	5.16666666666667
603	704	705	5	0.0845	-3	6
604	0	0	0	0	-1	4.4
605	706	707	2	0.54	-3	5.36363636363636
606	708	709	1	8.25	-3	5.86363636363636
607	0	0	0	0	-1	5
608	0	0	0	0	-1	5
609	710	711	9	3.59	-3	5.96
610	0	0	0	0	-1	5
611	0	0	0	0	-1	6
612	712	713	8	0.99713	-3	6
613	0	0	0	0	-1	6
614	0	0	0	0	-1	5
615	714	715	7	74.5	-3	5
616	0	0	0	0	-1	6
617	0	0	0	0	-1	6
618	716	717	3	0.31	-3	6
619	0	0	0	0	-1	7
620	718	719	1	0	-3	5
621	0	0	0	0	-1	5
622	0	0	0	0	-1	5
623	720	721	11	9.85	-3	5
624	722	723	9	3.23	-3	5.625
625	724	725	1	9.7	-3	6.0625
626	0	0	0	0	-1	5
627	0	0	0	0	-1	5
628	726	727	7	77	-3	5.16666666666667
629	0	0	0	0	-1	6
630	728	729	2	22	-3	5
631	0	0	0	0	-1	5
632	0	0	0	0	-1	5
633	0	0	0	0	-1	5
634	0	0	0	0	-1	6
635	730	731	10	0.71	-3	5
636	0	0	0	0	-1	5
637	732	733	8	0.99715	-3	5
638	0	0	0	0	-1	6
639	0	0	0	0	-1	6
640	0	0	0	0	-1	5
641	0	0	0	0	-1	5
642	0	0	0	0	-1	6
643	734	735	2	0.385	-3	6
644	0	0	0	0	-1	6
645	0	0	0	0	-1	6
646	0	0	0	0	-1	5
647	736	737	8	0.99819	-3	5.91666666666667
648	738	739	5	0.074	-3	6
649	0	0	0	0	-1	6
650	0	0	0	0	-1	6
651	740	741	5	14.5	-3	6
652	0	0	0	0	-1	6
653	742	743	7	21.5	-3	6
654	744	745	1	8.45	-3	6.94117647058824
655	746	747	6	15.5	-3	7.2
656	0	0	0	0	-1	6
657	0	0	0	0	-1	6
658	748	749	10	0	-3	5
659	0	0	0	0	-1	5
660	0	0	0	0	-1	4.75
661	750	751	10	9.8	-3	5
662	752	753	7	29.5	-3	5.25
663	754	755	9	3.45	-3	5
664	0	0	0	0	-1	4
665	0	0	0	0	-1	5
666	0	0	0	0	-1	5
667	0	0	0	0	-1	5
668	756	757	1	9.5	-3	5
669	758	759	7	29.5	-3	5.16666666666667
670	760	761	7	41	-3	5.38461538461539
671	762	763	9	3.085	-3	5.04166666666667
672	764	765	9	3.33	-3	5.83333333333333
673	766	767	4	6.5	-3	5.44444444444444
674	0	0	0	0	-1	5
675	0	0	0	0	-1	5
676	0	0	0	0	-1	5
677	768	769	8	0.99435	-3	5
678	0	0	0	0	-1	5
679	770	771	2	0.61	-3	5
680	0	0	0	0	-1	5
681	772	773	1	7	-3	5
682	0	0	0	0	-1	6
683	0	0	0	0	-1	6
684	0	0	0	0	-1	5
685	0	0	0	0	-1	5
686	774	775	1	6.95	-3	6
687	0	0	0	0	-1	5.75
688	0	0	0	0	-1	5
689	0	0	0	0	-1	5.75
690	0	0	0	0	-1	6
691	0	0	0	0	-1	6
692	0	0	0	0	-1	6
693	776	777	3	0.175	-3	5.33823529411765
694	0	0	0	0	-1	5
695	778	779	4	3.325	-3	5
696	0	0	0	0	-1	6
697	0	0	0	0	-1	5.33333333333333
698	0	0	0	0	-1	5
699	0	0	0	0	-1	6
700	780	781	2	0.48	-3	5
701	782	783	2	0.575	-3	5.18181818181818
702	0	0	0	0	-1	5
703	0	0	0	0	-1	6
704	784	785	3	0.245	-3	6
705	0	0	0	0	-1	6
706	0	0	0	0	-1	6
707	0	0	0	0	-1	5
708	786	787	11	10.75	-3	6
709	0	0	0	0	-1	5.4
710	788	789	3	0.16	-3	6
711	0	0	0	0	-1	5
712	0	0	0	0	-1	6
713	0	0	0	0	-1	6
714	0	0	0	0	-1	5
715	0	0	0	0	-1	5
716	0	0	0	0	-1	6
717	790	791	7	67	-3	6
718	0	0	0	0	-1	6
719	0	0	0	0	-1	5
720	792	793	1	8.1	-3	5
721	0	0	0	0	-1	5
722	794	795	11	9.9	-3	5.83333333333333
723	0	0	0	0	-1	5
724	796	797	11	10.85	-3	5.9
725	798	799	7	53.5	-3	6.33333333333333
726	0	0	0	0	-1	5
727	800	801	7	105.5	-3	5.33333333333333
728	802	803	11	0.52	-3	5
729	0	0	0	0	-1	5
730	0	0	0	0	-1	5
731	0	0	0	0	-1	5
732	0	0	0	0	-1	5
733	0	0	0	0	-1	5
734	0	0	0	0	-1	6
735	0	0	0	0	-1	6
736	0	0	0	0	-1	5.75
737	0	0	0	0	-1	6
738	0	0	0	0	-1	6
739	0	0	0	0	-1	6
740	804	805	8	0.99474	-3	6
741	0	0	0	0	-1	6
742	0	0	0	0	-1	6
743	0	0	0	0	-1	6
744	806	807	4	2.8	-3	6.88235294117647
745	808	809	5	0	-3	7
746	0	0	0	0	-1	7.66666666666667
747	810	811	9	3.275	-3	7.08333333333333
748	0	0	0	0	-1	6
749	0	0	0	0	-1	5
750	812	813	4	1.95	-3	5
751	0	0	0	0	-1	5
752	814	815	5	0.0725	-3	5.14285714285714
753	0	0	0	0	-1	6
754	816	817	3	0	-3	5
755	0	0	0	0	-1	5
756	818	819	6	8.5	-3	5
757	0	0	0	0	-1	5
758	0	0	0	0	-1	6
759	0	0	0	0	-1	5
760	820	821	3	0.095	-3	5.14285714285714
761	822	823	3	0.09	-3	5.66666666666667
762	0	0	0	0	-1	6
763	824	825	11	9.25	-3	5
764	826	827	11	10.1	-3	6
765	828	829	7	51	-3	5.625
766	830	831	3	0.2	-3	5.66666666666667
767	0	0	0	0	-1	5
768	0	0	0	0	-1	5
769	0	0	0	0	-1	5
770	0	0	0	0	-1	5
771	0	0	0	0	-1	5
772	0	0	0	0	-1	5
773	0	0	0	0	-1	5
774	0	0	0	0	-1	6
775	832	833	10	0.615	-3	6
776	834	835	2	0.57	-3	5.04347826086957
777	836	837	4	2.8	-3	5.48888888888889
778	838	839	1	7.2	-3	5
779	0	0	0	0	-1	5
780	0	0	0	0	-1	5
781	840	841	3	0.255	-3	5
782	0	0	0	0	-1	6
783	842	843	1	6.7	-3	5
784	0	0	0	0	-1	6
785	0	0	0	0	-1	6
786	844	845	2	0.67	-3	5.84615384615385
787	0	0	0	0	-1	6.5
788	0	0	0	0	-1	6
789	846	847	7	33	-3	6
790	0	0	0	0	-1	6
791	0	0	0	0	-1	6
792	0	0	0	0	-1	5
793	0	0	0	0	-1	5
794	0	0	0	0	-1	5
795	0	0	0	0	-1	6
796	0	0	0	0	-1	6
797	0	0	0	0	-1	5.5
798	0	0	0	0	-1	6.66666666666667
799	0	0	0	0	-1	6
800	0	0	0	0	-1	6
801	0	0	0	0	-1	5
802	0	0	0	0	-1	6
803	848	849	7	69.5	-3	5
804	0	0	0	0	-1	6
805	0	0	0	0	-1	6
806	850	851	3	0.41	-3	6.9375
807	0	0	0	0	-1	6
808	0	0	0	0	-1	5
809	852	853	7	0	-3	7
810	0	0	0	0	-1	8
811	854	855	1	8.05	-3	7
812	856	857	5	0	-3	5
813	858	859	1	0.445	-3	5
814	0	0	0	0	-1	6
815	0	0	0	0	-1	5
816	0	0	0	0	-1	5
817	0	0	0	0	-1	5
818	860	861	3	11	-3	5
819	862	863	3	1.85	-3	5
820	0	0	0	0	-1	6
821	864	865	7	37.5	-3	5
822	0	0	0	0	-1	5
823	0	0	0	0	-1	6
824	0	0	0	0	-1	5
825	0	0	0	0	-1	5
826	866	867	4	0	-3	6
827	0	0	0	0	-1	6
828	0	0	0	0	-1	5
829	0	0	0	0	-1	6
830	0	0	0	0	-1	6
831	0	0	0	0	-1	5.5
832	868	869	9	3.35	-3	6
833	0	0	0	0	-1	6
834	870	871	11	9.15	-3	5
835	0	0	0	0	-1	5.5
836	872	873	5	0.072	-3	5.57894736842105
837	0	0	0	0	-1	5
838	0	0	0	0	-1	5
839	874	875	3	0	-3	5
840	0	0	0	0	-1	5
841	0	0	0	0	-1	5
842	0	0	0	0	-1	5
843	876	877	7	0	-3	5
844	878	879	10	0.66	-3	6
845	0	0	0	0	-1	5.33333333333333
846	880	881	9	0.8	-3	6
847	0	0	0	0	-1	6
848	0	0	0	0	-1	5
849	882	883	1	0	-3	5
850	884	885	5	0.0625	-3	7
851	0	0	0	0	-1	6.75
852	0	0	0	0	-1	5
853	0	0	0	0	-1	7
854	0	0	0	0	-1	7
855	886	887	11	0.365	-3	7
856	0	0	0	0	-1	6
857	0	0	0	0	-1	5
858	0	0	0	0	-1	6
859	888	889	2	0.53	-3	5
860	890	891	7	11	-3	5
861	0	0	0	0	-1	5
862	0	0	0	0	-1	5
863	0	0	0	0	-1	5
864	0	0	0	0	-1	5
865	0	0	0	0	-1	5
866	0	0	0	0	-1	5
867	892	893	2	0.55	-3	6
868	0	0	0	0	-1	6
869	894	895	6	20.5	-3	6
870	0	0	0	0	-1	5
871	896	897	4	0	-3	5
872	0	0	0	0	-1	5
873	898	899	8	0.99797	-3	5.75862068965517
874	0	0	0	0	-1	5
875	900	901	10	0.575	-3	5
876	0	0	0	0	-1	6
877	902	903	2	0.735	-3	5
878	0	0	0	0	-1	6
879	904	905	7	49	-3	6
880	0	0	0	0	-1	6
881	906	907	9	0.99834	-3	6
882	0	0	0	0	-1	5
883	908	909	4	0	-3	5
884	910	911	5	0.049	-3	7
885	0	0	0	0	-1	7
886	0	0	0	0	-1	5
887	0	0	0	0	-1	7
888	0	0	0	0	-1	5
889	912	913	9	0	-3	5
890	0	0	0	0	-1	5
891	0	0	0	0	-1	5
892	0	0	0	0	-1	6
893	0	0	0	0	-1	6
894	914	915	6	16.5	-3	6
895	0	0	0	0	-1	6
896	0	0	0	0	-1	7
897	916	917	6	24.5	-3	5
898	918	919	4	1.85	-3	5.84615384615385
899	0	0	0	0	-1	5
900	0	0	0	0	-1	5
901	0	0	0	0	-1	5
902	0	0	0	0	-1	5
903	0	0	0	0	-1	5
904	0	0	0	0	-1	6
905	0	0	0	0	-1	6
906	0	0	0	0	-1	6
907	920	921	6	6.5	-3	6
908	0	0	0	0	-1	6
909	0	0	0	0	-1	5
910	0	0	0	0	-1	7
911	922	923	4	2.3	-3	7
912	0	0	0	0	-1	7
913	924	925	11	9.5	-3	5
914	0	0	0	0	-1	6
915	0	0	0	0	-1	6
916	926	927	7	44.5	-3	5
917	0	0	0	0	-1	5
918	0	0	0	0	-1	5.33333333333333
919	928	929	9	3.18	-3	5.91304347826087
920	0	0	0	0	-1	6
921	0	0	0	0	-1	6
922	0	0	0	0	-1	7
923	0	0	0	0	-1	7
924	0	0	0	0	-1	5
925	0	0	0	0	-1	5
926	0	0	0	0	-1	5
927	930	931	11	9.7	-3	5
928	0	0	0	0	-1	5
929	932	933	6	28.5	-3	5.95454545454545
930	0	0	0	0	-1	5
931	0	0	0	0	-1	5
932	0	0	0	0	-1	6
933	0	0	0	0	-1	5.5
