1	2	3	2	0.425	-3	5.64540337711069
2	4	5	11	10.55	-3	6.0379241516966
3	6	7	11	11.45	-3	5.46630236794171
4	8	9	8	0.996545	-3	5.59905660377358
5	10	11	1	6.6	-3	6.3598615916955
6	12	13	7	65.5	-3	5.34639830508474
7	14	15	10	0.625	-3	6.2012987012987
8	16	17	2	0.265	-3	5.22916666666667
9	18	19	5	0.0765	-3	5.70731707317073
10	20	21	7	102	-3	5.77777777777778
11	22	23	11	12.45	-3	6.41984732824427
12	24	25	9	3.585	-3	5.42857142857143
13	26	27	1	10.15	-3	5.15734265734265
14	28	29	10	0.555	-3	5.87671232876712
15	30	31	8	0.99383	-3	6.49382716049383
16	0	0	0	0	-1	4.33333333333333
17	32	33	10	0.685	-3	5.28888888888889
18	34	35	8	1.0017	-3	6.04255319148936
19	36	37	10	0.615	-3	5.57264957264957
20	38	39	1	4.95	-3	6
21	0	0	0	0	-1	4
22	40	41	8	0.99553	-3	6.33031674208145
23	42	43	1	13.95	-3	6.90243902439024
24	44	45	11	9.95	-3	5.45166402535657
25	46	47	2	0.7775	-3	4.88888888888889
26	48	49	9	3.715	-3	5.13978494623656
27	50	51	7	97	-3	5.85714285714286
28	52	53	3	0.03	-3	5.58620689655172
29	54	55	9	3.705	-3	6.06818181818182
30	56	57	11	13.8	-3	7.04347826086957
31	58	59	3	0.76	-3	6.27586206896552
32	60	61	9	3.425	-3	5.15789473684211
33	62	63	11	9.75	-3	6
34	64	65	5	0.0725	-3	6.08888888888889
35	0	0	0	0	-1	5
36	66	67	2	0.255	-3	5.07692307692308
37	68	69	7	19	-3	5.82051282051282
38	0	0	0	0	-1	7
39	70	71	10	0.95	-3	5.95652173913043
40	72	73	9	2.995	-3	6.54347826086956
41	74	75	7	36	-3	6.17829457364341
42	76	77	6	31	-3	6.95
43	0	0	0	0	-1	5
44	78	79	4	1.65	-3	5.26643598615917
45	80	81	7	12.5	-3	5.60818713450292
46	82	83	9	3.615	-3	5.19047619047619
47	84	85	6	5.5	-3	3.83333333333333
48	86	87	2	0.7875	-3	5.14801444043321
49	0	0	0	0	-1	4
50	88	89	7	70.5	-3	6
51	0	0	0	0	-1	5
52	90	91	6	27.5	-3	5.875
53	92	93	5	0.079	-3	5.23076923076923
54	94	95	2	0.8	-3	6.19354838709677
55	96	97	11	12	-3	5.76923076923077
56	98	99	4	2.45	-3	7
57	0	0	0	0	-1	8
58	100	101	3	0.535	-3	6.32142857142857
59	0	0	0	0	-1	5
60	102	103	4	1.85	-3	5.3125
61	104	105	7	50	-3	4.33333333333333
62	0	0	0	0	-1	5
63	0	0	0	0	-1	6.4
64	106	107	3	0.505	-3	6.28
65	108	109	11	10.15	-3	5.85
66	0	0	0	0	-1	6
67	110	111	1	8.4	-3	5.02702702702703
68	112	113	3	0.475	-3	5.28571428571429
69	114	115	5	0.0915	-3	5.9375
70	116	117	4	2.1	-3	6.04761904761905
71	0	0	0	0	-1	5
72	0	0	0	0	-1	8
73	118	119	10	0.725	-3	6.49438202247191
74	120	121	8	0.99571	-3	6.34939759036145
75	122	123	9	3.14	-3	5.8695652173913
76	124	125	5	0.102	-3	6.97435897435898
77	0	0	0	0	-1	6
78	126	127	1	10.2	-3	4.9433962264151
79	128	129	2	0.555	-3	5.33898305084746
80	130	131	4	2.45	-3	4.71875
81	132	133	2	0.675	-3	5.7
82	134	135	4	1.95	-3	5.55555555555556
83	136	137	8	0.99615	-3	4.91666666666667
84	0	0	0	0	-1	3
85	0	0	0	0	-1	4
86	138	139	3	0.315	-3	5.16470588235294
87	140	141	11	11.05	-3	4.95454545454545
88	0	0	0	0	-1	6
89	0	0	0	0	-1	6
90	142	143	3	0	-3	6
91	0	0	0	0	-1	5
92	144	145	10	0.525	-3	5
93	0	0	0	0	-1	6
94	146	147	2	0.58	-3	6.13793103448276
95	0	0	0	0	-1	7
96	0	0	0	0	-1	5
97	148	149	6	12.7	-3	6
98	150	151	1	7.55	-3	6.95238095238095
99	0	0	0	0	-1	8
100	152	153	10	0.825	-3	6.2093023255814
101	154	155	5	0.098	-3	6.69230769230769
102	156	157	11	12	-3	5
103	158	159	9	3.335	-3	5.55555555555556
104	0	0	0	0	-1	4
105	0	0	0	0	-1	5
106	160	161	10	0.705	-3	6.17391304347826
107	0	0	0	0	-1	7.5
108	162	163	1	14.65	-3	5.94444444444444
109	0	0	0	0	-1	5
110	164	165	11	9.05	-3	5.125
111	166	167	10	0.495	-3	5
112	0	0	0	0	-1	5.8
113	168	169	7	0.595	-3	5
114	170	171	6	14.5	-3	6.10526315789474
115	172	173	9	3.025	-3	5.69230769230769
116	174	175	6	24.5	-3	6.16666666666667
117	176	177	11	12.15	-3	6
118	178	179	5	0.0985	-3	6.15789473684211
119	180	181	8	0.99433	-3	6.74509803921569
120	182	183	2	0.39	-3	5.625
121	184	185	1	10.8	-3	6.42666666666667
122	0	0	0	0	-1	6.4
123	186	187	10	0.705	-3	5.80487804878049
124	188	189	9	3.395	-3	7.02702702702703
125	0	0	0	0	-1	6
126	190	191	4	1.3	-3	5.04
127	0	0	0	0	-1	3.33333333333333
128	192	193	5	0.077	-3	5.58333333333333
129	194	195	10	0.535	-3	5.23170731707317
130	196	197	10	0.435	-3	4.84615384615385
131	198	199	10	0.47	-3	4.16666666666667
132	200	201	9	3.445	-3	5.79220779220779
133	202	203	3	0.59	-3	5.43037974683544
134	0	0	0	0	-1	5
135	204	205	11	9.85	-3	5.83333333333333
136	0	0	0	0	-1	4.66666666666667
137	206	207	5	0	-3	5
138	208	209	3	0.155	-3	5.23952095808383
139	210	211	8	0.99668	-3	5.02272727272727
140	212	213	7	151.5	-3	5
141	0	0	0	0	-1	4.5
142	214	215	2	0.485	-3	6
143	0	0	0	0	-1	6
144	216	217	9	0	-3	5
145	0	0	0	0	-1	5
146	218	219	8	0.993965	-3	6.3125
147	220	221	7	16.5	-3	5.92307692307692
148	0	0	0	0	-1	7
149	222	223	3	0.085	-3	6
150	224	225	4	0	-3	7
151	0	0	0	0	-1	6
152	226	227	6	20.5	-3	6.28947368421053
153	0	0	0	0	-1	5.6
154	228	229	3	0.665	-3	6.875
155	0	0	0	0	-1	6.4
156	230	231	2	0	-3	5
157	0	0	0	0	-1	5
158	232	233	2	0.355	-3	5.33333333333333
159	234	235	5	0.092	-3	6
160	236	237	9	0	-3	6
161	238	239	3	0.345	-3	6.25
162	240	241	7	14	-3	5.88235294117647
163	0	0	0	0	-1	7
164	0	0	0	0	-1	6
165	242	243	10	0	-3	5
166	0	0	0	0	-1	5
167	244	245	8	0.99753	-3	5
168	0	0	0	0	-1	7
169	246	247	6	0.745	-3	5
170	248	249	1	9.55	-3	6.38461538461539
171	250	251	11	9.35	-3	5.96
172	0	0	0	0	-1	7
173	252	253	3	0.535	-3	5.58333333333333
174	0	0	0	0	-1	7
175	0	0	0	0	-1	6
176	0	0	0	0	-1	6
177	0	0	0	0	-1	6
178	254	255	3	0.375	-3	6.21621621621622
179	0	0	0	0	-1	4
180	0	0	0	0	-1	6
181	256	257	2	0.385	-3	6.79166666666667
182	258	259	2	0.3275	-3	6
183	0	0	0	0	-1	4.5
184	260	261	9	3.385	-3	6.54716981132076
185	262	263	10	0.64	-3	6.13636363636364
186	264	265	8	0.996335	-3	5.33333333333333
187	266	267	7	54.5	-3	5.9375
188	268	269	10	0.805	-3	7.05555555555556
189	0	0	0	0	-1	6
190	0	0	0	0	-1	3
191	270	271	2	0.985	-3	5.08163265306122
192	272	273	11	9.35	-3	5.44736842105263
193	274	275	10	0.535	-3	5.73529411764706
194	276	277	2	0.5875	-3	4.90909090909091
195	278	279	6	19.5	-3	5.35
196	0	0	0	0	-1	3.5
197	280	281	5	0.059	-3	4.95833333333333
198	0	0	0	0	-1	5
199	0	0	0	0	-1	4
200	282	283	6	7.5	-3	5.845
201	284	285	4	2.55	-3	5.45161290322581
202	286	287	5	0.1395	-3	5.38666666666667
203	0	0	0	0	-1	6.25
204	0	0	0	0	-1	5
205	0	0	0	0	-1	6
206	0	0	0	0	-1	4
207	288	289	11	9.75	-3	5
208	290	291	4	2.25	-3	5.36538461538461
209	292	293	5	0.0965	-3	5.18260869565218
210	294	295	1	7.9	-3	5.33333333333333
211	296	297	8	0.99785	-3	5
212	298	299	8	0.996205	-3	5
213	0	0	0	0	-1	5
214	0	0	0	0	-1	6
215	300	301	4	1.725	-3	6
216	0	0	0	0	-1	5
217	302	303	4	0.5	-3	5
218	304	305	1	5.6	-3	6.125
219	306	307	5	0.066	-3	6.5
220	0	0	0	0	-1	5.5
221	0	0	0	0	-1	6
222	0	0	0	0	-1	6
223	0	0	0	0	-1	6
224	0	0	0	0	-1	5
225	308	309	2	6.85	-3	7
226	310	311	11	11.75	-3	6.09090909090909
227	312	313	9	3.355	-3	6.5625
228	314	315	11	12.2	-3	6.66666666666667
229	0	0	0	0	-1	7.5
230	0	0	0	0	-1	6
231	316	317	2	0.395	-3	5
232	0	0	0	0	-1	6
233	318	319	7	40	-3	5
234	0	0	0	0	-1	6
235	0	0	0	0	-1	6
236	0	0	0	0	-1	5
237	320	321	10	0.67	-3	6
238	0	0	0	0	-1	6.75
239	322	323	8	0.99757	-3	6.08333333333333
240	0	0	0	0	-1	5.5
241	324	325	2	0.415	-3	5.93333333333333
242	0	0	0	0	-1	7
243	0	0	0	0	-1	5
244	326	327	1	0	-3	5
245	0	0	0	0	-1	5
246	0	0	0	0	-1	6
247	328	329	4	0	-3	5
248	0	0	0	0	-1	6
249	330	331	3	0.48	-3	6.625
250	0	0	0	0	-1	5.5
251	332	333	10	0.625	-3	6
252	334	335	8	0.9974	-3	5.73684210526316
253	0	0	0	0	-1	5
254	336	337	10	0.595	-3	6.875
255	338	339	4	1.9	-3	6.03448275862069
256	340	341	9	3.16	-3	6.86363636363637
257	0	0	0	0	-1	6
258	0	0	0	0	-1	6
259	0	0	0	0	-1	6
260	342	343	9	3.215	-3	6.62
261	0	0	0	0	-1	5.33333333333333
262	344	345	5	0.09	-3	5.85714285714286
263	346	347	4	2.175	-3	6.625
264	0	0	0	0	-1	5.75
265	0	0	0	0	-1	5
266	348	349	9	3.37	-3	6.14285714285714
267	350	351	2	0.34	-3	5.77777777777778
268	352	353	10	0.67	-3	6.93333333333333
269	354	355	2	0.355	-3	7.66666666666667
270	356	357	11	9.575	-3	5.12765957446809
271	0	0	0	0	-1	4
272	358	359	8	0.99845	-3	5.64285714285714
273	360	361	4	2.25	-3	5.33333333333333
274	362	363	9	0	-3	5
275	364	365	3	0.5	-3	5.89285714285714
276	0	0	0	0	-1	5.4
277	366	367	6	6.5	-3	4.84615384615385
278	368	369	11	8.7	-3	5.40740740740741
279	370	371	2	0.8725	-3	4.83333333333333
280	0	0	0	0	-1	5.6
281	372	373	3	0.03	-3	4.78947368421053
282	374	375	1	7.5	-3	5.58
283	376	377	4	5.3	-3	5.93333333333333
284	378	379	4	2.05	-3	5.55555555555556
285	0	0	0	0	-1	4.75
286	380	381	4	2.9	-3	5.35616438356164
287	0	0	0	0	-1	6.5
288	0	0	0	0	-1	5
289	382	383	11	0	-3	5
290	384	385	8	0.995625	-3	5.66666666666667
291	386	387	11	10.15	-3	5.24324324324324
292	388	389	5	0.0935	-3	5.22093023255814
293	390	391	6	11	-3	5.06896551724138
294	0	0	0	0	-1	5
295	0	0	0	0	-1	5.66666666666667
296	392	393	5	0.092	-3	5
297	394	395	3	0.345	-3	5
298	0	0	0	0	-1	5
299	396	397	5	0	-3	5
300	0	0	0	0	-1	6
301	0	0	0	0	-1	6
302	0	0	0	0	-1	6
303	0	0	0	0	-1	5
304	0	0	0	0	-1	7
305	398	399	7	0.145	-3	6
306	0	0	0	0	-1	7
307	0	0	0	0	-1	6.2
308	400	401	11	0	-3	7
309	0	0	0	0	-1	7
310	402	403	7	15	-3	6.28571428571429
311	404	405	8	1.00155	-3	6
312	406	407	7	68.5	-3	6.25
313	408	409	2	0.59	-3	6.875
314	0	0	0	0	-1	7
315	0	0	0	0	-1	6.33333333333333
316	0	0	0	0	-1	5
317	0	0	0	0	-1	5
318	0	0	0	0	-1	5
319	0	0	0	0	-1	5
320	0	0	0	0	-1	6
321	0	0	0	0	-1	6
322	410	411	11	18	-3	6
323	0	0	0	0	-1	6.33333333333333
324	412	413	10	0.585	-3	6
325	0	0	0	0	-1	5.66666666666667
326	0	0	0	0	-1	5
327	0	0	0	0	-1	5
328	0	0	0	0	-1	7
329	0	0	0	0	-1	5
330	0	0	0	0	-1	7
331	0	0	0	0	-1	6.25
332	0	0	0	0	-1	6
333	414	415	11	0	-3	6
334	0	0	0	0	-1	6
335	416	417	11	9.45	-3	5.64285714285714
336	418	419	9	3.185	-3	7
337	0	0	0	0	-1	6.5
338	420	421	10	0.485	-3	5.66666666666667
339	422	423	7	20.5	-3	6.29411764705882
340	0	0	0	0	-1	6
341	424	425	5	0.0795	-3	6.90476190476191
342	426	427	6	7.5	-3	6.8695652173913
343	428	429	7	16.5	-3	6.40740740740741
344	0	0	0	0	-1	5.5
345	430	431	7	21.5	-3	6
346	0	0	0	0	-1	6
347	0	0	0	0	-1	7
348	432	433	11	10.95	-3	6.08333333333333
349	0	0	0	0	-1	6.5
350	0	0	0	0	-1	5
351	434	435	10	0.775	-3	5.875
352	436	437	10	0.625	-3	6.72727272727273
353	438	439	4	1.9	-3	7.05263157894737
354	0	0	0	0	-1	8
355	0	0	0	0	-1	7
356	440	441	7	10.5	-3	5
357	442	443	2	0.5925	-3	5.375
358	444	445	7	28	-3	5.33333333333333
359	446	447	3	0.55	-3	5.875
360	448	449	3	0.185	-3	5.52941176470588
361	450	451	1	11.65	-3	4.85714285714286
362	0	0	0	0	-1	6
363	0	0	0	0	-1	5
364	452	453	10	0.7	-3	5.96153846153846
365	0	0	0	0	-1	5
366	454	455	5	0.066	-3	4.55555555555556
367	456	457	3	0.255	-3	4.93333333333333
368	0	0	0	0	-1	3
369	458	459	9	3.305	-3	5.42990654205608
370	460	461	2	0.655	-3	5
371	0	0	0	0	-1	3
372	0	0	0	0	-1	5
373	462	463	9	3.44	-3	4.6
374	464	465	5	0.0675	-3	4.71428571428571
375	466	467	8	0.9965	-3	5.72093023255814
376	468	469	10	0.485	-3	5.91156462585034
377	0	0	0	0	-1	7
378	470	471	4	1.9	-3	5
379	472	473	10	0.6	-3	5.78947368421053
380	474	475	9	3.45	-3	5.421875
381	476	477	11	10.95	-3	4.88888888888889
382	0	0	0	0	-1	5
383	478	479	5	0.097	-3	5
384	0	0	0	0	-1	5.2
385	480	481	8	0.997925	-3	5.9
386	482	483	4	9.3	-3	5.15151515151515
387	0	0	0	0	-1	6
388	484	485	2	0.535	-3	5.17283950617284
389	0	0	0	0	-1	6
390	0	0	0	0	-1	5.33333333333333
391	486	487	10	1.51	-3	5.03846153846154
392	488	489	2	0.57	-3	5
393	0	0	0	0	-1	5
394	490	491	5	0.0905	-3	5
395	492	493	4	10.85	-3	5
396	0	0	0	0	-1	6
397	494	495	6	0.085	-3	5
398	0	0	0	0	-1	7
399	496	497	11	11.6	-3	6
400	0	0	0	0	-1	6
401	0	0	0	0	-1	7
402	0	0	0	0	-1	7
403	0	0	0	0	-1	6
404	498	499	7	19	-3	6
405	0	0	0	0	-1	6
406	0	0	0	0	-1	6.66666666666667
407	0	0	0	0	-1	6
408	0	0	0	0	-1	8
409	500	501	6	22	-3	6.5
410	502	503	2	0.26	-3	6
411	0	0	0	0	-1	6
412	0	0	0	0	-1	6
413	504	505	2	0.34	-3	6
414	0	0	0	0	-1	5
415	0	0	0	0	-1	6
416	0	0	0	0	-1	5.25
417	506	507	7	53.5	-3	5.8
418	0	0	0	0	-1	7
419	0	0	0	0	-1	7
420	0	0	0	0	-1	5
421	508	509	8	0.99486	-3	5.8
422	510	511	11	12	-3	6.66666666666667
423	512	513	7	175	-3	6.09090909090909
424	514	515	4	2.6	-3	7
425	0	0	0	0	-1	6
426	516	517	1	9.25	-3	7
427	0	0	0	0	-1	6
428	518	519	3	0.525	-3	6.11111111111111
429	520	521	8	0.99669	-3	6.55555555555556
430	0	0	0	0	-1	6
431	0	0	0	0	-1	6
432	0	0	0	0	-1	6.25
433	522	523	7	47.5	-3	6
434	524	525	3	0.355	-3	6
435	0	0	0	0	-1	5
436	526	527	9	3.25	-3	6.8
437	0	0	0	0	-1	6
438	0	0	0	0	-1	8
439	528	529	6	0	-3	7
440	0	0	0	0	-1	5.25
441	530	531	11	9.1	-3	4.96296296296296
442	532	533	10	0.5	-3	5.63636363636364
443	0	0	0	0	-1	4.8
444	0	0	0	0	-1	5
445	0	0	0	0	-1	5.5
446	534	535	2	0.475	-3	6
447	0	0	0	0	-1	5
448	536	537	8	0.995395	-3	5.81818181818182
449	0	0	0	0	-1	5
450	538	539	1	10.35	-3	5
451	0	0	0	0	-1	4
452	540	541	7	41.5	-3	6.05263157894737
453	542	543	8	0.99805	-3	5.71428571428571
454	0	0	0	0	-1	4
455	544	545	11	9.15	-3	4.625
456	546	547	1	8.75	-3	5.03846153846154
457	0	0	0	0	-1	4.25
458	548	549	2	0.73	-3	5.21428571428571
459	550	551	11	9.75	-3	5.56923076923077
460	0	0	0	0	-1	5
461	0	0	0	0	-1	5
462	0	0	0	0	-1	5
463	0	0	0	0	-1	4
464	0	0	0	0	-1	4
465	0	0	0	0	-1	5
466	552	553	5	0.0825	-3	6.5
467	554	555	6	5.5	-3	5.59459459459459
468	556	557	7	62	-3	5
469	558	559	6	13.5	-3	5.96402877697842
470	560	561	2	0	-3	5
471	0	0	0	0	-1	5
472	562	563	3	0	-3	5
473	564	565	1	6.3	-3	6.25
474	566	567	10	0.59	-3	5.32075471698113
475	568	569	11	10.3	-3	5.90909090909091
476	570	571	5	0.1205	-3	5.16666666666667
477	0	0	0	0	-1	4.33333333333333
478	0	0	0	0	-1	5
479	0	0	0	0	-1	5
480	572	573	2	0.68	-3	6
481	0	0	0	0	-1	5
482	574	575	1	7.15	-3	5.125
483	0	0	0	0	-1	6
484	576	577	6	17	-3	5.47368421052632
485	578	579	5	0.091	-3	5.08064516129032
486	580	581	6	20.5	-3	5
487	0	0	0	0	-1	5.5
488	582	583	8	0.99728	-3	5
489	0	0	0	0	-1	5
490	0	0	0	0	-1	5
491	584	585	11	0	-3	5
492	586	587	1	8.95	-3	5
493	0	0	0	0	-1	5
494	0	0	0	0	-1	6
495	588	589	11	9.65	-3	5
496	0	0	0	0	-1	6
497	0	0	0	0	-1	6
498	0	0	0	0	-1	6
499	0	0	0	0	-1	6
500	0	0	0	0	-1	7
501	0	0	0	0	-1	6
502	0	0	0	0	-1	6
503	590	591	6	33	-3	6
504	0	0	0	0	-1	6
505	592	593	2	0	-3	6
506	594	595	7	36	-3	6
507	0	0	0	0	-1	5
508	596	597	1	9.45	-3	6
509	0	0	0	0	-1	5
510	0	0	0	0	-1	6.33333333333333
511	0	0	0	0	-1	7
512	598	599	7	35.5	-3	6
513	0	0	0	0	-1	7
514	600	601	8	0.99478	-3	7.02702702702703
515	0	0	0	0	-1	6
516	0	0	0	0	-1	6
517	602	603	9	3.16	-3	7.05263157894737
518	604	605	10	0.7	-3	6.25
519	0	0	0	0	-1	5
520	0	0	0	0	-1	6
521	606	607	8	0.99736	-3	6.71428571428571
522	608	609	3	0	-3	6
523	0	0	0	0	-1	6
524	0	0	0	0	-1	6
525	610	611	2	0	-3	6
526	0	0	0	0	-1	7
527	0	0	0	0	-1	6.6
528	0	0	0	0	-1	5
529	612	613	7	0	-3	7
530	0	0	0	0	-1	4
531	614	615	11	9.45	-3	5
532	0	0	0	0	-1	5
533	616	617	7	33	-3	5.875
534	0	0	0	0	-1	6
535	0	0	0	0	-1	6
536	0	0	0	0	-1	5
537	618	619	2	0.49	-3	5.9
538	0	0	0	0	-1	5
539	0	0	0	0	-1	5
540	620	621	3	0.4	-3	6
541	0	0	0	0	-1	6.5
542	0	0	0	0	-1	5.33333333333333
543	0	0	0	0	-1	6
544	0	0	0	0	-1	4
545	622	623	8	0.99648	-3	4.83333333333333
546	624	625	11	9.45	-3	5
547	0	0	0	0	-1	6
548	626	627	8	1.0002	-3	5.03225806451613
549	628	629	3	0.045	-3	5.72727272727273
550	630	631	2	0.6525	-3	5.68085106382979
551	632	633	3	0.005	-3	5.27777777777778
552	0	0	0	0	-1	6.8
553	0	0	0	0	-1	5
554	634	635	7	18.5	-3	5.75
555	636	637	3	0.25	-3	5.30769230769231
556	638	639	6	0	-3	5
557	0	0	0	0	-1	5
558	640	641	7	50.5	-3	6.07017543859649
559	642	643	3	0.325	-3	5.89024390243902
560	0	0	0	0	-1	5
561	644	645	7	0	-3	5
562	0	0	0	0	-1	5
563	646	647	3	0	-3	5
564	648	649	4	0	-3	6
565	0	0	0	0	-1	6.6
566	650	651	2	0.8125	-3	5.07407407407407
567	652	653	1	9.5	-3	5.57692307692308
568	0	0	0	0	-1	5
569	654	655	5	0.1045	-3	6
570	0	0	0	0	-1	5.33333333333333
571	0	0	0	0	-1	5
572	0	0	0	0	-1	6
573	0	0	0	0	-1	6
574	656	657	9	3.475	-3	5.26666666666667
575	0	0	0	0	-1	5
576	658	659	8	0.9959	-3	6
577	660	661	4	2.75	-3	5.23076923076923
578	662	663	7	70.5	-3	5.09836065573771
579	0	0	0	0	-1	4
580	664	665	6	17	-3	5
581	0	0	0	0	-1	5
582	0	0	0	0	-1	5
583	0	0	0	0	-1	5
584	0	0	0	0	-1	6
585	666	667	3	0.33	-3	5
586	0	0	0	0	-1	5
587	668	669	10	0.58	-3	5
588	670	671	4	0	-3	5
589	0	0	0	0	-1	5
590	0	0	0	0	-1	6
591	0	0	0	0	-1	6
592	0	0	0	0	-1	6
593	672	673	10	0.755	-3	6
594	0	0	0	0	-1	6
595	0	0	0	0	-1	6
596	0	0	0	0	-1	5.8
597	0	0	0	0	-1	6.33333333333333
598	0	0	0	0	-1	6
599	674	675	5	0.0585	-3	6
600	0	0	0	0	-1	7.2
601	676	677	11	10.9	-3	7
602	678	679	10	0.91	-3	7.16666666666667
603	0	0	0	0	-1	7
604	0	0	0	0	-1	7
605	680	681	7	10.05	-3	6
606	0	0	0	0	-1	7
607	682	683	6	6.5	-3	6.55555555555556
608	0	0	0	0	-1	7
609	684	685	3	0.505	-3	6
610	0	0	0	0	-1	6
611	0	0	0	0	-1	6
612	0	0	0	0	-1	7
613	0	0	0	0	-1	7
614	686	687	4	1.45	-3	5
615	688	689	10	0	-3	5
616	690	691	7	4.5	-3	6
617	0	0	0	0	-1	5
618	0	0	0	0	-1	5.5
619	0	0	0	0	-1	6
620	692	693	2	0.515	-3	6
621	0	0	0	0	-1	6
622	0	0	0	0	-1	4.5
623	0	0	0	0	-1	5
624	694	695	7	0	-3	5
625	0	0	0	0	-1	5
626	696	697	9	3.295	-3	5
627	0	0	0	0	-1	6
628	0	0	0	0	-1	5
629	698	699	8	0.9961	-3	5.8
630	700	701	1	6.9	-3	5.875
631	702	703	9	3.365	-3	5.47826086956522
632	0	0	0	0	-1	6
633	704	705	4	1.85	-3	5.13333333333333
634	706	707	1	10.7	-3	5.94444444444444
635	708	709	4	2.5	-3	5.16666666666667
636	0	0	0	0	-1	4
637	710	711	11	10.65	-3	5.41666666666667
638	0	0	0	0	-1	5
639	712	713	11	10.1	-3	5
640	714	715	5	0.0885	-3	6.03703703703704
641	0	0	0	0	-1	6.66666666666667
642	716	717	3	0.295	-3	5.94520547945206
643	718	719	5	0.0885	-3	5.44444444444444
644	0	0	0	0	-1	5
645	0	0	0	0	-1	5
646	0	0	0	0	-1	5
647	0	0	0	0	-1	5
648	0	0	0	0	-1	6
649	720	721	8	0.99506	-3	6
650	722	723	3	0.035	-3	5.2
651	724	725	4	2.05	-3	4.71428571428571
652	726	727	11	10.05	-3	5.78947368421053
653	728	729	6	0	-3	5
654	730	731	5	0.055	-3	6
655	0	0	0	0	-1	6
656	732	733	3	0	-3	5
657	734	735	7	86	-3	5.5
658	0	0	0	0	-1	6
659	0	0	0	0	-1	6
660	736	737	2	0.515	-3	5.09090909090909
661	0	0	0	0	-1	6
662	0	0	0	0	-1	6
663	738	739	9	3.295	-3	5.06779661016949
664	740	741	10	0	-3	5
665	0	0	0	0	-1	5
666	0	0	0	0	-1	5
667	0	0	0	0	-1	5
668	742	743	1	0	-3	5
669	0	0	0	0	-1	5
670	0	0	0	0	-1	5
671	744	745	4	3.1	-3	5
672	0	0	0	0	-1	6
673	0	0	0	0	-1	6
674	0	0	0	0	-1	6
675	746	747	2	0	-3	6
676	0	0	0	0	-1	7
677	0	0	0	0	-1	7
678	0	0	0	0	-1	7
679	0	0	0	0	-1	8
680	0	0	0	0	-1	6
681	0	0	0	0	-1	6
682	748	749	5	0.071	-3	6.83333333333333
683	0	0	0	0	-1	6
684	0	0	0	0	-1	6
685	0	0	0	0	-1	6
686	0	0	0	0	-1	5
687	750	751	7	0	-3	5
688	0	0	0	0	-1	6
689	752	753	3	0.11	-3	5
690	0	0	0	0	-1	6
691	754	755	6	4.5	-3	6
692	0	0	0	0	-1	6
693	0	0	0	0	-1	6
694	0	0	0	0	-1	5
695	0	0	0	0	-1	5
696	756	757	3	0.135	-3	5.03703703703704
697	0	0	0	0	-1	4.66666666666667
698	0	0	0	0	-1	6
699	0	0	0	0	-1	5.6
700	0	0	0	0	-1	5
701	758	759	9	3.315	-3	6
702	760	761	4	2.45	-3	5.71428571428571
703	762	763	4	3.2	-3	5.11111111111111
704	0	0	0	0	-1	6
705	764	765	10	0	-3	5
706	766	767	5	0.0585	-3	6
707	0	0	0	0	-1	5.8
708	0	0	0	0	-1	5
709	0	0	0	0	-1	5.33333333333333
710	768	769	4	1.65	-3	5.14285714285714
711	0	0	0	0	-1	5.8
712	0	0	0	0	-1	5
713	0	0	0	0	-1	5
714	770	771	3	0.015	-3	6.10416666666667
715	772	773	1	7.75	-3	5.5
716	774	775	2	0.49	-3	5.91549295774648
717	0	0	0	0	-1	7
718	776	777	4	2.75	-3	5.83333333333333
719	0	0	0	0	-1	4.66666666666667
720	0	0	0	0	-1	6
721	0	0	0	0	-1	6
722	0	0	0	0	-1	6
723	778	779	1	8.8	-3	5.11111111111111
724	0	0	0	0	-1	5
725	0	0	0	0	-1	4
726	0	0	0	0	-1	5
727	780	781	9	3.36	-3	5.83333333333333
728	0	0	0	0	-1	7
729	782	783	5	0.134	-3	5
730	0	0	0	0	-1	6
731	784	785	4	2	-3	6
732	0	0	0	0	-1	5
733	786	787	2	0.705	-3	5
734	0	0	0	0	-1	5
735	0	0	0	0	-1	5.8
736	788	789	2	0.445	-3	5
737	0	0	0	0	-1	6
738	790	791	7	97	-3	5.11111111111111
739	792	793	7	91	-3	5
740	0	0	0	0	-1	6
741	794	795	3	0.19	-3	5
742	0	0	0	0	-1	6
743	796	797	9	0.9992	-3	5
744	0	0	0	0	-1	5
745	0	0	0	0	-1	5
746	0	0	0	0	-1	5
747	798	799	4	2.2	-3	6
748	0	0	0	0	-1	6
749	0	0	0	0	-1	7
750	0	0	0	0	-1	6
751	800	801	1	8.7	-3	5
752	802	803	1	8.3	-3	5
753	0	0	0	0	-1	5
754	0	0	0	0	-1	6
755	0	0	0	0	-1	6
756	0	0	0	0	-1	5.2
757	0	0	0	0	-1	5
758	0	0	0	0	-1	6
759	804	805	4	2.45	-3	6
760	806	807	1	8.3	-3	5.5
761	808	809	9	3.34	-3	6
762	810	811	6	16	-3	5
763	0	0	0	0	-1	6
764	0	0	0	0	-1	5
765	812	813	4	2.05	-3	5
766	0	0	0	0	-1	6
767	814	815	7	16	-3	6
768	0	0	0	0	-1	6
769	816	817	9	2.965	-3	5
770	818	819	3	0.005	-3	6.5
771	820	821	4	2.7	-3	6.04761904761905
772	0	0	0	0	-1	6
773	0	0	0	0	-1	5
774	822	823	2	0.465	-3	5.8
775	824	825	3	0.14	-3	5.96078431372549
776	0	0	0	0	-1	6
777	0	0	0	0	-1	5
778	826	827	10	0.57	-3	5
779	0	0	0	0	-1	6
780	828	829	7	44	-3	6
781	830	831	4	2.3	-3	5.625
782	0	0	0	0	-1	5
783	0	0	0	0	-1	5
784	0	0	0	0	-1	6
785	0	0	0	0	-1	6
786	0	0	0	0	-1	5
787	0	0	0	0	-1	5
788	0	0	0	0	-1	5
789	0	0	0	0	-1	5
790	832	833	1	8.05	-3	5.57142857142857
791	834	835	5	0.074	-3	5
792	836	837	6	21	-3	5
793	838	839	4	7.1	-3	5
794	0	0	0	0	-1	5
795	840	841	8	0	-3	5
796	0	0	0	0	-1	5
797	0	0	0	0	-1	5
798	0	0	0	0	-1	6
799	0	0	0	0	-1	6
800	842	843	6	0	-3	5
801	0	0	0	0	-1	5
802	0	0	0	0	-1	5
803	0	0	0	0	-1	5
804	844	845	10	0.56	-3	6
805	0	0	0	0	-1	6
806	0	0	0	0	-1	5.8
807	0	0	0	0	-1	5
808	0	0	0	0	-1	6
809	0	0	0	0	-1	6
810	846	847	5	0	-3	5
811	0	0	0	0	-1	5
812	0	0	0	0	-1	5
813	848	849	4	0	-3	5
814	0	0	0	0	-1	6
815	0	0	0	0	-1	6
816	0	0	0	0	-1	5
817	0	0	0	0	-1	5
818	0	0	0	0	-1	6
819	0	0	0	0	-1	7
820	850	851	5	0.0715	-3	5.97297297297297
821	0	0	0	0	-1	6.6
822	852	853	8	0.99622	-3	5.9375
823	0	0	0	0	-1	5.25
824	854	855	4	2.05	-3	6
825	856	857	9	3.405	-3	5.81818181818182
826	0	0	0	0	-1	5
827	0	0	0	0	-1	5
828	858	859	2	12.5	-3	6
829	0	0	0	0	-1	6
830	0	0	0	0	-1	5.25
831	0	0	0	0	-1	6
832	0	0	0	0	-1	6
833	0	0	0	0	-1	5
834	0	0	0	0	-1	5
835	860	861	11	9.55	-3	5
836	0	0	0	0	-1	5
837	0	0	0	0	-1	5
838	862	863	4	1.95	-3	5
839	0	0	0	0	-1	5
840	0	0	0	0	-1	6
841	864	865	11	9.75	-3	5
842	0	0	0	0	-1	7
843	866	867	2	0.54	-3	5
844	0	0	0	0	-1	6
845	868	869	6	10	-3	6
846	0	0	0	0	-1	7
847	870	871	9	3.42	-3	5
848	0	0	0	0	-1	6
849	872	873	7	16.5	-3	5
850	874	875	2	0.58	-3	5.90909090909091
851	876	877	4	1.8	-3	6
852	878	879	7	58.5	-3	6
853	0	0	0	0	-1	5.66666666666667
854	0	0	0	0	-1	6
855	0	0	0	0	-1	6
856	880	881	8	0.99565	-3	6
857	0	0	0	0	-1	5
858	0	0	0	0	-1	6
859	0	0	0	0	-1	6
860	0	0	0	0	-1	5
861	882	883	6	0	-3	5
862	0	0	0	0	-1	5
863	884	885	9	0	-3	5
864	0	0	0	0	-1	5
865	0	0	0	0	-1	5
866	0	0	0	0	-1	5
867	0	0	0	0	-1	5
868	0	0	0	0	-1	6
869	886	887	7	38.5	-3	6
870	0	0	0	0	-1	5
871	0	0	0	0	-1	5
872	0	0	0	0	-1	5
873	0	0	0	0	-1	5
874	0	0	0	0	-1	6
875	0	0	0	0	-1	5
876	0	0	0	0	-1	6
877	888	889	9	0	-3	6
878	890	891	8	0.9959	-3	6
879	0	0	0	0	-1	6
880	0	0	0	0	-1	6
881	892	893	9	3.12	-3	6
882	0	0	0	0	-1	5
883	894	895	8	0.99629	-3	5
884	0	0	0	0	-1	5
885	896	897	4	9.7	-3	5
886	0	0	0	0	-1	6
887	0	0	0	0	-1	6
888	0	0	0	0	-1	6
889	0	0	0	0	-1	6
890	898	899	11	0	-3	6
891	0	0	0	0	-1	6
892	0	0	0	0	-1	6
893	0	0	0	0	-1	6
894	0	0	0	0	-1	5
895	900	901	11	0	-3	5
896	902	903	10	0.515	-3	5
897	0	0	0	0	-1	5
898	0	0	0	0	-1	7
899	904	905	5	0.0735	-3	6
900	0	0	0	0	-1	6
901	0	0	0	0	-1	5
902	0	0	0	0	-1	5
903	0	0	0	0	-1	5
904	0	0	0	0	-1	6
905	0	0	0	0	-1	6
