1	2	3	11	10.45	-3	5.62038774233896
2	4	5	1	5.8	-3	5.28318584070797
3	6	7	10	0.625	-3	6.05899280575539
4	8	9	2	0.8725	-3	4.44444444444444
5	10	11	11	9.85	-3	5.29162011173184
6	12	13	11	11.65	-3	5.70106761565836
7	14	15	11	11.25	-3	6.30193236714976
8	0	0	0	0	-1	5
9	0	0	0	0	-1	4
10	16	17	10	0.575	-3	5.22274881516587
11	18	19	10	0.615	-3	5.45801526717557
12	20	21	9	3.375	-3	5.56647398843931
13	22	23	4	6.1	-3	5.91666666666667
14	24	25	3	0.525	-3	6.01869158878505
15	26	27	6	18.5	-3	6.605
16	28	29	3	0.645	-3	5.05283018867924
17	30	31	11	8.6	-3	5.34510869565217
18	32	33	2	0.7725	-3	5.22058823529412
19	34	35	5	0.1105	-3	5.71428571428571
20	36	37	1	7.95	-3	5.76136363636364
21	38	39	10	0.575	-3	5.36470588235294
22	40	41	9	3.37	-3	5.97
23	42	43	8	0.99543	-3	5.25
24	44	45	5	0.0595	-3	5.93085106382979
25	46	47	7	17.5	-3	6.65384615384615
26	48	49	10	0.685	-3	6.71830985915493
27	50	51	7	56	-3	6.32758620689655
28	52	53	7	24.5	-3	5.06060606060606
29	0	0	0	0	-1	3
30	0	0	0	0	-1	3
31	54	55	3	0.88	-3	5.35149863760218
32	56	57	4	1.3	-3	5.34862385321101
33	58	59	6	3.5	-3	4.7037037037037
34	60	61	7	64.5	-3	5.79646017699115
35	62	63	2	0.355	-3	5
36	64	65	6	4.5	-3	5.97777777777778
37	66	67	5	0.1075	-3	5.53488372093023
38	68	69	8	0.995045	-3	5.09302325581395
39	70	71	1	6.55	-3	5.64285714285714
40	72	73	7	7.5	-3	6.2037037037037
41	74	75	6	12.5	-3	5.69565217391304
42	0	0	0	0	-1	6.66666666666667
43	0	0	0	0	-1	4.4
44	76	77	3	0.305	-3	6.42857142857143
45	78	79	11	10.525	-3	5.86826347305389
46	0	0	0	0	-1	8
47	80	81	2	0.29	-3	6.33333333333333
48	82	83	7	16	-3	6.3421052631579
49	84	85	4	1.85	-3	6.85576923076923
50	86	87	11	12.2	-3	6.64
51	88	89	5	0.045	-3	6.09090909090909
52	90	91	3	0.205	-3	4.83333333333333
53	92	93	1	12.85	-3	5.11111111111111
54	94	95	5	0.0925	-3	5.35890410958904
55	0	0	0	0	-1	4
56	0	0	0	0	-1	7
57	96	97	9	3.17	-3	5.33333333333333
58	0	0	0	0	-1	3
59	98	99	4	2.15	-3	4.84
60	100	101	9	3.54	-3	5.86734693877551
61	102	103	4	3.45	-3	5.33333333333333
62	0	0	0	0	-1	7
63	104	105	4	1.65	-3	4.83333333333333
64	0	0	0	0	-1	5
65	106	107	1	7.65	-3	6.07317073170732
66	108	109	1	8.75	-3	5.45945945945946
67	110	111	8	0.99537	-3	6
68	112	113	5	0.086	-3	5.38888888888889
69	114	115	1	7.3	-3	4.88
70	116	117	8	0.995235	-3	5
71	118	119	4	1.65	-3	5.93103448275862
72	0	0	0	0	-1	5
73	120	121	6	21.5	-3	6.27450980392157
74	122	123	10	0.55	-3	5.35294117647059
75	124	125	2	0.565	-3	5.89655172413793
76	126	127	1	8.55	-3	5.83333333333333
77	128	129	4	1.9	-3	6.66666666666667
78	130	131	6	14.5	-3	5.61111111111111
79	132	133	5	0.061	-3	5.93893129770992
80	0	0	0	0	-1	5.25
81	134	135	2	0.4	-3	6.58823529411765
82	136	137	2	0.3275	-3	6.78571428571429
83	138	139	4	2.6	-3	6.08333333333333
84	140	141	11	11.45	-3	7.24
85	142	143	2	0.865	-3	6.73417721518987
86	144	145	9	3.365	-3	6.38888888888889
87	146	147	11	12.65	-3	7.28571428571429
88	0	0	0	0	-1	8
89	148	149	5	0.1115	-3	5.96774193548387
90	150	151	2	0.52	-3	4.7
91	152	153	8	0.99519	-3	5.05555555555556
92	154	155	8	0.994825	-3	5.10280373831775
93	0	0	0	0	-1	6
94	156	157	11	9.15	-3	5.42533936651584
95	158	159	2	0.545	-3	5.25694444444445
96	160	161	1	11.95	-3	5
97	162	163	7	77	-3	5.41860465116279
98	164	165	9	3.495	-3	4.54545454545454
99	166	167	9	3.29	-3	5.07142857142857
100	168	169	1	6.2	-3	5.93258426966292
101	170	171	10	0.645	-3	5.22222222222222
102	172	173	7	81	-3	5.55555555555556
103	174	175	3	0.44	-3	5
104	0	0	0	0	-1	3.5
105	176	177	10	1.27	-3	5.1
106	178	179	1	7.55	-3	5.9
107	180	181	10	0.57	-3	6.54545454545454
108	182	183	2	0.7425	-3	5.13333333333333
109	184	185	3	0.36	-3	5.68181818181818
110	0	0	0	0	-1	6
111	0	0	0	0	-1	6
112	186	187	2	0.9075	-3	5.25
113	0	0	0	0	-1	6.5
114	188	189	8	0.9964	-3	5.15384615384615
115	190	191	1	7.6	-3	4.58333333333333
116	192	193	3	0.45	-3	5.08333333333333
117	0	0	0	0	-1	4
118	0	0	0	0	-1	5
119	194	195	7	43.5	-3	6
120	196	197	7	15	-3	6.21739130434783
121	0	0	0	0	-1	6.8
122	198	199	3	0.04	-3	5.75
123	0	0	0	0	-1	4.4
124	200	201	11	11.95	-3	6.16666666666667
125	202	203	3	0.225	-3	5.70588235294118
126	0	0	0	0	-1	6
127	0	0	0	0	-1	5
128	204	205	8	0.99502	-3	6.44444444444444
129	206	207	2	0.3	-3	7
130	208	209	4	5.75	-3	5.86363636363636
131	210	211	1	8.85	-3	5.21428571428571
132	0	0	0	0	-1	4
133	212	213	5	0.0945	-3	5.95384615384615
134	214	215	6	14	-3	6.9
135	216	217	1	11.85	-3	6.14285714285714
136	0	0	0	0	-1	6
137	218	219	11	11.5	-3	6.91666666666667
138	220	221	4	2.45	-3	5.93333333333333
139	222	223	9	3.355	-3	6.33333333333333
140	0	0	0	0	-1	8
141	224	225	8	0.99643	-3	7.13636363636364
142	226	227	2	0.425	-3	6.80263157894737
143	0	0	0	0	-1	5
144	228	229	1	10.1	-3	6.7
145	230	231	7	0.09	-3	6
146	0	0	0	0	-1	7
147	0	0	0	0	-1	7.66666666666667
148	232	233	9	3.07	-3	6.03448275862069
149	0	0	0	0	-1	5
150	0	0	0	0	-1	4
151	234	235	9	3.385	-3	4.75
152	0	0	0	0	-1	6
153	0	0	0	0	-1	5
154	0	0	0	0	-1	3
155	236	237	7	25.5	-3	5.11267605633803
156	238	239	5	0.0805	-3	5.16666666666667
157	240	241	2	0.405	-3	5.44827586206897
158	242	243	10	1.09	-3	5.40909090909091
159	244	245	9	3.215	-3	5.12820512820513
160	246	247	6	8	-3	5.05263157894737
161	0	0	0	0	-1	4.66666666666667
162	248	249	10	0.48	-3	5.50724637681159
163	250	251	11	10.2	-3	5.05882352941176
164	252	253	8	0.99614	-3	4.85714285714286
165	0	0	0	0	-1	4
166	0	0	0	0	-1	5.5
167	254	255	6	35.5	-3	5
168	256	257	5	0.072	-3	6.66666666666667
169	258	259	8	0.996935	-3	5.87951807228916
170	0	0	0	0	-1	3
171	260	261	9	3.605	-3	5.5
172	0	0	0	0	-1	5.8
173	0	0	0	0	-1	5.25
174	0	0	0	0	-1	5
175	0	0	0	0	-1	5
176	262	263	11	10.25	-3	5
177	0	0	0	0	-1	6
178	264	265	3	0.295	-3	6
179	0	0	0	0	-1	5.4
180	266	267	1	7.75	-3	6.85714285714286
181	0	0	0	0	-1	6
182	268	269	11	10.75	-3	5.21428571428571
183	0	0	0	0	-1	4
184	0	0	0	0	-1	6.4
185	270	271	7	49	-3	5.47058823529412
186	272	273	7	33	-3	5.42857142857143
187	0	0	0	0	-1	4
188	274	275	4	4.725	-3	5
189	0	0	0	0	-1	6
190	0	0	0	0	-1	3.75
191	276	277	9	3.535	-3	5
192	278	279	3	0.06	-3	5
193	0	0	0	0	-1	6
194	280	281	11	21	-3	6
195	0	0	0	0	-1	6
196	282	283	1	9.1	-3	6.5
197	284	285	11	12.45	-3	6.03571428571429
198	0	0	0	0	-1	6
199	0	0	0	0	-1	5.25
200	0	0	0	0	-1	6.4
201	0	0	0	0	-1	6
202	286	287	3	0.04	-3	5.85714285714286
203	0	0	0	0	-1	5
204	0	0	0	0	-1	6
205	0	0	0	0	-1	7
206	0	0	0	0	-1	7
207	0	0	0	0	-1	7
208	288	289	2	0.575	-3	6
209	0	0	0	0	-1	5
210	290	291	6	124.5	-3	5
211	0	0	0	0	-1	6
212	292	293	1	8.6	-3	6.00862068965517
213	294	295	3	0.375	-3	5.5
214	296	297	4	2.2	-3	7
215	0	0	0	0	-1	6.5
216	0	0	0	0	-1	5.8
217	0	0	0	0	-1	7
218	0	0	0	0	-1	6
219	0	0	0	0	-1	7
220	298	299	3	0.485	-3	6
221	0	0	0	0	-1	5
222	0	0	0	0	-1	6.75
223	0	0	0	0	-1	6
224	300	301	9	3.365	-3	7.19047619047619
225	0	0	0	0	-1	6
226	302	303	4	5.5	-3	6.95744680851064
227	304	305	9	3.43	-3	6.55172413793104
228	0	0	0	0	-1	7
229	0	0	0	0	-1	6.4
230	0	0	0	0	-1	5
231	306	307	3	0.005	-3	6
232	0	0	0	0	-1	5
233	308	309	6	36	-3	6.07142857142857
234	310	311	11	9.55	-3	4.63157894736842
235	312	313	7	3.485	-3	5
236	0	0	0	0	-1	5.6
237	314	315	5	0.0795	-3	5.10096153846154
238	316	317	4	1.55	-3	4.92307692307692
239	0	0	0	0	-1	5.8
240	318	319	2	0.225	-3	5.78181818181818
241	320	321	6	13.5	-3	5.32432432432433
242	322	323	10	0.59	-3	5.49090909090909
243	0	0	0	0	-1	5
244	324	325	10	0.6	-3	4.97619047619048
245	326	327	2	0.8325	-3	5.30555555555556
246	328	329	7	14.5	-3	5.14285714285714
247	330	331	1	11.75	-3	5
248	332	333	8	0	-3	5
249	334	335	2	0.6	-3	5.58333333333333
250	336	337	1	6.65	-3	5
251	0	0	0	0	-1	6
252	338	339	9	3.31	-3	5
253	0	0	0	0	-1	4
254	340	341	7	0	-3	5
255	0	0	0	0	-1	5
256	0	0	0	0	-1	7
257	0	0	0	0	-1	6
258	342	343	10	0.66	-3	5.65625
259	344	345	8	0.99835	-3	6.01960784313725
260	346	347	2	0.5875	-3	5.33333333333333
261	0	0	0	0	-1	6
262	348	349	4	0	-3	5
263	0	0	0	0	-1	5
264	350	351	2	0.485	-3	5.94117647058824
265	352	353	4	2.95	-3	6.125
266	0	0	0	0	-1	7
267	0	0	0	0	-1	6.66666666666667
268	354	355	9	3.33	-3	5.5
269	356	357	3	0.19	-3	5
270	358	359	9	3.25	-3	5.30769230769231
271	0	0	0	0	-1	6
272	0	0	0	0	-1	5.8
273	360	361	10	0.505	-3	5.22222222222222
274	362	363	11	10.85	-3	5
275	0	0	0	0	-1	5
276	0	0	0	0	-1	5
277	0	0	0	0	-1	5
278	0	0	0	0	-1	5
279	0	0	0	0	-1	5
280	364	365	9	3.385	-3	6
281	0	0	0	0	-1	6
282	366	367	1	8.25	-3	6.75
283	368	369	4	1.9	-3	6
284	370	371	7	27	-3	5.95833333333333
285	0	0	0	0	-1	6.5
286	372	373	4	0	-3	6
287	0	0	0	0	-1	5.6
288	374	375	8	0.99842	-3	6.125
289	0	0	0	0	-1	5.33333333333333
290	376	377	8	0.9976	-3	5
291	0	0	0	0	-1	5
292	378	379	6	7.5	-3	5.85915492957746
293	380	381	5	0.0895	-3	6.24444444444445
294	382	383	9	3.415	-3	5.125
295	384	385	1	8.3	-3	6
296	0	0	0	0	-1	7
297	386	387	3	0.615	-3	7
298	388	389	11	11.55	-3	6
299	0	0	0	0	-1	6
300	390	391	10	0.715	-3	7.5
301	392	393	11	11.8	-3	7
302	394	395	9	3.39	-3	6.91111111111111
303	0	0	0	0	-1	8
304	396	397	8	0.993395	-3	6.35
305	398	399	9	3.525	-3	7
306	0	0	0	0	-1	6
307	0	0	0	0	-1	6
308	400	401	6	32.5	-3	6
309	402	403	1	9.3	-3	6.33333333333333
310	404	405	4	1.95	-3	4.88888888888889
311	406	407	1	7.85	-3	4.4
312	0	0	0	0	-1	3
313	408	409	10	0.54	-3	5
314	410	411	1	11.65	-3	5.21176470588235
315	412	413	4	4.75	-3	5.02439024390244
316	0	0	0	0	-1	4
317	414	415	1	8.05	-3	5.09090909090909
318	0	0	0	0	-1	7
319	416	417	7	92	-3	5.73584905660377
320	418	419	6	5.5	-3	5.48484848484848
321	420	421	11	9.275	-3	5.19512195121951
322	422	423	4	0	-3	5
323	424	425	3	0.235	-3	5.55102040816327
324	426	427	1	7.95	-3	4.33333333333333
325	428	429	10	1.305	-3	5.08333333333333
326	430	431	2	0.675	-3	5.41935483870968
327	0	0	0	0	-1	4.6
328	0	0	0	0	-1	6
329	0	0	0	0	-1	5
330	432	433	8	0	-3	5
331	0	0	0	0	-1	5
332	0	0	0	0	-1	6
333	434	435	10	0.435	-3	5
334	436	437	9	3.405	-3	5.38888888888889
335	438	439	8	0.99577	-3	5.875
336	0	0	0	0	-1	5
337	440	441	6	0	-3	5
338	0	0	0	0	-1	5
339	0	0	0	0	-1	5
340	0	0	0	0	-1	5
341	442	443	7	23.5	-3	5
342	444	445	5	0.0825	-3	5.875
343	446	447	6	10.5	-3	5.4375
344	448	449	9	3.025	-3	6.1025641025641
345	450	451	3	0.57	-3	5.75
346	0	0	0	0	-1	6
347	0	0	0	0	-1	5
348	0	0	0	0	-1	5
349	0	0	0	0	-1	5
350	0	0	0	0	-1	5.66666666666667
351	452	453	4	1.75	-3	6
352	454	455	2	0	-3	6
353	0	0	0	0	-1	7
354	0	0	0	0	-1	6
355	0	0	0	0	-1	5
356	0	0	0	0	-1	5
357	456	457	5	0	-3	5
358	458	459	4	1.575	-3	5.18181818181818
359	0	0	0	0	-1	6
360	0	0	0	0	-1	6
361	460	461	6	30	-3	5.125
362	462	463	9	0	-3	5
363	0	0	0	0	-1	5
364	0	0	0	0	-1	6
365	464	465	7	28.5	-3	6
366	466	467	9	3.32	-3	6.5
367	468	469	3	0.43	-3	7
368	0	0	0	0	-1	6
369	0	0	0	0	-1	6
370	0	0	0	0	-1	5.8
371	470	471	10	0.061	-3	6
372	0	0	0	0	-1	6
373	0	0	0	0	-1	6
374	472	473	10	0	-3	6
375	0	0	0	0	-1	7
376	474	475	6	0	-3	5
377	0	0	0	0	-1	5
378	476	477	4	1.95	-3	5.42857142857143
379	478	479	8	0.99626	-3	5.90625
380	480	481	4	5.95	-3	6.19047619047619
381	0	0	0	0	-1	7
382	0	0	0	0	-1	5
383	0	0	0	0	-1	6
384	0	0	0	0	-1	7
385	0	0	0	0	-1	5.8
386	0	0	0	0	-1	7
387	0	0	0	0	-1	7
388	0	0	0	0	-1	6
389	0	0	0	0	-1	6
390	0	0	0	0	-1	8
391	0	0	0	0	-1	7
392	0	0	0	0	-1	6
393	482	483	7	87	-3	7.08333333333333
394	484	485	9	3.225	-3	6.97619047619048
395	0	0	0	0	-1	6
396	0	0	0	0	-1	8
397	486	487	7	18.5	-3	6.26315789473684
398	0	0	0	0	-1	7
399	0	0	0	0	-1	7
400	0	0	0	0	-1	6
401	488	489	11	0	-3	6
402	0	0	0	0	-1	6
403	0	0	0	0	-1	7
404	0	0	0	0	-1	4.5
405	490	491	6	0	-3	5
406	0	0	0	0	-1	5
407	492	493	6	7.5	-3	4.14285714285714
408	494	495	6	0	-3	5
409	0	0	0	0	-1	5
410	496	497	3	0.08	-3	5.22619047619048
411	0	0	0	0	-1	4
412	498	499	8	0.99618	-3	5
413	500	501	11	9.53333333333333	-3	5.27272727272727
414	502	503	4	0	-3	5
415	0	0	0	0	-1	5.5
416	504	505	4	9.05	-3	5.79591836734694
417	0	0	0	0	-1	5
418	506	507	11	9.55	-3	5.09090909090909
419	508	509	7	36.5	-3	5.56363636363636
420	510	511	4	1.75	-3	5.5
421	512	513	7	27	-3	5.16216216216216
422	0	0	0	0	-1	6
423	0	0	0	0	-1	5
424	0	0	0	0	-1	5
425	514	515	3	0.475	-3	5.64285714285714
426	0	0	0	0	-1	5
427	0	0	0	0	-1	4
428	516	517	5	0.097	-3	5.03030303030303
429	0	0	0	0	-1	5.66666666666667
430	518	519	3	0.01	-3	5.22222222222222
431	520	521	10	0.585	-3	5.69230769230769
432	0	0	0	0	-1	7
433	522	523	8	0.999035	-3	5
434	0	0	0	0	-1	5
435	0	0	0	0	-1	5
436	524	525	7	27	-3	5.51724137931035
437	526	527	10	0.56	-3	4.85714285714286
438	0	0	0	0	-1	5.33333333333333
439	528	529	11	10.35	-3	5.95238095238095
440	0	0	0	0	-1	5
441	0	0	0	0	-1	5
442	0	0	0	0	-1	5
443	0	0	0	0	-1	5
444	530	531	2	0.455	-3	5.8
445	0	0	0	0	-1	7
446	532	533	5	0.0735	-3	5
447	534	535	3	0.11	-3	6.16666666666667
448	0	0	0	0	-1	7
449	536	537	8	0.99696	-3	6.07894736842105
450	538	539	9	3.46	-3	5.81818181818182
451	0	0	0	0	-1	5
452	0	0	0	0	-1	6
453	0	0	0	0	-1	6
454	0	0	0	0	-1	5
455	540	541	1	7.4	-3	6
456	0	0	0	0	-1	8
457	542	543	2	0.63	-3	5
458	0	0	0	0	-1	6
459	544	545	9	3.125	-3	5.1
460	546	547	7	0	-3	5
461	0	0	0	0	-1	6
462	0	0	0	0	-1	6
463	548	549	6	20	-3	5
464	550	551	11	11.15	-3	6
465	552	553	7	40.5	-3	6
466	0	0	0	0	-1	6
467	0	0	0	0	-1	7
468	0	0	0	0	-1	7
469	0	0	0	0	-1	7
470	0	0	0	0	-1	5
471	0	0	0	0	-1	6
472	0	0	0	0	-1	6
473	554	555	5	0.0635	-3	6
474	0	0	0	0	-1	6
475	556	557	9	3.38	-3	5
476	0	0	0	0	-1	5
477	0	0	0	0	-1	6
478	558	559	7	105.5	-3	6.05263157894737
479	560	561	6	19	-3	5.69230769230769
480	562	563	3	0.475	-3	6.15
481	0	0	0	0	-1	7
482	564	565	7	29.5	-3	7
483	0	0	0	0	-1	7.33333333333333
484	0	0	0	0	-1	6
485	566	567	1	10.05	-3	7.025
486	568	569	5	0.114	-3	6
487	570	571	8	0.99659	-3	6.625
488	0	0	0	0	-1	5
489	572	573	1	0	-3	6
490	0	0	0	0	-1	4
491	574	575	10	3.28	-3	5
492	0	0	0	0	-1	4
493	0	0	0	0	-1	4.33333333333333
494	0	0	0	0	-1	5
495	576	577	4	6.95	-3	5
496	578	579	2	0.575	-3	4.90909090909091
497	580	581	9	3.38	-3	5.33870967741935
498	582	583	7	83.25	-3	5.11538461538461
499	584	585	7	30	-3	4.96511627906977
500	586	587	10	0	-3	5
501	0	0	0	0	-1	6
502	0	0	0	0	-1	5
503	588	589	3	0.115	-3	5
504	590	591	10	0.72	-3	5.82978723404255
505	0	0	0	0	-1	5
506	592	593	10	0.61	-3	5
507	0	0	0	0	-1	5.33333333333333
508	594	595	7	33	-3	5.72727272727273
509	596	597	6	12.5	-3	5.31818181818182
510	0	0	0	0	-1	5
511	0	0	0	0	-1	5.8
512	0	0	0	0	-1	6
513	598	599	7	96	-3	5.13888888888889
514	600	601	9	3.145	-3	5.94444444444444
515	602	603	8	0.99755	-3	5.41666666666667
516	0	0	0	0	-1	6
517	604	605	6	19.5	-3	5
518	0	0	0	0	-1	5.75
519	606	607	5	0.1125	-3	5.07142857142857
520	0	0	0	0	-1	5
521	608	609	10	0.965	-3	5.75
522	610	611	5	0	-3	5
523	0	0	0	0	-1	5
524	612	613	5	0.099	-3	5
525	614	615	6	15.5	-3	5.68181818181818
526	0	0	0	0	-1	4
527	616	617	6	18	-3	5
528	618	619	3	3.295	-3	6
529	0	0	0	0	-1	5
530	0	0	0	0	-1	5
531	620	621	2	0.545	-3	6
532	0	0	0	0	-1	5
533	0	0	0	0	-1	5
534	0	0	0	0	-1	6.5
535	0	0	0	0	-1	6
536	0	0	0	0	-1	7
537	622	623	9	3.305	-3	6.05405405405405
538	624	625	8	0.99845	-3	5.9
539	0	0	0	0	-1	5
540	0	0	0	0	-1	6
541	0	0	0	0	-1	6
542	0	0	0	0	-1	5
543	0	0	0	0	-1	5
544	0	0	0	0	-1	5.5
545	626	627	1	12	-3	5
546	0	0	0	0	-1	6
547	628	629	10	3.44	-3	5
548	0	0	0	0	-1	5
549	0	0	0	0	-1	5
550	0	0	0	0	-1	6
551	0	0	0	0	-1	6
552	0	0	0	0	-1	6
553	0	0	0	0	-1	6
554	0	0	0	0	-1	6
555	630	631	2	0.52	-3	6
556	0	0	0	0	-1	5
557	0	0	0	0	-1	5
558	632	633	3	0.38	-3	6.08108108108108
559	0	0	0	0	-1	5
560	634	635	9	3.57	-3	6.09090909090909
561	636	637	9	3.315	-3	5.4
562	638	639	1	10	-3	6.30769230769231
563	640	641	5	0.065	-3	5.85714285714286
564	0	0	0	0	-1	7
565	0	0	0	0	-1	7
566	642	643	2	0.34	-3	7.05263157894737
567	0	0	0	0	-1	6.5
568	644	645	5	0.1035	-3	5.9
569	0	0	0	0	-1	7
570	0	0	0	0	-1	6.2
571	0	0	0	0	-1	7.33333333333333
572	0	0	0	0	-1	6
573	646	647	7	72.5	-3	6
574	0	0	0	0	-1	5
575	0	0	0	0	-1	5
576	0	0	0	0	-1	5
577	0	0	0	0	-1	5
578	0	0	0	0	-1	4
579	648	649	9	3.52	-3	5
580	650	651	8	0.997395	-3	5.26785714285714
581	652	653	6	15	-3	6
582	654	655	3	0.015	-3	5
583	656	657	2	0.55	-3	5.5
584	658	659	7	27.5	-3	5.16666666666667
585	660	661	10	0.475	-3	4.95
586	0	0	0	0	-1	5
587	0	0	0	0	-1	5
588	0	0	0	0	-1	5
589	0	0	0	0	-1	5
590	662	663	2	0.385	-3	5.91428571428571
591	664	665	10	0.79	-3	5.58333333333333
592	0	0	0	0	-1	5
593	666	667	7	0	-3	5
594	668	669	6	9.5	-3	5.64516129032258
595	0	0	0	0	-1	7
596	670	671	11	9.7	-3	5.2
597	672	673	1	8.7	-3	5.57142857142857
598	674	675	9	3.285	-3	5.23255813953488
599	676	677	2	0.475	-3	5
600	0	0	0	0	-1	5
601	678	679	3	0.35	-3	6.0625
602	680	681	9	3.065	-3	6
603	682	683	4	2.15	-3	5.17647058823529
604	684	685	4	1.75	-3	5
605	686	687	11	9.35	-3	5
606	688	689	8	0.99905	-3	5
607	0	0	0	0	-1	5.5
608	690	691	7	99	-3	5.81818181818182
609	0	0	0	0	-1	5
610	0	0	0	0	-1	5
611	692	693	1	10.7	-3	5
612	0	0	0	0	-1	5.4
613	0	0	0	0	-1	4
614	694	695	3	0.13	-3	5.45454545454545
615	696	697	6	27	-3	5.90909090909091
616	0	0	0	0	-1	5
617	0	0	0	0	-1	5
618	0	0	0	0	-1	6
619	0	0	0	0	-1	6
620	0	0	0	0	-1	6
621	0	0	0	0	-1	6
622	698	699	6	15.5	-3	6.09523809523809
623	700	701	3	0.03	-3	6
624	0	0	0	0	-1	5.5
625	702	703	9	0.825	-3	6
626	0	0	0	0	-1	5
627	0	0	0	0	-1	5
628	0	0	0	0	-1	5
629	0	0	0	0	-1	5
630	0	0	0	0	-1	6
631	0	0	0	0	-1	6
632	704	705	5	0.0655	-3	6
633	706	707	2	0.335	-3	6.5
634	708	709	7	18.5	-3	6
635	0	0	0	0	-1	7
636	710	711	3	0.21	-3	6
637	712	713	4	0	-3	5
638	714	715	4	2.65	-3	6.11111111111111
639	716	717	1	10.6	-3	6.75
640	0	0	0	0	-1	5
641	718	719	7	50.5	-3	5.92307692307692
642	720	721	6	0	-3	7
643	722	723	3	0.315	-3	7.14285714285714
644	724	725	3	0.27	-3	6
645	0	0	0	0	-1	5
646	0	0	0	0	-1	6
647	0	0	0	0	-1	6
648	726	727	7	85.5	-3	5
649	0	0	0	0	-1	5
650	728	729	1	7.85	-3	5.39473684210526
651	730	731	8	0.475	-3	5
652	0	0	0	0	-1	6
653	0	0	0	0	-1	6
654	0	0	0	0	-1	5
655	732	733	8	0.46	-3	5
656	0	0	0	0	-1	5
657	0	0	0	0	-1	6
658	0	0	0	0	-1	5
659	0	0	0	0	-1	6
660	734	735	9	3.275	-3	5.11111111111111
661	736	737	2	0.67	-3	4.92957746478873
662	738	739	3	0.24	-3	5.96153846153846
663	740	741	2	0.395	-3	5.77777777777778
664	742	743	5	0.0525	-3	5.16666666666667
665	744	745	3	0.46	-3	6
666	0	0	0	0	-1	5
667	746	747	10	0.71	-3	5
668	748	749	1	6.55	-3	5.59259259259259
669	0	0	0	0	-1	6
670	750	751	2	0.59	-3	5.08333333333333
671	0	0	0	0	-1	5.66666666666667
672	0	0	0	0	-1	5
673	0	0	0	0	-1	6
674	752	753	1	8.15	-3	5.625
675	754	755	5	0.079	-3	5.14285714285714
676	0	0	0	0	-1	5
677	0	0	0	0	-1	5
678	756	757	3	0.325	-3	6.125
679	758	759	2	0.4	-3	6
680	0	0	0	0	-1	6
681	0	0	0	0	-1	6
682	0	0	0	0	-1	5.66666666666667
683	760	761	4	3.05	-3	5.07142857142857
684	762	763	5	0.1815	-3	5
685	0	0	0	0	-1	5
686	764	765	11	0.1185	-3	5
687	0	0	0	0	-1	5
688	0	0	0	0	-1	5
689	0	0	0	0	-1	5
690	766	767	7	46	-3	6
691	0	0	0	0	-1	5
692	0	0	0	0	-1	5
693	0	0	0	0	-1	5
694	768	769	2	0.4	-3	5.14285714285714
695	0	0	0	0	-1	6
696	0	0	0	0	-1	6
697	0	0	0	0	-1	5.5
698	770	771	1	11.75	-3	6
699	0	0	0	0	-1	7
700	0	0	0	0	-1	6
701	772	773	3	0.235	-3	6
702	0	0	0	0	-1	6
703	774	775	11	10.25	-3	6
704	0	0	0	0	-1	6.33333333333333
705	776	777	11	10.7	-3	5.96428571428571
706	0	0	0	0	-1	5.5
707	0	0	0	0	-1	7
708	0	0	0	0	-1	7
709	778	779	7	73.5	-3	5.88888888888889
710	0	0	0	0	-1	6
711	0	0	0	0	-1	6
712	0	0	0	0	-1	5
713	780	781	2	0.5325	-3	5
714	782	783	4	1.6	-3	6
715	0	0	0	0	-1	6.66666666666667
716	784	785	9	3.155	-3	7
717	0	0	0	0	-1	6
718	786	787	6	16	-3	6
719	0	0	0	0	-1	5
720	0	0	0	0	-1	5
721	788	789	6	17.5	-3	7
722	0	0	0	0	-1	8
723	790	791	10	0.825	-3	7.07692307692308
724	0	0	0	0	-1	6
725	792	793	11	11.65	-3	6
726	794	795	6	0	-3	5
727	0	0	0	0	-1	5
728	796	797	6	28.5	-3	5.1
729	798	799	8	0.99674	-3	5.72222222222222
730	0	0	0	0	-1	7
731	800	801	7	72.5	-3	5
732	0	0	0	0	-1	6
733	0	0	0	0	-1	5
734	802	803	3	0.265	-3	5
735	0	0	0	0	-1	6
736	804	805	10	0.515	-3	4.96666666666667
737	806	807	2	0.68	-3	4.72727272727273
738	0	0	0	0	-1	5
739	808	809	1	0	-3	6
740	0	0	0	0	-1	5
741	810	811	3	0.235	-3	5.875
742	0	0	0	0	-1	6
743	0	0	0	0	-1	5
744	0	0	0	0	-1	6
745	0	0	0	0	-1	6
746	0	0	0	0	-1	5
747	0	0	0	0	-1	5
748	0	0	0	0	-1	5
749	812	813	1	7.05	-3	5.69565217391304
750	0	0	0	0	-1	5.5
751	814	815	6	10.5	-3	5
752	0	0	0	0	-1	6
753	0	0	0	0	-1	5.25
754	816	817	9	3.375	-3	5.04761904761905
755	818	819	7	82	-3	5.28571428571429
756	0	0	0	0	-1	6
757	0	0	0	0	-1	7
758	0	0	0	0	-1	6
759	820	821	10	10.25	-3	6
760	822	823	5	0.1555	-3	5
761	0	0	0	0	-1	5.33333333333333
762	0	0	0	0	-1	5
763	824	825	1	0	-3	5
764	0	0	0	0	-1	7
765	826	827	4	1.9	-3	5
766	828	829	7	12.5	-3	6
767	0	0	0	0	-1	6
768	0	0	0	0	-1	6
769	830	831	5	0.0815	-3	5
770	832	833	6	6.5	-3	6
771	0	0	0	0	-1	6
772	834	835	8	0.99747	-3	6
773	0	0	0	0	-1	6
774	0	0	0	0	-1	6
775	0	0	0	0	-1	6
776	0	0	0	0	-1	5.75
777	836	837	3	0.325	-3	6
778	0	0	0	0	-1	6
779	0	0	0	0	-1	5
780	838	839	11	0	-3	5
781	0	0	0	0	-1	5
782	0	0	0	0	-1	6
783	840	841	5	0.082	-3	6
784	0	0	0	0	-1	7
785	0	0	0	0	-1	7
786	842	843	3	0	-3	6
787	0	0	0	0	-1	6
788	844	845	8	0.996145	-3	7
789	0	0	0	0	-1	7
790	846	847	4	2.1	-3	7
791	0	0	0	0	-1	7.25
792	0	0	0	0	-1	6
793	848	849	8	0.99475	-3	6
794	0	0	0	0	-1	5
795	850	851	7	33.5	-3	5
796	852	853	10	0.5	-3	5.05882352941176
797	0	0	0	0	-1	5.33333333333333
798	0	0	0	0	-1	5.2
799	854	855	2	0.395	-3	5.92307692307692
800	856	857	10	0.565	-3	5
801	858	859	1	9.4	-3	5
802	0	0	0	0	-1	5
803	0	0	0	0	-1	5
804	860	861	11	9.35	-3	4.875
805	862	863	2	0.575	-3	5
806	0	0	0	0	-1	4
807	864	865	11	9.6	-3	4.88888888888889
808	0	0	0	0	-1	6
809	866	867	5	0.0735	-3	6
810	0	0	0	0	-1	5
811	0	0	0	0	-1	6
812	868	869	9	0	-3	6
813	870	871	7	28	-3	5.5625
814	872	873	10	0	-3	5
815	0	0	0	0	-1	5
816	0	0	0	0	-1	5.2
817	874	875	1	7.35	-3	5
818	876	877	6	31.5	-3	5
819	878	879	4	4.75	-3	5.66666666666667
820	880	881	4	2.1	-3	6
821	0	0	0	0	-1	6
822	882	883	7	0	-3	5
823	0	0	0	0	-1	5
824	0	0	0	0	-1	7
825	884	885	6	14	-3	5
826	0	0	0	0	-1	5
827	886	887	7	0	-3	5
828	0	0	0	0	-1	6
829	0	0	0	0	-1	6
830	0	0	0	0	-1	5
831	0	0	0	0	-1	5
832	888	889	9	0	-3	6
833	890	891	9	0	-3	6
834	892	893	6	0	-3	6
835	0	0	0	0	-1	6
836	0	0	0	0	-1	6
837	0	0	0	0	-1	6
838	0	0	0	0	-1	5
839	894	895	4	2.55	-3	5
840	0	0	0	0	-1	6
841	0	0	0	0	-1	6
842	0	0	0	0	-1	5
843	896	897	7	26.5	-3	6
844	0	0	0	0	-1	7
845	0	0	0	0	-1	7
846	0	0	0	0	-1	7
847	0	0	0	0	-1	7
848	0	0	0	0	-1	6
849	0	0	0	0	-1	6
850	0	0	0	0	-1	5
851	898	899	11	0	-3	5
852	0	0	0	0	-1	5.25
853	900	901	1	9.5	-3	5
854	0	0	0	0	-1	5
855	902	903	7	101.5	-3	6
856	904	905	2	0	-3	5
857	0	0	0	0	-1	5
858	906	907	6	0	-3	5
859	0	0	0	0	-1	5
860	0	0	0	0	-1	4.33333333333333
861	908	909	6	9.5	-3	5
862	910	911	11	9.3	-3	5
863	912	913	10	0.525	-3	5
864	914	915	4	0	-3	5
865	0	0	0	0	-1	4.5
866	0	0	0	0	-1	6
867	916	917	8	0.99728	-3	6
868	0	0	0	0	-1	5
869	918	919	5	0.073	-3	6
870	920	921	5	0.062	-3	5.75
871	0	0	0	0	-1	5
872	0	0	0	0	-1	5
873	922	923	5	0.0645	-3	5
874	924	925	9	0	-3	5
875	926	927	3	0	-3	5
876	0	0	0	0	-1	5
877	0	0	0	0	-1	5
878	0	0	0	0	-1	6
879	0	0	0	0	-1	5
880	0	0	0	0	-1	6
881	0	0	0	0	-1	6
882	0	0	0	0	-1	5
883	928	929	6	44	-3	5
884	930	931	5	0	-3	5
885	0	0	0	0	-1	5
886	0	0	0	0	-1	5
887	0	0	0	0	-1	5
888	0	0	0	0	-1	6
889	932	933	7	9	-3	6
890	0	0	0	0	-1	5
891	934	935	6	10	-3	6
892	0	0	0	0	-1	5
893	0	0	0	0	-1	6
894	0	0	0	0	-1	5
895	0	0	0	0	-1	5
896	936	937	5	0.0665	-3	6
897	0	0	0	0	-1	6
898	0	0	0	0	-1	6
899	938	939	8	0.99636	-3	5
900	940	941	7	104	-3	5
901	0	0	0	0	-1	5
902	942	943	5	0.076	-3	6
903	0	0	0	0	-1	6
904	0	0	0	0	-1	6
905	944	945	2	3.335	-3	5
906	0	0	0	0	-1	5
907	0	0	0	0	-1	5
908	0	0	0	0	-1	5
909	946	947	3	0.18	-3	5
910	948	949	2	0.49	-3	5
911	950	951	5	3.295	-3	5
912	0	0	0	0	-1	5
913	952	953	7	83.5	-3	5
914	0	0	0	0	-1	5
915	0	0	0	0	-1	5
916	954	955	9	3.225	-3	6
917	956	957	9	3.075	-3	6
918	0	0	0	0	-1	6
919	0	0	0	0	-1	6
920	0	0	0	0	-1	5
921	958	959	2	0.61	-3	5.81818181818182
922	0	0	0	0	-1	5
923	0	0	0	0	-1	5
924	0	0	0	0	-1	7
925	0	0	0	0	-1	5
926	0	0	0	0	-1	5
927	960	961	11	8.55	-3	5
928	962	963	4	0	-3	5
929	0	0	0	0	-1	5
930	0	0	0	0	-1	5
931	964	965	6	8.5	-3	5
932	0	0	0	0	-1	6
933	966	967	11	0	-3	6
934	0	0	0	0	-1	6
935	0	0	0	0	-1	6
936	0	0	0	0	-1	6
937	0	0	0	0	-1	6
938	0	0	0	0	-1	5
939	0	0	0	0	-1	5
940	968	969	4	9.5	-3	5
941	0	0	0	0	-1	5
942	0	0	0	0	-1	6
943	970	971	2	0	-3	6
944	0	0	0	0	-1	5
945	0	0	0	0	-1	5
946	0	0	0	0	-1	5
947	972	973	6	0	-3	5
948	974	975	3	0.22	-3	5
949	0	0	0	0	-1	5
950	976	977	6	26.5	-3	5
951	0	0	0	0	-1	5
952	0	0	0	0	-1	5
953	0	0	0	0	-1	5
954	0	0	0	0	-1	6
955	0	0	0	0	-1	6
956	0	0	0	0	-1	6
957	978	979	6	21.5	-3	6
958	0	0	0	0	-1	6
959	0	0	0	0	-1	5.33333333333333
960	0	0	0	0	-1	5
961	980	981	4	0	-3	5
962	0	0	0	0	-1	6
963	0	0	0	0	-1	5
964	0	0	0	0	-1	5
965	0	0	0	0	-1	5
966	0	0	0	0	-1	6
967	0	0	0	0	-1	6
968	982	983	7	33	-3	5
969	0	0	0	0	-1	5
970	0	0	0	0	-1	5
971	984	985	9	3.23	-3	6
972	0	0	0	0	-1	5
973	986	987	1	9.25	-3	5
974	0	0	0	0	-1	5
975	988	989	2	0	-3	5
976	990	991	11	0	-3	5
977	0	0	0	0	-1	5
978	992	993	2	0.375	-3	6
979	0	0	0	0	-1	6
980	0	0	0	0	-1	8
981	994	995	5	9.45	-3	5
982	0	0	0	0	-1	5
983	996	997	6	0	-3	5
984	0	0	0	0	-1	6
985	0	0	0	0	-1	6
986	0	0	0	0	-1	5
987	0	0	0	0	-1	5
988	0	0	0	0	-1	6
989	998	999	3	0.235	-3	5
990	0	0	0	0	-1	7
991	1000	1001	11	9.6	-3	5
992	0	0	0	0	-1	6
993	0	0	0	0	-1	6
994	0	0	0	0	-1	5
995	0	0	0	0	-1	5
996	0	0	0	0	-1	5
997	1002	1003	10	0.55	-3	5
998	0	0	0	0	-1	5
999	0	0	0	0	-1	5
1000	1004	1005	1	0	-3	5
1001	0	0	0	0	-1	5
1002	0	0	0	0	-1	5
1003	0	0	0	0	-1	5
1004	0	0	0	0	-1	7
1005	1006	1007	5	0	-3	5
1006	0	0	0	0	-1	5
1007	0	0	0	0	-1	5
