1	2	3	10	0.635	-3	5.64665415884928
2	4	5	11	11.25	-3	5.40023201856148
3	6	7	5	0.0755	-3	5.9348710990502
4	8	9	11	10.15	-3	5.2667638483965
5	10	11	2	0.495	-3	5.92045454545455
6	12	13	8	0.995785	-3	6.22185430463576
7	14	15	2	0.6225	-3	5.73563218390805
8	16	17	5	0.2465	-3	5.19019607843137
9	18	19	2	0.99	-3	5.48863636363636
10	20	21	4	10.75	-3	6.21428571428572
11	22	23	5	0.0575	-3	5.65217391304348
12	24	25	8	0.99338	-3	6.41447368421052
13	26	27	11	10.95	-3	6.02666666666667
14	28	29	11	10.55	-3	5.8486646884273
15	30	31	5	0.0855	-3	5.3469387755102
16	32	33	2	0.7175	-3	5.19881889763779
17	0	0	0	0	-1	3
18	34	35	7	14.5	-3	5.52906976744186
19	0	0	0	0	-1	3.75
20	36	37	11	12.35	-3	6.24096385542169
21	0	0	0	0	-1	4
22	38	39	8	0.99282	-3	5.17857142857143
23	40	41	1	6.55	-3	5.859375
24	42	43	2	0.41	-3	7.07142857142857
25	44	45	3	0.285	-3	6.34782608695652
26	46	47	2	0.305	-3	5.90322580645161
27	48	49	5	0.0655	-3	6.61538461538462
28	50	51	10	1.99	-3	5.54871794871795
29	52	53	2	0.615	-3	6.26056338028169
30	54	55	2	0.645	-3	5.5609756097561
31	56	57	3	0.72	-3	5.19298245614035
32	58	59	9	3.085	-3	5.24761904761904
33	60	61	10	0.485	-3	4.96590909090909
34	62	63	2	0.54	-3	5.08333333333333
35	64	65	2	0.615	-3	5.60135135135135
36	66	67	10	0.515	-3	6.14754098360656
37	68	69	9	3.375	-3	6.5
38	0	0	0	0	-1	6
39	70	71	10	0.625	-3	5.04166666666667
40	72	73	6	7	-3	5.30769230769231
41	74	75	4	2.55	-3	6
42	0	0	0	0	-1	6.25
43	76	77	2	0.8425	-3	7.4
44	78	79	11	11.5	-3	6.015625
45	80	81	5	0.0675	-3	6.63513513513514
46	82	83	5	0.07	-3	6.42424242424242
47	84	85	7	56	-3	5.71428571428571
48	0	0	0	0	-1	5.66666666666667
49	86	87	10	0.655	-3	6.73913043478261
50	88	89	7	87	-3	5.56476683937824
51	0	0	0	0	-1	4
52	90	91	9	3.345	-3	6.22302158273381
53	0	0	0	0	-1	8
54	92	93	9	3.26	-3	5
55	94	95	9	3.515	-3	5.79310344827586
56	96	97	6	8	-3	5.16071428571429
57	0	0	0	0	-1	7
58	98	99	4	3.95	-3	4.85714285714286
59	100	101	11	8.7	-3	5.26817042606516
60	102	103	5	0.0905	-3	4.44444444444444
61	104	105	7	72	-3	5.1
62	106	107	4	1.8	-3	5.33333333333333
63	108	109	8	0.997445	-3	4.66666666666667
64	110	111	2	0.575	-3	5.71717171717172
65	112	113	4	5.55	-3	5.36734693877551
66	114	115	9	3.305	-3	6.53846153846154
67	116	117	5	0.0585	-3	6.04166666666667
68	118	119	10	0.58	-3	6.61111111111111
69	0	0	0	0	-1	6
70	120	121	2	0.515	-3	4.9
71	0	0	0	0	-1	5.75
72	0	0	0	0	-1	4
73	122	123	8	0.99519	-3	5.7
74	124	125	2	1.025	-3	6.27272727272727
75	126	127	7	16.5	-3	5.5
76	128	129	8	0.99176	-3	7.25
77	0	0	0	0	-1	8
78	130	131	10	0.645	-3	5.82608695652174
79	132	133	4	1.9	-3	6.5
80	134	135	9	3.335	-3	6.51724137931035
81	136	137	7	17.5	-3	7.0625
82	138	139	1	10.8	-3	6.19047619047619
83	140	141	1	8.1	-3	6.83333333333333
84	142	143	7	38.5	-3	5.98412698412699
85	144	145	1	7.85	-3	5.10714285714286
86	0	0	0	0	-1	8
87	146	147	10	0.775	-3	6.61904761904762
88	148	149	4	2.3	-3	5.62048192771084
89	150	151	10	1.585	-3	5.22222222222222
90	152	153	3	0.385	-3	6.34653465346535
91	154	155	2	0.3725	-3	5.89473684210526
92	0	0	0	0	-1	4
93	156	157	1	7.35	-3	5.09090909090909
94	158	159	7	93.5	-3	5.95652173913043
95	160	161	1	7.1	-3	5.16666666666667
96	162	163	4	1.95	-3	5.85714285714286
97	164	165	9	3.59	-3	5.06122448979592
98	166	167	1	12.15	-3	5.05882352941176
99	0	0	0	0	-1	4
100	0	0	0	0	-1	3
101	168	169	7	94.5	-3	5.27959697732997
102	170	171	4	2.25	-3	4.09090909090909
103	172	173	7	0	-3	5
104	174	175	4	1.65	-3	4.95744680851064
105	176	177	10	0.525	-3	5.39130434782609
106	178	179	11	0	-3	5
107	180	181	1	9	-3	5.55555555555556
108	182	183	3	0.005	-3	4.5
109	0	0	0	0	-1	6
110	184	185	9	3.44	-3	5.62962962962963
111	186	187	3	0.07	-3	6.11111111111111
112	188	189	9	3.39	-3	5.42553191489362
113	0	0	0	0	-1	4
114	190	191	4	2.05	-3	6.77777777777778
115	0	0	0	0	-1	6
116	192	193	7	29	-3	5.33333333333333
117	194	195	1	8.85	-3	6.14285714285714
118	196	197	10	0.56	-3	6.41666666666667
119	198	199	4	3.35	-3	7
120	0	0	0	0	-1	6
121	200	201	5	0.0535	-3	4.84210526315789
122	202	203	3	0.595	-3	6
123	0	0	0	0	-1	5
124	204	205	9	3.51	-3	6.34375
125	0	0	0	0	-1	4
126	206	207	10	0	-3	5
127	208	209	1	11.8	-3	5.81818181818182
128	0	0	0	0	-1	7.66666666666667
129	0	0	0	0	-1	7
130	0	0	0	0	-1	5
131	210	211	4	1.85	-3	5.86363636363636
132	212	213	8	0	-3	6
133	214	215	3	0.16	-3	6.81818181818182
134	216	217	1	8	-3	6.68292682926829
135	218	219	7	38	-3	6.11764705882353
136	0	0	0	0	-1	8
137	220	221	2	0.46	-3	6.92857142857143
138	222	223	10	0.72	-3	5.93333333333333
139	224	225	6	12	-3	6.83333333333333
140	0	0	0	0	-1	6
141	226	227	4	2.9	-3	6.90909090909091
142	228	229	3	0.525	-3	5.88
143	230	231	10	0.79	-3	6.38461538461539
144	232	233	3	0.23	-3	5.04166666666667
145	0	0	0	0	-1	5.5
146	0	0	0	0	-1	6
147	234	235	11	11.7	-3	6.76470588235294
148	236	237	9	3.375	-3	5.44444444444444
149	238	239	7	26.5	-3	5.88059701492537
150	240	241	4	9.6	-3	5.09090909090909
151	0	0	0	0	-1	5.8
152	242	243	2	0.51	-3	5.93333333333333
153	244	245	11	12.8	-3	6.52112676056338
154	246	247	10	0.705	-3	5.46153846153846
155	248	249	2	0.5575	-3	6.12
156	250	251	3	0.135	-3	5
157	0	0	0	0	-1	6
158	252	253	11	11.3	-3	6
159	0	0	0	0	-1	5
160	0	0	0	0	-1	5
161	0	0	0	0	-1	6
162	0	0	0	0	-1	5.33333333333333
163	0	0	0	0	-1	6.25
164	254	255	9	2.91	-3	5.08333333333333
165	0	0	0	0	-1	4
166	256	257	1	7.75	-3	5
167	0	0	0	0	-1	5.5
168	258	259	4	1.25	-3	5.334375
169	260	261	10	0.625	-3	5.05194805194805
170	262	263	1	7.95	-3	4
171	0	0	0	0	-1	4.5
172	0	0	0	0	-1	5
173	264	265	11	9.4	-3	5
174	0	0	0	0	-1	4.25
175	266	267	8	0.998575	-3	5.02325581395349
176	268	269	1	8.95	-3	5.85714285714286
177	270	271	5	0.078	-3	5.1875
178	0	0	0	0	-1	5
179	0	0	0	0	-1	5
180	272	273	4	2.35	-3	5.33333333333333
181	0	0	0	0	-1	6
182	0	0	0	0	-1	5
183	0	0	0	0	-1	4.2
184	274	275	8	0.99622	-3	5.67123287671233
185	276	277	7	37.5	-3	5.25
186	278	279	2	0.595	-3	6.83333333333333
187	280	281	9	3.49	-3	5.75
188	282	283	3	0.125	-3	5.2
189	284	285	9	3.58	-3	5.82352941176471
190	0	0	0	0	-1	6
191	286	287	5	3	-3	7
192	0	0	0	0	-1	4.66666666666667
193	0	0	0	0	-1	6
194	288	289	6	4.5	-3	5.93103448275862
195	290	291	11	11.7	-3	6.61538461538461
196	292	293	4	1.95	-3	6.625
197	0	0	0	0	-1	6
198	0	0	0	0	-1	7
199	0	0	0	0	-1	7
200	294	295	8	0	-3	5
201	0	0	0	0	-1	4.4
202	296	297	11	12.75	-3	6
203	0	0	0	0	-1	6
204	298	299	2	0.605	-3	6.19230769230769
205	0	0	0	0	-1	7
206	0	0	0	0	-1	6
207	0	0	0	0	-1	5
208	300	301	9	0.245	-3	6
209	0	0	0	0	-1	5
210	302	303	11	9.75	-3	6.5
211	304	305	4	2.25	-3	5.76315789473684
212	0	0	0	0	-1	5
213	0	0	0	0	-1	6
214	306	307	1	7.7	-3	7
215	0	0	0	0	-1	6
216	308	309	10	0.72	-3	6.23076923076923
217	310	311	11	13.7	-3	6.89285714285714
218	0	0	0	0	-1	6.8
219	312	313	5	0.058	-3	5.83333333333333
220	0	0	0	0	-1	7
221	0	0	0	0	-1	6
222	0	0	0	0	-1	5
223	314	315	1	9.25	-3	6
224	0	0	0	0	-1	6.66666666666667
225	0	0	0	0	-1	7
226	316	317	8	0.0725	-3	7
227	0	0	0	0	-1	6
228	318	319	11	9.85	-3	5.93478260869565
229	0	0	0	0	-1	5.25
230	320	321	3	0.265	-3	6.11111111111111
231	0	0	0	0	-1	7
232	0	0	0	0	-1	5.66666666666667
233	322	323	10	0.705	-3	4.95238095238095
234	324	325	9	3.105	-3	6.55555555555556
235	326	327	9	0	-3	7
236	328	329	8	0.996125	-3	5.55405405405405
237	330	331	5	0.119	-3	5.12
238	332	333	2	0.28	-3	5.41666666666667
239	334	335	11	10.45	-3	5.98181818181818
240	336	337	9	3.115	-3	5
241	0	0	0	0	-1	6
242	338	339	1	10.75	-3	5.75
243	340	341	5	0.087	-3	6.66666666666667
244	342	343	2	0.3125	-3	6.57352941176471
245	0	0	0	0	-1	5.33333333333333
246	0	0	0	0	-1	5
247	344	345	11	10.95	-3	5.66666666666667
248	346	347	5	0.11	-3	6
249	348	349	2	0.575	-3	6.375
250	0	0	0	0	-1	5
251	350	351	8	0	-3	5
252	352	353	8	0.99706	-3	5.9
253	0	0	0	0	-1	7
254	0	0	0	0	-1	6
255	354	355	11	11.45	-3	5.06382978723404
256	0	0	0	0	-1	5
257	356	357	5	0.089	-3	5
258	0	0	0	0	-1	7
259	358	359	4	1.65	-3	5.32915360501567
260	360	361	3	0.275	-3	5.03947368421053
261	0	0	0	0	-1	6
262	0	0	0	0	-1	4
263	362	363	10	0.465	-3	4
264	0	0	0	0	-1	5
265	0	0	0	0	-1	5
266	364	365	7	41.5	-3	5
267	0	0	0	0	-1	5.5
268	366	367	3	0	-3	6
269	0	0	0	0	-1	5
270	0	0	0	0	-1	6
271	368	369	7	87.5	-3	5
272	0	0	0	0	-1	6
273	0	0	0	0	-1	5
274	370	371	10	0.605	-3	5.8
275	372	373	5	0.0965	-3	5.51515151515152
276	0	0	0	0	-1	5
277	0	0	0	0	-1	5.66666666666667
278	0	0	0	0	-1	7
279	0	0	0	0	-1	6
280	374	375	1	7.5	-3	5.63636363636364
281	0	0	0	0	-1	7
282	376	377	9	3.36	-3	5.53846153846154
283	378	379	3	0.565	-3	4.94117647058824
284	380	381	3	0.235	-3	5.93333333333333
285	0	0	0	0	-1	5
286	382	383	7	194.5	-3	7
287	0	0	0	0	-1	7
288	0	0	0	0	-1	4
289	384	385	4	2.5	-3	6
290	0	0	0	0	-1	7
291	386	387	1	9.5	-3	6.44444444444444
292	0	0	0	0	-1	7
293	0	0	0	0	-1	6.25
294	0	0	0	0	-1	7
295	388	389	6	28	-3	5
296	0	0	0	0	-1	6
297	0	0	0	0	-1	6
298	390	391	5	0.086	-3	6.41666666666667
299	392	393	4	1.85	-3	6
300	0	0	0	0	-1	5
301	394	395	1	8.85	-3	6
302	0	0	0	0	-1	5
303	0	0	0	0	-1	6.8
304	396	397	6	9.5	-3	5.82352941176471
305	0	0	0	0	-1	5.25
306	398	399	10	0.685	-3	6.875
307	0	0	0	0	-1	8
308	400	401	8	0.99405	-3	5.85714285714286
309	402	403	2	0.38	-3	6.66666666666667
310	404	405	6	39	-3	6.92592592592593
311	0	0	0	0	-1	6
312	0	0	0	0	-1	5
313	406	407	11	11.2	-3	6
314	0	0	0	0	-1	6
315	0	0	0	0	-1	6
316	0	0	0	0	-1	5
317	408	409	5	0.0745	-3	7
318	410	411	11	9.75	-3	5.81818181818182
319	412	413	4	1.85	-3	6.04166666666667
320	414	415	10	0.68	-3	5.83333333333333
321	0	0	0	0	-1	6.66666666666667
322	0	0	0	0	-1	4
323	416	417	2	0.475	-3	5
324	0	0	0	0	-1	6
325	418	419	9	3.165	-3	6.625
326	0	0	0	0	-1	6
327	420	421	9	3.27	-3	7
328	422	423	2	0.48	-3	6
329	424	425	10	0.9	-3	5.49230769230769
330	426	427	8	0.99581	-3	5.26086956521739
331	0	0	0	0	-1	3.5
332	0	0	0	0	-1	6.25
333	428	429	9	0	-3	5
334	430	431	7	56.5	-3	5.85106382978723
335	432	433	1	10.25	-3	6.75
336	0	0	0	0	-1	5
337	434	435	4	2.25	-3	5
338	436	437	8	0.99677	-3	5.85714285714286
339	0	0	0	0	-1	5
340	0	0	0	0	-1	6
341	0	0	0	0	-1	7
342	438	439	1	8.15	-3	7
343	440	441	5	0.128	-3	6.45283018867925
344	0	0	0	0	-1	6
345	0	0	0	0	-1	5
346	442	443	5	0.088	-3	6.125
347	0	0	0	0	-1	4
348	0	0	0	0	-1	7
349	0	0	0	0	-1	6
350	0	0	0	0	-1	6
351	444	445	1	0.635	-3	5
352	446	447	7	21.5	-3	5.66666666666667
353	0	0	0	0	-1	6
354	448	449	11	11.25	-3	5.04347826086957
355	0	0	0	0	-1	6
356	0	0	0	0	-1	5
357	450	451	6	2.985	-3	5
358	452	453	2	0.265	-3	5.075
359	454	455	7	18.5	-3	5.36559139784946
360	456	457	8	0.997465	-3	5
361	458	459	5	0.0675	-3	5.09090909090909
362	0	0	0	0	-1	4
363	0	0	0	0	-1	4
364	460	461	7	10.5	-3	5
365	462	463	9	3.415	-3	5
366	0	0	0	0	-1	5
367	0	0	0	0	-1	6
368	0	0	0	0	-1	5
369	0	0	0	0	-1	5
370	464	465	4	2.7	-3	5.88571428571429
371	0	0	0	0	-1	5.2
372	466	467	2	0.365	-3	5.62962962962963
373	0	0	0	0	-1	5
374	0	0	0	0	-1	5
375	468	469	3	0.35	-3	5.875
376	470	471	7	50	-3	5.77777777777778
377	0	0	0	0	-1	5
378	472	473	3	0.355	-3	4.875
379	0	0	0	0	-1	6
380	474	475	11	10.65	-3	6
381	0	0	0	0	-1	5
382	0	0	0	0	-1	7
383	0	0	0	0	-1	7
384	476	477	5	0	-3	6
385	0	0	0	0	-1	6
386	0	0	0	0	-1	7
387	0	0	0	0	-1	6
388	478	479	7	26.5	-3	5
389	0	0	0	0	-1	5
390	480	481	10	0.615	-3	6.22222222222222
391	0	0	0	0	-1	7
392	0	0	0	0	-1	6
393	0	0	0	0	-1	6
394	0	0	0	0	-1	6
395	0	0	0	0	-1	6
396	482	483	7	15.5	-3	5.5
397	484	485	1	5.75	-3	5.89285714285714
398	0	0	0	0	-1	6
399	486	487	4	2.6	-3	7
400	0	0	0	0	-1	6
401	0	0	0	0	-1	5.5
402	0	0	0	0	-1	7
403	0	0	0	0	-1	6
404	488	489	11	0	-3	7
405	0	0	0	0	-1	6
406	0	0	0	0	-1	6
407	0	0	0	0	-1	6
408	0	0	0	0	-1	7
409	0	0	0	0	-1	7
410	490	491	9	3.085	-3	5.94736842105263
411	0	0	0	0	-1	5
412	492	493	6	10	-3	6.25
413	494	495	10	1.075	-3	5.9375
414	0	0	0	0	-1	5
415	0	0	0	0	-1	6
416	496	497	4	5.7	-3	5
417	0	0	0	0	-1	5
418	0	0	0	0	-1	7
419	0	0	0	0	-1	6.4
420	0	0	0	0	-1	7
421	0	0	0	0	-1	7
422	0	0	0	0	-1	6
423	0	0	0	0	-1	6
424	498	499	9	3.025	-3	5.65789473684211
425	500	501	5	0.1545	-3	5.25925925925926
426	0	0	0	0	-1	6
427	502	503	3	0.215	-3	5.15
428	0	0	0	0	-1	5
429	0	0	0	0	-1	5
430	504	505	1	6.65	-3	6.03333333333333
431	506	507	8	0.99753	-3	5.52941176470588
432	0	0	0	0	-1	7
433	0	0	0	0	-1	6
434	508	509	3	0.065	-3	5
435	510	511	2	127.5	-3	5
436	512	513	1	0	-3	6
437	514	515	2	0.495	-3	5.57142857142857
438	0	0	0	0	-1	6
439	516	517	3	0.525	-3	7.07142857142857
440	518	519	10	0.925	-3	6.51063829787234
441	520	521	10	0.735	-3	6
442	522	523	3	0.425	-3	6
443	0	0	0	0	-1	6.5
444	0	0	0	0	-1	7
445	0	0	0	0	-1	5
446	0	0	0	0	-1	5
447	0	0	0	0	-1	6
448	524	525	9	3.27	-3	5.06666666666667
449	0	0	0	0	-1	4
450	0	0	0	0	-1	5
451	0	0	0	0	-1	5
452	0	0	0	0	-1	6
453	526	527	11	9.1	-3	5.02631578947368
454	528	529	4	1.85	-3	5.63636363636364
455	530	531	10	0.575	-3	5.32926829268293
456	532	533	1	7.95	-3	5
457	534	535	1	7.35	-3	5
458	0	0	0	0	-1	6
459	536	537	10	0.545	-3	5
460	0	0	0	0	-1	5
461	538	539	1	0	-3	5
462	540	541	1	51	-3	5
463	0	0	0	0	-1	5
464	542	543	8	0.995965	-3	5.91176470588235
465	0	0	0	0	-1	5
466	544	545	3	0.715	-3	5.16666666666667
467	546	547	8	0.99634	-3	5.76190476190476
468	548	549	6	4.5	-3	6
469	0	0	0	0	-1	5.5
470	0	0	0	0	-1	6
471	0	0	0	0	-1	5
472	550	551	3	0.505	-3	5
473	0	0	0	0	-1	4.33333333333333
474	0	0	0	0	-1	6
475	0	0	0	0	-1	6
476	0	0	0	0	-1	6
477	552	553	7	11.5	-3	6
478	0	0	0	0	-1	5
479	554	555	9	3.475	-3	5
480	556	557	3	0.105	-3	6
481	0	0	0	0	-1	7
482	0	0	0	0	-1	6
483	0	0	0	0	-1	5
484	0	0	0	0	-1	5
485	558	559	5	0.0735	-3	5.96153846153846
486	0	0	0	0	-1	7
487	0	0	0	0	-1	7
488	0	0	0	0	-1	5
489	560	561	6	0	-3	7
490	0	0	0	0	-1	5
491	562	563	2	0.655	-3	6
492	0	0	0	0	-1	6.66666666666667
493	0	0	0	0	-1	6
494	564	565	5	0.069	-3	6
495	0	0	0	0	-1	5
496	566	567	11	0	-3	5
497	0	0	0	0	-1	5
498	0	0	0	0	-1	7
499	568	569	10	0.79	-3	5.62162162162162
500	570	571	9	3.105	-3	5
501	572	573	9	3.035	-3	5.4375
502	0	0	0	0	-1	5
503	574	575	9	3.435	-3	5.42857142857143
504	0	0	0	0	-1	5
505	576	577	8	1.0018	-3	6.06896551724138
506	0	0	0	0	-1	5
507	578	579	11	9.05	-3	5.69230769230769
508	0	0	0	0	-1	5
509	580	581	10	0	-3	5
510	582	583	10	0.645	-3	5
511	0	0	0	0	-1	5
512	0	0	0	0	-1	5
513	584	585	2	0.33	-3	6
514	0	0	0	0	-1	5.8
515	0	0	0	0	-1	5
516	586	587	11	12.3	-3	7
517	0	0	0	0	-1	7.5
518	588	589	10	0.73	-3	6.6
519	0	0	0	0	-1	6
520	0	0	0	0	-1	6
521	0	0	0	0	-1	6
522	0	0	0	0	-1	6
523	0	0	0	0	-1	6
524	590	591	11	9.45	-3	5
525	592	593	1	10	-3	5.14285714285714
526	0	0	0	0	-1	4
527	594	595	8	0.99535	-3	5.08333333333333
528	596	597	3	0.3	-3	5.25
529	598	599	9	3.245	-3	5.76
530	600	601	8	1.0007	-3	5.25157232704403
531	602	603	5	0.0745	-3	5.47126436781609
532	604	605	6	20	-3	5
533	0	0	0	0	-1	5
534	0	0	0	0	-1	5
535	606	607	5	0.083	-3	5
536	608	609	10	0	-3	5
537	610	611	7	97	-3	5
538	0	0	0	0	-1	6
539	612	613	4	2.05	-3	5
540	614	615	6	23.5	-3	5
541	0	0	0	0	-1	5
542	616	617	3	0.035	-3	6
543	618	619	4	2.1	-3	5.7
544	0	0	0	0	-1	5
545	0	0	0	0	-1	6
546	0	0	0	0	-1	5
547	620	621	10	0.54	-3	5.88888888888889
548	0	0	0	0	-1	6
549	0	0	0	0	-1	6
550	622	623	9	3.365	-3	5
551	0	0	0	0	-1	5
552	0	0	0	0	-1	6
553	624	625	6	36.25	-3	6
554	0	0	0	0	-1	5
555	0	0	0	0	-1	5
556	0	0	0	0	-1	6
557	0	0	0	0	-1	6
558	626	627	8	0.994325	-3	6
559	0	0	0	0	-1	5.5
560	0	0	0	0	-1	6
561	0	0	0	0	-1	7
562	628	629	1	7.95	-3	6.05882352941176
563	0	0	0	0	-1	5
564	630	631	8	0	-3	6
565	0	0	0	0	-1	6
566	0	0	0	0	-1	5
567	632	633	1	7.15	-3	5
568	634	635	7	66.5	-3	5.54838709677419
569	636	637	4	1.85	-3	6
570	0	0	0	0	-1	5
571	638	639	1	0	-3	5
572	0	0	0	0	-1	5
573	640	641	10	1.17	-3	5.63636363636364
574	0	0	0	0	-1	6
575	0	0	0	0	-1	5
576	642	643	2	0.39	-3	6.03571428571429
577	0	0	0	0	-1	7
578	0	0	0	0	-1	5
579	644	645	4	3.3	-3	5.81818181818182
580	0	0	0	0	-1	5
581	646	647	11	0	-3	5
582	0	0	0	0	-1	5
583	648	649	5	0	-3	5
584	0	0	0	0	-1	6
585	650	651	11	11.05	-3	6
586	652	653	7	35.5	-3	7
587	0	0	0	0	-1	7
588	654	655	11	11.05	-3	6.39130434782609
589	656	657	4	2.2	-3	6.88235294117647
590	658	659	9	3.25	-3	5
591	660	661	2	0	-3	5
592	662	663	7	44.5	-3	5.05263157894737
593	0	0	0	0	-1	6
594	664	665	5	0.0695	-3	5.27272727272727
595	666	667	8	0.99574	-3	5
596	0	0	0	0	-1	5
597	0	0	0	0	-1	6
598	668	669	1	10.25	-3	5.44444444444444
599	670	671	9	3.45	-3	5.9375
600	672	673	8	0.99578	-3	5.26582278481013
601	0	0	0	0	-1	3
602	674	675	5	0.0705	-3	5
603	676	677	4	2.35	-3	5.61194029850746
604	0	0	0	0	-1	5
605	678	679	8	0.99512	-3	5
606	0	0	0	0	-1	5
607	680	681	6	0	-3	5
608	0	0	0	0	-1	7
609	682	683	2	0.53	-3	5
610	0	0	0	0	-1	5
611	0	0	0	0	-1	5
612	684	685	2	0	-3	5
613	686	687	8	0.99735	-3	5
614	688	689	8	0.255	-3	5
615	0	0	0	0	-1	5
616	0	0	0	0	-1	6
617	0	0	0	0	-1	6
618	0	0	0	0	-1	5.25
619	690	691	5	0.096	-3	6
620	0	0	0	0	-1	5.33333333333333
621	692	693	9	3.34	-3	6
622	694	695	11	0	-3	5
623	0	0	0	0	-1	5
624	696	697	2	0.37	-3	6
625	0	0	0	0	-1	6
626	0	0	0	0	-1	6
627	698	699	10	0.755	-3	6
628	700	701	9	3.29	-3	6
629	0	0	0	0	-1	6.25
630	0	0	0	0	-1	5
631	0	0	0	0	-1	6
632	0	0	0	0	-1	5
633	0	0	0	0	-1	5
634	702	703	3	0.475	-3	5.44
635	0	0	0	0	-1	6
636	0	0	0	0	-1	6
637	0	0	0	0	-1	6
638	0	0	0	0	-1	6
639	0	0	0	0	-1	5
640	704	705	7	21.5	-3	5.85714285714286
641	0	0	0	0	-1	5.25
642	706	707	9	3.195	-3	6.16666666666667
643	708	709	8	0.99847	-3	6
644	710	711	6	18.5	-3	6
645	0	0	0	0	-1	5
646	0	0	0	0	-1	7
647	0	0	0	0	-1	5
648	0	0	0	0	-1	5
649	712	713	9	3.34	-3	5
650	714	715	6	0	-3	6
651	0	0	0	0	-1	6
652	716	717	8	0.99687	-3	7
653	0	0	0	0	-1	7
654	0	0	0	0	-1	6
655	718	719	9	3.16	-3	6.5
656	0	0	0	0	-1	6
657	720	721	10	0	-3	7
658	722	723	8	3.175	-3	5
659	0	0	0	0	-1	5
660	0	0	0	0	-1	5
661	724	725	6	11	-3	5
662	0	0	0	0	-1	5.25
663	726	727	11	10.1	-3	5
664	728	729	10	0.495	-3	5.5
665	0	0	0	0	-1	5
666	730	731	8	0	-3	5
667	732	733	2	0.61	-3	5
668	0	0	0	0	-1	5
669	734	735	2	0.41	-3	5.66666666666667
670	736	737	1	7.9	-3	6
671	0	0	0	0	-1	5
672	738	739	9	3.425	-3	4.91304347826087
673	740	741	3	0.245	-3	5.32592592592593
674	742	743	8	0	-3	5
675	0	0	0	0	-1	5
676	744	745	5	0.098	-3	5.825
677	746	747	3	0.025	-3	5.2962962962963
678	0	0	0	0	-1	5
679	0	0	0	0	-1	5
680	0	0	0	0	-1	5
681	0	0	0	0	-1	5
682	0	0	0	0	-1	5
683	748	749	2	0	-3	5
684	0	0	0	0	-1	6
685	750	751	10	0.54	-3	5
686	752	753	3	0	-3	5
687	754	755	2	0.8	-3	5
688	0	0	0	0	-1	5
689	756	757	6	11	-3	5
690	0	0	0	0	-1	6
691	0	0	0	0	-1	6
692	758	759	3	0.605	-3	6.07142857142857
693	0	0	0	0	-1	5
694	0	0	0	0	-1	6
695	0	0	0	0	-1	5
696	760	761	9	3.415	-3	6
697	762	763	8	0.99484	-3	6
698	0	0	0	0	-1	6
699	764	765	3	0.01	-3	6
700	0	0	0	0	-1	6
701	766	767	10	0.815	-3	6
702	768	769	8	0.99675	-3	5.61111111111111
703	770	771	9	0	-3	5
704	0	0	0	0	-1	5
705	772	773	9	3.195	-3	6
706	0	0	0	0	-1	6.5
707	0	0	0	0	-1	6
708	774	775	10	0	-3	6
709	776	777	2	0.4175	-3	6
710	0	0	0	0	-1	6
711	778	779	11	10.2	-3	6
712	0	0	0	0	-1	5
713	0	0	0	0	-1	5
714	0	0	0	0	-1	4
715	780	781	4	2.3	-3	6
716	0	0	0	0	-1	7
717	0	0	0	0	-1	7
718	782	783	5	0.0955	-3	7
719	784	785	1	9.5	-3	6.18181818181818
720	0	0	0	0	-1	6
721	786	787	7	0	-3	7
722	788	789	9	3.09	-3	5
723	0	0	0	0	-1	5
724	790	791	10	0	-3	5
725	0	0	0	0	-1	5
726	792	793	4	0	-3	5
727	794	795	2	0.785	-3	5
728	0	0	0	0	-1	5
729	0	0	0	0	-1	6
730	0	0	0	0	-1	6
731	0	0	0	0	-1	5
732	796	797	2	0.47	-3	5
733	0	0	0	0	-1	5
734	0	0	0	0	-1	5
735	0	0	0	0	-1	6
736	798	799	10	0.615	-3	6
737	0	0	0	0	-1	6
738	800	801	9	3.245	-3	5
739	0	0	0	0	-1	4
740	802	803	5	0.0795	-3	5.42045454545455
741	804	805	11	9.85	-3	5.14893617021277
742	0	0	0	0	-1	5
743	806	807	5	0.0685	-3	5
744	808	809	2	0.665	-3	5.91666666666667
745	0	0	0	0	-1	5
746	0	0	0	0	-1	6
747	810	811	8	0.99715	-3	5.20833333333333
748	0	0	0	0	-1	3
749	812	813	10	0	-3	5
750	0	0	0	0	-1	5
751	0	0	0	0	-1	5
752	0	0	0	0	-1	5
753	0	0	0	0	-1	5
754	0	0	0	0	-1	5
755	0	0	0	0	-1	5
756	0	0	0	0	-1	5
757	814	815	11	0	-3	5
758	816	817	4	2.7	-3	6
759	0	0	0	0	-1	6.25
760	0	0	0	0	-1	6
761	0	0	0	0	-1	6
762	0	0	0	0	-1	6
763	818	819	2	0.995675	-3	6
764	0	0	0	0	-1	6
765	820	821	5	0	-3	6
766	822	823	1	7.25	-3	6
767	0	0	0	0	-1	6
768	0	0	0	0	-1	5
769	824	825	6	12.5	-3	5.78571428571429
770	0	0	0	0	-1	6
771	0	0	0	0	-1	5
772	0	0	0	0	-1	6
773	0	0	0	0	-1	6
774	0	0	0	0	-1	5
775	826	827	2	0.405	-3	6
776	0	0	0	0	-1	6
777	0	0	0	0	-1	6
778	0	0	0	0	-1	6
779	0	0	0	0	-1	6
780	0	0	0	0	-1	6
781	0	0	0	0	-1	6
782	0	0	0	0	-1	7
783	0	0	0	0	-1	7
784	0	0	0	0	-1	6.5
785	0	0	0	0	-1	6
786	0	0	0	0	-1	6
787	0	0	0	0	-1	7
788	0	0	0	0	-1	5
789	0	0	0	0	-1	5
790	0	0	0	0	-1	5
791	0	0	0	0	-1	5
792	0	0	0	0	-1	6
793	828	829	11	9.7	-3	5
794	0	0	0	0	-1	5
795	0	0	0	0	-1	5
796	0	0	0	0	-1	5
797	830	831	5	0	-3	5
798	0	0	0	0	-1	6
799	0	0	0	0	-1	6
800	832	833	9	0	-3	5
801	834	835	3	0	-3	5
802	836	837	4	2.35	-3	5.57692307692308
803	838	839	6	6.5	-3	5.19444444444444
804	840	841	8	0.99687	-3	5.09090909090909
805	0	0	0	0	-1	6
806	0	0	0	0	-1	5
807	0	0	0	0	-1	5
808	842	843	8	0.9958	-3	5.94285714285714
809	0	0	0	0	-1	5
810	0	0	0	0	-1	5.75
811	844	845	9	3.385	-3	5.1
812	0	0	0	0	-1	7
813	0	0	0	0	-1	5
814	0	0	0	0	-1	6
815	846	847	8	0.99692	-3	5
816	0	0	0	0	-1	6
817	0	0	0	0	-1	6
818	0	0	0	0	-1	6
819	0	0	0	0	-1	6
820	0	0	0	0	-1	5
821	848	849	3	0.16	-3	6
822	0	0	0	0	-1	6
823	0	0	0	0	-1	6
824	850	851	1	9.7	-3	5.84615384615385
825	0	0	0	0	-1	5
826	0	0	0	0	-1	6
827	852	853	11	0.695	-3	6
828	0	0	0	0	-1	5
829	0	0	0	0	-1	5
830	0	0	0	0	-1	3
831	854	855	7	1.55	-3	5
832	0	0	0	0	-1	7
833	856	857	10	0.44	-3	5
834	0	0	0	0	-1	7
835	858	859	4	0.5375	-3	5
836	860	861	8	0.997315	-3	5.725
837	862	863	6	33.5	-3	5.08333333333333
838	0	0	0	0	-1	4
839	864	865	4	2.7	-3	5.22857142857143
840	866	867	9	3.26	-3	5.41666666666667
841	868	869	9	3.145	-3	4.96875
842	0	0	0	0	-1	5
843	870	871	5	0.0775	-3	5.97058823529412
844	872	873	4	2.65	-3	5.16666666666667
845	874	875	5	0.079	-3	5
846	0	0	0	0	-1	5
847	0	0	0	0	-1	5
848	0	0	0	0	-1	6
849	0	0	0	0	-1	6
850	876	877	6	7	-3	5.71428571428571
851	878	879	8	0.9983	-3	6
852	0	0	0	0	-1	5
853	880	881	2	0.42	-3	6
854	0	0	0	0	-1	6
855	0	0	0	0	-1	5
856	0	0	0	0	-1	5
857	0	0	0	0	-1	5
858	0	0	0	0	-1	6
859	882	883	3	0.14	-3	5
860	884	885	7	29	-3	5.84375
861	886	887	6	17.5	-3	5.25
862	888	889	6	9	-3	5
863	0	0	0	0	-1	6
864	890	891	9	3.505	-3	5.12
865	892	893	8	0.99904	-3	5.5
866	0	0	0	0	-1	4.8
867	894	895	2	0.605	-3	5.85714285714286
868	0	0	0	0	-1	5.66666666666667
869	896	897	3	0.27	-3	4.89655172413793
870	0	0	0	0	-1	5.5
871	898	899	4	2.2	-3	6.03333333333333
872	900	901	11	9.35	-3	5.33333333333333
873	902	903	9	0	-3	5
874	0	0	0	0	-1	5
875	904	905	3	0	-3	5
876	0	0	0	0	-1	5
877	906	907	2	0.575	-3	5.83333333333333
878	0	0	0	0	-1	6
879	0	0	0	0	-1	6
880	0	0	0	0	-1	6
881	908	909	2	0.47	-3	6
882	0	0	0	0	-1	5
883	910	911	3	0	-3	5
884	912	913	3	0.155	-3	5.63636363636364
885	914	915	5	0.073	-3	5.95238095238095
886	916	917	2	0.68	-3	5
887	0	0	0	0	-1	6
888	0	0	0	0	-1	5
889	918	919	9	0.997455	-3	5
890	920	921	1	7.75	-3	5.04347826086957
891	0	0	0	0	-1	6
892	922	923	2	0.66	-3	5.71428571428571
893	0	0	0	0	-1	5
894	924	925	1	0	-3	6
895	0	0	0	0	-1	5
896	0	0	0	0	-1	4.6
897	926	927	1	10.25	-3	4.95833333333333
898	928	929	8	0.99718	-3	6
899	0	0	0	0	-1	7
900	0	0	0	0	-1	6
901	0	0	0	0	-1	5.2
902	0	0	0	0	-1	6
903	0	0	0	0	-1	5
904	0	0	0	0	-1	6
905	930	931	2	0.605	-3	5
906	0	0	0	0	-1	6
907	0	0	0	0	-1	5
908	0	0	0	0	-1	6
909	932	933	9	3.355	-3	6
910	0	0	0	0	-1	6
911	934	935	3	0.2	-3	5
912	936	937	4	2.15	-3	5.875
913	0	0	0	0	-1	5
914	0	0	0	0	-1	5
915	938	939	6	15	-3	6
916	0	0	0	0	-1	5
917	0	0	0	0	-1	5
918	0	0	0	0	-1	7
919	940	941	3	0.05	-3	5
920	942	943	3	0.085	-3	5
921	944	945	6	8	-3	5.1
922	0	0	0	0	-1	5.33333333333333
923	0	0	0	0	-1	6
924	0	0	0	0	-1	5
925	0	0	0	0	-1	6
926	946	947	4	2.9	-3	5
927	0	0	0	0	-1	4
928	948	949	11	9.3	-3	6
929	950	951	11	9.15	-3	6
930	0	0	0	0	-1	5
931	0	0	0	0	-1	5
932	0	0	0	0	-1	6
933	0	0	0	0	-1	6
934	0	0	0	0	-1	5
935	0	0	0	0	-1	5
936	952	953	6	9.5	-3	6
937	0	0	0	0	-1	5
938	954	955	11	9.85	-3	6
939	0	0	0	0	-1	6
940	0	0	0	0	-1	5
941	956	957	8	0	-3	5
942	0	0	0	0	-1	5
943	958	959	10	0.475	-3	5
944	0	0	0	0	-1	6
945	0	0	0	0	-1	5
946	960	961	2	0.42	-3	5
947	0	0	0	0	-1	5
948	962	963	11	9.1	-3	6
949	964	965	7	38	-3	6
950	0	0	0	0	-1	6
951	0	0	0	0	-1	6
952	0	0	0	0	-1	6
953	0	0	0	0	-1	6
954	966	967	5	0.0745	-3	6
955	0	0	0	0	-1	6
956	0	0	0	0	-1	7
957	0	0	0	0	-1	5
958	0	0	0	0	-1	5
959	968	969	4	0	-3	5
960	970	971	5	0.0825	-3	5
961	972	973	5	0.0765	-3	5
962	0	0	0	0	-1	6
963	0	0	0	0	-1	6
964	0	0	0	0	-1	6
965	0	0	0	0	-1	6
966	0	0	0	0	-1	6
967	974	975	10	0	-3	6
968	0	0	0	0	-1	7
969	976	977	3	0.17	-3	5
970	0	0	0	0	-1	5
971	978	979	11	0	-3	5
972	0	0	0	0	-1	5
973	0	0	0	0	-1	5
974	0	0	0	0	-1	5
975	0	0	0	0	-1	6
976	0	0	0	0	-1	5
977	0	0	0	0	-1	5
978	0	0	0	0	-1	5
979	980	981	3	0.49	-3	5
980	982	983	4	0	-3	5
981	0	0	0	0	-1	5
982	0	0	0	0	-1	5
983	0	0	0	0	-1	5
