1	2	3	8	0.995565	-3	5.60412757973734
2	4	5	10	0.655	-3	5.99184782608695
3	6	7	2	0.535	-3	5.48822095857026
4	8	9	2	0.775	-3	5.69915254237288
5	10	11	11	11.55	-3	6.51515151515151
6	12	13	9	3.255	-3	5.71849427168576
7	14	15	10	0.545	-3	5.26129032258064
8	16	17	2	0.37	-3	5.83414634146342
9	18	19	8	0.995	-3	4.80645161290323
10	20	21	3	0.285	-3	6.23076923076923
11	22	23	8	0.99359	-3	6.7
12	24	25	10	0.585	-3	5.83512544802868
13	26	27	7	67.5	-3	5.62048192771084
14	28	29	1	6.55	-3	4.97422680412371
15	30	31	11	9.975	-3	5.39201877934272
16	32	33	11	10.75	-3	6.29787234042553
17	34	35	7	8.5	-3	5.69620253164557
18	36	37	3	0.01	-3	4.26666666666667
19	38	39	8	0.995295	-3	5.3125
20	40	41	2	0.625	-3	5.81818181818182
21	42	43	5	0.064	-3	6.53333333333333
22	44	45	3	0.475	-3	6.89285714285714
23	46	47	1	6.3	-3	6.59615384615385
24	48	49	2	0.525	-3	5.23076923076923
25	50	51	2	0.355	-3	6.01869158878505
26	52	53	10	0.665	-3	5.70300751879699
27	54	55	2	0.3	-3	5.28787878787879
28	0	0	0	0	-1	4
29	56	57	6	6.5	-3	4.99473684210526
30	58	59	4	1.55	-3	5.18987341772152
31	60	61	4	5.7	-3	5.64550264550265
32	0	0	0	0	-1	5
33	62	63	9	3.075	-3	6.41860465116279
34	0	0	0	0	-1	4.25
35	64	65	1	6.35	-3	5.73376623376623
36	66	67	9	3.41	-3	3.57142857142857
37	68	69	6	20.5	-3	4.875
38	0	0	0	0	-1	6.25
39	70	71	6	18	-3	5
40	72	73	2	0.375	-3	6
41	0	0	0	0	-1	5
42	74	75	6	22.5	-3	6.90909090909091
43	76	77	5	0.0685	-3	6.31578947368421
44	78	79	1	5.05	-3	7
45	0	0	0	0	-1	6
46	80	81	4	2	-3	6
47	82	83	7	55.5	-3	6.67391304347826
48	84	85	11	11.4	-3	5.16666666666667
49	0	0	0	0	-1	6
50	86	87	10	0.645	-3	6.42857142857143
51	88	89	5	0.1255	-3	5.81944444444444
52	90	91	5	0.0525	-3	5.50980392156863
53	92	93	1	6.55	-3	5.96460176991151
54	0	0	0	0	-1	6.5
55	94	95	8	0.99689	-3	5.25
56	96	97	2	0.855	-3	4.53658536585366
57	98	99	2	0.7725	-3	5.12080536912752
58	0	0	0	0	-1	4.25
59	100	101	6	5.5	-3	5.20600858369099
60	102	103	6	4.5	-3	5.60109289617486
61	104	105	9	3.22	-3	7
62	0	0	0	0	-1	7.33333333333333
63	106	107	2	0.235	-3	6.35
64	108	109	3	0.01	-3	5.48888888888889
65	110	111	8	0.99475	-3	5.8348623853211
66	0	0	0	0	-1	3
67	0	0	0	0	-1	4
68	0	0	0	0	-1	4.25
69	0	0	0	0	-1	5.5
70	112	113	11	10.85	-3	5
71	0	0	0	0	-1	5
72	0	0	0	0	-1	6.33333333333333
73	114	115	4	2.25	-3	5.93333333333333
74	116	117	6	20	-3	7
75	0	0	0	0	-1	6
76	118	119	9	0	-3	6
77	120	121	8	0.99459	-3	6.5
78	0	0	0	0	-1	7.33333333333333
79	122	123	8	0.991185	-3	6.95454545454546
80	0	0	0	0	-1	6
81	0	0	0	0	-1	6
82	124	125	8	0.99409	-3	6.75609756097561
83	0	0	0	0	-1	6
84	126	127	2	0.245	-3	5.07142857142857
85	0	0	0	0	-1	6.5
86	128	129	10	0.605	-3	5.25
87	130	131	10	0.655	-3	6.58064516129032
88	132	133	7	64.5	-3	6.01769911504425
89	134	135	7	15	-3	5.09677419354839
90	0	0	0	0	-1	4
91	136	137	11	10.85	-3	5.54
92	138	139	4	3.1	-3	5
93	140	141	4	4.55	-3	6.01869158878505
94	142	143	8	0.996685	-3	5.5625
95	144	145	10	0.615	-3	5.14583333333333
96	146	147	5	0.066	-3	4.80769230769231
97	148	149	8	0.9965	-3	4.06666666666667
98	150	151	5	0.0935	-3	5.175
99	152	153	7	63.5	-3	4.89655172413793
100	154	155	5	0.0945	-3	5.52
101	156	157	7	13	-3	5.16826923076923
102	0	0	0	0	-1	4
103	158	159	11	11.35	-3	5.64606741573034
104	0	0	0	0	-1	7
105	0	0	0	0	-1	7
106	160	161	6	19	-3	5.875
107	162	163	3	0.395	-3	6.46875
108	164	165	11	10.5	-3	5.93333333333333
109	166	167	11	13.05	-3	5.26666666666667
110	168	169	11	11.35	-3	5.97619047619048
111	170	171	5	0.0765	-3	5.74626865671642
112	172	173	6	0	-3	5
113	0	0	0	0	-1	5
114	174	175	8	0.99505	-3	6
115	0	0	0	0	-1	5
116	176	177	6	9	-3	7
117	0	0	0	0	-1	7
118	0	0	0	0	-1	5
119	178	179	6	29	-3	6
120	0	0	0	0	-1	7.33333333333333
121	180	181	5	0.075	-3	6.22222222222222
122	0	0	0	0	-1	8
123	182	183	8	0.992	-3	6.90476190476191
124	0	0	0	0	-1	6.2
125	184	185	11	13.7	-3	6.83333333333333
126	0	0	0	0	-1	4
127	186	187	11	9.7	-3	5.09090909090909
128	0	0	0	0	-1	6
129	188	189	5	0.089	-3	5
130	0	0	0	0	-1	8
131	190	191	7	21.5	-3	6.50847457627119
132	192	193	3	0.495	-3	6.14432989690722
133	194	195	2	0.435	-3	5.25
134	0	0	0	0	-1	6
135	196	197	5	0.5385	-3	4.96296296296296
136	198	199	1	8.25	-3	5.47286821705426
137	200	201	10	0.51	-3	5.95238095238095
138	0	0	0	0	-1	5.2
139	0	0	0	0	-1	4
140	202	203	6	35.5	-3	5.95
141	204	205	3	0.24	-3	7
142	206	207	5	0.0725	-3	5.3
143	208	209	8	0.996785	-3	6
144	210	211	1	7.15	-3	5
145	212	213	2	0.375	-3	5.30434782608696
146	214	215	8	0.9979	-3	5.125
147	216	217	3	0.09	-3	4.66666666666667
148	218	219	10	0.46	-3	4.71428571428571
149	220	221	3	0.09	-3	3.5
150	222	223	5	0.0825	-3	5.12244897959184
151	224	225	3	0.195	-3	5.40909090909091
152	226	227	3	0.245	-3	4.75
153	228	229	1	7.6	-3	5.07692307692308
154	230	231	9	3.43	-3	5.26666666666667
155	232	233	1	8.8	-3	5.9
156	0	0	0	0	-1	3
157	234	235	11	9.85	-3	5.18932038834951
158	236	237	8	1.003175	-3	5.54193548387097
159	238	239	4	2.45	-3	6.34782608695652
160	240	241	1	7.65	-3	6
161	0	0	0	0	-1	5.5
162	242	243	7	18	-3	6.6
163	244	245	9	3.185	-3	6.25
164	0	0	0	0	-1	5
165	246	247	10	0.62	-3	6.16666666666667
166	248	249	9	3.665	-3	5.31034482758621
167	0	0	0	0	-1	4
168	250	251	6	6.5	-3	6.42857142857143
169	252	253	9	3.37	-3	5.88571428571429
170	254	255	6	33	-3	5.59459459459459
171	256	257	1	7.7	-3	5.93333333333333
172	0	0	0	0	-1	5
173	258	259	8	0	-3	5
174	0	0	0	0	-1	6
175	260	261	8	0.995425	-3	6
176	0	0	0	0	-1	7
177	0	0	0	0	-1	7
178	0	0	0	0	-1	6
179	0	0	0	0	-1	6
180	0	0	0	0	-1	6.5
181	0	0	0	0	-1	6
182	0	0	0	0	-1	6.33333333333333
183	0	0	0	0	-1	7
184	262	263	5	0.081	-3	6.90909090909091
185	0	0	0	0	-1	6
186	264	265	4	3.9	-3	4.94594594594595
187	266	267	9	3.19	-3	5.38888888888889
188	0	0	0	0	-1	5
189	0	0	0	0	-1	5
190	268	269	4	1.75	-3	6.11764705882353
191	270	271	6	9.5	-3	6.66666666666667
192	272	273	1	10.75	-3	5.89795918367347
193	274	275	4	4.675	-3	6.39583333333333
194	0	0	0	0	-1	5
195	276	277	3	0.465	-3	5.57142857142857
196	278	279	3	0.515	-3	5.04
197	0	0	0	0	-1	4
198	280	281	3	0.295	-3	5.54807692307692
199	282	283	2	0.51	-3	5.16
200	0	0	0	0	-1	5
201	284	285	5	0.063	-3	6
202	286	287	7	66	-3	6.01086956521739
203	288	289	9	3.425	-3	5.25
204	0	0	0	0	-1	7
205	0	0	0	0	-1	7
206	0	0	0	0	-1	6
207	290	291	11	0	-3	5
208	0	0	0	0	-1	6
209	0	0	0	0	-1	6
210	292	293	9	0	-3	5
211	294	295	3	0.435	-3	5
212	296	297	2	0.325	-3	5.83333333333333
213	298	299	10	0.635	-3	5.11764705882353
214	300	301	1	0	-3	5
215	0	0	0	0	-1	6
216	302	303	8	0.99651	-3	4.5
217	304	305	10	0.515	-3	5
218	0	0	0	0	-1	4
219	0	0	0	0	-1	5
220	306	307	3	0.025	-3	3.28571428571429
221	0	0	0	0	-1	5
222	308	309	9	3.53	-3	5.17910447761194
223	310	311	4	2.35	-3	5
224	312	313	8	0.997935	-3	5.75
225	314	315	6	18	-3	5
226	316	317	10	0.465	-3	4.91666666666667
227	0	0	0	0	-1	4.25
228	0	0	0	0	-1	6
229	318	319	1	8.15	-3	5
230	320	321	10	0.555	-3	5.44444444444444
231	0	0	0	0	-1	5
232	0	0	0	0	-1	6
233	0	0	0	0	-1	5
234	322	323	9	3.205	-3	5.16666666666667
235	324	325	7	43.5	-3	5.75
236	326	327	4	1.5	-3	5.51315789473684
237	0	0	0	0	-1	7
238	328	329	7	62	-3	6.11111111111111
239	330	331	8	0.9997	-3	6.5
240	0	0	0	0	-1	6
241	0	0	0	0	-1	6
242	332	333	11	11.45	-3	7
243	334	335	5	0.057	-3	6.33333333333333
244	336	337	2	0.3175	-3	5.83333333333333
245	338	339	8	0.99486	-3	6.66666666666667
246	340	341	5	0.059	-3	6
247	0	0	0	0	-1	7
248	342	343	5	0.065	-3	5.17391304347826
249	344	345	1	5.5	-3	5.83333333333333
250	0	0	0	0	-1	6
251	0	0	0	0	-1	7
252	0	0	0	0	-1	6
253	346	347	5	0.0535	-3	5.6
254	348	349	7	37	-3	5.6875
255	0	0	0	0	-1	5
256	350	351	11	9.5	-3	5.96551724137931
257	0	0	0	0	-1	5
258	0	0	0	0	-1	5
259	0	0	0	0	-1	5
260	352	353	2	0.57	-3	6
261	0	0	0	0	-1	6
262	354	355	5	0.053	-3	6.96774193548387
263	0	0	0	0	-1	6
264	356	357	3	0.505	-3	5
265	0	0	0	0	-1	4
266	358	359	7	19.5	-3	5.16666666666667
267	360	361	6	21.5	-3	5.83333333333333
268	0	0	0	0	-1	8
269	362	363	11	10.35	-3	6
270	364	365	3	0.345	-3	7
271	366	367	5	0.058	-3	6.36363636363636
272	368	369	11	9.6	-3	6.05
273	370	371	9	3.08	-3	5.22222222222222
274	372	373	11	9.75	-3	6.45652173913044
275	0	0	0	0	-1	5
276	0	0	0	0	-1	5
277	0	0	0	0	-1	6.33333333333333
278	0	0	0	0	-1	5
279	374	375	6	12.5	-3	5.14285714285714
280	376	377	4	1.75	-3	5.39344262295082
281	378	379	10	0.465	-3	5.76744186046512
282	380	381	7	59	-3	5.08695652173913
283	0	0	0	0	-1	6
284	0	0	0	0	-1	7
285	382	383	8	0.995875	-3	5.94736842105263
286	384	385	9	3.29	-3	5.97752808988764
287	0	0	0	0	-1	7
288	0	0	0	0	-1	4.5
289	0	0	0	0	-1	6
290	0	0	0	0	-1	6
291	0	0	0	0	-1	5
292	0	0	0	0	-1	5
293	0	0	0	0	-1	5
294	386	387	8	0	-3	5
295	388	389	9	3.28	-3	5
296	0	0	0	0	-1	5
297	0	0	0	0	-1	6
298	0	0	0	0	-1	5.75
299	390	391	10	0.705	-3	4.92307692307692
300	0	0	0	0	-1	8
301	392	393	11	0.053	-3	5
302	0	0	0	0	-1	5
303	394	395	2	0.7925	-3	4.25
304	0	0	0	0	-1	5
305	0	0	0	0	-1	5
306	0	0	0	0	-1	3
307	0	0	0	0	-1	3.66666666666667
308	396	397	6	37.5	-3	5.140625
309	0	0	0	0	-1	6
310	398	399	5	14.5	-3	5
311	400	401	10	0.51	-3	5
312	402	403	6	41	-3	5.9
313	0	0	0	0	-1	5
314	404	405	8	0	-3	5
315	0	0	0	0	-1	5
316	0	0	0	0	-1	4
317	406	407	8	0.99658	-3	5
318	0	0	0	0	-1	5
319	0	0	0	0	-1	5
320	0	0	0	0	-1	6
321	408	409	7	11.5	-3	5.16666666666667
322	410	411	11	9.15	-3	5.01960784313726
323	412	413	6	10.5	-3	5.21768707482993
324	414	415	10	0.625	-3	6
325	0	0	0	0	-1	5
326	0	0	0	0	-1	4
327	416	417	3	0.13	-3	5.53333333333333
328	418	419	1	0.0735	-3	6
329	0	0	0	0	-1	7
330	420	421	10	0.66	-3	6.7
331	0	0	0	0	-1	6
332	0	0	0	0	-1	7
333	0	0	0	0	-1	7
334	0	0	0	0	-1	7
335	0	0	0	0	-1	6
336	0	0	0	0	-1	6
337	0	0	0	0	-1	5
338	0	0	0	0	-1	7
339	0	0	0	0	-1	6.33333333333333
340	0	0	0	0	-1	6
341	0	0	0	0	-1	6
342	422	423	9	3.52	-3	5.38461538461539
343	424	425	6	6.5	-3	4.9
344	0	0	0	0	-1	6
345	0	0	0	0	-1	5
346	0	0	0	0	-1	6
347	426	427	3	0.045	-3	5.42857142857143
348	428	429	10	0.57	-3	5.55
349	430	431	5	0.063	-3	5.91666666666667
350	0	0	0	0	-1	5
351	432	433	4	1.6	-3	6
352	0	0	0	0	-1	6
353	0	0	0	0	-1	6
354	0	0	0	0	-1	6.66666666666667
355	434	435	6	33.5	-3	7
356	436	437	7	141	-3	5
357	438	439	9	0	-3	5
358	0	0	0	0	-1	6
359	440	441	11	9.9	-3	5.09090909090909
360	0	0	0	0	-1	6
361	0	0	0	0	-1	5
362	442	443	9	3.18	-3	5.63636363636364
363	0	0	0	0	-1	6.8
364	0	0	0	0	-1	6
365	444	445	7	28.5	-3	7.11111111111111
366	0	0	0	0	-1	7
367	446	447	10	0.835	-3	6.125
368	448	449	9	3.165	-3	5.66666666666667
369	450	451	11	9.85	-3	6.16129032258065
370	0	0	0	0	-1	5.66666666666667
371	452	453	7	27	-3	5
372	0	0	0	0	-1	5.5
373	454	455	9	3.145	-3	6.54761904761905
374	0	0	0	0	-1	5.33333333333333
375	0	0	0	0	-1	5
376	0	0	0	0	-1	6
377	456	457	10	0.555	-3	5.33928571428571
378	0	0	0	0	-1	5
379	458	459	10	0.645	-3	5.825
380	460	461	3	0.27	-3	5.04545454545455
381	0	0	0	0	-1	6
382	462	463	11	11.3	-3	5.83333333333333
383	464	465	4	3.45	-3	6
384	466	467	10	0.845	-3	5.61904761904762
385	468	469	6	13	-3	6.08823529411765
386	0	0	0	0	-1	5
387	470	471	5	0.085	-3	5
388	0	0	0	0	-1	5
389	472	473	11	0	-3	5
390	0	0	0	0	-1	4.66666666666667
391	474	475	8	0.99785	-3	5
392	0	0	0	0	-1	5
393	0	0	0	0	-1	5
394	476	477	7	0.06	-3	4
395	0	0	0	0	-1	5
396	478	479	2	0.7375	-3	5.12698412698413
397	0	0	0	0	-1	6
398	0	0	0	0	-1	5
399	0	0	0	0	-1	5
400	0	0	0	0	-1	5
401	480	481	11	9.65	-3	5
402	0	0	0	0	-1	6
403	0	0	0	0	-1	5
404	0	0	0	0	-1	6
405	0	0	0	0	-1	5
406	482	483	2	10.5	-3	5
407	0	0	0	0	-1	5
408	0	0	0	0	-1	5
409	0	0	0	0	-1	5.33333333333333
410	0	0	0	0	-1	5.5
411	484	485	10	0.6	-3	4.97872340425532
412	486	487	8	0.996685	-3	5.42222222222222
413	488	489	2	0.855	-3	5.12745098039216
414	0	0	0	0	-1	6
415	0	0	0	0	-1	6
416	490	491	2	1.0025	-3	5.68421052631579
417	492	493	5	0.126	-3	5.37837837837838
418	0	0	0	0	-1	6
419	0	0	0	0	-1	6
420	0	0	0	0	-1	6
421	494	495	9	3.355	-3	7
422	496	497	1	6.25	-3	5.71428571428571
423	0	0	0	0	-1	5
424	0	0	0	0	-1	4.5
425	498	499	8	0.993655	-3	5
426	0	0	0	0	-1	6
427	0	0	0	0	-1	5
428	0	0	0	0	-1	4.75
429	500	501	6	17.5	-3	5.75
430	0	0	0	0	-1	5.8
431	502	503	4	6.6	-3	6
432	0	0	0	0	-1	5
433	504	505	7	15	-3	6.03703703703704
434	506	507	7	13	-3	7.03703703703704
435	0	0	0	0	-1	6
436	508	509	11	0.0865	-3	5
437	0	0	0	0	-1	5
438	0	0	0	0	-1	5
439	510	511	10	0.5	-3	5
440	0	0	0	0	-1	5.33333333333333
441	512	513	4	1.9	-3	5
442	514	515	1	12.5	-3	6
443	0	0	0	0	-1	5
444	516	517	11	0	-3	7
445	0	0	0	0	-1	7.4
446	518	519	7	32.5	-3	6
447	520	521	3	0.5	-3	6.33333333333333
448	0	0	0	0	-1	6
449	0	0	0	0	-1	5.25
450	522	523	7	47	-3	6.66666666666667
451	524	525	3	0.16	-3	6.04
452	0	0	0	0	-1	5
453	0	0	0	0	-1	5
454	526	527	6	20.5	-3	6.31578947368421
455	528	529	5	0.1185	-3	6.73913043478261
456	530	531	6	24	-3	5.12
457	532	533	5	0.0745	-3	5.51612903225806
458	534	535	11	9.3	-3	5.79487179487179
459	0	0	0	0	-1	7
460	0	0	0	0	-1	4
461	536	537	8	0.99865	-3	5.09523809523809
462	0	0	0	0	-1	5
463	0	0	0	0	-1	6
464	0	0	0	0	-1	6
465	0	0	0	0	-1	6
466	538	539	3	0.48	-3	5.3
467	540	541	6	24	-3	5.90909090909091
468	542	543	3	0.505	-3	5.97435897435897
469	544	545	4	3.3	-3	6.24137931034483
470	0	0	0	0	-1	5
471	0	0	0	0	-1	5
472	0	0	0	0	-1	6
473	0	0	0	0	-1	5
474	0	0	0	0	-1	5
475	0	0	0	0	-1	5
476	0	0	0	0	-1	6
477	0	0	0	0	-1	4
478	546	547	8	0.99669	-3	5.08333333333333
479	0	0	0	0	-1	6
480	548	549	4	0	-3	5
481	0	0	0	0	-1	5
482	0	0	0	0	-1	5
483	0	0	0	0	-1	5
484	550	551	7	61.5	-3	4.85714285714286
485	552	553	9	3.01	-3	5.03030303030303
486	554	555	3	0.08	-3	5
487	556	557	8	0.997275	-3	5.6551724137931
488	558	559	5	0.0805	-3	5.15625
489	560	561	5	0.104	-3	4.66666666666667
490	562	563	6	5.5	-3	5.72972972972973
491	0	0	0	0	-1	4
492	564	565	7	71	-3	5.33333333333333
493	0	0	0	0	-1	6
494	0	0	0	0	-1	7
495	0	0	0	0	-1	7
496	0	0	0	0	-1	6
497	0	0	0	0	-1	5
498	0	0	0	0	-1	5
499	566	567	5	0	-3	5
500	568	569	11	9.65	-3	5.92307692307692
501	0	0	0	0	-1	5
502	0	0	0	0	-1	6
503	0	0	0	0	-1	6
504	0	0	0	0	-1	6.5
505	570	571	4	0	-3	6
506	0	0	0	0	-1	7.5
507	572	573	1	0	-3	7
508	0	0	0	0	-1	5
509	574	575	7	82.5	-3	5
510	0	0	0	0	-1	5
511	0	0	0	0	-1	5
512	0	0	0	0	-1	5
513	576	577	10	0	-3	5
514	0	0	0	0	-1	6
515	0	0	0	0	-1	6
516	0	0	0	0	-1	6
517	578	579	10	0.975	-3	7
518	0	0	0	0	-1	6
519	0	0	0	0	-1	6
520	0	0	0	0	-1	7
521	0	0	0	0	-1	6
522	0	0	0	0	-1	7
523	0	0	0	0	-1	6
524	0	0	0	0	-1	5.5
525	580	581	7	47	-3	6.14285714285714
526	582	583	2	0.505	-3	6.15384615384615
527	584	585	6	24	-3	6.66666666666667
528	586	587	1	12.3	-3	6.89473684210526
529	0	0	0	0	-1	6
530	588	589	8	0.9956	-3	5.16666666666667
531	0	0	0	0	-1	4
532	590	591	4	2.8	-3	5.81818181818182
533	592	593	11	10.45	-3	5.35
534	594	595	2	0.365	-3	5.45454545454545
535	596	597	5	0.103	-3	5.92857142857143
536	598	599	2	0.47	-3	5.05
537	0	0	0	0	-1	6
538	0	0	0	0	-1	5.6
539	0	0	0	0	-1	5
540	0	0	0	0	-1	6
541	0	0	0	0	-1	5
542	600	601	1	8.8	-3	6.02777777777778
543	0	0	0	0	-1	5.33333333333333
544	602	603	6	20.5	-3	6.17857142857143
545	0	0	0	0	-1	8
546	604	605	6	27.5	-3	5
547	606	607	1	7.5	-3	5.18518518518519
548	0	0	0	0	-1	6
549	608	609	1	7.4	-3	5
550	610	611	11	9.65	-3	5
551	0	0	0	0	-1	4.5
552	0	0	0	0	-1	5.25
553	612	613	10	0.85	-3	5
554	614	615	10	0.765	-3	5
555	616	617	3	0	-3	5
556	618	619	1	6.6	-3	6
557	620	621	3	0.255	-3	5.23076923076923
558	622	623	4	3.75	-3	5.05660377358491
559	624	625	2	0.62	-3	5.27906976744186
560	0	0	0	0	-1	4.33333333333333
561	0	0	0	0	-1	5
562	0	0	0	0	-1	4
563	626	627	1	6.85	-3	5.75342465753425
564	628	629	9	3.085	-3	5.44
565	630	631	9	3.27	-3	5.05263157894737
566	0	0	0	0	-1	6
567	632	633	1	0	-3	5
568	0	0	0	0	-1	5.5
569	634	635	1	6.45	-3	6
570	0	0	0	0	-1	6
571	636	637	3	0.005	-3	6
572	0	0	0	0	-1	4
573	0	0	0	0	-1	7
574	0	0	0	0	-1	5
575	638	639	11	0	-3	5
576	0	0	0	0	-1	5
577	640	641	9	3.095	-3	5
578	642	643	3	0	-3	7
579	0	0	0	0	-1	7
580	644	645	4	2.6	-3	6.05882352941176
581	0	0	0	0	-1	6.5
582	646	647	4	2.05	-3	6
583	0	0	0	0	-1	7
584	0	0	0	0	-1	7
585	0	0	0	0	-1	6
586	648	649	11	11.25	-3	6.94444444444444
587	0	0	0	0	-1	6
588	0	0	0	0	-1	6
589	650	651	10	0.5	-3	5.1304347826087
590	652	653	2	0.355	-3	5.9
591	0	0	0	0	-1	5
592	654	655	2	0.505	-3	5.27777777777778
593	0	0	0	0	-1	6
594	0	0	0	0	-1	6
595	656	657	7	38	-3	5.14285714285714
596	658	659	1	7.7	-3	5.96296296296296
597	0	0	0	0	-1	5
598	660	661	11	9.65	-3	5
599	0	0	0	0	-1	6
600	662	663	10	0.695	-3	6.21428571428571
601	664	665	11	9.75	-3	5.90909090909091
602	666	667	2	0.305	-3	6.54545454545454
603	668	669	9	3.415	-3	5.94117647058824
604	670	671	7	46.5	-3	5
605	0	0	0	0	-1	5
606	672	673	2	0.605	-3	5
607	674	675	1	7.75	-3	5.41666666666667
608	0	0	0	0	-1	5
609	0	0	0	0	-1	5
610	676	677	7	26.5	-3	5
611	0	0	0	0	-1	5
612	678	679	1	99	-3	5
613	680	681	4	9.25	-3	5
614	682	683	4	0	-3	5
615	0	0	0	0	-1	5
616	0	0	0	0	-1	4
617	684	685	1	7.65	-3	5
618	0	0	0	0	-1	5
619	686	687	8	0.996825	-3	6.06666666666667
620	688	689	3	0.045	-3	5.1
621	0	0	0	0	-1	5.66666666666667
622	690	691	9	3.235	-3	5.03846153846154
623	0	0	0	0	-1	6
624	692	693	10	0.635	-3	5.47058823529412
625	694	695	4	1.95	-3	5.15384615384615
626	696	697	2	0.7475	-3	5.27272727272727
627	698	699	4	2.55	-3	5.96078431372549
628	700	701	5	0.068	-3	5
629	702	703	4	2.65	-3	5.52380952380952
630	0	0	0	0	-1	5.33333333333333
631	704	705	2	0.55	-3	5
632	0	0	0	0	-1	5
633	0	0	0	0	-1	5
634	0	0	0	0	-1	6
635	0	0	0	0	-1	6
636	0	0	0	0	-1	6
637	706	707	3	0.015	-3	6
638	0	0	0	0	-1	5
639	0	0	0	0	-1	5
640	0	0	0	0	-1	5
641	0	0	0	0	-1	5
642	0	0	0	0	-1	5
643	708	709	8	0.997375	-3	7
644	710	711	7	33	-3	6
645	0	0	0	0	-1	6.2
646	0	0	0	0	-1	5
647	712	713	8	0.99688	-3	6.1
648	714	715	6	8.5	-3	6.875
649	716	717	11	11.65	-3	7
650	0	0	0	0	-1	5
651	718	719	2	0.47	-3	5.33333333333333
652	0	0	0	0	-1	5
653	720	721	2	0.46	-3	6
654	722	723	1	6.35	-3	5.1875
655	0	0	0	0	-1	6
656	0	0	0	0	-1	6
657	724	725	4	1.8	-3	5
658	726	727	7	34	-3	6
659	728	729	11	10.35	-3	5.90909090909091
660	0	0	0	0	-1	5
661	0	0	0	0	-1	5
662	0	0	0	0	-1	7
663	730	731	11	10.55	-3	6.08333333333333
664	0	0	0	0	-1	5
665	732	733	8	0.99643	-3	5.95238095238095
666	734	735	3	0.415	-3	6.28571428571429
667	0	0	0	0	-1	7
668	736	737	10	0.8	-3	6
669	0	0	0	0	-1	5.5
670	738	739	6	0	-3	5
671	740	741	6	0.996275	-3	5
672	0	0	0	0	-1	5
673	742	743	6	0	-3	5
674	0	0	0	0	-1	6
675	744	745	2	0.645	-3	5.3
676	0	0	0	0	-1	5
677	746	747	10	0	-3	5
678	748	749	2	0	-3	5
679	0	0	0	0	-1	5
680	750	751	4	3.85	-3	5
681	0	0	0	0	-1	5
682	0	0	0	0	-1	6
683	752	753	7	22.5	-3	5
684	0	0	0	0	-1	5
685	0	0	0	0	-1	5
686	0	0	0	0	-1	6.2
687	754	755	4	2.2	-3	6
688	0	0	0	0	-1	6
689	0	0	0	0	-1	5
690	0	0	0	0	-1	6
691	756	757	7	87	-3	5.01960784313726
692	758	759	1	7.45	-3	5.33333333333333
693	0	0	0	0	-1	5.8
694	760	761	5	0.0925	-3	5.42857142857143
695	762	763	6	12	-3	5.05263157894737
696	764	765	11	10.1	-3	5.15789473684211
697	0	0	0	0	-1	6
698	766	767	3	0.09	-3	6.05714285714286
699	768	769	2	0.7925	-3	5.75
700	0	0	0	0	-1	5
701	0	0	0	0	-1	5
702	770	771	1	9.8	-3	5.44117647058824
703	772	773	6	7.5	-3	5.875
704	0	0	0	0	-1	5
705	0	0	0	0	-1	5
706	0	0	0	0	-1	6
707	774	775	2	0.53	-3	6
708	0	0	0	0	-1	7
709	0	0	0	0	-1	7
710	776	777	5	0.0725	-3	6.09090909090909
711	0	0	0	0	-1	5
712	0	0	0	0	-1	7
713	0	0	0	0	-1	6
714	0	0	0	0	-1	6
715	778	779	1	11.95	-3	7
716	0	0	0	0	-1	7
717	780	781	1	10.35	-3	7
718	0	0	0	0	-1	5.6
719	0	0	0	0	-1	5
720	0	0	0	0	-1	6
721	0	0	0	0	-1	6
722	0	0	0	0	-1	6
723	782	783	4	2.25	-3	5.13333333333333
724	0	0	0	0	-1	5
725	0	0	0	0	-1	5
726	0	0	0	0	-1	6
727	784	785	1	7.1	-3	6
728	0	0	0	0	-1	5.66666666666667
729	786	787	1	8	-3	6
730	788	789	5	0.505	-3	6
731	0	0	0	0	-1	6.33333333333333
732	0	0	0	0	-1	5
733	0	0	0	0	-1	6
734	0	0	0	0	-1	7
735	0	0	0	0	-1	6
736	790	791	4	2.35	-3	6
737	0	0	0	0	-1	6
738	0	0	0	0	-1	6
739	792	793	10	0.43	-3	5
740	0	0	0	0	-1	5
741	794	795	10	0	-3	5
742	0	0	0	0	-1	6
743	796	797	4	2.05	-3	5
744	798	799	6	7.5	-3	5.14285714285714
745	0	0	0	0	-1	5.66666666666667
746	0	0	0	0	-1	6
747	800	801	11	0	-3	5
748	0	0	0	0	-1	7
749	802	803	8	0.99615	-3	5
750	804	805	6	0	-3	5
751	0	0	0	0	-1	5
752	0	0	0	0	-1	5
753	0	0	0	0	-1	5
754	806	807	2	0.595	-3	6
755	0	0	0	0	-1	6
756	808	809	1	7.05	-3	5
757	810	811	3	0.035	-3	5.125
758	0	0	0	0	-1	6
759	812	813	9	3.245	-3	5
760	0	0	0	0	-1	5
761	0	0	0	0	-1	5.6
762	0	0	0	0	-1	6
763	814	815	1	8.2	-3	5
764	0	0	0	0	-1	6
765	816	817	8	0.99603	-3	5.05882352941176
766	818	819	10	0.565	-3	5.96296296296296
767	820	821	5	0.0795	-3	6.375
768	822	823	7	31.5	-3	5.84615384615385
769	0	0	0	0	-1	5.33333333333333
770	824	825	4	2.15	-3	5.24
771	826	827	11	10.3	-3	6
772	0	0	0	0	-1	5
773	828	829	5	2.75	-3	6
774	830	831	5	0.0775	-3	6
775	0	0	0	0	-1	6
776	0	0	0	0	-1	6.25
777	832	833	5	0.0815	-3	6
778	0	0	0	0	-1	7
779	0	0	0	0	-1	7
780	0	0	0	0	-1	7
781	0	0	0	0	-1	7
782	834	835	6	14.5	-3	5
783	0	0	0	0	-1	5.4
784	0	0	0	0	-1	6
785	836	837	1	7.4	-3	6
786	0	0	0	0	-1	6
787	0	0	0	0	-1	6
788	838	839	4	0.355	-3	6
789	0	0	0	0	-1	6
790	0	0	0	0	-1	6
791	840	841	2	0.41	-3	6
792	0	0	0	0	-1	5
793	842	843	2	0	-3	5
794	0	0	0	0	-1	7
795	844	845	1	7.15	-3	5
796	0	0	0	0	-1	5
797	0	0	0	0	-1	5
798	0	0	0	0	-1	6
799	846	847	2	0.555	-3	5
800	0	0	0	0	-1	5
801	0	0	0	0	-1	5
802	0	0	0	0	-1	5
803	0	0	0	0	-1	5
804	0	0	0	0	-1	6
805	848	849	7	49	-3	5
806	0	0	0	0	-1	6
807	0	0	0	0	-1	6
808	850	851	2	0.645	-3	5
809	852	853	8	39	-3	5
810	0	0	0	0	-1	6
811	854	855	9	0	-3	5
812	0	0	0	0	-1	5
813	856	857	11	0	-3	5
814	0	0	0	0	-1	5
815	0	0	0	0	-1	5
816	0	0	0	0	-1	6
817	858	859	9	0.996245	-3	5
818	0	0	0	0	-1	7
819	860	861	8	0.997265	-3	5.92307692307692
820	0	0	0	0	-1	6
821	0	0	0	0	-1	7
822	0	0	0	0	-1	5.5
823	862	863	3	0.075	-3	6
824	864	865	3	0.205	-3	5.46153846153846
825	866	867	6	7	-3	5
826	868	869	6	12	-3	6
827	0	0	0	0	-1	6
828	870	871	10	0.6	-3	6
829	0	0	0	0	-1	6
830	0	0	0	0	-1	6
831	872	873	4	0	-3	6
832	0	0	0	0	-1	6
833	0	0	0	0	-1	6
834	0	0	0	0	-1	5
835	874	875	10	0	-3	5
836	0	0	0	0	-1	6
837	0	0	0	0	-1	6
838	0	0	0	0	-1	5
839	876	877	8	0.996985	-3	6
840	0	0	0	0	-1	6
841	0	0	0	0	-1	6
842	0	0	0	0	-1	7
843	878	879	2	0.57	-3	5
844	0	0	0	0	-1	5
845	880	881	10	0	-3	5
846	0	0	0	0	-1	5
847	0	0	0	0	-1	5
848	0	0	0	0	-1	5
849	0	0	0	0	-1	5
850	882	883	10	0	-3	5
851	0	0	0	0	-1	5
852	884	885	4	2.15	-3	5
853	0	0	0	0	-1	5
854	0	0	0	0	-1	5
855	886	887	10	0.56	-3	5
856	0	0	0	0	-1	4
857	888	889	5	0.0855	-3	5
858	0	0	0	0	-1	6
859	890	891	6	11	-3	5
860	892	893	7	27.5	-3	5.96
861	0	0	0	0	-1	5
862	0	0	0	0	-1	6
863	894	895	11	0.999025	-3	6
864	0	0	0	0	-1	5
865	896	897	7	30	-3	5.66666666666667
866	0	0	0	0	-1	5
867	898	899	7	0	-3	5
868	0	0	0	0	-1	6
869	0	0	0	0	-1	6
870	0	0	0	0	-1	6
871	0	0	0	0	-1	6
872	0	0	0	0	-1	6
873	900	901	11	10.35	-3	6
874	0	0	0	0	-1	5
875	902	903	4	6.85	-3	5
876	0	0	0	0	-1	6
877	0	0	0	0	-1	6
878	0	0	0	0	-1	5
879	0	0	0	0	-1	5
880	0	0	0	0	-1	6
881	904	905	2	0.996125	-3	5
882	0	0	0	0	-1	6
883	906	907	10	0.615	-3	5
884	0	0	0	0	-1	5
885	908	909	8	0	-3	5
886	0	0	0	0	-1	5
887	0	0	0	0	-1	5
888	0	0	0	0	-1	5
889	0	0	0	0	-1	5
890	910	911	11	0	-3	5
891	912	913	4	2.8	-3	5
892	914	915	7	25	-3	5.875
893	916	917	11	10.9833333333334	-3	6
894	0	0	0	0	-1	5
895	0	0	0	0	-1	6
896	0	0	0	0	-1	5.25
897	0	0	0	0	-1	6
898	0	0	0	0	-1	6
899	0	0	0	0	-1	5
900	0	0	0	0	-1	6
901	918	919	3	0.075	-3	6
902	0	0	0	0	-1	5
903	0	0	0	0	-1	5
904	920	921	5	0.071	-3	5
905	0	0	0	0	-1	5
906	0	0	0	0	-1	5
907	0	0	0	0	-1	5
908	0	0	0	0	-1	4
909	922	923	7	34	-3	5
910	0	0	0	0	-1	5
911	924	925	2	0	-3	5
912	0	0	0	0	-1	5
913	926	927	5	4.3	-3	5
914	928	929	6	0	-3	6
915	0	0	0	0	-1	5
916	930	931	4	2.45	-3	6
917	0	0	0	0	-1	6
918	0	0	0	0	-1	6
919	0	0	0	0	-1	6
920	0	0	0	0	-1	5
921	932	933	1	7.7	-3	5
922	0	0	0	0	-1	5
923	934	935	7	64	-3	5
924	0	0	0	0	-1	5
925	0	0	0	0	-1	5
926	0	0	0	0	-1	5
927	0	0	0	0	-1	5
928	0	0	0	0	-1	5
929	936	937	8	0.99561	-3	6
930	938	939	1	8.25	-3	6
931	0	0	0	0	-1	6
932	940	941	2	0	-3	5
933	0	0	0	0	-1	5
934	942	943	8	0	-3	5
935	944	945	2	0	-3	5
936	0	0	0	0	-1	6
937	0	0	0	0	-1	6
938	946	947	2	44	-3	6
939	0	0	0	0	-1	6
940	0	0	0	0	-1	7
941	948	949	2	0	-3	5
942	0	0	0	0	-1	6
943	0	0	0	0	-1	5
944	0	0	0	0	-1	6
945	950	951	9	3.515	-3	5
946	0	0	0	0	-1	6
947	0	0	0	0	-1	6
948	0	0	0	0	-1	7
949	0	0	0	0	-1	5
950	0	0	0	0	-1	5
951	0	0	0	0	-1	5
