1	2	3	7	109.5	-3	5.64227642276423
2	4	5	11	11.55	-3	5.67483443708609
3	6	7	5	0.0515	-3	5.08988764044944
4	8	9	1	10.35	-3	5.53677621283255
5	10	11	10	0.635	-3	6.4353448275862
6	0	0	0	0	-1	6.33333333333333
7	12	13	6	8.5	-3	5.04651162790698
8	14	15	5	0.0665	-3	5.47026022304832
9	16	17	2	0.365	-3	5.89108910891089
10	18	19	3	0.295	-3	6.00990099009901
11	20	21	1	12.95	-3	6.76335877862595
12	0	0	0	0	-1	4
13	22	23	10	1.785	-3	5.05882352941177
14	24	25	6	3.5	-3	5.89080459770115
15	26	27	10	0.575	-3	5.38913525498891
16	28	29	3	0.685	-3	6.25333333333333
17	30	31	5	0.1855	-3	5.67716535433071
18	32	33	7	27.5	-3	5.79365079365079
19	34	35	2	0.42	-3	6.36842105263158
20	36	37	10	0.795	-3	6.79527559055118
21	0	0	0	0	-1	5.75
22	38	39	8	0.99379	-3	5.02469135802469
23	0	0	0	0	-1	5.75
24	40	41	7	10.5	-3	7.25
25	42	43	11	9.95	-3	5.82530120481928
26	44	45	6	7.5	-3	5.14127423822714
27	46	47	8	0.995675	-3	5.55452865064695
28	48	49	10	0.635	-3	6.15942028985507
29	50	51	1	12.7	-3	7.33333333333333
30	52	53	4	2.75	-3	5.6984126984127
31	0	0	0	0	-1	3
32	54	55	3	0.11	-3	5.46153846153846
33	56	57	2	0.8175	-3	6.02702702702703
34	58	59	8	0.99434	-3	6.26666666666667
35	60	61	9	3.14	-3	6.75
36	62	63	10	0.775	-3	6.62337662337662
37	64	65	10	0.83	-3	7.06
38	0	0	0	0	-1	6
39	66	67	11	10.25	-3	5.0125
40	0	0	0	0	-1	6
41	68	69	9	3.325	-3	7.66666666666667
42	70	71	8	0.996605	-3	5.25
43	72	73	2	0.66	-3	6.05932203389831
44	74	75	9	3.375	-3	4.93684210526316
45	76	77	2	0.8075	-3	5.21428571428571
46	78	79	1	8.95	-3	5.9493670886076
47	80	81	3	0.025	-3	5.48701298701299
48	82	83	8	0.9984	-3	5.44444444444444
49	84	85	8	0.99722	-3	6.26666666666667
50	0	0	0	0	-1	8
51	0	0	0	0	-1	6.66666666666667
52	86	87	3	0.655	-3	5.52941176470588
53	88	89	10	0.625	-3	6.04878048780488
54	90	91	3	0.03	-3	5.23529411764706
55	92	93	11	11.8	-3	5.88888888888889
56	94	95	5	0.056	-3	5.96969696969697
57	0	0	0	0	-1	6.5
58	96	97	5	0.058	-3	6.58333333333333
59	98	99	4	4.8	-3	6.05555555555556
60	0	0	0	0	-1	6
61	100	101	11	12.15	-3	6.85714285714286
62	102	103	11	11.95	-3	6.75806451612903
63	104	105	5	0.07	-3	6.06666666666667
64	106	107	7	14	-3	7.33333333333333
65	108	109	5	0.161	-3	6.94285714285714
66	110	111	11	9.45	-3	5
67	112	113	11	10.4	-3	5.07692307692308
68	0	0	0	0	-1	8
69	0	0	0	0	-1	7
70	114	115	10	0.505	-3	5.03030303030303
71	116	117	7	48.5	-3	5.73333333333333
72	118	119	8	0.99413	-3	6.17708333333333
73	120	121	6	6.5	-3	5.54545454545455
74	122	123	8	0.998625	-3	5.13333333333333
75	124	125	2	0.855	-3	4.6
76	126	127	7	19.5	-3	5.2827868852459
77	128	129	1	7.05	-3	4.45454545454546
78	130	131	7	13.5	-3	5.92207792207792
79	0	0	0	0	-1	7
80	132	133	8	0.999975	-3	5.10909090909091
81	134	135	10	0.685	-3	5.53808353808354
82	0	0	0	0	-1	6
83	0	0	0	0	-1	5
84	136	137	1	10.5	-3	6.92857142857143
85	138	139	7	18.5	-3	6.06521739130435
86	140	141	11	10.45	-3	5.5679012345679
87	0	0	0	0	-1	4.75
88	142	143	2	0.445	-3	5.54545454545455
89	144	145	4	5	-3	6.23333333333333
90	0	0	0	0	-1	6
91	146	147	9	3.62	-3	5.07142857142857
92	0	0	0	0	-1	5
93	148	149	8	0.99505	-3	6
94	0	0	0	0	-1	6.25
95	150	151	3	0.005	-3	5.93103448275862
96	0	0	0	0	-1	6
97	152	153	9	3.215	-3	6.77777777777778
98	0	0	0	0	-1	6
99	0	0	0	0	-1	7
100	0	0	0	0	-1	7
101	0	0	0	0	-1	6
102	154	155	7	30.5	-3	6.43333333333333
103	156	157	1	6.6	-3	7.0625
104	158	159	1	7.45	-3	6
105	0	0	0	0	-1	6.25
106	0	0	0	0	-1	8
107	160	161	1	6.15	-3	7.16666666666667
108	162	163	4	2.05	-3	6.97058823529412
109	0	0	0	0	-1	6
110	164	165	7	120	-3	5
111	166	167	5	0.0795	-3	5
112	0	0	0	0	-1	6
113	168	169	1	7.05	-3	5
114	0	0	0	0	-1	4.6
115	170	171	2	0.54	-3	5.10714285714286
116	172	173	8	0.997025	-3	6.08333333333333
117	0	0	0	0	-1	4.33333333333333
118	174	175	8	0.99399	-3	5.6875
119	176	177	9	3.495	-3	6.275
120	0	0	0	0	-1	4.75
121	178	179	9	3.39	-3	5.72222222222222
122	180	181	1	8.55	-3	5.09090909090909
123	0	0	0	0	-1	5.6
124	182	183	8	0.99704	-3	4.875
125	184	185	4	4.575	-3	4
126	186	187	4	1.65	-3	6
127	188	189	3	0.005	-3	5.24242424242424
128	190	191	6	15.5	-3	4.1
129	192	193	7	59.5	-3	4.75
130	0	0	0	0	-1	4.6
131	194	195	5	0.0675	-3	6.01388888888889
132	196	197	4	1.35	-3	5.19607843137255
133	0	0	0	0	-1	4
134	198	199	8	0.9995	-3	5.40909090909091
135	200	201	6	4.5	-3	5.72727272727273
136	0	0	0	0	-1	6
137	202	203	7	18	-3	7.18181818181818
138	204	205	7	16.5	-3	5.61538461538461
139	206	207	9	3.09	-3	6.24242424242424
140	208	209	4	2.45	-3	5.4
141	210	211	2	0.375	-3	5.92307692307692
142	0	0	0	0	-1	6
143	212	213	3	0.46	-3	5.28571428571429
144	214	215	3	0.645	-3	6.11538461538461
145	0	0	0	0	-1	7
146	216	217	8	0.99272	-3	5
147	0	0	0	0	-1	6
148	218	219	5	0.0645	-3	6
149	0	0	0	0	-1	6
150	220	221	5	0.0635	-3	5.66666666666667
151	222	223	1	4.95	-3	6
152	0	0	0	0	-1	6
153	224	225	6	5	-3	7
154	226	227	1	10.55	-3	6.8125
155	228	229	10	0.725	-3	6
156	0	0	0	0	-1	6.6
157	230	231	2	0.485	-3	7.14814814814815
158	0	0	0	0	-1	6
159	0	0	0	0	-1	6
160	0	0	0	0	-1	8
161	0	0	0	0	-1	7
162	232	233	6	28	-3	6.81818181818182
163	234	235	11	11.85	-3	7.04347826086957
164	236	237	5	0.1925	-3	5
165	238	239	6	24.5	-3	5
166	240	241	7	0	-3	5
167	242	243	8	0.99725	-3	5
168	0	0	0	0	-1	5
169	244	245	5	0.0805	-3	5
170	246	247	6	13.5	-3	5.27272727272727
171	248	249	9	3.415	-3	5
172	250	251	8	0.99675	-3	6.22222222222222
173	0	0	0	0	-1	5.66666666666667
174	252	253	1	8.95	-3	6.1
175	254	255	2	0	-3	5
176	256	257	8	0.99515	-3	6.35211267605634
177	258	259	10	0.67	-3	5.66666666666667
178	260	261	6	22	-3	5.33333333333333
179	262	263	8	0.993485	-3	5.91666666666667
180	264	265	5	0.11	-3	5.22857142857143
181	266	267	9	3.27	-3	4.85
182	268	269	7	10	-3	5.05263157894737
183	0	0	0	0	-1	4.2
184	270	271	7	11.5	-3	4.22222222222222
185	0	0	0	0	-1	3
186	0	0	0	0	-1	5
187	272	273	4	2.7	-3	6.3
188	274	275	7	26.5	-3	4.8695652173913
189	276	277	2	0.3025	-3	5.28365384615385
190	0	0	0	0	-1	5
191	278	279	2	0.8475	-3	3.875
192	0	0	0	0	-1	5
193	0	0	0	0	-1	4.4
194	0	0	0	0	-1	4
195	280	281	10	0.845	-3	6.04225352112676
196	0	0	0	0	-1	4
197	282	283	11	9.45	-3	5.27083333333333
198	284	285	11	11.05	-3	5.4410480349345
199	286	287	3	0.225	-3	4.84615384615385
200	288	289	1	8.35	-3	5.1
201	290	291	11	9.85	-3	5.76774193548387
202	0	0	0	0	-1	7.4
203	292	293	4	2	-3	7
204	0	0	0	0	-1	6
205	0	0	0	0	-1	5
206	0	0	0	0	-1	6.6
207	294	295	4	2.35	-3	6.17857142857143
208	296	297	7	16.5	-3	5.54054054054054
209	298	299	6	18.5	-3	5.11111111111111
210	0	0	0	0	-1	5
211	300	301	4	1.65	-3	6
212	0	0	0	0	-1	5.66666666666667
213	0	0	0	0	-1	5
214	302	303	4	4	-3	5.85
215	304	305	9	3.165	-3	7
216	0	0	0	0	-1	5
217	306	307	3	0.085	-3	5
218	0	0	0	0	-1	6
219	0	0	0	0	-1	6
220	0	0	0	0	-1	6
221	0	0	0	0	-1	5.5
222	0	0	0	0	-1	6
223	308	309	10	0.59	-3	6
224	0	0	0	0	-1	7
225	0	0	0	0	-1	7
226	310	311	7	12.5	-3	6.92857142857143
227	0	0	0	0	-1	6
228	312	313	9	3.395	-3	5.8
229	0	0	0	0	-1	6.5
230	314	315	3	0.605	-3	6.95
231	316	317	10	0.675	-3	7.71428571428571
232	318	319	1	9.4	-3	6.9
233	0	0	0	0	-1	6
234	0	0	0	0	-1	8
235	320	321	10	0.865	-3	7
236	0	0	0	0	-1	5
237	0	0	0	0	-1	5
238	0	0	0	0	-1	5
239	322	323	6	30.5	-3	5
240	0	0	0	0	-1	5
241	324	325	9	0	-3	5
242	326	327	10	0	-3	5
243	328	329	3	0.415	-3	5
244	330	331	5	0	-3	5
245	0	0	0	0	-1	5
246	332	333	11	9.7	-3	5
247	0	0	0	0	-1	6
248	334	335	7	51.5	-3	5
249	336	337	8	0	-3	5
250	0	0	0	0	-1	6
251	0	0	0	0	-1	6.5
252	338	339	4	1.75	-3	6.22222222222222
253	0	0	0	0	-1	5
254	0	0	0	0	-1	7
255	0	0	0	0	-1	5
256	340	341	6	20.5	-3	6.62068965517241
257	342	343	7	12.5	-3	6.16666666666667
258	0	0	0	0	-1	5
259	344	345	6	12.5	-3	5.85714285714286
260	0	0	0	0	-1	5
261	0	0	0	0	-1	6
262	0	0	0	0	-1	5
263	346	347	1	6.05	-3	6
264	348	349	3	0.295	-3	5.26470588235294
265	0	0	0	0	-1	4
266	350	351	8	0.99647	-3	5.07142857142857
267	352	353	7	13.5	-3	4.33333333333333
268	0	0	0	0	-1	6
269	354	355	11	0	-3	5
270	0	0	0	0	-1	3
271	356	357	7	17.5	-3	4.83333333333333
272	358	359	7	18.5	-3	6.66666666666667
273	0	0	0	0	-1	5.75
274	0	0	0	0	-1	4.4
275	0	0	0	0	-1	5
276	360	361	3	0.51	-3	5.83333333333333
277	362	363	4	3.95	-3	5.26732673267327
278	0	0	0	0	-1	3
279	0	0	0	0	-1	4
280	364	365	6	27.5	-3	6.01449275362319
281	0	0	0	0	-1	7
282	366	367	11	9.35	-3	5.66666666666667
283	368	369	1	7.45	-3	5.13888888888889
284	370	371	1	6.55	-3	5.41176470588235
285	372	373	10	0.67	-3	6.25
286	0	0	0	0	-1	4
287	374	375	4	4.25	-3	5.1
288	0	0	0	0	-1	6
289	376	377	3	0	-3	5
290	378	379	2	0.555	-3	5.53521126760563
291	380	381	7	11.5	-3	5.96428571428572
292	0	0	0	0	-1	7
293	0	0	0	0	-1	7
294	382	383	6	8	-3	6.5
295	384	385	3	0.57	-3	6
296	386	387	3	0.48	-3	5.26666666666667
297	388	389	10	0.53	-3	5.72727272727273
298	390	391	7	22	-3	5.0625
299	0	0	0	0	-1	5.5
300	0	0	0	0	-1	7
301	392	393	5	0.066	-3	5.95652173913043
302	394	395	8	0.999495	-3	6
303	0	0	0	0	-1	5
304	0	0	0	0	-1	7
305	0	0	0	0	-1	7
306	0	0	0	0	-1	5
307	396	397	3	0.095	-3	5
308	398	399	8	23	-3	6
309	400	401	11	11.85	-3	6
310	0	0	0	0	-1	7.5
311	402	403	1	7.55	-3	6.83333333333333
312	0	0	0	0	-1	6
313	0	0	0	0	-1	5
314	404	405	2	0.425	-3	7
315	0	0	0	0	-1	6
316	0	0	0	0	-1	7
317	0	0	0	0	-1	8
318	406	407	4	1.75	-3	7
319	0	0	0	0	-1	6
320	0	0	0	0	-1	7.25
321	408	409	9	3.475	-3	6.94444444444444
322	0	0	0	0	-1	5
323	0	0	0	0	-1	5
324	0	0	0	0	-1	6
325	410	411	3	0	-3	5
326	0	0	0	0	-1	6
327	412	413	8	0.0815	-3	5
328	0	0	0	0	-1	5
329	0	0	0	0	-1	5
330	0	0	0	0	-1	6
331	414	415	7	128.5	-3	5
332	0	0	0	0	-1	5
333	0	0	0	0	-1	5
334	416	417	5	0	-3	5
335	0	0	0	0	-1	5
336	0	0	0	0	-1	6
337	418	419	3	0.01	-3	5
338	0	0	0	0	-1	6.5
339	0	0	0	0	-1	6
340	420	421	7	57	-3	6.85714285714286
341	422	423	4	2.3	-3	6
342	0	0	0	0	-1	5
343	424	425	4	2.55	-3	6.225
344	0	0	0	0	-1	5
345	426	427	4	3.53	-3	6
346	0	0	0	0	-1	6
347	428	429	6	17	-3	6
348	430	431	10	0.565	-3	5.16666666666667
349	0	0	0	0	-1	6
350	0	0	0	0	-1	5.5
351	432	433	4	1.75	-3	5
352	0	0	0	0	-1	5
353	0	0	0	0	-1	4
354	0	0	0	0	-1	6
355	0	0	0	0	-1	5
356	0	0	0	0	-1	5
357	0	0	0	0	-1	4
358	0	0	0	0	-1	7
359	0	0	0	0	-1	6
360	0	0	0	0	-1	6
361	0	0	0	0	-1	5
362	434	435	9	3.175	-3	5.22994652406417
363	436	437	11	9.48333333333333	-3	5.73333333333333
364	438	439	8	0.995205	-3	6.12
365	440	441	4	2.05	-3	5.73684210526316
366	0	0	0	0	-1	5.4
367	442	443	10	0.62	-3	5.85714285714286
368	444	445	2	0.725	-3	5
369	446	447	10	0.585	-3	5.55555555555556
370	448	449	3	0.115	-3	4.8
371	450	451	3	0.315	-3	5.44075829383886
372	0	0	0	0	-1	6
373	0	0	0	0	-1	6.66666666666667
374	452	453	4	0	-3	5
375	0	0	0	0	-1	6
376	0	0	0	0	-1	6
377	0	0	0	0	-1	5
378	454	455	5	0.0825	-3	5.65217391304348
379	456	457	3	0.595	-3	5.32
380	0	0	0	0	-1	7
381	458	459	8	0.99685	-3	5.9125
382	0	0	0	0	-1	7
383	460	461	8	0.99895	-3	6.16666666666667
384	462	463	4	9.75	-3	5.94117647058824
385	0	0	0	0	-1	7
386	0	0	0	0	-1	5.75
387	464	465	4	2.25	-3	5.09090909090909
388	0	0	0	0	-1	5
389	466	467	7	49.5	-3	5.88888888888889
390	0	0	0	0	-1	5.25
391	468	469	10	0.625	-3	5
392	0	0	0	0	-1	5
393	0	0	0	0	-1	6
394	470	471	6	0	-3	6
395	472	473	3	0.077	-3	6
396	0	0	0	0	-1	5
397	0	0	0	0	-1	5
398	474	475	7	35	-3	6
399	0	0	0	0	-1	6
400	0	0	0	0	-1	6
401	476	477	8	0.615	-3	6
402	0	0	0	0	-1	6
403	478	479	8	0.99532	-3	6.90909090909091
404	480	481	4	1.9	-3	7.05555555555556
405	0	0	0	0	-1	6
406	0	0	0	0	-1	7
407	0	0	0	0	-1	7
408	482	483	9	3.39	-3	7
409	484	485	6	19	-3	6.83333333333333
410	0	0	0	0	-1	6
411	0	0	0	0	-1	5
412	0	0	0	0	-1	5
413	486	487	4	2.05	-3	5
414	0	0	0	0	-1	5
415	0	0	0	0	-1	5
416	0	0	0	0	-1	7
417	488	489	6	0	-3	5
418	0	0	0	0	-1	5
419	0	0	0	0	-1	5
420	490	491	6	4.5	-3	6.9
421	0	0	0	0	-1	6
422	492	493	6	0	-3	6
423	0	0	0	0	-1	6
424	494	495	8	0.99517	-3	6.09677419354839
425	496	497	10	0.84	-3	6.66666666666667
426	0	0	0	0	-1	6
427	0	0	0	0	-1	6
428	498	499	6	12	-3	6
429	0	0	0	0	-1	6
430	500	501	1	7.65	-3	5.13793103448276
431	0	0	0	0	-1	6
432	0	0	0	0	-1	5
433	502	503	9	10.05	-3	5
434	504	505	5	0.085	-3	5
435	506	507	1	9.95	-3	5.26708074534162
436	508	509	6	36.5	-3	5.42857142857143
437	510	511	3	0	-3	6
438	512	513	9	3.28	-3	6.22222222222222
439	514	515	7	43.5	-3	6
440	516	517	2	0.53	-3	5.16666666666667
441	518	519	10	0.61	-3	6
442	0	0	0	0	-1	5
443	520	521	5	0.083	-3	6
444	522	523	7	10.5	-3	5.08
445	0	0	0	0	-1	4
446	0	0	0	0	-1	5
447	524	525	11	10.75	-3	5.83333333333333
448	0	0	0	0	-1	4
449	526	527	2	0.077	-3	5
450	528	529	9	3.505	-3	5.50967741935484
451	530	531	5	0.1435	-3	5.25
452	0	0	0	0	-1	6
453	0	0	0	0	-1	5
454	532	533	1	7.4	-3	6
455	534	535	4	14.6	-3	5.44827586206897
456	536	537	9	3.37	-3	5.26086956521739
457	0	0	0	0	-1	6
458	538	539	11	11.15	-3	5.725
459	540	541	11	10.55	-3	6.1
460	0	0	0	0	-1	6
461	0	0	0	0	-1	7
462	0	0	0	0	-1	6
463	0	0	0	0	-1	5
464	542	543	10	0.435	-3	5
465	0	0	0	0	-1	6
466	544	545	9	3.03	-3	6.06666666666667
467	0	0	0	0	-1	5
468	0	0	0	0	-1	5
469	0	0	0	0	-1	5
470	0	0	0	0	-1	5
471	0	0	0	0	-1	6
472	0	0	0	0	-1	6
473	546	547	8	10.4	-3	6
474	0	0	0	0	-1	6
475	548	549	3	0.23	-3	6
476	0	0	0	0	-1	6
477	550	551	3	53	-3	6
478	0	0	0	0	-1	6
479	552	553	10	0.73	-3	7
480	0	0	0	0	-1	8
481	0	0	0	0	-1	7
482	554	555	9	3.28	-3	7
483	0	0	0	0	-1	7
484	0	0	0	0	-1	7
485	0	0	0	0	-1	6
486	556	557	6	0	-3	5
487	0	0	0	0	-1	5
488	0	0	0	0	-1	7
489	0	0	0	0	-1	5
490	0	0	0	0	-1	6.5
491	558	559	8	0.99506	-3	6.94444444444444
492	0	0	0	0	-1	6
493	0	0	0	0	-1	6
494	0	0	0	0	-1	5
495	560	561	3	0.51	-3	6.13333333333333
496	562	563	2	0.535	-3	7
497	0	0	0	0	-1	6
498	0	0	0	0	-1	6
499	0	0	0	0	-1	6
500	564	565	3	0.015	-3	4.95
501	566	567	2	0.6575	-3	5.55555555555556
502	568	569	2	0.6425	-3	5
503	0	0	0	0	-1	5
504	570	571	7	0	-3	5
505	572	573	5	0	-3	5
506	574	575	2	0.545	-3	5.24358974358974
507	0	0	0	0	-1	6
508	0	0	0	0	-1	5
509	0	0	0	0	-1	6
510	0	0	0	0	-1	7
511	576	577	6	26.5	-3	6
512	0	0	0	0	-1	8
513	578	579	8	0.99508	-3	6.15384615384615
514	580	581	3	0.405	-3	6
515	0	0	0	0	-1	6
516	0	0	0	0	-1	5.33333333333333
517	0	0	0	0	-1	5
518	0	0	0	0	-1	6
519	582	583	7	82.5	-3	6
520	0	0	0	0	-1	6
521	0	0	0	0	-1	6
522	0	0	0	0	-1	6
523	584	585	2	0.605	-3	5.04166666666667
524	0	0	0	0	-1	6
525	0	0	0	0	-1	5
526	0	0	0	0	-1	5
527	586	587	1	0	-3	5
528	588	589	4	1.65	-3	5.47945205479452
529	590	591	11	10.3	-3	6
530	592	593	3	0.345	-3	5.16326530612245
531	594	595	6	9	-3	5.85714285714286
532	596	597	9	0	-3	6
533	598	599	3	9.55	-3	6
534	600	601	1	8.55	-3	5.36
535	0	0	0	0	-1	6
536	602	603	10	1.585	-3	5.15
537	0	0	0	0	-1	6
538	604	605	1	7.9	-3	5.80555555555556
539	0	0	0	0	-1	5
540	606	607	5	0.0755	-3	5.86363636363636
541	608	609	6	11	-3	6.38888888888889
542	0	0	0	0	-1	5
543	0	0	0	0	-1	5
544	0	0	0	0	-1	7
545	610	611	8	0.99731	-3	6
546	612	613	10	2.9	-3	6
547	0	0	0	0	-1	6
548	614	615	9	0	-3	6
549	0	0	0	0	-1	6
550	616	617	4	3.45	-3	6
551	0	0	0	0	-1	6
552	618	619	11	11.75	-3	7
553	0	0	0	0	-1	7
554	0	0	0	0	-1	7
555	0	0	0	0	-1	7
556	0	0	0	0	-1	7
557	0	0	0	0	-1	5
558	620	621	7	0	-3	7
559	0	0	0	0	-1	6.8
560	622	623	10	0.805	-3	6.21428571428571
561	0	0	0	0	-1	5
562	0	0	0	0	-1	7
563	0	0	0	0	-1	7
564	0	0	0	0	-1	4
565	624	625	8	0.99661	-3	5
566	0	0	0	0	-1	6
567	0	0	0	0	-1	5
568	0	0	0	0	-1	5
569	0	0	0	0	-1	5
570	0	0	0	0	-1	5
571	626	627	1	8.85	-3	5
572	0	0	0	0	-1	6
573	628	629	10	0.55	-3	5
574	630	631	8	0.99622	-3	5.35384615384615
575	632	633	4	3.85	-3	5.16483516483517
576	0	0	0	0	-1	6
577	0	0	0	0	-1	6
578	634	635	3	0.085	-3	6
579	636	637	5	0.086	-3	6.44444444444444
580	0	0	0	0	-1	6
581	0	0	0	0	-1	6
582	0	0	0	0	-1	6
583	0	0	0	0	-1	6
584	638	639	2	0.595	-3	5.1
585	640	641	1	0.005	-3	5
586	0	0	0	0	-1	6
587	642	643	1	6.45	-3	5
588	644	645	2	0.46	-3	5
589	646	647	9	3.475	-3	5.51470588235294
590	648	649	8	0.9968	-3	6.14285714285714
591	0	0	0	0	-1	5.5
592	650	651	3	0.335	-3	5.33333333333333
593	652	653	2	0.405	-3	5.10810810810811
594	0	0	0	0	-1	6
595	0	0	0	0	-1	5
596	0	0	0	0	-1	4
597	654	655	10	0.77	-3	6
598	0	0	0	0	-1	6
599	0	0	0	0	-1	6
600	656	657	4	1.65	-3	5.64285714285714
601	658	659	8	0	-3	5
602	660	661	11	9.7	-3	5.10526315789474
603	0	0	0	0	-1	6
604	662	663	7	73.5	-3	5.63157894736842
605	664	665	1	9.2	-3	6
606	666	667	5	0.0695	-3	5.33333333333333
607	668	669	10	0.825	-3	6.0625
608	0	0	0	0	-1	5.75
609	670	671	7	36	-3	6.57142857142857
610	0	0	0	0	-1	6
611	672	673	7	42	-3	6
612	674	675	4	2.9	-3	6
613	0	0	0	0	-1	6
614	0	0	0	0	-1	5
615	676	677	4	2.75	-3	6
616	678	679	3	0.075	-3	6
617	0	0	0	0	-1	6
618	0	0	0	0	-1	7
619	0	0	0	0	-1	7
620	0	0	0	0	-1	5
621	680	681	11	11.4	-3	7
622	682	683	7	64.5	-3	6
623	684	685	6	28.5	-3	6.46153846153846
624	0	0	0	0	-1	5
625	0	0	0	0	-1	5
626	0	0	0	0	-1	5
627	0	0	0	0	-1	5
628	686	687	8	0.99565	-3	5
629	0	0	0	0	-1	5
630	688	689	5	0.083	-3	5.55882352941176
631	690	691	10	0.475	-3	5.12903225806452
632	692	693	3	0.065	-3	5.19101123595506
633	0	0	0	0	-1	4
634	694	695	6	21	-3	6
635	696	697	4	0	-3	6
636	0	0	0	0	-1	6
637	0	0	0	0	-1	7
638	698	699	6	5	-3	5
639	0	0	0	0	-1	6
640	0	0	0	0	-1	5
641	700	701	2	0.6775	-3	5
642	0	0	0	0	-1	5
643	0	0	0	0	-1	5
644	0	0	0	0	-1	5
645	702	703	7	28.5	-3	5
646	704	705	9	3.295	-3	5.56
647	706	707	2	0	-3	5
648	0	0	0	0	-1	7
649	708	709	2	0.625	-3	6
650	710	711	8	0.9973	-3	5.125
651	0	0	0	0	-1	5.75
652	712	713	7	35.5	-3	5.33333333333333
653	714	715	4	2.45	-3	5
654	0	0	0	0	-1	6
655	0	0	0	0	-1	6
656	0	0	0	0	-1	5
657	716	717	1	7.75	-3	5.81818181818182
658	0	0	0	0	-1	6
659	718	719	9	3.22	-3	5
660	0	0	0	0	-1	5
661	0	0	0	0	-1	5.5
662	720	721	4	2.1	-3	5.8
663	0	0	0	0	-1	5
664	0	0	0	0	-1	6
665	0	0	0	0	-1	6
666	0	0	0	0	-1	6
667	0	0	0	0	-1	5.2
668	0	0	0	0	-1	6.6
669	722	723	5	0.1	-3	5.81818181818182
670	0	0	0	0	-1	7
671	724	725	11	11	-3	6.45454545454546
672	726	727	10	0.0675	-3	6
673	0	0	0	0	-1	6
674	0	0	0	0	-1	6
675	728	729	6	3.205	-3	6
676	0	0	0	0	-1	6
677	0	0	0	0	-1	6
678	0	0	0	0	-1	6
679	730	731	2	0	-3	6
680	732	733	1	7.6	-3	7
681	0	0	0	0	-1	7
682	734	735	10	0.655	-3	6.07142857142857
683	0	0	0	0	-1	5
684	736	737	10	0.82	-3	6.16666666666667
685	738	739	8	0.99731	-3	6.71428571428571
686	0	0	0	0	-1	5
687	740	741	9	0	-3	5
688	742	743	6	9.5	-3	5.42307692307692
689	744	745	1	7.55	-3	6
690	746	747	9	3.32	-3	5.66666666666667
691	748	749	6	18.5	-3	5
692	750	751	10	0.56	-3	5
693	752	753	11	9.65	-3	5.25757575757576
694	0	0	0	0	-1	6
695	0	0	0	0	-1	6
696	0	0	0	0	-1	6
697	754	755	6	7.5	-3	6
698	0	0	0	0	-1	5
699	0	0	0	0	-1	5
700	756	757	4	0	-3	5
701	0	0	0	0	-1	5
702	0	0	0	0	-1	5
703	758	759	9	0	-3	5
704	760	761	1	9.7	-3	5.37931034482759
705	762	763	6	19.5	-3	5.71641791044776
706	0	0	0	0	-1	6
707	764	765	1	7.25	-3	5
708	0	0	0	0	-1	6
709	0	0	0	0	-1	6
710	0	0	0	0	-1	5.5
711	766	767	9	3.265	-3	5
712	768	769	3	0.395	-3	5.11111111111111
713	0	0	0	0	-1	6
714	770	771	9	0	-3	5
715	772	773	8	0	-3	5
716	0	0	0	0	-1	5
717	774	775	5	0.441	-3	5.9
718	0	0	0	0	-1	5
719	776	777	10	0	-3	5
720	0	0	0	0	-1	5
721	778	779	1	6.2	-3	5.92307692307692
722	780	781	2	0.55	-3	6
723	0	0	0	0	-1	5.33333333333333
724	0	0	0	0	-1	7
725	782	783	10	0.715	-3	6.14285714285714
726	0	0	0	0	-1	5
727	784	785	1	0	-3	6
728	0	0	0	0	-1	6
729	0	0	0	0	-1	6
730	0	0	0	0	-1	7
731	0	0	0	0	-1	6
732	0	0	0	0	-1	7
733	786	787	4	1.7	-3	7
734	788	789	9	3.275	-3	6.16666666666667
735	790	791	2	0.46	-3	6
736	0	0	0	0	-1	7
737	0	0	0	0	-1	6
738	0	0	0	0	-1	7
739	0	0	0	0	-1	6
740	0	0	0	0	-1	5
741	0	0	0	0	-1	5
742	0	0	0	0	-1	6
743	792	793	8	0.99439	-3	5.28571428571429
744	794	795	2	0	-3	6
745	0	0	0	0	-1	6
746	0	0	0	0	-1	6
747	0	0	0	0	-1	5
748	796	797	7	49.5	-3	5
749	798	799	9	3.395	-3	5
750	800	801	3	0.035	-3	5
751	802	803	11	0	-3	5
752	804	805	2	0.655	-3	5.40625
753	806	807	9	3.275	-3	5.11764705882353
754	0	0	0	0	-1	6
755	808	809	7	6.55	-3	6
756	0	0	0	0	-1	7
757	810	811	1	7.05	-3	5
758	0	0	0	0	-1	6
759	812	813	8	0.996145	-3	5
760	814	815	3	0.25	-3	5.33333333333333
761	0	0	0	0	-1	6
762	816	817	11	9.55	-3	5.58139534883721
763	818	819	4	1.95	-3	5.95833333333333
764	0	0	0	0	-1	5
765	0	0	0	0	-1	5
766	0	0	0	0	-1	5
767	0	0	0	0	-1	5
768	0	0	0	0	-1	5.5
769	820	821	9	0	-3	5
770	0	0	0	0	-1	5
771	822	823	11	0	-3	5
772	0	0	0	0	-1	5
773	824	825	3	0.37	-3	5
774	0	0	0	0	-1	6
775	0	0	0	0	-1	5
776	0	0	0	0	-1	6
777	0	0	0	0	-1	5
778	0	0	0	0	-1	5
779	826	827	7	61.5	-3	6
780	828	829	11	0	-3	6
781	0	0	0	0	-1	6
782	0	0	0	0	-1	6.5
783	0	0	0	0	-1	6
784	0	0	0	0	-1	7
785	0	0	0	0	-1	6
786	0	0	0	0	-1	7
787	0	0	0	0	-1	7
788	0	0	0	0	-1	6
789	0	0	0	0	-1	7
790	0	0	0	0	-1	6
791	0	0	0	0	-1	6
792	0	0	0	0	-1	6
793	830	831	7	63.5	-3	5.21052631578947
794	0	0	0	0	-1	5
795	832	833	2	0.47	-3	6
796	834	835	3	0	-3	5
797	0	0	0	0	-1	5
798	836	837	2	0	-3	5
799	0	0	0	0	-1	5
800	838	839	9	0	-3	5
801	840	841	9	0	-3	5
802	0	0	0	0	-1	5
803	842	843	8	0	-3	5
804	844	845	5	0.084	-3	5.13333333333333
805	846	847	3	0.16	-3	5.64705882352941
806	0	0	0	0	-1	5.75
807	848	849	6	11.5	-3	5.03333333333333
808	0	0	0	0	-1	6
809	850	851	10	0.595	-3	6
810	0	0	0	0	-1	5
811	0	0	0	0	-1	5
812	0	0	0	0	-1	5
813	0	0	0	0	-1	5
814	852	853	3	0.235	-3	5.27659574468085
815	854	855	5	0.0985	-3	5.71428571428571
816	856	857	5	0.0835	-3	5.92857142857143
817	858	859	4	2.75	-3	5.41379310344828
818	860	861	9	3.395	-3	5.875
819	862	863	6	25	-3	6
820	0	0	0	0	-1	5
821	0	0	0	0	-1	5
822	0	0	0	0	-1	5
823	864	865	11	9.45	-3	5
824	0	0	0	0	-1	5
825	0	0	0	0	-1	5
826	866	867	5	0.084	-3	6
827	0	0	0	0	-1	6
828	0	0	0	0	-1	6
829	868	869	1	0	-3	6
830	870	871	10	0	-3	5
831	0	0	0	0	-1	5.8
832	0	0	0	0	-1	6
833	0	0	0	0	-1	6
834	0	0	0	0	-1	6
835	872	873	7	30	-3	5
836	0	0	0	0	-1	5
837	874	875	8	0.998465	-3	5
838	0	0	0	0	-1	6
839	876	877	5	0.081	-3	5
840	0	0	0	0	-1	6
841	878	879	5	0.0765	-3	5
842	0	0	0	0	-1	6
843	0	0	0	0	-1	5
844	880	881	10	0.535	-3	5.28571428571429
845	882	883	10	0.53	-3	5
846	884	885	9	0.685	-3	6
847	886	887	9	3.275	-3	5.33333333333333
848	0	0	0	0	-1	5.25
849	888	889	11	10.3	-3	5
850	0	0	0	0	-1	6
851	890	891	10	0	-3	6
852	892	893	8	0.99589	-3	5.38235294117647
853	0	0	0	0	-1	5
854	0	0	0	0	-1	6
855	0	0	0	0	-1	5
856	0	0	0	0	-1	5.25
857	894	895	9	3.35	-3	6.2
858	896	897	5	0.0745	-3	5.54545454545455
859	0	0	0	0	-1	5
860	0	0	0	0	-1	5
861	0	0	0	0	-1	6
862	898	899	9	0	-3	6
863	900	901	8	0	-3	6
864	902	903	8	0	-3	5
865	904	905	6	10	-3	5
866	906	907	11	10.8	-3	6
867	0	0	0	0	-1	6
868	0	0	0	0	-1	7
869	0	0	0	0	-1	6
870	0	0	0	0	-1	5
871	908	909	10	0.5	-3	5
872	0	0	0	0	-1	5
873	910	911	1	0.505	-3	5
874	0	0	0	0	-1	5
875	0	0	0	0	-1	5
876	0	0	0	0	-1	5
877	912	913	1	0	-3	5
878	0	0	0	0	-1	5
879	0	0	0	0	-1	5
880	0	0	0	0	-1	5
881	0	0	0	0	-1	5.66666666666667
882	0	0	0	0	-1	5
883	914	915	10	0	-3	5
884	0	0	0	0	-1	5
885	916	917	6	0	-3	6
886	0	0	0	0	-1	6
887	918	919	3	0.195	-3	5
888	920	921	11	9.85	-3	5.04166666666667
889	0	0	0	0	-1	4.5
890	0	0	0	0	-1	5
891	922	923	1	6.85	-3	6
892	0	0	0	0	-1	6
893	924	925	2	0.595	-3	5.34375
894	926	927	9	0.998275	-3	6
895	0	0	0	0	-1	7
896	0	0	0	0	-1	5
897	928	929	9	3.385	-3	5.70588235294118
898	0	0	0	0	-1	6
899	930	931	1	8.4	-3	6
900	0	0	0	0	-1	5
901	932	933	5	0	-3	6
902	0	0	0	0	-1	5
903	934	935	5	0	-3	5
904	936	937	3	0	-3	5
905	0	0	0	0	-1	5
906	0	0	0	0	-1	6
907	0	0	0	0	-1	6
908	0	0	0	0	-1	5
909	938	939	8	0.9956	-3	5
910	0	0	0	0	-1	5
911	940	941	5	0.0965	-3	5
912	0	0	0	0	-1	5
913	942	943	3	0.025	-3	5
914	0	0	0	0	-1	7
915	944	945	9	3.285	-3	5
916	0	0	0	0	-1	7
917	946	947	4	1.85	-3	6
918	0	0	0	0	-1	5
919	0	0	0	0	-1	5
920	948	949	7	88.5	-3	5.14285714285714
921	950	951	10	0.555	-3	5
922	0	0	0	0	-1	6
923	0	0	0	0	-1	6
924	952	953	7	98	-3	5.47826086956522
925	954	955	7	71	-3	5
926	0	0	0	0	-1	5
927	956	957	11	0	-3	6
928	958	959	8	0.99601	-3	5.44444444444444
929	960	961	1	0	-3	6
930	0	0	0	0	-1	6
931	0	0	0	0	-1	6
932	0	0	0	0	-1	6
933	962	963	5	0.0765	-3	6
934	0	0	0	0	-1	6
935	0	0	0	0	-1	5
936	0	0	0	0	-1	6
937	0	0	0	0	-1	5
938	0	0	0	0	-1	5
939	964	965	1	7.75	-3	5
940	966	967	4	0	-3	5
941	0	0	0	0	-1	5
942	0	0	0	0	-1	5
943	0	0	0	0	-1	5
944	0	0	0	0	-1	5
945	0	0	0	0	-1	5
946	0	0	0	0	-1	6
947	0	0	0	0	-1	6
948	968	969	11	0.555	-3	5
949	0	0	0	0	-1	6
950	970	971	1	0.115	-3	5
951	0	0	0	0	-1	5
952	972	973	2	0.555	-3	5.57894736842105
953	0	0	0	0	-1	5
954	0	0	0	0	-1	5
955	0	0	0	0	-1	5
956	0	0	0	0	-1	6
957	974	975	10	0.615	-3	6
958	0	0	0	0	-1	6
959	976	977	1	8.5	-3	5.16666666666667
960	0	0	0	0	-1	5
961	0	0	0	0	-1	6
962	0	0	0	0	-1	6
963	0	0	0	0	-1	6
964	0	0	0	0	-1	5
965	0	0	0	0	-1	5
966	0	0	0	0	-1	7
967	978	979	8	0.99642	-3	5
968	0	0	0	0	-1	5
969	0	0	0	0	-1	5
970	0	0	0	0	-1	7
971	980	981	9	3.44	-3	5
972	982	983	7	30	-3	5.33333333333333
973	984	985	10	0	-3	6
974	0	0	0	0	-1	6
975	0	0	0	0	-1	6
976	0	0	0	0	-1	5
977	0	0	0	0	-1	6
978	0	0	0	0	-1	5
979	0	0	0	0	-1	5
980	986	987	11	0	-3	5
981	0	0	0	0	-1	5
982	0	0	0	0	-1	6
983	988	989	1	8.35	-3	5.11111111111111
984	0	0	0	0	-1	6
985	990	991	4	2.7	-3	6
986	0	0	0	0	-1	3
987	992	993	7	81	-3	5
988	994	995	3	0.225	-3	5
989	0	0	0	0	-1	6
990	0	0	0	0	-1	6
991	0	0	0	0	-1	6
992	996	997	7	0	-3	5
993	0	0	0	0	-1	5
994	998	999	6	0	-3	5
995	0	0	0	0	-1	5
996	0	0	0	0	-1	5
997	1000	1001	9	0	-3	5
998	0	0	0	0	-1	7
999	1002	1003	1	7.5	-3	5
1000	0	0	0	0	-1	5
1001	0	0	0	0	-1	5
1002	0	0	0	0	-1	5
1003	0	0	0	0	-1	5
