1	2	3	11	11.55	-3	5.61225766103815
2	4	5	11	9.95	-3	5.45447816432272
3	6	7	2	0.575	-3	6.47177419354838
4	8	9	10	0.575	-3	5.22913719943423
5	10	11	2	0.7825	-3	5.70186335403727
6	12	13	10	0.685	-3	6.55665024630542
7	14	15	5	0.0545	-3	6.08888888888889
8	16	17	10	0.565	-3	5.03636363636363
9	18	19	1	10.65	-3	5.39787798408488
10	20	21	10	0.635	-3	5.78929188255613
11	22	23	4	3.05	-3	4.92307692307692
12	24	25	7	16	-3	6.31067961165049
13	26	27	8	0.99082	-3	6.81
14	28	29	6	15	-3	6.75
15	30	31	6	31.5	-3	5.94594594594595
16	32	33	3	0.055	-3	5.06666666666666
17	34	35	1	10.75	-3	4.73333333333333
18	36	37	9	3.205	-3	5.31563421828908
19	38	39	1	14.65	-3	6.13157894736842
20	40	41	9	3.615	-3	5.51865671641791
21	42	43	6	7.5	-3	6.02250803858521
22	44	45	2	1.455	-3	5.01724137931035
23	46	47	3	0.115	-3	4.14285714285714
24	48	49	10	0.575	-3	6.6
25	50	51	1	4.85	-3	6.19178082191781
26	0	0	0	0	-1	8
27	52	53	2	0.555	-3	6.77319587628866
28	54	55	2	0.6225	-3	7
29	0	0	0	0	-1	6
30	56	57	10	0.565	-3	5.84848484848485
31	0	0	0	0	-1	6.75
32	58	59	2	0.93	-3	4.85245901639344
33	60	61	11	9.35	-3	5.12133891213389
34	62	63	9	3.56	-3	5.08695652173913
35	64	65	8	1.00025	-3	3.57142857142857
36	66	67	3	0.85	-3	5.09782608695652
37	68	69	6	33.5	-3	5.39676113360324
38	70	71	6	20.5	-3	6
39	0	0	0	0	-1	7
40	72	73	6	7.5	-3	5.57198443579767
41	74	75	1	5.45	-3	4.27272727272727
42	76	77	10	1	-3	6.24390243902439
43	78	79	5	0.0665	-3	5.94323144104804
44	80	81	10	0.625	-3	5.08928571428572
45	0	0	0	0	-1	3
46	0	0	0	0	-1	3.5
47	0	0	0	0	-1	5
48	82	83	6	3.5	-3	6.18181818181818
49	84	85	3	0.45	-3	6.84210526315789
50	0	0	0	0	-1	4
51	86	87	9	3.04	-3	6.22222222222222
52	88	89	1	12.1	-3	6.72413793103448
53	90	91	5	0.0595	-3	7.2
54	0	0	0	0	-1	7
55	0	0	0	0	-1	7
56	92	93	4	3.475	-3	5.21428571428571
57	94	95	10	0.62	-3	6.31578947368421
58	96	97	2	0.72	-3	4.91525423728814
59	0	0	0	0	-1	3
60	98	99	4	2.75	-3	4.98333333333333
61	100	101	5	0.0795	-3	5.16759776536313
62	102	103	6	5	-3	5.04545454545455
63	0	0	0	0	-1	6
64	0	0	0	0	-1	4.33333333333333
65	0	0	0	0	-1	3
66	104	105	3	0.195	-3	5.13483146067416
67	0	0	0	0	-1	4
68	106	107	8	1.000225	-3	5.43290043290043
69	108	109	5	0.1335	-3	4.875
70	110	111	2	0.41	-3	5.89285714285714
71	0	0	0	0	-1	6.6
72	112	113	2	0.385	-3	5.32558139534884
73	114	115	11	10.45	-3	5.69590643274854
74	0	0	0	0	-1	5
75	116	117	6	0	-3	4
76	118	119	8	1.0014	-3	6.19230769230769
77	0	0	0	0	-1	7.25
78	120	121	3	0.28	-3	6.20754716981132
79	122	123	10	0.735	-3	5.86363636363636
80	124	125	6	12.5	-3	4.89473684210526
81	126	127	10	0.665	-3	5.5
82	128	129	11	11.85	-3	6
83	0	0	0	0	-1	6.66666666666667
84	130	131	7	8.5	-3	6.57142857142857
85	132	133	2	0.4375	-3	7
86	134	135	9	2.935	-3	6.875
87	136	137	6	32	-3	6.140625
88	138	139	3	0.325	-3	6.76190476190476
89	0	0	0	0	-1	5.66666666666667
90	0	0	0	0	-1	7
91	140	141	11	12.25	-3	7.33333333333333
92	142	143	3	0.04	-3	5.71428571428571
93	144	145	3	0.015	-3	4.71428571428571
94	146	147	6	24	-3	6
95	148	149	8	1.0001	-3	6.66666666666667
96	150	151	9	3.54	-3	5.04878048780488
97	152	153	11	9.75	-3	4.61111111111111
98	154	155	5	0.0655	-3	5.04878048780488
99	156	157	11	9.1	-3	4.84210526315789
100	158	159	8	0.997425	-3	5.32051282051282
101	160	161	4	2.95	-3	5.04950495049505
102	0	0	0	0	-1	6
103	162	163	6	8	-3	5
104	164	165	6	11.5	-3	4.84615384615385
105	166	167	2	0.6	-3	5.25396825396825
106	168	169	9	3.575	-3	5.45132743362832
107	0	0	0	0	-1	4.6
108	0	0	0	0	-1	5
109	0	0	0	0	-1	3
110	170	171	7	16.5	-3	6
111	0	0	0	0	-1	5.4
112	172	173	3	0.34	-3	5.8
113	174	175	7	10	-3	5.18181818181818
114	176	177	9	3.425	-3	5.47058823529412
115	178	179	8	0.99531	-3	5.84466019417476
116	0	0	0	0	-1	6
117	0	0	0	0	-1	4
118	180	181	7	25.5	-3	6.125
119	182	183	7	42.5	-3	7
120	184	185	5	0.0565	-3	6
121	186	187	7	99	-3	6.35483870967742
122	188	189	7	105.5	-3	5.68604651162791
123	190	191	2	0.315	-3	6.03333333333333
124	192	193	8	0.99614	-3	4.66666666666667
125	194	195	8	0.99481	-3	5.1
126	196	197	11	10.3	-3	6.14285714285714
127	198	199	2	0.8525	-3	5.09090909090909
128	0	0	0	0	-1	6
129	200	201	7	0	-3	6
130	0	0	0	0	-1	6
131	0	0	0	0	-1	7
132	202	203	1	9.9	-3	7
133	204	205	1	9.7	-3	7
134	0	0	0	0	-1	6
135	0	0	0	0	-1	7.75
136	206	207	6	5.5	-3	6.08474576271187
137	0	0	0	0	-1	6.8
138	208	209	5	0.049	-3	6.41176470588235
139	210	211	5	0.049	-3	6.85074626865672
140	0	0	0	0	-1	7
141	0	0	0	0	-1	8
142	212	213	9	3.475	-3	5.83333333333333
143	0	0	0	0	-1	5
144	0	0	0	0	-1	4
145	0	0	0	0	-1	5
146	214	215	10	0.585	-3	6
147	0	0	0	0	-1	6
148	216	217	2	0.62	-3	6.75
149	0	0	0	0	-1	6
150	218	219	8	0.9983	-3	5
151	0	0	0	0	-1	5.66666666666667
152	220	221	2	0.8075	-3	4.3
153	222	223	5	0.075	-3	5
154	0	0	0	0	-1	6
155	224	225	10	0.555	-3	5.025
156	0	0	0	0	-1	4
157	226	227	11	9.25	-3	4.88888888888889
158	228	229	7	117	-3	5.42307692307692
159	230	231	4	2.15	-3	5.11538461538461
160	232	233	4	1.85	-3	5.01123595505618
161	234	235	5	0.0905	-3	5.33333333333333
162	0	0	0	0	-1	5
163	0	0	0	0	-1	5
164	236	237	11	9.25	-3	4.63636363636364
165	238	239	9	0.99655	-3	5
166	240	241	7	59	-3	5.33333333333333
167	242	243	7	18	-3	5
168	244	245	6	5.5	-3	5.4811320754717
169	0	0	0	0	-1	5
170	0	0	0	0	-1	5.8
171	246	247	6	11	-3	6.05555555555556
172	0	0	0	0	-1	5.2
173	248	249	7	10.5	-3	6
174	250	251	6	5.5	-3	4.5
175	252	253	4	1.5	-3	5.25
176	254	255	1	10.1	-3	5.6
177	256	257	11	10.05	-3	4.92307692307692
178	258	259	8	0.995045	-3	5.65789473684211
179	260	261	7	18.5	-3	5.95384615384615
180	262	263	9	3.16	-3	6.22033898305085
181	264	265	10	0.825	-3	5.69230769230769
182	0	0	0	0	-1	7
183	0	0	0	0	-1	7
184	0	0	0	0	-1	5.33333333333333
185	266	267	6	12	-3	6.10526315789474
186	268	269	2	0.185	-3	6.4
187	0	0	0	0	-1	5
188	270	271	6	22	-3	5.72839506172839
189	0	0	0	0	-1	5
190	272	273	4	2.2	-3	6.61538461538461
191	274	275	4	3.95	-3	5.93506493506494
192	276	277	9	3.52	-3	5
193	278	279	7	12.5	-3	4.33333333333333
194	0	0	0	0	-1	4.25
195	280	281	2	0.8525	-3	5.3125
196	0	0	0	0	-1	7
197	282	283	3	0.085	-3	6
198	0	0	0	0	-1	5.5
199	284	285	10	0	-3	5
200	0	0	0	0	-1	5
201	286	287	3	0.57	-3	6
202	0	0	0	0	-1	7
203	0	0	0	0	-1	7
204	0	0	0	0	-1	7
205	0	0	0	0	-1	7
206	0	0	0	0	-1	7
207	288	289	1	5.5	-3	6.06896551724138
208	290	291	4	1.7	-3	6.77777777777778
209	292	293	3	0.075	-3	6
210	0	0	0	0	-1	6
211	294	295	7	57	-3	6.890625
212	0	0	0	0	-1	6
213	0	0	0	0	-1	5.5
214	0	0	0	0	-1	6
215	296	297	5	0.079	-3	6
216	0	0	0	0	-1	6
217	0	0	0	0	-1	7
218	298	299	2	0.555	-3	4.97297297297297
219	0	0	0	0	-1	6
220	300	301	7	34	-3	4.125
221	0	0	0	0	-1	5
222	0	0	0	0	-1	5
223	302	303	6	0	-3	5
224	304	305	4	2.65	-3	4.97058823529412
225	306	307	6	8.5	-3	5.33333333333333
226	308	309	9	0	-3	5
227	0	0	0	0	-1	4.5
228	310	311	1	7.65	-3	5.48888888888889
229	0	0	0	0	-1	5
230	0	0	0	0	-1	4
231	312	313	5	0.0665	-3	5.20833333333333
232	314	315	7	105.5	-3	5.09090909090909
233	316	317	4	2.05	-3	5
234	0	0	0	0	-1	5
235	318	319	5	0.131	-3	5.66666666666667
236	0	0	0	0	-1	4
237	320	321	11	0	-3	5
238	0	0	0	0	-1	5
239	322	323	6	0	-3	5
240	324	325	10	1.09	-3	5.53846153846154
241	326	327	3	0.285	-3	5.09090909090909
242	0	0	0	0	-1	3
243	328	329	6	23	-3	5.14285714285714
244	330	331	10	1.065	-3	5.84210526315789
245	332	333	7	94.5	-3	5.44559585492228
246	334	335	4	2.5	-3	6
247	336	337	6	13.5	-3	6.14285714285714
248	0	0	0	0	-1	6.75
249	338	339	6	5.5	-3	5.72727272727273
250	0	0	0	0	-1	4.2
251	0	0	0	0	-1	6
252	0	0	0	0	-1	4
253	340	341	2	0.475	-3	5.29310344827586
254	342	343	10	0.485	-3	5.66
255	0	0	0	0	-1	5
256	0	0	0	0	-1	4.5
257	344	345	8	0.99559	-3	5.11111111111111
258	346	347	5	0.0905	-3	5.83333333333333
259	348	349	8	0.99523	-3	5
260	350	351	2	0.6575	-3	6.875
261	352	353	5	0.0725	-3	5.82456140350877
262	354	355	9	3.005	-3	6.70588235294118
263	356	357	2	0.335	-3	6.02380952380952
264	0	0	0	0	-1	6
265	0	0	0	0	-1	5.2
266	0	0	0	0	-1	5
267	358	359	7	29.5	-3	6.16666666666667
268	0	0	0	0	-1	5
269	360	361	7	23	-3	6.44827586206897
270	362	363	8	0.99955	-3	5.53333333333333
271	364	365	7	42.5	-3	5.97222222222222
272	0	0	0	0	-1	6.2
273	366	367	11	10.35	-3	6.875
274	368	369	8	0.99555	-3	6
275	370	371	1	8.1	-3	5.44444444444444
276	372	373	5	0.0735	-3	4.85714285714286
277	0	0	0	0	-1	5.5
278	0	0	0	0	-1	5
279	374	375	7	0	-3	4
280	0	0	0	0	-1	5
281	376	377	3	0.135	-3	5.45454545454545
282	0	0	0	0	-1	6
283	0	0	0	0	-1	6
284	0	0	0	0	-1	6
285	378	379	6	26	-3	5
286	0	0	0	0	-1	6
287	0	0	0	0	-1	6
288	380	381	7	49.5	-3	6.3
289	382	383	9	3.6	-3	6.02083333333333
290	0	0	0	0	-1	6
291	384	385	8	0.991555	-3	7
292	0	0	0	0	-1	6
293	0	0	0	0	-1	6
294	386	387	8	0.99715	-3	6.96153846153846
295	388	389	3	0.48	-3	6.58333333333333
296	0	0	0	0	-1	6
297	0	0	0	0	-1	6
298	390	391	3	0.025	-3	4.88888888888889
299	392	393	9	3.52	-3	5
300	394	395	1	8.15	-3	4
301	0	0	0	0	-1	5
302	0	0	0	0	-1	5
303	0	0	0	0	-1	5
304	396	397	7	43.5	-3	4.93939393939394
305	0	0	0	0	-1	6
306	0	0	0	0	-1	5
307	0	0	0	0	-1	5.66666666666667
308	0	0	0	0	-1	5
309	398	399	3	0.215	-3	5
310	400	401	7	55.5	-3	5.25
311	402	403	10	0.545	-3	5.76190476190476
312	0	0	0	0	-1	6
313	404	405	6	38	-3	5.09523809523809
314	406	407	10	0.475	-3	5
315	0	0	0	0	-1	6
316	408	409	9	3.235	-3	5
317	410	411	5	0.0885	-3	5
318	0	0	0	0	-1	6
319	0	0	0	0	-1	5
320	0	0	0	0	-1	8
321	0	0	0	0	-1	5
322	0	0	0	0	-1	7
323	412	413	2	0.59	-3	5
324	414	415	2	0.365	-3	5.66666666666667
325	0	0	0	0	-1	5
326	0	0	0	0	-1	5.5
327	416	417	9	3.06	-3	5.05
328	418	419	11	9.15	-3	5.23076923076923
329	0	0	0	0	-1	4
330	420	421	3	0.39	-3	5.77777777777778
331	0	0	0	0	-1	7
332	422	423	5	0.0865	-3	5.48850574712644
333	424	425	9	3.315	-3	5.05263157894737
334	0	0	0	0	-1	6
335	0	0	0	0	-1	6
336	0	0	0	0	-1	7
337	426	427	9	3.105	-3	6
338	428	429	1	0	-3	6
339	0	0	0	0	-1	5.25
340	430	431	2	0.465	-3	4.90909090909091
341	432	433	5	0.0865	-3	5.38297872340426
342	434	435	1	0	-3	5
343	436	437	8	0.99615	-3	5.76744186046512
344	0	0	0	0	-1	6
345	438	439	10	0.625	-3	5
346	440	441	1	6.95	-3	5.73076923076923
347	0	0	0	0	-1	6.5
348	442	443	2	0.6	-3	5.14285714285714
349	0	0	0	0	-1	4
350	444	445	9	3.365	-3	7
351	0	0	0	0	-1	6
352	0	0	0	0	-1	5.4
353	446	447	3	0.655	-3	5.86538461538461
354	0	0	0	0	-1	5
355	448	449	5	0.0705	-3	6.8125
356	450	451	11	10.15	-3	6.41666666666667
357	452	453	2	0.355	-3	5.86666666666667
358	0	0	0	0	-1	6.75
359	454	455	3	0.09	-3	6
360	0	0	0	0	-1	6
361	456	457	3	0.325	-3	6.54166666666667
362	458	459	5	0.0975	-3	5.63157894736842
363	460	461	10	0	-3	5
364	0	0	0	0	-1	6.8
365	462	463	2	0.515	-3	5.83870967741935
366	0	0	0	0	-1	6
367	464	465	8	0.999	-3	7
368	466	467	8	0.99528	-3	6.38461538461539
369	468	469	1	6.2	-3	5.90909090909091
370	470	471	9	0	-3	5
371	0	0	0	0	-1	7
372	0	0	0	0	-1	4
373	472	473	2	0.9425	-3	5
374	0	0	0	0	-1	5
375	0	0	0	0	-1	4
376	0	0	0	0	-1	6
377	474	475	7	86	-3	5.14285714285714
378	476	477	2	0	-3	5
379	0	0	0	0	-1	5
380	0	0	0	0	-1	6
381	478	479	2	0.485	-3	6.5
382	480	481	2	0.265	-3	6.04255319148936
383	0	0	0	0	-1	5
384	0	0	0	0	-1	7
385	0	0	0	0	-1	7
386	482	483	11	13.8	-3	6.94117647058824
387	0	0	0	0	-1	8
388	0	0	0	0	-1	6
389	484	485	10	0.805	-3	7
390	486	487	8	0.99512	-3	5
391	0	0	0	0	-1	4
392	488	489	7	17.5	-3	5
393	0	0	0	0	-1	5
394	0	0	0	0	-1	4
395	0	0	0	0	-1	4
396	490	491	3	0.275	-3	4.875
397	492	493	8	0.996075	-3	5
398	0	0	0	0	-1	5
399	494	495	6	0.44	-3	5
400	496	497	6	18.5	-3	5.375
401	498	499	3	0.29	-3	5
402	500	501	7	24	-3	5.84210526315789
403	0	0	0	0	-1	5
404	502	503	8	0.99775	-3	5
405	0	0	0	0	-1	6
406	0	0	0	0	-1	5
407	504	505	10	0.51	-3	5
408	506	507	8	0	-3	5
409	508	509	6	28.5	-3	5
410	510	511	9	3.26	-3	5
411	512	513	3	0.205	-3	5
412	514	515	10	0	-3	5
413	516	517	10	0.85	-3	5
414	518	519	4	2	-3	5.33333333333333
415	520	521	7	13	-3	5.91666666666667
416	522	523	5	0.2235	-3	5.16666666666667
417	0	0	0	0	-1	5
418	0	0	0	0	-1	6
419	524	525	1	7.4	-3	5
420	526	527	8	0.997145	-3	5.875
421	0	0	0	0	-1	5
422	528	529	9	3.23	-3	5.5655737704918
423	530	531	2	0.78	-3	5.30769230769231
424	532	533	4	2.45	-3	5
425	0	0	0	0	-1	5.33333333333333
426	0	0	0	0	-1	6
427	0	0	0	0	-1	6
428	0	0	0	0	-1	7
429	534	535	9	3.345	-3	6
430	536	537	9	3.485	-3	5
431	0	0	0	0	-1	4.5
432	538	539	2	0.53	-3	5.5
433	540	541	2	0.515	-3	5.13333333333333
434	0	0	0	0	-1	5
435	542	543	1	7.2	-3	5
436	544	545	4	2.05	-3	5.58333333333333
437	546	547	7	114.5	-3	6
438	548	549	9	0	-3	5
439	0	0	0	0	-1	5
440	550	551	11	10.525	-3	5.86363636363636
441	0	0	0	0	-1	5
442	552	553	6	28.5	-3	5
443	0	0	0	0	-1	6
444	0	0	0	0	-1	7
445	0	0	0	0	-1	7
446	554	555	8	0.99851	-3	5.8
447	556	557	10	0.62	-3	6.28571428571429
448	558	559	2	0.33	-3	7.16666666666667
449	560	561	1	11.8	-3	6.6
450	0	0	0	0	-1	6
451	562	563	11	10.7	-3	6.71428571428571
452	0	0	0	0	-1	5.4
453	564	565	10	0.815	-3	5.96
454	566	567	5	0.06	-3	6
455	0	0	0	0	-1	6
456	568	569	5	0.058	-3	7
457	570	571	11	10.25	-3	6.3125
458	572	573	1	9.25	-3	5.72727272727273
459	0	0	0	0	-1	5
460	0	0	0	0	-1	6
461	574	575	2	0	-3	5
462	576	577	10	0.685	-3	5.71428571428571
463	578	579	7	44.5	-3	5.94117647058824
464	0	0	0	0	-1	7
465	0	0	0	0	-1	7
466	580	581	9	11.15	-3	6
467	0	0	0	0	-1	7
468	0	0	0	0	-1	5
469	582	583	6	47.5	-3	5.98039215686275
470	0	0	0	0	-1	5
471	0	0	0	0	-1	5
472	0	0	0	0	-1	5
473	0	0	0	0	-1	5
474	584	585	4	34.5	-3	5
475	0	0	0	0	-1	6
476	0	0	0	0	-1	8
477	586	587	9	3.63	-3	5
478	0	0	0	0	-1	7
479	0	0	0	0	-1	6
480	0	0	0	0	-1	5.75
481	588	589	11	12.9	-3	6.06976744186047
482	590	591	5	0.07	-3	6.96
483	0	0	0	0	-1	6
484	0	0	0	0	-1	7
485	0	0	0	0	-1	7
486	592	593	5	0.067	-3	5
487	0	0	0	0	-1	5
488	594	595	10	0	-3	5
489	596	597	5	3.445	-3	5
490	598	599	1	8.2	-3	4.75
491	600	601	4	1.75	-3	5
492	0	0	0	0	-1	5
493	602	603	4	2.3	-3	5
494	0	0	0	0	-1	5
495	604	605	1	7.9	-3	5
496	606	607	5	0.077	-3	5.16666666666667
497	0	0	0	0	-1	6
498	608	609	10	0	-3	5
499	0	0	0	0	-1	5
500	0	0	0	0	-1	5.6
501	610	611	5	0.063	-3	5.92857142857143
502	612	613	11	9.65	-3	5
503	0	0	0	0	-1	5
504	614	615	8	0	-3	5
505	0	0	0	0	-1	5
506	0	0	0	0	-1	5
507	616	617	4	1.95	-3	5
508	618	619	3	0.205	-3	5
509	0	0	0	0	-1	5
510	620	621	9	3.19	-3	5
511	0	0	0	0	-1	5
512	622	623	7	0	-3	5
513	624	625	2	0.41	-3	5
514	0	0	0	0	-1	6
515	626	627	8	0.9984	-3	5
516	0	0	0	0	-1	5
517	0	0	0	0	-1	5
518	0	0	0	0	-1	6
519	628	629	7	20.5	-3	5
520	0	0	0	0	-1	5
521	0	0	0	0	-1	6
522	0	0	0	0	-1	5
523	0	0	0	0	-1	5.5
524	0	0	0	0	-1	5
525	630	631	11	9.7	-3	5
526	0	0	0	0	-1	5.33333333333333
527	632	633	3	0.085	-3	6
528	634	635	4	1.95	-3	6
529	636	637	9	3.295	-3	5.53508771929825
530	638	639	2	0.635	-3	5.25
531	0	0	0	0	-1	6
532	640	641	8	0	-3	5
533	642	643	9	3.305	-3	5
534	0	0	0	0	-1	6
535	0	0	0	0	-1	6
536	644	645	4	0	-3	5
537	0	0	0	0	-1	5
538	646	647	7	14.5	-3	6
539	648	649	7	29.5	-3	5.33333333333333
540	0	0	0	0	-1	4
541	650	651	5	0.1705	-3	5.30769230769231
542	0	0	0	0	-1	5
543	0	0	0	0	-1	5
544	652	653	7	54.5	-3	5.22222222222222
545	654	655	6	17.5	-3	5.8
546	656	657	5	3.215	-3	6
547	0	0	0	0	-1	6
548	0	0	0	0	-1	6
549	658	659	9	3.495	-3	5
550	0	0	0	0	-1	5
551	660	661	1	5.95	-3	5.90476190476191
552	0	0	0	0	-1	5
553	0	0	0	0	-1	5
554	662	663	10	0.57	-3	5.85714285714286
555	0	0	0	0	-1	5
556	0	0	0	0	-1	6
557	0	0	0	0	-1	7
558	0	0	0	0	-1	7
559	0	0	0	0	-1	8
560	664	665	9	3.145	-3	6.85714285714286
561	0	0	0	0	-1	6
562	0	0	0	0	-1	7
563	0	0	0	0	-1	6.5
564	666	667	8	0.995275	-3	6.04347826086957
565	0	0	0	0	-1	5
566	0	0	0	0	-1	6
567	668	669	6	27.5	-3	6
568	0	0	0	0	-1	7
569	670	671	1	8	-3	7
570	0	0	0	0	-1	6
571	672	673	4	2.15	-3	6.45454545454546
572	674	675	11	10.55	-3	5.5
573	676	677	10	0.645	-3	6.18181818181818
574	0	0	0	0	-1	5
575	0	0	0	0	-1	5
576	678	679	3	0.315	-3	5.42857142857143
577	680	681	7	0.37	-3	6
578	0	0	0	0	-1	5.66666666666667
579	682	683	1	6.9	-3	6
580	684	685	3	0	-3	6
581	0	0	0	0	-1	6
582	686	687	10	1.19	-3	5.96
583	0	0	0	0	-1	7
584	0	0	0	0	-1	5
585	0	0	0	0	-1	5
586	0	0	0	0	-1	5
587	0	0	0	0	-1	5
588	688	689	2	0.305	-3	6.04761904761905
589	0	0	0	0	-1	7
590	690	691	7	13.5	-3	7.03703703703704
591	692	693	10	0.7	-3	6.8695652173913
592	0	0	0	0	-1	5
593	0	0	0	0	-1	5
594	0	0	0	0	-1	7
595	694	695	9	3.485	-3	5
596	696	697	11	9.45	-3	5
597	0	0	0	0	-1	5
598	698	699	10	0.475	-3	4.85714285714286
599	0	0	0	0	-1	4
600	0	0	0	0	-1	5
601	700	701	3	0	-3	5
602	702	703	4	2.05	-3	5
603	0	0	0	0	-1	5
604	0	0	0	0	-1	5
605	0	0	0	0	-1	5
606	704	705	11	9.45	-3	5
607	0	0	0	0	-1	5.5
608	0	0	0	0	-1	6
609	706	707	4	1.85	-3	5
610	0	0	0	0	-1	5
611	708	709	5	0.0735	-3	6
612	710	711	7	0	-3	5
613	0	0	0	0	-1	5
614	0	0	0	0	-1	5
615	712	713	6	0	-3	5
616	0	0	0	0	-1	5
617	714	715	10	0	-3	5
618	0	0	0	0	-1	5
619	716	717	8	0	-3	5
620	0	0	0	0	-1	5
621	718	719	11	0	-3	5
622	0	0	0	0	-1	7
623	0	0	0	0	-1	5
624	720	721	6	0	-3	5
625	722	723	3	0	-3	5
626	0	0	0	0	-1	5
627	0	0	0	0	-1	5
628	0	0	0	0	-1	5
629	0	0	0	0	-1	5
630	724	725	7	0	-3	5
631	0	0	0	0	-1	5
632	0	0	0	0	-1	6
633	726	727	3	0.17	-3	6
634	0	0	0	0	-1	6
635	728	729	11	0	-3	6
636	730	731	7	25	-3	5.29166666666667
637	732	733	8	0.997005	-3	5.6
638	734	735	10	0.67	-3	5.42307692307692
639	736	737	10	0.69	-3	5.04545454545455
640	0	0	0	0	-1	6
641	0	0	0	0	-1	5
642	738	739	1	0	-3	5
643	0	0	0	0	-1	5
644	0	0	0	0	-1	5
645	740	741	10	0.47	-3	5
646	742	743	11	11.1	-3	6
647	0	0	0	0	-1	6
648	744	745	1	6.8	-3	5.27272727272727
649	0	0	0	0	-1	6
650	746	747	2	0.56	-3	5.1
651	0	0	0	0	-1	6
652	748	749	11	15	-3	5
653	0	0	0	0	-1	5.66666666666667
654	750	751	8	0	-3	6
655	752	753	10	0.56	-3	5.625
656	754	755	4	1.8	-3	6
657	0	0	0	0	-1	6
658	0	0	0	0	-1	5
659	0	0	0	0	-1	5
660	0	0	0	0	-1	5
661	756	757	2	0.605	-3	5.95
662	758	759	6	12	-3	5.5
663	760	761	3	0.03	-3	6
664	762	763	7	17	-3	7
665	0	0	0	0	-1	6
666	764	765	8	0.994715	-3	6.16666666666667
667	766	767	11	11.3	-3	6
668	0	0	0	0	-1	6
669	0	0	0	0	-1	6
670	0	0	0	0	-1	7
671	0	0	0	0	-1	7
672	768	769	4	1.55	-3	6.71428571428571
673	0	0	0	0	-1	6
674	770	771	9	3.325	-3	5.1
675	772	773	11	11.15	-3	5.83333333333333
676	0	0	0	0	-1	7
677	774	775	1	10.2	-3	6.1
678	0	0	0	0	-1	5.6
679	0	0	0	0	-1	5
680	0	0	0	0	-1	6
681	776	777	1	7.95	-3	6
682	0	0	0	0	-1	6
683	778	779	7	0	-3	6
684	0	0	0	0	-1	6
685	780	781	11	11.15	-3	6
686	782	783	3	0.545	-3	5.97959183673469
687	0	0	0	0	-1	5
688	784	785	1	9.2	-3	6.28571428571429
689	786	787	8	0.99351	-3	6
690	0	0	0	0	-1	7.33333333333333
691	0	0	0	0	-1	7
692	0	0	0	0	-1	6
693	788	789	6	9.5	-3	6.90909090909091
694	0	0	0	0	-1	5
695	0	0	0	0	-1	5
696	790	791	7	0.485	-3	5
697	792	793	5	0.09	-3	5
698	0	0	0	0	-1	4
699	0	0	0	0	-1	5
700	0	0	0	0	-1	5
701	0	0	0	0	-1	5
702	0	0	0	0	-1	5
703	794	795	7	0	-3	5
704	0	0	0	0	-1	5
705	796	797	2	0	-3	5
706	0	0	0	0	-1	5
707	0	0	0	0	-1	5
708	0	0	0	0	-1	6
709	798	799	11	9.55	-3	6
710	0	0	0	0	-1	5
711	800	801	2	0	-3	5
712	0	0	0	0	-1	4
713	0	0	0	0	-1	5
714	0	0	0	0	-1	6
715	802	803	9	3.19	-3	5
716	0	0	0	0	-1	5
717	804	805	2	0	-3	5
718	0	0	0	0	-1	6
719	0	0	0	0	-1	5
720	0	0	0	0	-1	5
721	806	807	6	0	-3	5
722	0	0	0	0	-1	6
723	808	809	6	8.5	-3	5
724	0	0	0	0	-1	7
725	810	811	3	0.25	-3	5
726	0	0	0	0	-1	6
727	812	813	4	0	-3	6
728	0	0	0	0	-1	7
729	814	815	8	0	-3	6
730	816	817	5	0.077	-3	5.71428571428571
731	818	819	7	77	-3	5.11764705882353
732	820	821	1	6.3	-3	5.83333333333333
733	822	823	9	3.375	-3	5.51515151515152
734	824	825	5	0.0905	-3	5.81818181818182
735	826	827	5	0.1465	-3	5.13333333333333
736	828	829	1	7.25	-3	5
737	0	0	0	0	-1	5.2
738	0	0	0	0	-1	5
739	830	831	2	0.49	-3	5
740	0	0	0	0	-1	5
741	0	0	0	0	-1	5
742	0	0	0	0	-1	6
743	0	0	0	0	-1	6
744	832	833	6	6.5	-3	5
745	834	835	4	2.5	-3	5.375
746	0	0	0	0	-1	6
747	836	837	4	0	-3	5
748	0	0	0	0	-1	5
749	0	0	0	0	-1	5
750	0	0	0	0	-1	6
751	838	839	7	0	-3	6
752	0	0	0	0	-1	6
753	0	0	0	0	-1	5.4
754	0	0	0	0	-1	6
755	840	841	11	10.15	-3	6
756	0	0	0	0	-1	6
757	0	0	0	0	-1	5.5
758	0	0	0	0	-1	5
759	842	843	8	0.99558	-3	5.66666666666667
760	0	0	0	0	-1	6
761	844	845	4	0	-3	6
762	0	0	0	0	-1	7
763	0	0	0	0	-1	7
764	0	0	0	0	-1	6
765	0	0	0	0	-1	7
766	846	847	8	0.99967	-3	6
767	0	0	0	0	-1	6
768	0	0	0	0	-1	7
769	0	0	0	0	-1	6.6
770	0	0	0	0	-1	6
771	848	849	3	0.355	-3	5
772	850	851	11	10.85	-3	5.72727272727273
773	0	0	0	0	-1	7
774	0	0	0	0	-1	6.5
775	852	853	1	11.35	-3	6
776	0	0	0	0	-1	6
777	0	0	0	0	-1	6
778	0	0	0	0	-1	6
779	854	855	11	10.5	-3	6
780	0	0	0	0	-1	6
781	0	0	0	0	-1	6
782	856	857	1	8.8	-3	6.04651162790698
783	858	859	9	3.19	-3	5.5
784	0	0	0	0	-1	7
785	0	0	0	0	-1	6
786	0	0	0	0	-1	6
787	860	861	9	3.225	-3	6
788	0	0	0	0	-1	6.66666666666667
789	862	863	5	0.073	-3	6.94736842105263
790	0	0	0	0	-1	5
791	864	865	11	9.25	-3	5
792	866	867	8	0	-3	5
793	0	0	0	0	-1	5
794	0	0	0	0	-1	6
795	0	0	0	0	-1	5
796	0	0	0	0	-1	6
797	868	869	3	0.0705	-3	5
798	0	0	0	0	-1	6
799	870	871	1	8.05	-3	6
800	0	0	0	0	-1	5
801	0	0	0	0	-1	5
802	872	873	11	0	-3	5
803	0	0	0	0	-1	5
804	0	0	0	0	-1	5
805	0	0	0	0	-1	5
806	0	0	0	0	-1	6
807	0	0	0	0	-1	5
808	0	0	0	0	-1	5
809	0	0	0	0	-1	5
810	0	0	0	0	-1	5
811	0	0	0	0	-1	5
812	0	0	0	0	-1	5
813	0	0	0	0	-1	6
814	0	0	0	0	-1	7
815	0	0	0	0	-1	6
816	0	0	0	0	-1	6
817	0	0	0	0	-1	5
818	0	0	0	0	-1	5
819	0	0	0	0	-1	6
820	0	0	0	0	-1	5
821	874	875	5	0.084	-3	5.8695652173913
822	876	877	5	0.0775	-3	5.9375
823	878	879	10	0.66	-3	5.38
824	0	0	0	0	-1	5
825	880	881	6	6.5	-3	6
826	882	883	9	3.425	-3	5.07142857142857
827	0	0	0	0	-1	6
828	0	0	0	0	-1	5
829	884	885	2	0	-3	5
830	0	0	0	0	-1	5
831	0	0	0	0	-1	5
832	0	0	0	0	-1	5
833	0	0	0	0	-1	5
834	886	887	7	24	-3	5.75
835	888	889	8	0.996295	-3	5
836	0	0	0	0	-1	6
837	890	891	5	0.0945	-3	5
838	0	0	0	0	-1	5
839	0	0	0	0	-1	6
840	0	0	0	0	-1	6
841	892	893	7	0	-3	6
842	0	0	0	0	-1	6
843	0	0	0	0	-1	5.25
844	0	0	0	0	-1	6
845	894	895	5	0.0755	-3	6
846	896	897	9	3.245	-3	6
847	0	0	0	0	-1	6
848	0	0	0	0	-1	5
849	0	0	0	0	-1	5
850	0	0	0	0	-1	6.2
851	898	899	9	3.41	-3	5.33333333333333
852	0	0	0	0	-1	6
853	0	0	0	0	-1	6
854	0	0	0	0	-1	6
855	0	0	0	0	-1	6
856	900	901	5	0.0895	-3	6.08333333333333
857	902	903	11	10.1	-3	6
858	0	0	0	0	-1	6
859	0	0	0	0	-1	5.25
860	0	0	0	0	-1	6
861	0	0	0	0	-1	6
862	0	0	0	0	-1	6.66666666666667
863	904	905	1	0	-3	7
864	0	0	0	0	-1	5
865	0	0	0	0	-1	5
866	0	0	0	0	-1	5
867	0	0	0	0	-1	5
868	0	0	0	0	-1	5
869	0	0	0	0	-1	5
870	0	0	0	0	-1	6
871	0	0	0	0	-1	6
872	0	0	0	0	-1	5
873	0	0	0	0	-1	5
874	906	907	2	0.6475	-3	5.81818181818182
875	0	0	0	0	-1	7
876	0	0	0	0	-1	5.5
877	0	0	0	0	-1	6
878	908	909	7	85.5	-3	5.26470588235294
879	910	911	1	6.95	-3	5.625
880	0	0	0	0	-1	6
881	912	913	11	0	-3	6
882	914	915	1	7.75	-3	5
883	0	0	0	0	-1	5.5
884	0	0	0	0	-1	4
885	0	0	0	0	-1	5
886	916	917	2	0.6925	-3	6
887	0	0	0	0	-1	5
888	0	0	0	0	-1	5
889	918	919	8	0	-3	5
890	0	0	0	0	-1	5
891	0	0	0	0	-1	5
892	0	0	0	0	-1	7
893	920	921	9	3.235	-3	6
894	0	0	0	0	-1	6
895	922	923	7	37.5	-3	6
896	924	925	9	0	-3	6
897	0	0	0	0	-1	6
898	0	0	0	0	-1	5
899	0	0	0	0	-1	6
900	926	927	9	3.315	-3	6
901	0	0	0	0	-1	6.4
902	0	0	0	0	-1	6
903	928	929	11	10.75	-3	6
904	0	0	0	0	-1	6
905	0	0	0	0	-1	7
906	930	931	5	0.063	-3	5.85714285714286
907	0	0	0	0	-1	5
908	932	933	9	3.56	-3	5.14285714285714
909	934	935	4	2.55	-3	5.83333333333333
910	936	937	9	3.465	-3	5.33333333333333
911	938	939	6	17.5	-3	5.8
912	0	0	0	0	-1	6
913	940	941	6	9.5	-3	6
914	0	0	0	0	-1	5
915	942	943	1	9.15	-3	5
916	0	0	0	0	-1	6
917	0	0	0	0	-1	6
918	0	0	0	0	-1	5
919	0	0	0	0	-1	5
920	0	0	0	0	-1	6
921	0	0	0	0	-1	6
922	944	945	9	3.27	-3	6
923	946	947	7	64.5	-3	6
924	0	0	0	0	-1	5
925	948	949	7	21	-3	6
926	950	951	7	53.5	-3	6
927	0	0	0	0	-1	6
928	0	0	0	0	-1	6
929	952	953	7	32	-3	6
930	0	0	0	0	-1	5.6
931	954	955	11	9.25	-3	5.9375
932	956	957	2	0.38	-3	5.11111111111111
933	0	0	0	0	-1	6
934	0	0	0	0	-1	6
935	0	0	0	0	-1	5
936	0	0	0	0	-1	5
937	0	0	0	0	-1	6
938	958	959	4	1.95	-3	6
939	0	0	0	0	-1	5
940	0	0	0	0	-1	6
941	0	0	0	0	-1	6
942	0	0	0	0	-1	5
943	960	961	5	0	-3	5
944	0	0	0	0	-1	6
945	962	963	2	0.525	-3	6
946	964	965	4	12.5	-3	6
947	0	0	0	0	-1	6
948	0	0	0	0	-1	6
949	0	0	0	0	-1	6
950	0	0	0	0	-1	6
951	966	967	4	2.15	-3	6
952	0	0	0	0	-1	6
953	0	0	0	0	-1	6
954	0	0	0	0	-1	5
955	968	969	3	0.135	-3	6
956	0	0	0	0	-1	6
957	970	971	11	9.1	-3	5.04
958	0	0	0	0	-1	6
959	972	973	3	0.1	-3	6
960	0	0	0	0	-1	6
961	974	975	6	30	-3	5
962	0	0	0	0	-1	6
963	976	977	8	0.99646	-3	6
964	978	979	5	0.0845	-3	6
965	0	0	0	0	-1	6
966	0	0	0	0	-1	6
967	0	0	0	0	-1	6
968	0	0	0	0	-1	6
969	980	981	8	0.99695	-3	6
970	982	983	6	20.5	-3	5.16666666666667
971	984	985	7	59	-3	5
972	0	0	0	0	-1	6
973	0	0	0	0	-1	6
974	0	0	0	0	-1	5
975	0	0	0	0	-1	5
976	0	0	0	0	-1	6
977	0	0	0	0	-1	6
978	0	0	0	0	-1	6
979	986	987	8	0	-3	6
980	0	0	0	0	-1	6
981	0	0	0	0	-1	6
982	0	0	0	0	-1	6
983	0	0	0	0	-1	5
984	988	989	8	0.997825	-3	5
985	990	991	3	0	-3	5
986	0	0	0	0	-1	5
987	992	993	2	0.535	-3	6
988	994	995	3	0	-3	5
989	0	0	0	0	-1	5
990	0	0	0	0	-1	6
991	0	0	0	0	-1	5
992	0	0	0	0	-1	6
993	0	0	0	0	-1	6
994	0	0	0	0	-1	5
995	0	0	0	0	-1	5
