1	2	3	2	0.425	-3	5.63414634146342
2	4	5	10	0.635	-3	6.05210420841683
3	6	7	10	0.575	-3	5.44454545454545
4	8	9	7	15	-3	5.59322033898305
5	10	11	8	0.99553	-3	6.30434782608695
6	12	13	8	1.0007	-3	5.12814645308924
7	14	15	11	10.55	-3	5.65309200603318
8	16	17	10	0.555	-3	6.1
9	18	19	5	0.052	-3	5.48979591836735
10	20	21	11	12.45	-3	6.72916666666667
11	22	23	1	7.55	-3	6.12389380530973
12	24	25	10	0.555	-3	5.14285714285714
13	0	0	0	0	-1	3
14	26	27	1	5.75	-3	5.38862559241706
15	28	29	8	0.99248	-3	6.11618257261411
16	30	31	3	0.455	-3	6.44444444444444
17	32	33	2	0.335	-3	5.58333333333333
18	34	35	2	0.25	-3	6.25
19	36	37	11	11.6	-3	5.44604316546763
20	38	39	9	3.16	-3	6.6231884057971
21	40	41	6	26	-3	7
22	42	43	6	33.5	-3	5.62962962962963
23	44	45	4	5.35	-3	6.19095477386935
24	46	47	7	11.5	-3	5.08187134502924
25	48	49	3	0.285	-3	5.36956521739131
26	0	0	0	0	-1	4
27	50	51	11	9.975	-3	5.40191387559809
28	52	53	1	5.45	-3	7.5
29	54	55	4	5.175	-3	6.06866952789699
30	56	57	9	3.375	-3	6.72727272727273
31	58	59	3	0	-3	6
32	0	0	0	0	-1	6.75
33	60	61	9	3.25	-3	5
34	0	0	0	0	-1	5.75
35	0	0	0	0	-1	6.75
36	62	63	5	0.0575	-3	5.3739837398374
37	64	65	4	2.3	-3	6
38	66	67	9	3.145	-3	6.16666666666667
39	68	69	5	0.0605	-3	6.66666666666667
40	70	71	10	0.695	-3	7.125
41	0	0	0	0	-1	6
42	72	73	1	6.2	-3	5.77272727272727
43	0	0	0	0	-1	5
44	74	75	11	10.75	-3	6.16580310880829
45	76	77	5	0.0675	-3	7
46	78	79	2	0.8725	-3	4.46153846153846
47	80	81	2	0.7875	-3	5.1063829787234
48	82	83	8	0.99345	-3	5.546875
49	84	85	4	2.15	-3	4.96428571428571
50	86	87	11	9.925	-3	5.29963898916967
51	88	89	10	0.655	-3	5.60283687943262
52	0	0	0	0	-1	7
53	0	0	0	0	-1	8
54	90	91	11	11.55	-3	6.01793721973094
55	92	93	2	0.605	-3	7.2
56	94	95	8	0.99488	-3	6.88888888888889
57	0	0	0	0	-1	6
58	0	0	0	0	-1	6
59	96	97	4	2.15	-3	6
60	0	0	0	0	-1	6
61	98	99	7	10.5	-3	4.66666666666667
62	0	0	0	0	-1	4
63	100	101	4	2.25	-3	5.39669421487603
64	0	0	0	0	-1	6
65	102	103	6	7.5	-3	6
66	0	0	0	0	-1	6.5
67	0	0	0	0	-1	6
68	104	105	1	8.95	-3	6.33333333333333
69	106	107	5	0.143	-3	6.8
70	0	0	0	0	-1	8
71	108	109	9	3.715	-3	7.08695652173913
72	0	0	0	0	-1	5
73	110	111	10	0.645	-3	5.89473684210526
74	112	113	7	81.5	-3	5.91
75	114	115	7	31.5	-3	6.44086021505376
76	0	0	0	0	-1	7
77	0	0	0	0	-1	7
78	116	117	10	0.545	-3	4.9
79	0	0	0	0	-1	3
80	118	119	11	10.35	-3	5.15037593984962
81	120	121	11	9.1	-3	4.92063492063492
82	0	0	0	0	-1	4
83	122	123	8	0.99569	-3	5.59677419354839
84	124	125	6	18	-3	4.28571428571429
85	126	127	8	1	-3	5.19047619047619
86	128	129	7	39.5	-3	5.31636363636364
87	0	0	0	0	-1	3
88	130	131	6	6.5	-3	5.75324675324675
89	132	133	6	8.5	-3	5.421875
90	134	135	8	0.99429	-3	5.88666666666667
91	136	137	3	0.73	-3	6.28767123287671
92	138	139	9	0.99652	-3	7
93	0	0	0	0	-1	8
94	140	141	3	0.42	-3	7
95	0	0	0	0	-1	6.5
96	0	0	0	0	-1	6
97	0	0	0	0	-1	6
98	0	0	0	0	-1	4.33333333333333
99	0	0	0	0	-1	5
100	142	143	7	66	-3	5.52173913043478
101	144	145	4	8.9	-3	5.23076923076923
102	146	147	5	0.0775	-3	6
103	0	0	0	0	-1	6
104	148	149	7	20	-3	6.2
105	0	0	0	0	-1	7
106	150	151	2	0.38	-3	6.85714285714286
107	0	0	0	0	-1	6
108	152	153	6	0	-3	7
109	0	0	0	0	-1	8
110	0	0	0	0	-1	5
111	154	155	2	0.275	-3	6
112	156	157	1	11.55	-3	5.98913043478261
113	158	159	1	8.1	-3	5
114	160	161	9	3.165	-3	6.70175438596491
115	162	163	7	63.5	-3	6.02777777777778
116	164	165	4	0.995045	-3	5
117	0	0	0	0	-1	4
118	166	167	2	0.7825	-3	5.09606986899563
119	168	169	3	0.035	-3	5.48648648648649
120	0	0	0	0	-1	6
121	170	171	3	0.04	-3	4.88524590163935
122	172	173	9	3.595	-3	6.41666666666667
123	174	175	8	0.99835	-3	5.4
124	0	0	0	0	-1	4
125	0	0	0	0	-1	5
126	176	177	9	3.11	-3	5.05555555555556
127	0	0	0	0	-1	6
128	178	179	8	0.996675	-3	5.53658536585366
129	180	181	4	1.65	-3	5.13815789473684
130	182	183	3	0.45	-3	5.1
131	184	185	5	0.0625	-3	5.85074626865672
132	186	187	11	10.15	-3	5.75
133	188	189	10	0.725	-3	5.27272727272727
134	190	191	8	0.99343	-3	5
135	192	193	7	73.5	-3	5.93661971830986
136	194	195	8	0.99257	-3	6.30555555555556
137	0	0	0	0	-1	5
138	0	0	0	0	-1	6
139	196	197	10	0.635	-3	7
140	0	0	0	0	-1	7
141	0	0	0	0	-1	7
142	198	199	8	0.996115	-3	5.56896551724138
143	200	201	6	32	-3	5.27272727272727
144	202	203	10	0.6	-3	5.2
145	0	0	0	0	-1	6
146	0	0	0	0	-1	6
147	0	0	0	0	-1	6
148	0	0	0	0	-1	7
149	204	205	6	29.5	-3	6.07692307692308
150	206	207	4	2.6	-3	6.9375
151	208	209	8	0.99538	-3	6.6
152	0	0	0	0	-1	6
153	210	211	5	0	-3	7
154	0	0	0	0	-1	6.25
155	212	213	11	10.8	-3	5.92307692307692
156	214	215	3	0.385	-3	5.86301369863014
157	216	217	4	2.35	-3	6.47368421052632
158	0	0	0	0	-1	5
159	218	219	2	0	-3	5
160	220	221	9	3.145	-3	7.21428571428571
161	222	223	11	10.85	-3	6.53488372093023
162	224	225	9	3.345	-3	5.93548387096774
163	0	0	0	0	-1	6.6
164	0	0	0	0	-1	4
165	226	227	8	0.993555	-3	5
166	228	229	5	0.0705	-3	5.08810572687224
167	0	0	0	0	-1	6
168	230	231	1	6.35	-3	6
169	232	233	5	0.0775	-3	5.26923076923077
170	234	235	9	3.58	-3	5.1
171	236	237	5	0.0595	-3	4.78048780487805
172	238	239	8	0.99496	-3	6.55555555555556
173	0	0	0	0	-1	6
174	240	241	5	0.0675	-3	5.25
175	242	243	2	0.52	-3	6
176	0	0	0	0	-1	5.2
177	0	0	0	0	-1	5
178	244	245	4	1.35	-3	5.33333333333333
179	246	247	10	0.625	-3	5.62068965517241
180	248	249	11	9.85	-3	4.8125
181	250	251	4	2.95	-3	5.1764705882353
182	252	253	3	0.11	-3	5.375
183	0	0	0	0	-1	4
184	0	0	0	0	-1	6.5
185	254	255	7	83	-3	5.80952380952381
186	0	0	0	0	-1	6.75
187	256	257	1	9.5	-3	5.5
188	258	259	4	1.95	-3	5.08
189	260	261	7	50.5	-3	5.52631578947368
190	0	0	0	0	-1	5
191	0	0	0	0	-1	5
192	262	263	1	15.55	-3	5.97810218978102
193	0	0	0	0	-1	4.8
194	0	0	0	0	-1	5
195	264	265	6	28	-3	6.36231884057971
196	0	0	0	0	-1	7
197	0	0	0	0	-1	7
198	266	267	8	0.99573	-3	5.35714285714286
199	268	269	8	0.99727	-3	5.76666666666667
200	270	271	2	0.36	-3	5.125
201	0	0	0	0	-1	5.66666666666667
202	272	273	9	3.28	-3	5.10526315789474
203	274	275	11	10.45	-3	5.5
204	0	0	0	0	-1	6
205	0	0	0	0	-1	6.5
206	276	277	8	0.994375	-3	7
207	0	0	0	0	-1	6.6
208	278	279	7	51.5	-3	6.33333333333333
209	0	0	0	0	-1	7
210	0	0	0	0	-1	6
211	280	281	6	0	-3	7
212	282	283	2	0.405	-3	6
213	0	0	0	0	-1	5.66666666666667
214	284	285	1	9.5	-3	6.36842105263158
215	286	287	5	0.058	-3	5.68518518518519
216	288	289	3	0.64	-3	6.8
217	290	291	11	10.5	-3	6.11111111111111
218	0	0	0	0	-1	5
219	292	293	3	10.65	-3	5
220	294	295	2	0.385	-3	6.75
221	296	297	8	0.9975	-3	7.83333333333333
222	0	0	0	0	-1	7
223	298	299	6	8.5	-3	6.47368421052632
224	300	301	7	51.5	-3	5.85185185185185
225	0	0	0	0	-1	6.5
226	0	0	0	0	-1	5
227	302	303	4	0	-3	5
228	304	305	9	3.295	-3	5.30769230769231
229	306	307	11	9.075	-3	5.05970149253731
230	0	0	0	0	-1	5
231	308	309	6	9.5	-3	6.1
232	310	311	3	0.095	-3	4.8
233	312	313	4	2.95	-3	5.5625
234	314	315	4	2	-3	5.05263157894737
235	0	0	0	0	-1	6
236	316	317	3	0.135	-3	5.33333333333333
237	318	319	10	0.545	-3	4.68571428571429
238	0	0	0	0	-1	6
239	0	0	0	0	-1	7
240	0	0	0	0	-1	4.8
241	320	321	2	0.625	-3	5.31428571428571
242	0	0	0	0	-1	6
243	322	323	7	31.5	-3	6
244	0	0	0	0	-1	4
245	324	325	3	0.03	-3	5.41176470588235
246	326	327	5	0.062	-3	5.88
247	328	329	8	0.99716	-3	5.51612903225806
248	330	331	8	0.99711	-3	4.92857142857143
249	0	0	0	0	-1	4
250	332	333	10	0.585	-3	5.23148148148148
251	334	335	7	70	-3	4.96428571428571
252	0	0	0	0	-1	5
253	0	0	0	0	-1	5.75
254	336	337	9	3.505	-3	5.82258064516129
255	0	0	0	0	-1	5
256	338	339	3	0.305	-3	5.88888888888889
257	340	341	8	0	-3	5
258	342	343	2	0.54	-3	5.22222222222222
259	344	345	8	0.99763	-3	5
260	346	347	6	10.5	-3	5.88888888888889
261	348	349	10	1.265	-3	5.2
262	350	351	1	13.7	-3	5.96296296296296
263	0	0	0	0	-1	7
264	352	353	7	39	-3	6.28333333333333
265	354	355	10	0.77	-3	6.88888888888889
266	356	357	1	6.4	-3	5.58823529411765
267	358	359	2	0.405	-3	5
268	360	361	7	44	-3	5.93333333333333
269	362	363	4	2.05	-3	5.6
270	0	0	0	0	-1	5
271	0	0	0	0	-1	6
272	364	365	4	2.4	-3	5
273	366	367	10	0.535	-3	5.57142857142857
274	368	369	1	7.1	-3	5.14285714285714
275	0	0	0	0	-1	6
276	0	0	0	0	-1	8
277	370	371	8	0.994575	-3	6.96153846153846
278	0	0	0	0	-1	6
279	0	0	0	0	-1	7
280	0	0	0	0	-1	6
281	0	0	0	0	-1	7
282	372	373	10	27.5	-3	6
283	0	0	0	0	-1	6
284	374	375	5	0.0735	-3	6.2
285	0	0	0	0	-1	7
286	0	0	0	0	-1	6.4
287	376	377	3	0.545	-3	5.61224489795918
288	378	379	6	8.5	-3	6.88888888888889
289	0	0	0	0	-1	6
290	380	381	9	3.14	-3	6
291	0	0	0	0	-1	7
292	0	0	0	0	-1	5
293	0	0	0	0	-1	5
294	382	383	8	0.9967	-3	7
295	0	0	0	0	-1	6
296	0	0	0	0	-1	8
297	0	0	0	0	-1	7
298	384	385	6	3.5	-3	6.36666666666667
299	386	387	5	0.0745	-3	6.875
300	388	389	5	0.1065	-3	5.91304347826087
301	0	0	0	0	-1	5.5
302	0	0	0	0	-1	5
303	390	391	4	10	-3	5
304	392	393	9	3.195	-3	5.5
305	394	395	9	3.31	-3	5
306	0	0	0	0	-1	4.5
307	396	397	7	26.5	-3	5.07106598984771
308	0	0	0	0	-1	7
309	398	399	8	0.99426	-3	6
310	0	0	0	0	-1	4.6
311	0	0	0	0	-1	5
312	400	401	2	0.5	-3	5.3
313	402	403	6	7	-3	6
314	0	0	0	0	-1	5.2
315	0	0	0	0	-1	5
316	0	0	0	0	-1	6
317	0	0	0	0	-1	5
318	404	405	3	0.075	-3	4.78787878787879
319	0	0	0	0	-1	3
320	406	407	1	7.9	-3	5.55555555555556
321	408	409	11	9.9	-3	5.05882352941176
322	0	0	0	0	-1	6
323	0	0	0	0	-1	6
324	410	411	1	7.4	-3	5.125
325	412	413	11	9.75	-3	5.5
326	0	0	0	0	-1	5
327	414	415	11	9.45	-3	5.91666666666667
328	416	417	9	3.205	-3	5
329	418	419	2	0.545	-3	5.59259259259259
330	0	0	0	0	-1	5
331	0	0	0	0	-1	4
332	420	421	7	88	-3	5.75
333	422	423	1	7.85	-3	5.16666666666667
334	0	0	0	0	-1	4
335	424	425	11	9.1	-3	5.08
336	426	427	9	3.445	-3	5.77966101694915
337	0	0	0	0	-1	6.66666666666667
338	428	429	9	3.265	-3	6
339	0	0	0	0	-1	5
340	0	0	0	0	-1	6
341	430	431	5	0.1215	-3	5
342	0	0	0	0	-1	6
343	0	0	0	0	-1	5
344	432	433	4	2.4	-3	5
345	434	435	2	0	-3	5
346	0	0	0	0	-1	5
347	436	437	11	0.99885	-3	6
348	438	439	3	0.275	-3	5
349	0	0	0	0	-1	6
350	440	441	4	4.975	-3	5.98484848484849
351	0	0	0	0	-1	5
352	442	443	1	6.45	-3	6.41860465116279
353	444	445	11	12.95	-3	5.94117647058824
354	0	0	0	0	-1	7.6
355	0	0	0	0	-1	6
356	0	0	0	0	-1	5
357	446	447	11	11.35	-3	5.76923076923077
358	448	449	2	0.385	-3	5
359	0	0	0	0	-1	5
360	0	0	0	0	-1	5.75
361	450	451	11	9.45	-3	6
362	452	453	3	0.375	-3	5.33333333333333
363	454	455	1	11.6	-3	6
364	0	0	0	0	-1	5
365	456	457	4	2.75	-3	5
366	0	0	0	0	-1	6
367	0	0	0	0	-1	5.25
368	0	0	0	0	-1	6
369	458	459	7	2.35	-3	5
370	0	0	0	0	-1	6
371	0	0	0	0	-1	7
372	460	461	2	0	-3	6
373	0	0	0	0	-1	6
374	462	463	1	8.5	-3	6.33333333333333
375	464	465	8	0.997285	-3	6
376	466	467	2	0.3	-3	5.74285714285714
377	468	469	2	0.275	-3	5.28571428571429
378	0	0	0	0	-1	6
379	470	471	3	0.455	-3	7
380	472	473	1	12.95	-3	6
381	0	0	0	0	-1	6
382	0	0	0	0	-1	7
383	0	0	0	0	-1	7
384	0	0	0	0	-1	7
385	474	475	5	0.0765	-3	6.32142857142857
386	0	0	0	0	-1	6
387	476	477	3	0.51	-3	7
388	478	479	1	9.95	-3	6
389	0	0	0	0	-1	5.6
390	0	0	0	0	-1	5
391	0	0	0	0	-1	5
392	480	481	8	0.9979	-3	5.14285714285714
393	482	483	6	9.5	-3	5.77777777777778
394	0	0	0	0	-1	5
395	484	485	10	0	-3	5
396	486	487	2	0.7275	-3	4.91489361702128
397	488	489	5	0.09	-3	5.12
398	0	0	0	0	-1	6
399	0	0	0	0	-1	6
400	0	0	0	0	-1	6
401	0	0	0	0	-1	5
402	0	0	0	0	-1	6
403	0	0	0	0	-1	6
404	0	0	0	0	-1	3.66666666666667
405	490	491	6	9	-3	4.9
406	492	493	9	3.22	-3	5.81818181818182
407	494	495	7	33	-3	5.14285714285714
408	496	497	6	10.5	-3	5
409	0	0	0	0	-1	5.5
410	0	0	0	0	-1	5
411	0	0	0	0	-1	5.33333333333333
412	498	499	1	6.65	-3	5.35
413	500	501	8	0.9956	-3	6
414	502	503	5	0.0925	-3	5.81818181818182
415	0	0	0	0	-1	7
416	0	0	0	0	-1	5
417	504	505	4	0	-3	5
418	506	507	3	0.45	-3	5.91666666666667
419	508	509	9	3.64	-3	5.5
420	0	0	0	0	-1	5.4
421	510	511	5	0	-3	6
422	512	513	6	20.5	-3	5.04081632653061
423	514	515	2	0.435	-3	5.29787234042553
424	0	0	0	0	-1	6
425	516	517	2	0.585	-3	5
426	518	519	2	0.8575	-3	5.82142857142857
427	0	0	0	0	-1	5
428	0	0	0	0	-1	6
429	0	0	0	0	-1	6
430	0	0	0	0	-1	5
431	0	0	0	0	-1	5
432	0	0	0	0	-1	5
433	520	521	11	0	-3	5
434	0	0	0	0	-1	6
435	0	0	0	0	-1	5
436	0	0	0	0	-1	5
437	522	523	5	10.1	-3	6
438	0	0	0	0	-1	5
439	524	525	6	0	-3	5
440	526	527	2	1.0075	-3	5.99236641221374
441	0	0	0	0	-1	5
442	528	529	5	0.084	-3	6.09090909090909
443	530	531	4	2.3	-3	6.53125
444	0	0	0	0	-1	6
445	0	0	0	0	-1	5
446	532	533	9	3.365	-3	5.90909090909091
447	0	0	0	0	-1	5
448	0	0	0	0	-1	5
449	0	0	0	0	-1	5
450	0	0	0	0	-1	6
451	534	535	11	10.8	-3	6
452	0	0	0	0	-1	6
453	536	537	10	0.575	-3	5.14285714285714
454	0	0	0	0	-1	6
455	0	0	0	0	-1	6
456	538	539	4	94.5	-3	5
457	540	541	4	0	-3	5
458	0	0	0	0	-1	6
459	0	0	0	0	-1	5
460	0	0	0	0	-1	7
461	542	543	9	3.35	-3	6
462	0	0	0	0	-1	7
463	544	545	5	0.069	-3	6.14285714285714
464	0	0	0	0	-1	6
465	0	0	0	0	-1	6
466	546	547	6	10.5	-3	5.61111111111111
467	548	549	3	0.405	-3	5.88235294117647
468	0	0	0	0	-1	7
469	550	551	8	0.9995	-3	5.15384615384615
470	0	0	0	0	-1	7
471	552	553	5	0.064	-3	7
472	0	0	0	0	-1	6
473	0	0	0	0	-1	6
474	554	555	10	1.095	-3	6.07692307692308
475	556	557	2	0.335	-3	6.53333333333333
476	0	0	0	0	-1	7
477	0	0	0	0	-1	7
478	0	0	0	0	-1	6
479	558	559	5	0.096	-3	6
480	560	561	7	0	-3	5
481	0	0	0	0	-1	6
482	0	0	0	0	-1	5.33333333333333
483	562	563	3	0.295	-3	6
484	0	0	0	0	-1	7
485	564	565	9	3.34	-3	5
486	566	567	8	0.99603	-3	5
487	568	569	4	2.9	-3	4.33333333333333
488	570	571	7	28.5	-3	5.08256880733945
489	572	573	3	0.13	-3	5.21951219512195
490	0	0	0	0	-1	4.6
491	574	575	6	11.5	-3	4.96
492	0	0	0	0	-1	5
493	576	577	8	0.99595	-3	6
494	0	0	0	0	-1	6
495	578	579	4	3.245	-3	5
496	580	581	11	0	-3	5
497	582	583	7	0	-3	5
498	0	0	0	0	-1	6
499	584	585	6	11.5	-3	5.1875
500	0	0	0	0	-1	6
501	0	0	0	0	-1	6
502	586	587	9	3.33	-3	5.6
503	588	589	2	0.6725	-3	6
504	0	0	0	0	-1	5
505	0	0	0	0	-1	5
506	590	591	8	0.9982	-3	6
507	0	0	0	0	-1	5
508	592	593	3	0.12	-3	5.63636363636364
509	594	595	9	0.64	-3	5
510	0	0	0	0	-1	5
511	596	597	9	3.235	-3	6
512	598	599	7	95.5	-3	5
513	600	601	7	50	-3	5.11111111111111
514	0	0	0	0	-1	6
515	602	603	10	1.305	-3	5.25
516	604	605	11	0	-3	5
517	606	607	4	7.55	-3	5
518	608	609	9	3.305	-3	5.8
519	0	0	0	0	-1	7
520	0	0	0	0	-1	5
521	610	611	5	0.076	-3	5
522	612	613	10	0.875	-3	6
523	0	0	0	0	-1	6
524	0	0	0	0	-1	6
525	614	615	2	0.55	-3	5
526	616	617	9	3.57	-3	6.00769230769231
527	0	0	0	0	-1	4
528	618	619	8	0.99491	-3	6
529	0	0	0	0	-1	7
530	620	621	1	10.15	-3	6
531	622	623	1	11.5	-3	6.65384615384615
532	624	625	9	3.325	-3	6
533	0	0	0	0	-1	5
534	0	0	0	0	-1	6
535	0	0	0	0	-1	6
536	0	0	0	0	-1	5
537	0	0	0	0	-1	5.33333333333333
538	626	627	7	46.5	-3	5
539	0	0	0	0	-1	5
540	0	0	0	0	-1	6
541	628	629	6	15	-3	5
542	0	0	0	0	-1	6
543	0	0	0	0	-1	6
544	630	631	8	0.99743	-3	6
545	0	0	0	0	-1	7
546	632	633	4	3.45	-3	5.22222222222222
547	634	635	10	0.805	-3	6
548	0	0	0	0	-1	5.33333333333333
549	636	637	4	2.05	-3	6
550	638	639	1	11.2	-3	5.08333333333333
551	0	0	0	0	-1	6
552	0	0	0	0	-1	7
553	0	0	0	0	-1	7
554	640	641	10	0.77	-3	6
555	0	0	0	0	-1	7
556	642	643	10	0.76	-3	7
557	644	645	8	0.996715	-3	6.125
558	646	647	3	0.365	-3	6
559	0	0	0	0	-1	6
560	0	0	0	0	-1	6
561	0	0	0	0	-1	5
562	0	0	0	0	-1	6
563	0	0	0	0	-1	6
564	0	0	0	0	-1	5
565	0	0	0	0	-1	5
566	0	0	0	0	-1	5
567	648	649	4	1.75	-3	5
568	0	0	0	0	-1	4
569	0	0	0	0	-1	5
570	650	651	4	2.1	-3	5.375
571	652	653	4	7.4	-3	5.05940594059406
572	654	655	8	0.995615	-3	5.42105263157895
573	656	657	9	3.21	-3	5.04545454545455
574	658	659	10	0.485	-3	4.83333333333333
575	660	661	7	59	-3	5
576	0	0	0	0	-1	6
577	0	0	0	0	-1	6
578	0	0	0	0	-1	5
579	0	0	0	0	-1	5
580	0	0	0	0	-1	5
581	662	663	6	5.5	-3	5
582	0	0	0	0	-1	7
583	0	0	0	0	-1	5
584	0	0	0	0	-1	5
585	664	665	4	2.15	-3	5.5
586	666	667	2	0.525	-3	5.75
587	0	0	0	0	-1	5
588	0	0	0	0	-1	6
589	0	0	0	0	-1	6
590	668	669	4	2.25	-3	6
591	0	0	0	0	-1	6
592	670	671	7	37.5	-3	5.9375
593	672	673	6	7	-3	5.35294117647059
594	0	0	0	0	-1	5
595	674	675	10	0.765	-3	5
596	0	0	0	0	-1	6
597	0	0	0	0	-1	6
598	676	677	3	0.025	-3	5
599	0	0	0	0	-1	5
600	0	0	0	0	-1	6
601	678	679	4	1.85	-3	5.05882352941176
602	680	681	8	0.997415	-3	5.175
603	0	0	0	0	-1	6
604	0	0	0	0	-1	7
605	0	0	0	0	-1	5
606	682	683	11	0	-3	5
607	0	0	0	0	-1	5
608	684	685	6	31.5	-3	6
609	686	687	8	0.99716	-3	5.66666666666667
610	0	0	0	0	-1	5
611	0	0	0	0	-1	5
612	0	0	0	0	-1	6
613	0	0	0	0	-1	6
614	0	0	0	0	-1	5
615	0	0	0	0	-1	5
616	688	689	9	3.315	-3	5.98387096774194
617	690	691	2	0.6075	-3	6.5
618	692	693	7	27.5	-3	6.14285714285714
619	0	0	0	0	-1	5.66666666666667
620	0	0	0	0	-1	6
621	0	0	0	0	-1	6
622	694	695	7	21	-3	6.77272727272727
623	0	0	0	0	-1	6
624	0	0	0	0	-1	6
625	0	0	0	0	-1	6
626	696	697	11	0	-3	5
627	0	0	0	0	-1	5
628	0	0	0	0	-1	5
629	0	0	0	0	-1	5
630	0	0	0	0	-1	6
631	0	0	0	0	-1	6
632	0	0	0	0	-1	5
633	0	0	0	0	-1	6
634	0	0	0	0	-1	6
635	698	699	11	9	-3	6
636	0	0	0	0	-1	6
637	700	701	3	0.5	-3	6
638	702	703	1	9.95	-3	5
639	0	0	0	0	-1	6
640	0	0	0	0	-1	6
641	0	0	0	0	-1	6
642	0	0	0	0	-1	7
643	0	0	0	0	-1	7
644	0	0	0	0	-1	6.33333333333333
645	0	0	0	0	-1	6
646	0	0	0	0	-1	6
647	704	705	2	0.28	-3	6
648	0	0	0	0	-1	5
649	706	707	5	0.086	-3	5
650	0	0	0	0	-1	6
651	0	0	0	0	-1	5
652	708	709	4	2.325	-3	5.05
653	0	0	0	0	-1	6
654	0	0	0	0	-1	5
655	710	711	1	6.85	-3	5.72727272727273
656	712	713	8	0.99715	-3	5
657	0	0	0	0	-1	5.25
658	0	0	0	0	-1	4.5
659	0	0	0	0	-1	5
660	714	715	9	0	-3	5
661	716	717	5	0.0805	-3	5
662	0	0	0	0	-1	5
663	718	719	4	0	-3	5
664	0	0	0	0	-1	5.25
665	0	0	0	0	-1	6
666	0	0	0	0	-1	5
667	720	721	4	2.55	-3	5.85714285714286
668	0	0	0	0	-1	6
669	0	0	0	0	-1	6
670	722	723	9	3.54	-3	6
671	0	0	0	0	-1	5
672	0	0	0	0	-1	6
673	724	725	10	0.695	-3	5.26666666666667
674	726	727	9	0	-3	5
675	0	0	0	0	-1	5
676	0	0	0	0	-1	5
677	728	729	10	0.615	-3	5
678	0	0	0	0	-1	5.2
679	730	731	7	90	-3	5
680	732	733	9	3.26	-3	5
681	734	735	3	0.29	-3	5.28
682	0	0	0	0	-1	7
683	736	737	10	0	-3	5
684	738	739	3	0.1	-3	6
685	0	0	0	0	-1	6
686	740	741	4	1.95	-3	5.8
687	742	743	7	29	-3	5.25
688	744	745	5	0.0565	-3	5.8936170212766
689	746	747	5	0.0895	-3	6.03896103896104
690	0	0	0	0	-1	6
691	0	0	0	0	-1	7
692	0	0	0	0	-1	6.5
693	0	0	0	0	-1	6
694	748	749	4	2.55	-3	6.55555555555556
695	750	751	11	12.65	-3	6.92307692307692
696	0	0	0	0	-1	5
697	752	753	4	2.65	-3	5
698	0	0	0	0	-1	5
699	0	0	0	0	-1	6
700	754	755	1	10.35	-3	6
701	0	0	0	0	-1	6
702	756	757	10	0.735	-3	5
703	0	0	0	0	-1	5
704	0	0	0	0	-1	6
705	0	0	0	0	-1	6
706	758	759	4	0	-3	5
707	760	761	1	0.095	-3	5
708	762	763	9	3.51	-3	5.10169491525424
709	764	765	1	8.75	-3	4.97560975609756
710	0	0	0	0	-1	5
711	766	767	1	9.15	-3	6
712	0	0	0	0	-1	5
713	768	769	7	0	-3	5
714	0	0	0	0	-1	6
715	0	0	0	0	-1	5
716	0	0	0	0	-1	5
717	0	0	0	0	-1	5
718	0	0	0	0	-1	7
719	770	771	8	0.99655	-3	5
720	0	0	0	0	-1	6
721	0	0	0	0	-1	5.5
722	772	773	2	0.64	-3	6
723	0	0	0	0	-1	6
724	774	775	7	23.5	-3	5
725	776	777	8	0.997695	-3	5.57142857142857
726	0	0	0	0	-1	6
727	778	779	10	0	-3	5
728	780	781	10	0.595	-3	5
729	0	0	0	0	-1	5
730	782	783	10	0	-3	5
731	0	0	0	0	-1	5
732	784	785	8	0.99733	-3	4.92857142857143
733	0	0	0	0	-1	6
734	786	787	1	8.65	-3	5.83333333333333
735	788	789	10	0.665	-3	5.10526315789474
736	0	0	0	0	-1	6
737	790	791	10	0.825	-3	5
738	0	0	0	0	-1	6
739	792	793	1	9.7	-3	6
740	0	0	0	0	-1	6
741	794	795	5	0.0935	-3	5.6875
742	0	0	0	0	-1	6
743	796	797	10	0	-3	5
744	0	0	0	0	-1	5
745	798	799	3	0.02	-3	5.93333333333333
746	800	801	9	3.34	-3	5.98412698412698
747	802	803	2	0.605	-3	6.28571428571429
748	0	0	0	0	-1	7
749	0	0	0	0	-1	6.2
750	804	805	11	11.85	-3	7
751	0	0	0	0	-1	6
752	0	0	0	0	-1	5
753	0	0	0	0	-1	5
754	0	0	0	0	-1	6
755	0	0	0	0	-1	6
756	0	0	0	0	-1	5
757	0	0	0	0	-1	5
758	0	0	0	0	-1	6
759	806	807	10	0.435	-3	5
760	0	0	0	0	-1	5
761	808	809	10	0.51	-3	5
762	810	811	5	0.0795	-3	5.07017543859649
763	0	0	0	0	-1	6
764	812	813	2	0.635	-3	5
765	814	815	3	0.29	-3	4.90909090909091
766	0	0	0	0	-1	6
767	0	0	0	0	-1	6
768	0	0	0	0	-1	7
769	0	0	0	0	-1	5
770	0	0	0	0	-1	5
771	0	0	0	0	-1	5
772	0	0	0	0	-1	6
773	0	0	0	0	-1	6
774	0	0	0	0	-1	5
775	0	0	0	0	-1	5
776	0	0	0	0	-1	5
777	0	0	0	0	-1	6
778	0	0	0	0	-1	6
779	0	0	0	0	-1	5
780	0	0	0	0	-1	5
781	816	817	8	0.9972	-3	5
782	0	0	0	0	-1	5
783	818	819	6	37.5	-3	5
784	820	821	11	0	-3	5
785	0	0	0	0	-1	4
786	0	0	0	0	-1	6
787	0	0	0	0	-1	5
788	822	823	4	2.65	-3	5
789	0	0	0	0	-1	5.66666666666667
790	0	0	0	0	-1	5
791	0	0	0	0	-1	5
792	0	0	0	0	-1	6
793	824	825	11	9.9	-3	6
794	826	827	3	0.125	-3	5.78571428571429
795	0	0	0	0	-1	5
796	0	0	0	0	-1	6
797	0	0	0	0	-1	5
798	0	0	0	0	-1	5
799	828	829	3	0.39	-3	5.95454545454546
800	830	831	2	0.49	-3	6.25
801	832	833	2	0.635	-3	5.94545454545455
802	834	835	8	0.785	-3	7
803	836	837	3	0.185	-3	5.75
804	0	0	0	0	-1	7
805	838	839	9	3.225	-3	7
806	0	0	0	0	-1	5
807	840	841	9	0	-3	5
808	842	843	1	0	-3	5
809	0	0	0	0	-1	5
810	844	845	8	0.99643	-3	5.15384615384615
811	846	847	4	2.05	-3	5
812	0	0	0	0	-1	5
813	848	849	8	0.9974	-3	5
814	850	851	2	0.6025	-3	5
815	0	0	0	0	-1	4
816	0	0	0	0	-1	5
817	0	0	0	0	-1	5
818	0	0	0	0	-1	5
819	0	0	0	0	-1	5
820	0	0	0	0	-1	6
821	852	853	7	59	-3	5
822	0	0	0	0	-1	5
823	0	0	0	0	-1	5
824	0	0	0	0	-1	6
825	0	0	0	0	-1	6
826	854	855	11	10.25	-3	5.9
827	0	0	0	0	-1	5.5
828	856	857	3	0.28	-3	5.83333333333333
829	858	859	8	0.99583	-3	6.03846153846154
830	0	0	0	0	-1	7
831	860	861	10	0.65	-3	6
832	862	863	7	38.5	-3	6
833	864	865	10	0.75	-3	5.83333333333333
834	0	0	0	0	-1	6
835	0	0	0	0	-1	7
836	866	867	5	0.097	-3	6
837	0	0	0	0	-1	5
838	0	0	0	0	-1	7
839	868	869	9	0.082	-3	7
840	0	0	0	0	-1	5
841	870	871	3	0.02	-3	5
842	0	0	0	0	-1	5
843	872	873	9	3.41	-3	5
844	874	875	2	0.56	-3	5
845	876	877	7	69.5	-3	5.28571428571429
846	878	879	11	0	-3	5
847	880	881	1	7.85	-3	5
848	0	0	0	0	-1	5
849	0	0	0	0	-1	5
850	0	0	0	0	-1	5
851	882	883	2	0	-3	5
852	884	885	2	0	-3	5
853	0	0	0	0	-1	5
854	0	0	0	0	-1	5.75
855	886	887	9	3.37	-3	6
856	888	889	6	24.5	-3	6
857	0	0	0	0	-1	5.4
858	0	0	0	0	-1	7
859	890	891	3	0	-3	6
860	0	0	0	0	-1	6
861	0	0	0	0	-1	6
862	892	893	9	3.555	-3	6
863	894	895	3	0.005	-3	6
864	896	897	4	1.8	-3	5.93333333333333
865	0	0	0	0	-1	5.33333333333333
866	0	0	0	0	-1	6
867	0	0	0	0	-1	6
868	0	0	0	0	-1	5
869	898	899	9	3.49	-3	7
870	0	0	0	0	-1	5
871	0	0	0	0	-1	5
872	0	0	0	0	-1	5
873	0	0	0	0	-1	5
874	0	0	0	0	-1	5
875	900	901	1	0	-3	5
876	902	903	7	40	-3	5
877	904	905	5	0.0745	-3	5.66666666666667
878	0	0	0	0	-1	5
879	906	907	2	26	-3	5
880	908	909	7	98.5	-3	5
881	910	911	1	0	-3	5
882	0	0	0	0	-1	5
883	912	913	9	3.295	-3	5
884	0	0	0	0	-1	7
885	914	915	8	2.1	-3	5
886	0	0	0	0	-1	6
887	0	0	0	0	-1	6
888	0	0	0	0	-1	6
889	0	0	0	0	-1	6
890	0	0	0	0	-1	7
891	916	917	2	0.445	-3	6
892	918	919	9	11.15	-3	6
893	0	0	0	0	-1	6
894	0	0	0	0	-1	6
895	920	921	5	0.077	-3	6
896	0	0	0	0	-1	5.5
897	922	923	3	0.17	-3	6
898	924	925	8	0.995515	-3	7
899	0	0	0	0	-1	7
900	0	0	0	0	-1	6
901	926	927	3	0.235	-3	5
902	0	0	0	0	-1	5
903	928	929	7	0	-3	5
904	0	0	0	0	-1	5
905	0	0	0	0	-1	6
906	930	931	4	1.95	-3	5
907	0	0	0	0	-1	5
908	0	0	0	0	-1	5
909	0	0	0	0	-1	5
910	0	0	0	0	-1	5
911	0	0	0	0	-1	5
912	0	0	0	0	-1	5
913	0	0	0	0	-1	5
914	0	0	0	0	-1	5
915	0	0	0	0	-1	5
916	0	0	0	0	-1	6
917	932	933	9	3.2	-3	6
918	934	935	3	0.315	-3	6
919	0	0	0	0	-1	6
920	0	0	0	0	-1	6
921	0	0	0	0	-1	6
922	936	937	10	0.645	-3	6
923	0	0	0	0	-1	6
924	0	0	0	0	-1	7
925	0	0	0	0	-1	7
926	0	0	0	0	-1	5
927	0	0	0	0	-1	5
928	0	0	0	0	-1	6
929	938	939	6	11	-3	5
930	940	941	9	0	-3	5
931	0	0	0	0	-1	5
932	942	943	10	0.77	-3	6
933	944	945	7	57.5	-3	6
934	0	0	0	0	-1	6
935	0	0	0	0	-1	6
936	946	947	1	6.75	-3	6
937	0	0	0	0	-1	6
938	0	0	0	0	-1	5
939	0	0	0	0	-1	5
940	0	0	0	0	-1	5
941	948	949	11	9.45	-3	5
942	950	951	8	3.165	-3	6
943	0	0	0	0	-1	6
944	952	953	9	3.285	-3	6
945	0	0	0	0	-1	6
946	0	0	0	0	-1	6
947	0	0	0	0	-1	6
948	0	0	0	0	-1	5
949	954	955	2	0	-3	5
950	956	957	1	10.95	-3	6
951	0	0	0	0	-1	6
952	0	0	0	0	-1	6
953	0	0	0	0	-1	6
954	0	0	0	0	-1	6
955	958	959	3	0.195	-3	5
956	0	0	0	0	-1	6
957	960	961	7	35.5	-3	6
958	0	0	0	0	-1	5
959	0	0	0	0	-1	5
960	0	0	0	0	-1	6
961	0	0	0	0	-1	6
