1	2	3	11	11.45	-3	5.59724828017511
2	4	5	2	0.3625	-3	5.43547169811321
3	6	7	2	0.495	-3	6.37956204379562
4	8	9	1	10.35	-3	5.92964824120603
5	10	11	10	0.535	-3	5.34813499111901
6	12	13	10	0.625	-3	6.56179775280899
7	14	15	9	3.375	-3	6.04166666666667
8	16	17	8	0.99793	-3	5.74468085106383
9	18	19	10	1.045	-3	6.37931034482759
10	20	21	7	10	-3	5.01865671641791
11	22	23	7	65.5	-3	5.45104895104895
12	24	25	4	10.6	-3	6.17241379310345
13	26	27	7	73	-3	6.75
14	28	29	1	13	-3	6.38709677419355
15	30	31	10	0.705	-3	5.87692307692308
16	32	33	11	10.75	-3	5.87179487179487
17	34	35	4	6	-3	5.125
18	36	37	11	10.55	-3	6.48
19	38	39	9	3.08	-3	5.75
20	0	0	0	0	-1	3
21	40	41	2	0.7275	-3	5.03383458646616
22	42	43	11	9.95	-3	5.53445635528331
23	44	45	11	11.0333333333333	-3	5.18536585365854
24	46	47	9	3.265	-3	6.21052631578947
25	0	0	0	0	-1	4
26	48	49	2	0.425	-3	6.66990291262136
27	50	51	5	0.046	-3	7.23529411764706
28	52	53	6	5.5	-3	6.48275862068966
29	0	0	0	0	-1	5
30	54	55	7	15.5	-3	5.70588235294118
31	56	57	9	3.5	-3	6.5
32	58	59	3	0.305	-3	5.63235294117647
33	60	61	6	25	-3	6.20408163265306
34	62	63	10	0.67	-3	5.04545454545455
35	0	0	0	0	-1	6
36	64	65	5	0.077	-3	6.24
37	66	67	7	18	-3	6.72
38	0	0	0	0	-1	5
39	0	0	0	0	-1	6.2
40	68	69	8	0.99469	-3	5.11557788944724
41	70	71	5	0.169	-3	4.7910447761194
42	72	73	3	0.655	-3	5.35034013605442
43	74	75	5	0.0605	-3	5.68523676880223
44	76	77	6	7	-3	5.15463917525773
45	78	79	1	8.55	-3	5.72727272727273
46	80	81	9	3.24	-3	6.54545454545455
47	82	83	6	3.5	-3	6
48	84	85	8	0.99165	-3	6.78048780487805
49	86	87	8	0.994875	-3	6.23809523809524
50	88	89	10	0.775	-3	7.66666666666667
51	90	91	10	0.695	-3	7
52	0	0	0	0	-1	6
53	92	93	10	0.635	-3	6.56
54	0	0	0	0	-1	4.8
55	94	95	3	0.055	-3	5.80434782608696
56	96	97	5	0.0685	-3	6.3
57	0	0	0	0	-1	7
58	98	99	2	0.355	-3	5.22222222222222
59	100	101	10	0.795	-3	5.78
60	102	103	9	3.395	-3	6.39024390243903
61	104	105	7	64	-3	5.25
62	106	107	4	1.9	-3	5.11111111111111
63	108	109	5	0.101	-3	5
64	110	111	6	11	-3	6.58333333333333
65	112	113	11	10.45	-3	5.92307692307692
66	0	0	0	0	-1	6.2
67	114	115	2	0.34	-3	6.85
68	116	117	1	6.65	-3	5.41176470588235
69	118	119	6	10.5	-3	5.08791208791209
70	120	121	9	3.57	-3	4.859375
71	0	0	0	0	-1	3.33333333333333
72	122	123	8	0.99716	-3	5.36769759450172
73	0	0	0	0	-1	3.66666666666667
74	124	125	7	12	-3	5
75	126	127	7	14.5	-3	5.72566371681416
76	0	0	0	0	-1	6
77	128	129	1	10.1	-3	5.14583333333333
78	130	131	2	0.99634	-3	6
79	0	0	0	0	-1	4.5
80	132	133	11	12.05	-3	6.375
81	134	135	10	0.585	-3	7
82	0	0	0	0	-1	5.33333333333333
83	136	137	4	1.9	-3	6.0625
84	0	0	0	0	-1	6
85	138	139	11	12.45	-3	6.82051282051282
86	140	141	8	0.99374	-3	6
87	142	143	10	0.705	-3	6.38461538461539
88	0	0	0	0	-1	7
89	0	0	0	0	-1	8
90	0	0	0	0	-1	8
91	144	145	7	94	-3	6.77777777777778
92	146	147	11	11.65	-3	6
93	148	149	11	13.2	-3	6.73684210526316
94	150	151	5	0.0605	-3	6.03846153846154
95	152	153	11	11.925	-3	5.5
96	0	0	0	0	-1	7.5
97	0	0	0	0	-1	6
98	0	0	0	0	-1	5
99	0	0	0	0	-1	6
100	154	155	2	0.25	-3	5.58333333333333
101	156	157	3	0.465	-3	6.28571428571429
102	158	159	2	0.21	-3	6.26470588235294
103	160	161	2	0.315	-3	7
104	0	0	0	0	-1	6
105	162	163	4	2.15	-3	5
106	0	0	0	0	-1	6
107	164	165	2	0.29	-3	5
108	166	167	8	0.9982	-3	5
109	0	0	0	0	-1	5
110	168	169	4	1.85	-3	6.7
111	0	0	0	0	-1	6
112	170	171	6	5	-3	6
113	0	0	0	0	-1	5
114	172	173	5	0.071	-3	6.94117647058824
115	0	0	0	0	-1	6.33333333333333
116	174	175	5	0.0535	-3	5.07142857142857
117	0	0	0	0	-1	7
118	176	177	7	28.5	-3	5.14942528735632
119	178	179	11	9.55	-3	5.03157894736842
120	180	181	10	0.475	-3	4.9016393442623
121	0	0	0	0	-1	4
122	182	183	10	0.865	-3	5.22556390977444
123	184	185	2	0.605	-3	5.4873417721519
124	0	0	0	0	-1	4
125	186	187	11	11.15	-3	5.25
126	188	189	9	3.535	-3	5.11111111111111
127	190	191	4	5.325	-3	5.7986798679868
128	192	193	9	2.835	-3	5.1043956043956
129	194	195	4	2.7	-3	5.9
130	196	197	9	3.495	-3	6
131	0	0	0	0	-1	6
132	198	199	2	0.265	-3	5.85714285714286
133	200	201	11	13.1	-3	6.77777777777778
134	0	0	0	0	-1	7
135	0	0	0	0	-1	7
136	202	203	4	1.75	-3	6.16666666666667
137	204	205	2	0.415	-3	6
138	206	207	10	0.785	-3	6.68965517241379
139	208	209	1	9	-3	7.2
140	0	0	0	0	-1	6
141	210	211	11	11.85	-3	6
142	212	213	9	3.205	-3	6.125
143	0	0	0	0	-1	6.8
144	214	215	7	75	-3	6.875
145	0	0	0	0	-1	6
146	0	0	0	0	-1	6
147	0	0	0	0	-1	6
148	216	217	11	13	-3	6.82352941176471
149	0	0	0	0	-1	6
150	218	219	2	0.795	-3	6.125
151	220	221	4	1.85	-3	6
152	222	223	10	0.525	-3	5.88888888888889
153	224	225	1	6.15	-3	5.18181818181818
154	0	0	0	0	-1	4.66666666666667
155	226	227	8	0.99712	-3	5.66666666666667
156	228	229	6	28.5	-3	6.1
157	0	0	0	0	-1	6.75
158	0	0	0	0	-1	5.33333333333333
159	230	231	9	3.335	-3	6.35483870967742
160	0	0	0	0	-1	7
161	0	0	0	0	-1	7
162	0	0	0	0	-1	5
163	0	0	0	0	-1	5
164	0	0	0	0	-1	5
165	0	0	0	0	-1	5
166	0	0	0	0	-1	5
167	232	233	6	6.5	-3	5
168	0	0	0	0	-1	6.2
169	0	0	0	0	-1	7.2
170	0	0	0	0	-1	6
171	0	0	0	0	-1	6
172	0	0	0	0	-1	6.5
173	234	235	8	0	-3	7
174	0	0	0	0	-1	6
175	236	237	3	0	-3	5
176	238	239	4	3.2	-3	5.2
177	240	241	4	3.5	-3	5.03703703703704
178	242	243	3	0.25	-3	4.92307692307692
179	244	245	4	3.95	-3	5.16279069767442
180	246	247	1	8.05	-3	4.79166666666667
181	248	249	7	12.5	-3	4.97297297297297
182	250	251	4	1.85	-3	5.30088495575221
183	252	253	4	1.35	-3	4.8
184	254	255	4	1.35	-3	5.6304347826087
185	256	257	2	0.6125	-3	5.28787878787879
186	258	259	4	2.2	-3	5.66666666666667
187	260	261	2	0.505	-3	5
188	262	263	6	4.5	-3	5.32258064516129
189	0	0	0	0	-1	3.8
190	264	265	5	0.0745	-3	5.77083333333333
191	266	267	1	7	-3	6.33333333333333
192	0	0	0	0	-1	4
193	268	269	9	2.965	-3	5.11049723756906
194	0	0	0	0	-1	5.5
195	270	271	4	71.5	-3	6
196	272	273	11	120	-3	6
197	0	0	0	0	-1	6
198	0	0	0	0	-1	5
199	274	275	5	0.057	-3	6
200	276	277	1	9.4	-3	7
201	0	0	0	0	-1	6
202	278	279	11	12.1	-3	6
203	0	0	0	0	-1	6.66666666666667
204	0	0	0	0	-1	6
205	280	281	10	0.525	-3	6
206	282	283	7	25.5	-3	6.56756756756757
207	284	285	1	7.55	-3	6.90476190476191
208	286	287	1	6.1	-3	7.05882352941177
209	0	0	0	0	-1	8
210	0	0	0	0	-1	6
211	0	0	0	0	-1	6
212	0	0	0	0	-1	6
213	0	0	0	0	-1	6.25
214	0	0	0	0	-1	6
215	288	289	3	0.31	-3	7
216	290	291	5	0.074	-3	6.75
217	0	0	0	0	-1	8
218	292	293	5	0.0565	-3	6
219	0	0	0	0	-1	7
220	0	0	0	0	-1	6
221	294	295	4	2.125	-3	6
222	0	0	0	0	-1	5
223	296	297	1	6.4	-3	6.14285714285714
224	0	0	0	0	-1	5.5
225	0	0	0	0	-1	5
226	298	299	8	0.99685	-3	5.45454545454545
227	300	301	1	10.15	-3	6.09090909090909
228	302	303	1	8.1	-3	6
229	0	0	0	0	-1	6.5
230	304	305	3	0.45	-3	6.44
231	306	307	7	30.5	-3	6
232	0	0	0	0	-1	5
233	308	309	5	0.096	-3	5
234	0	0	0	0	-1	7
235	0	0	0	0	-1	7
236	310	311	8	0.994075	-3	5
237	0	0	0	0	-1	5
238	312	313	2	0.465	-3	5.10204081632653
239	314	315	3	0.07	-3	5.63636363636364
240	316	317	10	0.49	-3	5.07692307692308
241	0	0	0	0	-1	4
242	318	319	5	0.0725	-3	4.97142857142857
243	320	321	6	11.5	-3	4.82352941176471
244	322	323	9	3.1	-3	5.1
245	0	0	0	0	-1	6
246	324	325	10	0.435	-3	4.94117647058824
247	326	327	7	27.5	-3	4.42857142857143
248	0	0	0	0	-1	4.8
249	328	329	10	0.495	-3	5
250	330	331	9	3.18	-3	5.11764705882353
251	332	333	3	0.1	-3	5.45161290322581
252	0	0	0	0	-1	4
253	334	335	4	1.5	-3	5
254	0	0	0	0	-1	5
255	336	337	7	35.5	-3	5.65909090909091
256	338	339	4	2.05	-3	4.5
257	340	341	6	17.5	-3	5.39655172413793
258	0	0	0	0	-1	6
259	0	0	0	0	-1	5.33333333333333
260	0	0	0	0	-1	5
261	342	343	5	0.051	-3	5
262	344	345	9	3.395	-3	4.84615384615385
263	346	347	10	0.615	-3	5.66666666666667
264	348	349	10	0.655	-3	6.04838709677419
265	350	351	1	6.25	-3	5.69469026548673
266	352	353	6	23.5	-3	5.66666666666667
267	354	355	7	17.5	-3	6.77777777777778
268	0	0	0	0	-1	5.6
269	356	357	7	105.5	-3	5.09659090909091
270	358	359	10	0	-3	6
271	0	0	0	0	-1	6
272	0	0	0	0	-1	6
273	0	0	0	0	-1	6
274	0	0	0	0	-1	6
275	0	0	0	0	-1	6
276	0	0	0	0	-1	7
277	0	0	0	0	-1	7
278	0	0	0	0	-1	6
279	0	0	0	0	-1	6
280	0	0	0	0	-1	6
281	0	0	0	0	-1	6
282	360	361	3	0.585	-3	6.83333333333333
283	362	363	1	7.5	-3	6.31578947368421
284	0	0	0	0	-1	6.33333333333333
285	364	365	5	0.102	-3	7
286	0	0	0	0	-1	8
287	366	367	4	0	-3	7
288	0	0	0	0	-1	7
289	0	0	0	0	-1	7
290	368	369	5	0.067	-3	6.42857142857143
291	370	371	1	10.15	-3	7
292	0	0	0	0	-1	6
293	0	0	0	0	-1	6
294	0	0	0	0	-1	6
295	0	0	0	0	-1	6
296	0	0	0	0	-1	6
297	0	0	0	0	-1	6.33333333333333
298	372	373	8	0.996165	-3	5.66666666666667
299	374	375	10	0	-3	5
300	0	0	0	0	-1	6
301	0	0	0	0	-1	7
302	0	0	0	0	-1	6
303	376	377	6	0	-3	6
304	378	379	7	34.5	-3	6.61111111111111
305	380	381	10	0.675	-3	6
306	0	0	0	0	-1	6
307	0	0	0	0	-1	6
308	0	0	0	0	-1	5
309	0	0	0	0	-1	5
310	0	0	0	0	-1	5
311	382	383	9	0	-3	5
312	384	385	2	0.43	-3	5.30769230769231
313	386	387	5	0.1005	-3	5.02777777777778
314	0	0	0	0	-1	5
315	0	0	0	0	-1	6
316	388	389	8	0.99704	-3	5.16666666666667
317	0	0	0	0	-1	5
318	0	0	0	0	-1	4.75
319	390	391	7	104	-3	5
320	0	0	0	0	-1	4
321	392	393	2	0.6	-3	4.93333333333333
322	0	0	0	0	-1	6
323	394	395	2	0.395	-3	5.05263157894737
324	0	0	0	0	-1	4.5
325	396	397	8	0.99623	-3	5
326	0	0	0	0	-1	4
327	0	0	0	0	-1	5
328	0	0	0	0	-1	5
329	398	399	9	3.175	-3	5
330	400	401	3	0.195	-3	5.42857142857143
331	402	403	3	0.355	-3	5.06818181818182
332	404	405	2	0.6575	-3	5.61538461538461
333	406	407	2	0.405	-3	5.17391304347826
334	0	0	0	0	-1	5
335	408	409	5	0	-3	5
336	410	411	5	0.0665	-3	5.7843137254902
337	412	413	5	0.1355	-3	5.48648648648649
338	414	415	5	0	-3	5
339	0	0	0	0	-1	3
340	416	417	8	0.99825	-3	5.52083333333333
341	418	419	5	0.092	-3	4.8
342	0	0	0	0	-1	5
343	0	0	0	0	-1	5
344	420	421	5	0.097	-3	4.91666666666667
345	0	0	0	0	-1	4
346	422	423	11	10.85	-3	5
347	424	425	5	0.208	-3	6
348	426	427	1	6.35	-3	5.78260869565217
349	428	429	1	12.25	-3	6.20512820512821
350	430	431	9	3.42	-3	5.09090909090909
351	432	433	3	0.125	-3	5.72558139534884
352	0	0	0	0	-1	5
353	0	0	0	0	-1	6
354	0	0	0	0	-1	6
355	434	435	6	14	-3	7
356	436	437	3	0.315	-3	5.15044247787611
357	438	439	2	0.585	-3	5
358	0	0	0	0	-1	5
359	440	441	3	0.425	-3	6
360	442	443	7	8	-3	6.88235294117647
361	0	0	0	0	-1	6
362	0	0	0	0	-1	7
363	444	445	10	0.67	-3	6.13333333333333
364	446	447	3	0.545	-3	7.05882352941177
365	0	0	0	0	-1	6
366	0	0	0	0	-1	6
367	448	449	10	0	-3	7
368	0	0	0	0	-1	7
369	0	0	0	0	-1	6
370	0	0	0	0	-1	7
371	0	0	0	0	-1	7
372	450	451	9	3.34	-3	5.28571428571429
373	452	453	2	0.35	-3	6
374	0	0	0	0	-1	5
375	454	455	6	8.5	-3	5
376	0	0	0	0	-1	6
377	456	457	5	0.0645	-3	6
378	458	459	11	10.95	-3	6.9
379	460	461	1	8.65	-3	6.25
380	0	0	0	0	-1	6
381	0	0	0	0	-1	6
382	0	0	0	0	-1	5
383	462	463	6	0	-3	5
384	464	465	10	0.435	-3	5.1
385	0	0	0	0	-1	6
386	466	467	4	1.85	-3	5.05714285714286
387	0	0	0	0	-1	4
388	0	0	0	0	-1	5.66666666666667
389	468	469	6	8.5	-3	5
390	470	471	7	55.5	-3	5
391	0	0	0	0	-1	5
392	472	473	7	0	-3	5
393	474	475	8	0.99745	-3	4.83333333333333
394	0	0	0	0	-1	6
395	476	477	11	11.05	-3	5.02702702702703
396	478	479	3	0	-3	5
397	480	481	2	0.7925	-3	5
398	482	483	7	0	-3	5
399	484	485	9	3.22	-3	5
400	0	0	0	0	-1	5
401	0	0	0	0	-1	5.6
402	486	487	4	1.55	-3	5.04761904761905
403	0	0	0	0	-1	5.5
404	488	489	5	0.1145	-3	5.8
405	490	491	5	0.0655	-3	5.28571428571429
406	0	0	0	0	-1	6.5
407	492	493	11	9.65	-3	5.04761904761905
408	0	0	0	0	-1	5
409	494	495	2	0.105	-3	5
410	0	0	0	0	-1	5.2
411	496	497	10	0.555	-3	5.84782608695652
412	498	499	10	0.645	-3	5.57142857142857
413	0	0	0	0	-1	4
414	0	0	0	0	-1	5
415	0	0	0	0	-1	5
416	500	501	5	0.0895	-3	5.25925925925926
417	502	503	2	0.6425	-3	5.85714285714286
418	504	505	11	9.35	-3	5
419	0	0	0	0	-1	4
420	506	507	7	8.5	-3	5
421	0	0	0	0	-1	4
422	0	0	0	0	-1	6
423	0	0	0	0	-1	4.8
424	0	0	0	0	-1	6
425	0	0	0	0	-1	6
426	0	0	0	0	-1	5
427	508	509	8	0.99825	-3	5.81818181818182
428	510	511	3	0.135	-3	6.27027027027027
429	0	0	0	0	-1	5
430	0	0	0	0	-1	6
431	512	513	1	6.15	-3	5
432	514	515	4	2.85	-3	5.93506493506494
433	516	517	3	0.75	-3	5.60869565217391
434	0	0	0	0	-1	7
435	0	0	0	0	-1	7
436	518	519	9	3.345	-3	5.22368421052632
437	520	521	8	0.99714	-3	5
438	522	523	8	0.996675	-3	5
439	524	525	10	0.75	-3	5
440	0	0	0	0	-1	6
441	0	0	0	0	-1	6
442	0	0	0	0	-1	6
443	526	527	2	0.4075	-3	6.9375
444	0	0	0	0	-1	7
445	528	529	3	0.445	-3	6
446	530	531	3	0	-3	7
447	0	0	0	0	-1	8
448	0	0	0	0	-1	6
449	532	533	5	0	-3	7
450	0	0	0	0	-1	6
451	0	0	0	0	-1	5
452	0	0	0	0	-1	6
453	0	0	0	0	-1	6
454	0	0	0	0	-1	5
455	0	0	0	0	-1	5
456	0	0	0	0	-1	6
457	0	0	0	0	-1	6
458	0	0	0	0	-1	6
459	534	535	1	7.55	-3	7.125
460	536	537	6	8.5	-3	6
461	0	0	0	0	-1	7
462	0	0	0	0	-1	5
463	0	0	0	0	-1	5
464	0	0	0	0	-1	6
465	0	0	0	0	-1	5
466	538	539	3	0.005	-3	5.125
467	540	541	8	1.0001	-3	5
468	542	543	4	0	-3	5
469	0	0	0	0	-1	5
470	0	0	0	0	-1	5
471	544	545	4	1.7	-3	5
472	0	0	0	0	-1	7
473	546	547	7	56	-3	5
474	0	0	0	0	-1	5
475	0	0	0	0	-1	4
476	548	549	11	9.75	-3	5.05555555555556
477	0	0	0	0	-1	4
478	0	0	0	0	-1	5
479	550	551	11	9.4	-3	5
480	0	0	0	0	-1	5
481	0	0	0	0	-1	5
482	0	0	0	0	-1	5
483	552	553	4	2.3	-3	5
484	0	0	0	0	-1	5
485	554	555	10	0.525	-3	5
486	556	557	1	6.7	-3	5.125
487	558	559	2	0.495	-3	5.02941176470588
488	560	561	11	9.7	-3	5.90476190476191
489	0	0	0	0	-1	5.25
490	0	0	0	0	-1	6
491	562	563	4	2.35	-3	5
492	564	565	11	0.99665	-3	5
493	0	0	0	0	-1	5.25
494	0	0	0	0	-1	5
495	566	567	3	0.225	-3	5
496	0	0	0	0	-1	5
497	568	569	2	0.385	-3	5.88636363636364
498	570	571	1	6.55	-3	5.15384615384615
499	572	573	5	0.1045	-3	5.81818181818182
500	574	575	10	0.66	-3	5.1
501	576	577	11	9.5	-3	5.71428571428571
502	0	0	0	0	-1	5
503	578	579	4	2.2	-3	5.94736842105263
504	0	0	0	0	-1	5
505	580	581	5	0	-3	5
506	582	583	8	0	-3	5
507	0	0	0	0	-1	5
508	584	585	10	0.605	-3	5.85714285714286
509	0	0	0	0	-1	5
510	586	587	4	1.95	-3	5.93333333333333
511	588	589	3	0.195	-3	6.5
512	590	591	10	0.635	-3	5
513	0	0	0	0	-1	5
514	592	593	10	0.655	-3	5.98571428571429
515	594	595	10	0.645	-3	5.42857142857143
516	596	597	9	3	-3	5.58823529411765
517	0	0	0	0	-1	7
518	598	599	5	0.089	-3	5.33333333333333
519	600	601	6	29	-3	5.06451612903226
520	602	603	11	9.45	-3	5.2
521	604	605	4	2.55	-3	4.92592592592593
522	606	607	10	0	-3	5
523	608	609	2	0.38	-3	5
524	0	0	0	0	-1	5
525	610	611	1	0	-3	5
526	612	613	6	0	-3	7
527	0	0	0	0	-1	6
528	614	615	6	12	-3	5.9
529	0	0	0	0	-1	6.33333333333333
530	0	0	0	0	-1	5
531	616	617	10	0	-3	7
532	0	0	0	0	-1	4
533	618	619	9	0	-3	7
534	0	0	0	0	-1	8
535	620	621	3	0.355	-3	7
536	0	0	0	0	-1	6
537	0	0	0	0	-1	6
538	0	0	0	0	-1	6
539	622	623	11	9.95	-3	5.06666666666667
540	624	625	7	9.4	-3	5
541	0	0	0	0	-1	5
542	0	0	0	0	-1	6
543	626	627	9	3.165	-3	5
544	0	0	0	0	-1	5
545	628	629	11	0	-3	5
546	0	0	0	0	-1	5
547	630	631	9	0	-3	5
548	0	0	0	0	-1	5.4
549	632	633	6	14.5	-3	5
550	0	0	0	0	-1	5
551	0	0	0	0	-1	5
552	0	0	0	0	-1	5
553	0	0	0	0	-1	5
554	634	635	2	0	-3	5
555	636	637	6	0	-3	5
556	0	0	0	0	-1	6
557	638	639	3	0	-3	5
558	640	641	1	6.25	-3	5.1
559	642	643	6	13.5	-3	5
560	644	645	10	0.55	-3	6
561	0	0	0	0	-1	5.6
562	646	647	11	9.45	-3	5
563	0	0	0	0	-1	5
564	0	0	0	0	-1	5
565	648	649	6	3.5	-3	5
566	0	0	0	0	-1	5
567	650	651	1	0	-3	5
568	0	0	0	0	-1	5
569	652	653	4	2.45	-3	5.95121951219512
570	0	0	0	0	-1	6
571	654	655	5	0.092	-3	5.08333333333333
572	656	657	8	0.997675	-3	6
573	0	0	0	0	-1	5.2
574	658	659	1	8.75	-3	5
575	0	0	0	0	-1	6
576	0	0	0	0	-1	5
577	0	0	0	0	-1	6
578	0	0	0	0	-1	5.75
579	660	661	10	0.575	-3	6
580	0	0	0	0	-1	4
581	662	663	1	7.15	-3	5
582	0	0	0	0	-1	6
583	664	665	10	0	-3	5
584	666	667	5	0.067	-3	6
585	668	669	6	13	-3	5.5
586	0	0	0	0	-1	5.8
587	670	671	11	0	-3	6
588	0	0	0	0	-1	7
589	672	673	4	3.4	-3	6.35294117647059
590	0	0	0	0	-1	5
591	0	0	0	0	-1	5
592	674	675	7	28.5	-3	6.07272727272727
593	676	677	7	42	-3	5.66666666666667
594	0	0	0	0	-1	5
595	0	0	0	0	-1	6
596	678	679	1	1.000505	-3	5
597	680	681	3	0.195	-3	5.61538461538461
598	682	683	5	0.0755	-3	5.66666666666667
599	684	685	11	10	-3	5.04166666666667
600	686	687	2	0.9475	-3	5
601	0	0	0	0	-1	5.5
602	688	689	3	0	-3	5
603	0	0	0	0	-1	5.66666666666667
604	690	691	7	84.5	-3	5
605	692	693	8	0.9975	-3	4.81818181818182
606	0	0	0	0	-1	5
607	694	695	1	7.85	-3	5
608	0	0	0	0	-1	5
609	696	697	2	0.425	-3	5
610	0	0	0	0	-1	7
611	698	699	1	8	-3	5
612	0	0	0	0	-1	6
613	700	701	5	0	-3	7
614	0	0	0	0	-1	5
615	702	703	6	0	-3	6
616	0	0	0	0	-1	6
617	0	0	0	0	-1	7
618	0	0	0	0	-1	5
619	704	705	10	0.71	-3	7
620	0	0	0	0	-1	7
621	0	0	0	0	-1	7
622	706	707	3	0	-3	5
623	0	0	0	0	-1	6
624	0	0	0	0	-1	5
625	708	709	1	8.05	-3	5
626	0	0	0	0	-1	5
627	0	0	0	0	-1	5
628	0	0	0	0	-1	5
629	710	711	5	0.13	-3	5
630	0	0	0	0	-1	6
631	712	713	3	0.275	-3	5
632	0	0	0	0	-1	5
633	714	715	6	15.5	-3	5
634	0	0	0	0	-1	5
635	716	717	5	0.103	-3	5
636	0	0	0	0	-1	6
637	718	719	7	146	-3	5
638	0	0	0	0	-1	5
639	0	0	0	0	-1	5
640	0	0	0	0	-1	6
641	720	721	4	0	-3	5
642	0	0	0	0	-1	5
643	0	0	0	0	-1	5
644	0	0	0	0	-1	6
645	722	723	4	2.35	-3	6
646	0	0	0	0	-1	5
647	724	725	5	0	-3	5
648	0	0	0	0	-1	5
649	726	727	9	3.235	-3	5
650	0	0	0	0	-1	6
651	728	729	1	8.7	-3	5
652	730	731	11	9.1	-3	6
653	0	0	0	0	-1	5.6
654	732	733	11	9.65	-3	5
655	0	0	0	0	-1	6
656	0	0	0	0	-1	7
657	734	735	8	0.99805	-3	5.9375
658	736	737	7	41	-3	5.07142857142857
659	0	0	0	0	-1	4.75
660	0	0	0	0	-1	6
661	738	739	11	0.0885	-3	6
662	0	0	0	0	-1	5
663	0	0	0	0	-1	5
664	0	0	0	0	-1	5
665	740	741	1	0	-3	5
666	0	0	0	0	-1	6
667	742	743	5	0.071	-3	6
668	0	0	0	0	-1	6
669	0	0	0	0	-1	5
670	0	0	0	0	-1	6
671	744	745	2	0.52	-3	6
672	746	747	4	1.95	-3	6.4375
673	0	0	0	0	-1	5
674	748	749	1	6.9	-3	6.45454545454546
675	750	751	8	0.99716	-3	5.97727272727273
676	752	753	8	0.996235	-3	5.33333333333333
677	754	755	9	3.365	-3	6.16666666666667
678	0	0	0	0	-1	5
679	0	0	0	0	-1	5
680	756	757	11	10.65	-3	5.38461538461539
681	758	759	1	11.55	-3	5.67307692307692
682	760	761	8	0.99685	-3	5.33333333333333
683	762	763	6	15.5	-3	5.91666666666667
684	764	765	7	99.5	-3	5
685	0	0	0	0	-1	6
686	766	767	9	3.56	-3	5.03846153846154
687	0	0	0	0	-1	4
688	0	0	0	0	-1	6
689	768	769	5	0.087	-3	5
690	770	771	9	0	-3	5
691	0	0	0	0	-1	5
692	0	0	0	0	-1	4
693	0	0	0	0	-1	5
694	772	773	8	0	-3	5
695	0	0	0	0	-1	5
696	774	775	7	0	-3	5
697	776	777	8	0	-3	5
698	0	0	0	0	-1	5
699	778	779	6	0	-3	5
700	0	0	0	0	-1	5
701	780	781	10	0	-3	7
702	0	0	0	0	-1	5
703	0	0	0	0	-1	6
704	0	0	0	0	-1	7
705	0	0	0	0	-1	7
706	0	0	0	0	-1	6
707	782	783	5	0.0765	-3	5
708	784	785	7	0	-3	5
709	786	787	8	0	-3	5
710	0	0	0	0	-1	5
711	0	0	0	0	-1	5
712	0	0	0	0	-1	5
713	0	0	0	0	-1	5
714	0	0	0	0	-1	5
715	788	789	9	3.32	-3	5
716	0	0	0	0	-1	5
717	0	0	0	0	-1	5
718	0	0	0	0	-1	5
719	0	0	0	0	-1	5
720	0	0	0	0	-1	6
721	790	791	7	15.5	-3	5
722	792	793	4	2.15	-3	6
723	0	0	0	0	-1	6
724	0	0	0	0	-1	6
725	794	795	1	6.9	-3	5
726	0	0	0	0	-1	5
727	796	797	6	0	-3	5
728	0	0	0	0	-1	5
729	0	0	0	0	-1	5
730	798	799	5	0	-3	6
731	800	801	2	0.41	-3	6
732	0	0	0	0	-1	5
733	0	0	0	0	-1	5
734	0	0	0	0	-1	5.66666666666667
735	802	803	8	0.9999	-3	6
736	804	805	8	0.997575	-3	5
737	0	0	0	0	-1	6
738	0	0	0	0	-1	7
739	806	807	6	8.5	-3	6
740	0	0	0	0	-1	6
741	0	0	0	0	-1	5
742	0	0	0	0	-1	6
743	808	809	7	0	-3	6
744	0	0	0	0	-1	6
745	0	0	0	0	-1	6
746	810	811	7	33	-3	6.14285714285714
747	812	813	3	0.455	-3	6.66666666666667
748	0	0	0	0	-1	6
749	814	815	5	0.0885	-3	6.71428571428571
750	816	817	3	0	-3	6
751	0	0	0	0	-1	5.8
752	0	0	0	0	-1	6
753	818	819	10	0.68	-3	5
754	0	0	0	0	-1	7
755	0	0	0	0	-1	6
756	820	821	7	59.5	-3	5.11111111111111
757	0	0	0	0	-1	6
758	822	823	8	0.996885	-3	5.60493827160494
759	824	825	3	0.53	-3	5.91304347826087
760	0	0	0	0	-1	5.75
761	0	0	0	0	-1	5
762	0	0	0	0	-1	5.75
763	826	827	11	9.65	-3	6
764	0	0	0	0	-1	5
765	0	0	0	0	-1	5
766	828	829	2	0.61	-3	5
767	0	0	0	0	-1	6
768	0	0	0	0	-1	5
769	0	0	0	0	-1	5
770	0	0	0	0	-1	7
771	830	831	6	21.5	-3	5
772	0	0	0	0	-1	5
773	832	833	5	0.0845	-3	5
774	0	0	0	0	-1	6
775	834	835	5	0.103	-3	5
776	0	0	0	0	-1	5
777	836	837	6	0	-3	5
778	0	0	0	0	-1	5
779	0	0	0	0	-1	5
780	0	0	0	0	-1	5
781	838	839	5	0.0675	-3	7
782	840	841	6	6.5	-3	5
783	842	843	2	0	-3	5
784	0	0	0	0	-1	7
785	844	845	3	3.37	-3	5
786	0	0	0	0	-1	6
787	846	847	11	9.15	-3	5
788	848	849	11	9.85	-3	5
789	0	0	0	0	-1	5
790	0	0	0	0	-1	5
791	850	851	7	0	-3	5
792	852	853	10	0.57	-3	6
793	0	0	0	0	-1	6
794	0	0	0	0	-1	5
795	0	0	0	0	-1	5
796	0	0	0	0	-1	5
797	854	855	11	9.45	-3	5
798	0	0	0	0	-1	6
799	856	857	1	0	-3	6
800	0	0	0	0	-1	6
801	858	859	7	0	-3	6
802	860	861	8	8.85	-3	6
803	0	0	0	0	-1	6
804	862	863	1	0	-3	5
805	864	865	6	8.5	-3	5
806	0	0	0	0	-1	6
807	0	0	0	0	-1	6
808	0	0	0	0	-1	5
809	866	867	7	63.5	-3	6
810	868	869	7	20.5	-3	6
811	0	0	0	0	-1	7
812	870	871	10	0.815	-3	6.85714285714286
813	0	0	0	0	-1	6
814	0	0	0	0	-1	7
815	0	0	0	0	-1	6
816	0	0	0	0	-1	6
817	872	873	1	8.3	-3	6
818	0	0	0	0	-1	5
819	0	0	0	0	-1	5
820	874	875	10	0.595	-3	5.05882352941176
821	0	0	0	0	-1	6
822	876	877	9	3.185	-3	5.8695652173913
823	878	879	3	0.495	-3	5.5
824	880	881	6	10	-3	5.6
825	882	883	5	0.106	-3	6.15384615384615
826	0	0	0	0	-1	6
827	884	885	2	0.615	-3	6
828	886	887	2	0.0755	-3	5
829	888	889	2	0	-3	5
830	0	0	0	0	-1	5
831	890	891	2	0.525	-3	5
832	0	0	0	0	-1	5
833	0	0	0	0	-1	5
834	0	0	0	0	-1	5
835	0	0	0	0	-1	5
836	0	0	0	0	-1	5
837	892	893	5	0.09	-3	5
838	0	0	0	0	-1	7
839	0	0	0	0	-1	7
840	0	0	0	0	-1	5
841	0	0	0	0	-1	5
842	0	0	0	0	-1	6
843	894	895	4	1.55	-3	5
844	0	0	0	0	-1	5
845	0	0	0	0	-1	5
846	0	0	0	0	-1	5
847	896	897	7	0	-3	5
848	0	0	0	0	-1	5
849	0	0	0	0	-1	5
850	0	0	0	0	-1	6
851	898	899	5	3.31	-3	5
852	0	0	0	0	-1	6
853	900	901	5	0.0825	-3	6
854	0	0	0	0	-1	5
855	0	0	0	0	-1	5
856	0	0	0	0	-1	6
857	0	0	0	0	-1	6
858	0	0	0	0	-1	5
859	902	903	10	0.795	-3	6
860	904	905	5	0.087	-3	6
861	0	0	0	0	-1	6
862	0	0	0	0	-1	5
863	906	907	7	26.5	-3	5
864	0	0	0	0	-1	5
865	0	0	0	0	-1	5
866	0	0	0	0	-1	6
867	0	0	0	0	-1	6
868	0	0	0	0	-1	6
869	0	0	0	0	-1	6
870	0	0	0	0	-1	7
871	0	0	0	0	-1	6.5
872	0	0	0	0	-1	6
873	0	0	0	0	-1	6
874	908	909	6	12.5	-3	5
875	0	0	0	0	-1	5.2
876	0	0	0	0	-1	6.5
877	910	911	11	11.15	-3	5.80952380952381
878	912	913	7	39	-3	5.63414634146341
879	914	915	7	44.5	-3	5.17647058823529
880	916	917	10	0.8	-3	6
881	0	0	0	0	-1	5
882	918	919	1	12.3	-3	6.08333333333333
883	0	0	0	0	-1	7
884	0	0	0	0	-1	6
885	0	0	0	0	-1	6
886	0	0	0	0	-1	6
887	920	921	6	15.5	-3	5
888	0	0	0	0	-1	5
889	922	923	10	0.67	-3	5
890	0	0	0	0	-1	5
891	0	0	0	0	-1	5
892	924	925	5	0.9975	-3	5
893	0	0	0	0	-1	5
894	0	0	0	0	-1	5
895	0	0	0	0	-1	5
896	0	0	0	0	-1	5
897	926	927	2	0.525	-3	5
898	0	0	0	0	-1	5
899	0	0	0	0	-1	5
900	0	0	0	0	-1	6
901	928	929	11	9.1	-3	6
902	0	0	0	0	-1	6
903	0	0	0	0	-1	6
904	930	931	1	0	-3	6
905	0	0	0	0	-1	6
906	0	0	0	0	-1	5
907	0	0	0	0	-1	5
908	0	0	0	0	-1	5
909	932	933	9	0	-3	5
910	934	935	8	0.99595	-3	5.89473684210526
911	0	0	0	0	-1	5
912	936	937	11	10.55	-3	5.375
913	938	939	11	10.25	-3	5.8
914	940	941	2	0.48	-3	5
915	942	943	6	19.5	-3	5.42857142857143
916	0	0	0	0	-1	6
917	0	0	0	0	-1	6
918	944	945	8	0.9995	-3	6.16666666666667
919	946	947	4	3.35	-3	6
920	0	0	0	0	-1	5
921	0	0	0	0	-1	5
922	0	0	0	0	-1	5
923	0	0	0	0	-1	5
924	948	949	5	0	-3	5
925	0	0	0	0	-1	5
926	0	0	0	0	-1	5
927	0	0	0	0	-1	5
928	0	0	0	0	-1	6
929	0	0	0	0	-1	6
930	0	0	0	0	-1	5
931	950	951	8	0.9992	-3	6
932	0	0	0	0	-1	6
933	952	953	9	0	-3	5
934	954	955	9	3.355	-3	5.77777777777778
935	0	0	0	0	-1	6
936	956	957	11	10.1	-3	5.18181818181818
937	0	0	0	0	-1	5.8
938	958	959	6	14.5	-3	6
939	960	961	4	2.25	-3	5.44444444444444
940	962	963	3	0	-3	5
941	0	0	0	0	-1	5
942	0	0	0	0	-1	6
943	0	0	0	0	-1	5
944	0	0	0	0	-1	6
945	0	0	0	0	-1	7
946	0	0	0	0	-1	6
947	0	0	0	0	-1	6
948	0	0	0	0	-1	5
949	964	965	3	0.455	-3	5
950	0	0	0	0	-1	6
951	0	0	0	0	-1	6
952	0	0	0	0	-1	6
953	0	0	0	0	-1	5
954	0	0	0	0	-1	5
955	966	967	9	0	-3	6
956	0	0	0	0	-1	5.4
957	968	969	11	0	-3	5
958	970	971	7	0	-3	6
959	972	973	4	2.5	-3	6
960	0	0	0	0	-1	4
961	974	975	6	25	-3	5.625
962	0	0	0	0	-1	7
963	976	977	3	0	-3	5
964	978	979	11	9.45	-3	5
965	0	0	0	0	-1	5
966	0	0	0	0	-1	7
967	980	981	9	3.405	-3	6
968	0	0	0	0	-1	6
969	0	0	0	0	-1	5
970	0	0	0	0	-1	6
971	0	0	0	0	-1	6
972	0	0	0	0	-1	6
973	0	0	0	0	-1	6
974	0	0	0	0	-1	6
975	0	0	0	0	-1	5
976	0	0	0	0	-1	5
977	0	0	0	0	-1	5
978	0	0	0	0	-1	5
979	982	983	10	0	-3	5
980	0	0	0	0	-1	6
981	0	0	0	0	-1	6
982	0	0	0	0	-1	5
983	984	985	4	0	-3	5
984	0	0	0	0	-1	5
985	0	0	0	0	-1	5
