1	2	3	8	0.995565	-3	5.65603502188868
2	4	5	3	0.275	-3	6.005291005291
3	6	7	11	9.95	-3	5.54791154791155
4	8	9	11	11.45	-3	5.72368421052632
5	10	11	7	46	-3	6.43333333333333
6	12	13	11	8.45	-3	5.26307189542483
7	14	15	1	7.45	-3	5.83415435139573
8	16	17	2	0.665	-3	5.48175182481752
9	18	19	7	81	-3	6.08791208791209
10	20	21	6	9.5	-3	6.52173913043478
11	22	23	6	35	-3	6.14285714285714
12	0	0	0	0	-1	3
13	24	25	10	0.555	-3	5.26677577741407
14	26	27	5	0.0815	-3	5.44755244755245
15	28	29	2	0.3975	-3	5.95278969957081
16	30	31	11	10.15	-3	5.70192307692308
17	32	33	2	1	-3	4.78787878787879
18	34	35	6	31.5	-3	6.02439024390244
19	36	37	3	0.14	-3	6.66666666666667
20	38	39	7	16.5	-3	6.31818181818182
21	40	41	10	0.695	-3	6.64788732394366
22	42	43	6	14	-3	5.77272727272727
23	44	45	4	2.25	-3	6.76923076923077
24	46	47	11	9.15	-3	5.05238095238095
25	48	49	1	12.95	-3	5.37905236907731
26	50	51	9	3.265	-3	5.7125
27	52	53	9	3.6	-3	5.11111111111111
28	54	55	11	10.75	-3	6.28205128205128
29	56	57	7	80	-3	5.78709677419355
30	58	59	5	0.0695	-3	5.34375
31	60	61	6	14.5	-3	5.86111111111111
32	62	63	5	0.2165	-3	5.03846153846154
33	64	65	10	0.415	-3	3.85714285714286
34	66	67	8	0.993665	-3	5.93421052631579
35	68	69	3	0.105	-3	7.16666666666667
36	0	0	0	0	-1	7
37	0	0	0	0	-1	6.25
38	70	71	4	1.6	-3	6.57692307692308
39	72	73	4	1.85	-3	5.94444444444444
40	74	75	6	11.5	-3	6.13636363636364
41	76	77	3	0.525	-3	6.87755102040816
42	0	0	0	0	-1	5.25
43	78	79	8	0.994975	-3	5.88888888888889
44	0	0	0	0	-1	6.25
45	80	81	9	3.135	-3	7
46	82	83	6	6.5	-3	4.6
47	84	85	5	0.0615	-3	5.1
48	86	87	4	2.75	-3	5.35384615384615
49	88	89	7	29.5	-3	6.27272727272727
50	0	0	0	0	-1	8
51	90	91	7	101	-3	5.65384615384615
52	92	93	1	7.05	-3	5.23728813559322
53	0	0	0	0	-1	3.25
54	94	95	5	0.06	-3	5.95454545454546
55	96	97	1	14.6	-3	6.52222222222222
56	98	99	2	0.7825	-3	5.85416666666667
57	100	101	6	11.5	-3	4.90909090909091
58	102	103	5	0.0645	-3	5.69230769230769
59	104	105	8	0.995355	-3	5.10526315789474
60	106	107	3	0.03	-3	5.60869565217391
61	108	109	10	0.535	-3	5.97959183673469
62	110	111	9	3.445	-3	5.12
63	0	0	0	0	-1	3
64	0	0	0	0	-1	3
65	0	0	0	0	-1	4
66	112	113	1	4.8	-3	5.66666666666667
67	114	115	5	0.084	-3	6.13953488372093
68	0	0	0	0	-1	7.75
69	0	0	0	0	-1	6
70	116	117	3	0.415	-3	6
71	118	119	4	2.15	-3	6.75
72	120	121	9	3.285	-3	5.5
73	122	123	4	3.1	-3	6.16666666666667
74	0	0	0	0	-1	7
75	124	125	2	0.2825	-3	6
76	126	127	5	0.0795	-3	6.93478260869565
77	0	0	0	0	-1	6
78	128	129	11	11.05	-3	6
79	130	131	8	0.995315	-3	5.66666666666667
80	0	0	0	0	-1	7
81	0	0	0	0	-1	7
82	132	133	3	0.185	-3	4.22222222222222
83	134	135	9	3.375	-3	4.90909090909091
84	136	137	5	0.0605	-3	4.42857142857143
85	138	139	2	0.595	-3	5.12568306010929
86	140	141	7	46.5	-3	5.3969696969697
87	142	143	11	9.85	-3	5.11666666666667
88	144	145	7	22.5	-3	6.5
89	0	0	0	0	-1	6
90	146	147	10	0.645	-3	5.73239436619718
91	148	149	4	13.15	-3	4.85714285714286
92	150	151	9	3.42	-3	5.54545454545455
93	152	153	2	0.8375	-3	4.84615384615385
94	154	155	11	10.25	-3	6.66666666666667
95	156	157	10	0.795	-3	5.84210526315789
96	158	159	10	0.615	-3	6.57471264367816
97	0	0	0	0	-1	5
98	160	161	5	0.0565	-3	5.9063670411985
99	162	163	11	10.95	-3	5.19047619047619
100	0	0	0	0	-1	4
101	164	165	3	0.395	-3	5.05263157894737
102	0	0	0	0	-1	5
103	166	167	11	9.9	-3	6
104	168	169	10	0.58	-3	4.93333333333333
105	0	0	0	0	-1	5.75
106	170	171	7	14	-3	6.11111111111111
107	172	173	4	1.95	-3	5.28571428571429
108	0	0	0	0	-1	5
109	174	175	2	0.6275	-3	6
110	176	177	11	11	-3	4.8125
111	178	179	8	0.994535	-3	5.66666666666667
112	0	0	0	0	-1	4
113	180	181	11	12.1	-3	5.7741935483871
114	182	183	4	3.75	-3	5.96551724137931
115	184	185	7	22.5	-3	6.5
116	0	0	0	0	-1	6.2
117	0	0	0	0	-1	5
118	186	187	3	0.49	-3	7.08333333333333
119	188	189	6	5.5	-3	6.25
120	0	0	0	0	-1	5
121	0	0	0	0	-1	6
122	190	191	9	3.37	-3	6.09090909090909
123	0	0	0	0	-1	7
124	192	193	10	0.625	-3	6
125	194	195	7	41	-3	6
126	196	197	2	0.43	-3	7
127	0	0	0	0	-1	6
128	0	0	0	0	-1	6
129	198	199	2	0.355	-3	6
130	0	0	0	0	-1	5
131	0	0	0	0	-1	6
132	200	201	1	0	-3	4
133	0	0	0	0	-1	5
134	202	203	3	0.155	-3	5.125
135	0	0	0	0	-1	4.33333333333333
136	0	0	0	0	-1	5
137	0	0	0	0	-1	3
138	204	205	1	8.45	-3	5.28915662650603
139	206	207	4	2.05	-3	4.99
140	208	209	2	0.655	-3	5.52173913043478
141	210	211	2	0.365	-3	5.23972602739726
142	212	213	11	9.275	-3	5.03636363636364
143	0	0	0	0	-1	6
144	0	0	0	0	-1	6
145	0	0	0	0	-1	7
146	214	215	4	3.65	-3	5.53488372093023
147	216	217	5	0.065	-3	6.03571428571429
148	218	219	11	11	-3	4.66666666666667
149	0	0	0	0	-1	6
150	220	221	3	0.095	-3	5.77777777777778
151	222	223	2	0.545	-3	5.26666666666667
152	224	225	1	7.15	-3	5.05
153	226	227	7	15	-3	4.16666666666667
154	0	0	0	0	-1	6
155	228	229	6	6	-3	7
156	230	231	7	79	-3	5.65789473684211
157	232	233	10	0.805	-3	6.21052631578947
158	234	235	1	8.8	-3	6.05882352941176
159	236	237	9	3.165	-3	6.7
160	238	239	4	4.45	-3	5
161	240	241	3	0.525	-3	5.94163424124514
162	242	243	1	7.9	-3	5.31578947368421
163	0	0	0	0	-1	4
164	0	0	0	0	-1	5
165	0	0	0	0	-1	5.2
166	244	245	1	6.45	-3	5.875
167	0	0	0	0	-1	7
168	246	247	2	0	-3	5
169	0	0	0	0	-1	4
170	0	0	0	0	-1	5
171	248	249	9	3.355	-3	6.42857142857143
172	0	0	0	0	-1	5
173	250	251	3	0.195	-3	5.5
174	252	253	5	0.11	-3	6.02127659574468
175	0	0	0	0	-1	5
176	254	255	8	0.99505	-3	5
177	0	0	0	0	-1	4
178	0	0	0	0	-1	5
179	256	257	9	3.535	-3	5.85714285714286
180	258	259	3	0.055	-3	5.44444444444444
181	260	261	10	0.655	-3	5.90909090909091
182	262	263	8	0.99523	-3	6.03571428571429
183	0	0	0	0	-1	4
184	0	0	0	0	-1	7
185	264	265	3	0.265	-3	6.3
186	266	267	6	3.5	-3	7
187	0	0	0	0	-1	8
188	0	0	0	0	-1	6
189	0	0	0	0	-1	6.66666666666667
190	0	0	0	0	-1	6
191	0	0	0	0	-1	7
192	268	269	4	2.3	-3	6
193	0	0	0	0	-1	6
194	270	271	1	8.5	-3	6
195	0	0	0	0	-1	6
196	272	273	3	0.315	-3	7.02380952380952
197	0	0	0	0	-1	6
198	274	275	7	0	-3	6
199	0	0	0	0	-1	6
200	0	0	0	0	-1	5
201	0	0	0	0	-1	4
202	0	0	0	0	-1	6
203	276	277	8	0	-3	5
204	278	279	6	25	-3	5.42857142857143
205	280	281	9	3.36	-3	5.08823529411765
206	282	283	11	9.65	-3	4.82758620689655
207	284	285	1	8.8	-3	5.05633802816901
208	286	287	7	28.5	-3	5.6027397260274
209	288	289	11	9.75	-3	5.21052631578947
210	290	291	7	81.5	-3	5.9
211	292	293	4	1.55	-3	5.19117647058824
212	294	295	10	0.675	-3	5.375
213	296	297	3	0.035	-3	4.8974358974359
214	298	299	5	0.0765	-3	5.35483870967742
215	300	301	7	22.5	-3	6
216	302	303	7	33	-3	6.85714285714286
217	304	305	1	7.35	-3	5.76190476190476
218	0	0	0	0	-1	5
219	0	0	0	0	-1	4
220	306	307	6	12	-3	6
221	308	309	5	0.0835	-3	5.6
222	0	0	0	0	-1	4.5
223	310	311	11	10.55	-3	5.38461538461539
224	0	0	0	0	-1	5.5
225	312	313	2	0.3625	-3	5
226	0	0	0	0	-1	3.75
227	0	0	0	0	-1	5
228	0	0	0	0	-1	7
229	0	0	0	0	-1	7
230	314	315	11	10.65	-3	5.58333333333333
231	0	0	0	0	-1	7
232	0	0	0	0	-1	7
233	316	317	7	62	-3	6.11764705882353
234	0	0	0	0	-1	5
235	318	319	1	11.95	-3	6.125
236	320	321	8	0.99619	-3	7.28571428571429
237	322	323	4	3.45	-3	6.55357142857143
238	324	325	5	0.0535	-3	5.42857142857143
239	0	0	0	0	-1	4
240	326	327	9	3.095	-3	5.80597014925373
241	328	329	2	0.485	-3	6.42857142857143
242	0	0	0	0	-1	7
243	330	331	4	1.95	-3	5.22222222222222
244	0	0	0	0	-1	5
245	0	0	0	0	-1	6
246	0	0	0	0	-1	5
247	0	0	0	0	-1	5
248	0	0	0	0	-1	6.6
249	0	0	0	0	-1	6
250	0	0	0	0	-1	6
251	0	0	0	0	-1	5.2
252	332	333	8	0.9942	-3	5.97777777777778
253	0	0	0	0	-1	7
254	0	0	0	0	-1	5
255	334	335	4	1.65	-3	5
256	0	0	0	0	-1	6
257	0	0	0	0	-1	5.66666666666667
258	0	0	0	0	-1	6
259	336	337	5	0.051	-3	5.16666666666667
260	338	339	5	0.066	-3	5.77777777777778
261	0	0	0	0	-1	6.5
262	340	341	6	27.5	-3	5.95652173913043
263	0	0	0	0	-1	6.4
264	342	343	11	12	-3	6
265	0	0	0	0	-1	7
266	0	0	0	0	-1	7
267	344	345	3	0.375	-3	7
268	0	0	0	0	-1	6
269	0	0	0	0	-1	6
270	346	347	6	13	-3	6
271	0	0	0	0	-1	6
272	0	0	0	0	-1	8
273	348	349	11	12.2	-3	6.975
274	0	0	0	0	-1	6
275	350	351	10	0.655	-3	6
276	0	0	0	0	-1	7
277	352	353	3	0.655	-3	5
278	354	355	2	0.495	-3	5.52631578947368
279	356	357	4	1.85	-3	5.09090909090909
280	358	359	8	0.9977	-3	5.06060606060606
281	0	0	0	0	-1	6
282	360	361	6	20	-3	5.11764705882353
283	362	363	8	0.99637	-3	4.41666666666667
284	364	365	9	3.275	-3	5.01754385964912
285	366	367	8	0.997495	-3	5.21428571428571
286	368	369	6	6.5	-3	5.72972972972973
287	370	371	9	3.475	-3	5.47222222222222
288	372	373	4	1.35	-3	5.04
289	374	375	8	0.99726	-3	5.53846153846154
290	0	0	0	0	-1	6
291	0	0	0	0	-1	5
292	0	0	0	0	-1	4
293	376	377	3	0.315	-3	5.22727272727273
294	378	379	4	0	-3	5
295	380	381	3	0.435	-3	5.66666666666667
296	0	0	0	0	-1	4
297	382	383	9	3.115	-3	4.94594594594595
298	384	385	10	0.63	-3	5.14285714285714
299	386	387	9	3.42	-3	5.8
300	0	0	0	0	-1	7
301	388	389	5	0.0705	-3	5.90909090909091
302	0	0	0	0	-1	6
303	0	0	0	0	-1	7
304	390	391	4	2.55	-3	5.63157894736842
305	0	0	0	0	-1	7
306	0	0	0	0	-1	6
307	0	0	0	0	-1	6
308	0	0	0	0	-1	5
309	392	393	9	3.36	-3	5.85714285714286
310	394	395	6	19.5	-3	5.14285714285714
311	396	397	6	11	-3	5.66666666666667
312	0	0	0	0	-1	5
313	398	399	2	0	-3	5
314	400	401	8	0.996965	-3	5.7
315	0	0	0	0	-1	5
316	402	403	2	0.305	-3	6
317	404	405	7	67.5	-3	6.33333333333333
318	406	407	9	3.155	-3	6.06666666666667
319	0	0	0	0	-1	7
320	0	0	0	0	-1	6.5
321	408	409	9	3.145	-3	7.41666666666667
322	410	411	6	47	-3	6.4
323	412	413	9	3.225	-3	6.9375
324	0	0	0	0	-1	6
325	0	0	0	0	-1	5
326	414	415	11	11.4	-3	5.2
327	416	417	8	0.99569	-3	5.87292817679558
328	418	419	3	0.655	-3	6.15384615384615
329	420	421	1	12.85	-3	6.66666666666667
330	0	0	0	0	-1	5
331	422	423	2	0.845	-3	5.5
332	0	0	0	0	-1	5.8
333	0	0	0	0	-1	6
334	0	0	0	0	-1	5
335	424	425	3	0	-3	5
336	0	0	0	0	-1	6
337	0	0	0	0	-1	5
338	426	427	3	0.045	-3	5.92857142857143
339	0	0	0	0	-1	5.25
340	428	429	10	0.515	-3	6
341	0	0	0	0	-1	5.5
342	0	0	0	0	-1	6
343	0	0	0	0	-1	6
344	0	0	0	0	-1	7
345	0	0	0	0	-1	7
346	0	0	0	0	-1	6
347	0	0	0	0	-1	6
348	430	431	6	0	-3	7
349	432	433	9	3.175	-3	6.92307692307692
350	0	0	0	0	-1	6
351	0	0	0	0	-1	6
352	0	0	0	0	-1	5
353	0	0	0	0	-1	5
354	434	435	8	0.996175	-3	5.71428571428571
355	436	437	6	19	-3	5.29411764705882
356	0	0	0	0	-1	5.33333333333333
357	438	439	10	0.53	-3	5
358	440	441	10	0.52	-3	5.18181818181818
359	442	443	11	9.55	-3	5
360	444	445	2	0	-3	5
361	0	0	0	0	-1	5.5
362	0	0	0	0	-1	5
363	446	447	6	8.5	-3	4
364	448	449	9	3.265	-3	5.09090909090909
365	450	451	11	9.55	-3	4.97142857142857
366	0	0	0	0	-1	6
367	452	453	7	46	-3	5.08333333333333
368	454	455	3	0.06	-3	5.5
369	456	457	10	0.575	-3	5.97222222222222
370	458	459	9	3.215	-3	5.55932203389831
371	460	461	2	0.53	-3	5.07692307692308
372	0	0	0	0	-1	4
373	462	463	3	0.405	-3	5.08333333333333
374	0	0	0	0	-1	5
375	464	465	10	0.665	-3	5.875
376	466	467	11	9.15	-3	5.31764705882353
377	468	469	1	10.8	-3	5.06382978723404
378	0	0	0	0	-1	6
379	0	0	0	0	-1	5
380	470	471	10	0.85	-3	5.85714285714286
381	0	0	0	0	-1	5
382	0	0	0	0	-1	4.25
383	472	473	7	74	-3	5.03030303030303
384	474	475	10	0.555	-3	5.2
385	0	0	0	0	-1	4
386	476	477	5	0.125	-3	6
387	0	0	0	0	-1	5
388	0	0	0	0	-1	5
389	0	0	0	0	-1	6
390	478	479	10	0.905	-3	5.75
391	0	0	0	0	-1	5
392	0	0	0	0	-1	5.5
393	0	0	0	0	-1	6
394	0	0	0	0	-1	5.5
395	0	0	0	0	-1	5
396	0	0	0	0	-1	5
397	0	0	0	0	-1	6
398	0	0	0	0	-1	7
399	480	481	11	10.25	-3	5
400	482	483	4	2.2	-3	6.25
401	484	485	4	1.8	-3	5.5
402	486	487	2	0.285	-3	6
403	0	0	0	0	-1	6
404	0	0	0	0	-1	7
405	0	0	0	0	-1	6
406	0	0	0	0	-1	6.2
407	0	0	0	0	-1	6
408	488	489	1	10.5	-3	7
409	490	491	4	2.35	-3	7.83333333333333
410	492	493	9	3.265	-3	6.33333333333333
411	0	0	0	0	-1	7
412	0	0	0	0	-1	6.25
413	494	495	11	12.4	-3	7.16666666666667
414	496	497	8	0.997065	-3	4.93333333333333
415	0	0	0	0	-1	6
416	498	499	8	0.995615	-3	6.83333333333333
417	500	501	10	0.62	-3	5.84
418	502	503	10	0.84	-3	5.9375
419	504	505	2	0.4175	-3	6.5
420	506	507	9	3.27	-3	6.74074074074074
421	0	0	0	0	-1	6
422	0	0	0	0	-1	6
423	0	0	0	0	-1	4.66666666666667
424	0	0	0	0	-1	5
425	0	0	0	0	-1	5
426	508	509	2	0.745	-3	6
427	510	511	3	0.1	-3	5.83333333333333
428	0	0	0	0	-1	6
429	512	513	6	22.5	-3	6
430	0	0	0	0	-1	6
431	514	515	7	0	-3	7
432	0	0	0	0	-1	6
433	516	517	8	0.995045	-3	7
434	518	519	8	0.996095	-3	5.5
435	520	521	3	0.43	-3	5.90909090909091
436	522	523	10	0.51	-3	5.07692307692308
437	0	0	0	0	-1	6
438	524	525	10	0.475	-3	5
439	0	0	0	0	-1	5
440	0	0	0	0	-1	6
441	526	527	3	0.37	-3	5
442	528	529	9	0	-3	5
443	530	531	10	0.52	-3	5
444	0	0	0	0	-1	5
445	532	533	4	1.7	-3	5
446	0	0	0	0	-1	4
447	0	0	0	0	-1	4
448	534	535	1	7.55	-3	5.05
449	0	0	0	0	-1	5.5
450	536	537	1	7.8	-3	5
451	538	539	10	0.465	-3	4.85714285714286
452	0	0	0	0	-1	6
453	540	541	10	0.52	-3	5
454	0	0	0	0	-1	5
455	542	543	4	2.35	-3	5.55882352941176
456	0	0	0	0	-1	6.66666666666667
457	544	545	10	0.605	-3	5.90909090909091
458	546	547	1	11.2	-3	5.21052631578947
459	548	549	7	30.5	-3	5.725
460	0	0	0	0	-1	5.25
461	550	551	6	0	-3	5
462	552	553	7	10.5	-3	5.04347826086957
463	0	0	0	0	-1	6
464	0	0	0	0	-1	5
465	554	555	9	3.26	-3	6
466	0	0	0	0	-1	6
467	556	557	2	0.645	-3	5.28395061728395
468	558	559	9	2.95	-3	5.08695652173913
469	0	0	0	0	-1	4
470	560	561	3	0.29	-3	6
471	0	0	0	0	-1	5
472	0	0	0	0	-1	5.2
473	562	563	9	3.35	-3	5
474	564	565	10	0.475	-3	5
475	566	567	2	0.6	-3	5.36363636363636
476	0	0	0	0	-1	6
477	0	0	0	0	-1	6
478	568	569	6	9	-3	5.8
479	0	0	0	0	-1	5
480	0	0	0	0	-1	5
481	570	571	6	27	-3	5
482	572	573	4	1.75	-3	6
483	0	0	0	0	-1	7
484	0	0	0	0	-1	6
485	574	575	6	18.5	-3	5.38888888888889
486	576	577	2	37	-3	6
487	0	0	0	0	-1	6
488	0	0	0	0	-1	7
489	0	0	0	0	-1	7
490	0	0	0	0	-1	7
491	0	0	0	0	-1	8
492	578	579	2	0.345	-3	6.66666666666667
493	580	581	11	10.85	-3	6.09523809523809
494	582	583	9	3.34	-3	7
495	0	0	0	0	-1	8
496	0	0	0	0	-1	6
497	584	585	4	1.7	-3	4.76923076923077
498	0	0	0	0	-1	6
499	0	0	0	0	-1	7
500	586	587	1	9.55	-3	5.56578947368421
501	588	589	11	11.55	-3	6.05050505050505
502	590	591	11	10.25	-3	6
503	0	0	0	0	-1	5
504	0	0	0	0	-1	6
505	592	593	2	0.445	-3	6.71428571428571
506	594	595	10	0.655	-3	6.80769230769231
507	0	0	0	0	-1	5
508	596	597	1	6.5	-3	6
509	0	0	0	0	-1	6
510	0	0	0	0	-1	5
511	0	0	0	0	-1	6
512	598	599	11	12.55	-3	6
513	0	0	0	0	-1	6
514	0	0	0	0	-1	5
515	0	0	0	0	-1	7
516	600	601	2	0.335	-3	7
517	0	0	0	0	-1	7
518	602	603	6	16	-3	5.83333333333333
519	0	0	0	0	-1	5
520	604	605	4	2.35	-3	6
521	0	0	0	0	-1	5
522	0	0	0	0	-1	5.25
523	606	607	6	0.99585	-3	5
524	0	0	0	0	-1	5
525	0	0	0	0	-1	5
526	0	0	0	0	-1	5
527	0	0	0	0	-1	5
528	0	0	0	0	-1	7
529	608	609	3	0.505	-3	5
530	0	0	0	0	-1	5
531	0	0	0	0	-1	5
532	0	0	0	0	-1	5
533	610	611	2	0	-3	5
534	0	0	0	0	-1	5.2
535	612	613	11	9.45	-3	5
536	614	615	1	7.35	-3	5
537	616	617	11	0	-3	5
538	0	0	0	0	-1	4
539	0	0	0	0	-1	5
540	0	0	0	0	-1	5
541	618	619	5	0	-3	5
542	620	621	2	0.385	-3	5.40909090909091
543	622	623	3	0.51	-3	5.83333333333333
544	0	0	0	0	-1	5
545	624	625	9	3.54	-3	5.9375
546	626	627	6	13	-3	5.05882352941176
547	0	0	0	0	-1	6.5
548	0	0	0	0	-1	5
549	628	629	5	0.0795	-3	5.78378378378378
550	0	0	0	0	-1	5
551	630	631	7	30	-3	5
552	0	0	0	0	-1	6
553	632	633	9	3.29	-3	5
554	0	0	0	0	-1	6
555	0	0	0	0	-1	6
556	634	635	4	1.75	-3	5.42372881355932
557	636	637	11	9.25	-3	4.90909090909091
558	0	0	0	0	-1	6
559	638	639	4	2.55	-3	5.06666666666667
560	0	0	0	0	-1	6
561	0	0	0	0	-1	6
562	640	641	9	3.21	-3	5
563	0	0	0	0	-1	5
564	0	0	0	0	-1	5
565	0	0	0	0	-1	5
566	642	643	7	35	-3	5.125
567	0	0	0	0	-1	6
568	0	0	0	0	-1	5.4
569	644	645	8	0.405	-3	6
570	646	647	1	0	-3	5
571	0	0	0	0	-1	5
572	0	0	0	0	-1	6
573	0	0	0	0	-1	6
574	648	649	8	0.999475	-3	5.08333333333333
575	650	651	7	73.5	-3	6
576	652	653	11	10.2	-3	6
577	0	0	0	0	-1	6
578	654	655	7	30	-3	6.8
579	0	0	0	0	-1	6.4
580	0	0	0	0	-1	7
581	656	657	8	0.99565	-3	6.05
582	658	659	6	5	-3	7
583	0	0	0	0	-1	7
584	0	0	0	0	-1	4
585	660	661	8	0.997805	-3	5
586	662	663	8	0.99652	-3	5.65573770491803
587	664	665	9	3.295	-3	5.2
588	666	667	4	5.25	-3	5.98837209302326
589	668	669	8	0.99738	-3	6.46153846153846
590	0	0	0	0	-1	6
591	670	671	2	0.67	-3	6
592	672	673	9	3.105	-3	6.83333333333333
593	0	0	0	0	-1	6
594	0	0	0	0	-1	6
595	674	675	4	6	-3	6.95454545454546
596	0	0	0	0	-1	6
597	0	0	0	0	-1	6
598	676	677	9	3.585	-3	6
599	0	0	0	0	-1	6
600	0	0	0	0	-1	7
601	0	0	0	0	-1	7
602	0	0	0	0	-1	6
603	0	0	0	0	-1	5
604	678	679	6	0.99674	-3	6
605	0	0	0	0	-1	6
606	0	0	0	0	-1	5
607	680	681	11	9.35	-3	5
608	682	683	1	10.85	-3	5
609	0	0	0	0	-1	5
610	0	0	0	0	-1	6
611	684	685	6	11.5	-3	5
612	0	0	0	0	-1	5
613	0	0	0	0	-1	5
614	686	687	5	0.7025	-3	5
615	688	689	11	0	-3	5
616	0	0	0	0	-1	5
617	0	0	0	0	-1	5
618	0	0	0	0	-1	5
619	0	0	0	0	-1	5
620	690	691	7	19	-3	5.15384615384615
621	692	693	11	9.85	-3	5.77777777777778
622	694	695	5	0.086	-3	5.90909090909091
623	0	0	0	0	-1	5
624	696	697	5	0.118	-3	5.96774193548387
625	0	0	0	0	-1	5
626	698	699	1	9.15	-3	5
627	0	0	0	0	-1	5.25
628	700	701	10	0.675	-3	5.25
629	702	703	9	3.255	-3	6.04
630	0	0	0	0	-1	5
631	704	705	4	0	-3	5
632	0	0	0	0	-1	5
633	706	707	4	2.45	-3	5
634	708	709	11	0	-3	5
635	710	711	2	0.625	-3	5.49019607843137
636	0	0	0	0	-1	4
637	712	713	10	0.775	-3	5
638	714	715	8	0.996475	-3	5.02631578947368
639	716	717	2	0.435	-3	5.28571428571429
640	0	0	0	0	-1	5
641	718	719	3	0.235	-3	5
642	0	0	0	0	-1	6
643	0	0	0	0	-1	5
644	0	0	0	0	-1	5
645	720	721	6	14	-3	6
646	0	0	0	0	-1	6
647	0	0	0	0	-1	5
648	722	723	3	0.485	-3	5
649	0	0	0	0	-1	5.33333333333333
650	0	0	0	0	-1	6
651	0	0	0	0	-1	6
652	0	0	0	0	-1	6
653	0	0	0	0	-1	6
654	724	725	2	0.255	-3	6.88888888888889
655	0	0	0	0	-1	6
656	0	0	0	0	-1	5
657	726	727	7	34	-3	6.10526315789474
658	0	0	0	0	-1	7
659	0	0	0	0	-1	7
660	0	0	0	0	-1	5
661	728	729	1	0	-3	5
662	730	731	10	0.485	-3	5.84615384615385
663	732	733	5	0.106	-3	5.51428571428571
664	734	735	7	29	-3	5.28571428571429
665	0	0	0	0	-1	4
666	736	737	7	38	-3	5.96385542168675
667	0	0	0	0	-1	6.66666666666667
668	738	739	7	39.5	-3	6.85714285714286
669	740	741	10	0.85	-3	6
670	742	743	11	10.4	-3	6
671	0	0	0	0	-1	6
672	0	0	0	0	-1	6
673	0	0	0	0	-1	7
674	744	745	9	0	-3	7
675	0	0	0	0	-1	6
676	746	747	11	12.25	-3	6
677	0	0	0	0	-1	6
678	0	0	0	0	-1	4
679	0	0	0	0	-1	6
680	0	0	0	0	-1	5
681	748	749	11	0	-3	5
682	750	751	11	0	-3	5
683	0	0	0	0	-1	5
684	752	753	6	0	-3	5
685	0	0	0	0	-1	5
686	754	755	7	0	-3	5
687	0	0	0	0	-1	5
688	0	0	0	0	-1	5
689	756	757	4	2.4	-3	5
690	758	759	6	5.5	-3	5
691	0	0	0	0	-1	6
692	760	761	10	0.595	-3	5.875
693	0	0	0	0	-1	5
694	762	763	6	0	-3	6
695	0	0	0	0	-1	5.75
696	764	765	6	10.5	-3	6
697	0	0	0	0	-1	5.5
698	766	767	9	0	-3	5
699	768	769	9	3.13	-3	5
700	770	771	7	37	-3	5.1
701	0	0	0	0	-1	6
702	0	0	0	0	-1	6.25
703	0	0	0	0	-1	6
704	0	0	0	0	-1	6
705	0	0	0	0	-1	5
706	772	773	9	3.375	-3	5
707	0	0	0	0	-1	5
708	0	0	0	0	-1	6
709	774	775	1	0	-3	5
710	776	777	9	3.285	-3	5.40909090909091
711	0	0	0	0	-1	6
712	778	779	5	0.074	-3	5
713	0	0	0	0	-1	5
714	780	781	6	23	-3	5.11111111111111
715	782	783	8	0.99745	-3	5
716	0	0	0	0	-1	6
717	0	0	0	0	-1	5
718	784	785	7	109.5	-3	5
719	786	787	9	3.315	-3	5
720	0	0	0	0	-1	6
721	0	0	0	0	-1	6
722	0	0	0	0	-1	5
723	788	789	3	0	-3	5
724	0	0	0	0	-1	6.75
725	0	0	0	0	-1	7
726	790	791	3	0.39	-3	6.22222222222222
727	0	0	0	0	-1	6
728	0	0	0	0	-1	6
729	792	793	5	3.4	-3	5
730	0	0	0	0	-1	5
731	794	795	8	0.99575	-3	5.88
732	796	797	3	0.185	-3	5.5625
733	0	0	0	0	-1	5
734	798	799	8	0.99772	-3	5.09090909090909
735	0	0	0	0	-1	6
736	800	801	5	0.085	-3	5.85714285714286
737	802	803	6	22.5	-3	6.07317073170732
738	804	805	7	26.5	-3	7
739	0	0	0	0	-1	6
740	0	0	0	0	-1	6
741	0	0	0	0	-1	6
742	0	0	0	0	-1	6
743	806	807	6	6.5	-3	6
744	0	0	0	0	-1	5
745	0	0	0	0	-1	7
746	808	809	2	0.64	-3	6
747	0	0	0	0	-1	6
748	0	0	0	0	-1	7
749	810	811	4	0	-3	5
750	0	0	0	0	-1	6
751	812	813	6	30.5	-3	5
752	0	0	0	0	-1	5
753	814	815	9	6	-3	5
754	0	0	0	0	-1	5
755	816	817	8	0.99676	-3	5
756	0	0	0	0	-1	5
757	0	0	0	0	-1	5
758	818	819	3	0	-3	5
759	0	0	0	0	-1	5
760	0	0	0	0	-1	5
761	820	821	10	0.78	-3	6
762	0	0	0	0	-1	4
763	0	0	0	0	-1	6
764	822	823	5	0.073	-3	6
765	824	825	11	9.45	-3	6
766	0	0	0	0	-1	5
767	0	0	0	0	-1	5
768	0	0	0	0	-1	5
769	0	0	0	0	-1	5
770	0	0	0	0	-1	6
771	826	827	4	1.55	-3	5
772	828	829	2	0.68	-3	5
773	830	831	5	0	-3	5
774	0	0	0	0	-1	6
775	832	833	3	0.18	-3	5
776	834	835	8	0.99663	-3	5.2
777	836	837	1	7.75	-3	5.58333333333333
778	0	0	0	0	-1	5
779	0	0	0	0	-1	5
780	838	839	7	94	-3	5
781	0	0	0	0	-1	6
782	840	841	5	0	-3	5
783	842	843	6	26.5	-3	5
784	0	0	0	0	-1	5
785	0	0	0	0	-1	5
786	844	845	2	0	-3	5
787	0	0	0	0	-1	5
788	0	0	0	0	-1	6
789	0	0	0	0	-1	5
790	0	0	0	0	-1	7
791	846	847	6	7	-3	6.125
792	848	849	8	0	-3	5
793	0	0	0	0	-1	5
794	0	0	0	0	-1	5
795	850	851	3	0.27	-3	5.95652173913043
796	852	853	2	0.68	-3	5.33333333333333
797	854	855	2	0.6275	-3	5.7
798	0	0	0	0	-1	6
799	856	857	11	10.35	-3	5
800	858	859	5	0.0665	-3	5.97142857142857
801	860	861	8	0.99704	-3	5.28571428571429
802	862	863	7	51.5	-3	6.33333333333333
803	864	865	1	8	-3	5.8695652173913
804	0	0	0	0	-1	7
805	0	0	0	0	-1	7
806	866	867	3	0.635	-3	6
807	0	0	0	0	-1	6
808	868	869	6	9	-3	6
809	0	0	0	0	-1	6
810	0	0	0	0	-1	8
811	0	0	0	0	-1	5
812	0	0	0	0	-1	5
813	0	0	0	0	-1	5
814	0	0	0	0	-1	5
815	0	0	0	0	-1	5
816	0	0	0	0	-1	5
817	870	871	11	0.997325	-3	5
818	0	0	0	0	-1	5
819	0	0	0	0	-1	5
820	0	0	0	0	-1	6
821	0	0	0	0	-1	6
822	872	873	4	2.15	-3	6
823	874	875	1	7.9	-3	6
824	0	0	0	0	-1	6
825	0	0	0	0	-1	6
826	0	0	0	0	-1	5
827	876	877	3	0	-3	5
828	0	0	0	0	-1	5
829	878	879	1	0	-3	5
830	0	0	0	0	-1	5
831	880	881	8	0.99635	-3	5
832	0	0	0	0	-1	5
833	0	0	0	0	-1	5
834	882	883	1	0	-3	5
835	884	885	3	0.285	-3	5.57142857142857
836	886	887	5	0.0745	-3	5.33333333333333
837	0	0	0	0	-1	6
838	888	889	5	0	-3	5
839	0	0	0	0	-1	5
840	0	0	0	0	-1	5
841	890	891	10	0.59	-3	5
842	0	0	0	0	-1	5
843	892	893	9	3.145	-3	5
844	0	0	0	0	-1	6
845	0	0	0	0	-1	5
846	894	895	6	5.5	-3	6
847	0	0	0	0	-1	7
848	0	0	0	0	-1	5
849	896	897	4	3.4	-3	5
850	898	899	4	2.8	-3	6
851	0	0	0	0	-1	5.75
852	900	901	7	16	-3	5.11111111111111
853	0	0	0	0	-1	6
854	902	903	8	0.99662	-3	5.85714285714286
855	904	905	1	8.95	-3	5.33333333333333
856	0	0	0	0	-1	5
857	906	907	5	0	-3	5
858	908	909	1	8.55	-3	6.125
859	910	911	6	18.5	-3	5.92592592592593
860	0	0	0	0	-1	6
861	0	0	0	0	-1	5
862	912	913	3	0.15	-3	6.08333333333333
863	914	915	7	64	-3	6.83333333333333
864	0	0	0	0	-1	5.33333333333333
865	916	917	8	0.99975	-3	5.95
866	0	0	0	0	-1	6
867	0	0	0	0	-1	6
868	0	0	0	0	-1	6
869	0	0	0	0	-1	6
870	0	0	0	0	-1	5
871	918	919	3	0.12	-3	5
872	920	921	5	0	-3	6
873	0	0	0	0	-1	6
874	0	0	0	0	-1	6
875	0	0	0	0	-1	6
876	0	0	0	0	-1	5
877	922	923	4	2.05	-3	5
878	0	0	0	0	-1	5
879	924	925	9	3.345	-3	5
880	0	0	0	0	-1	5
881	926	927	2	0	-3	5
882	0	0	0	0	-1	5
883	928	929	7	109.5	-3	5
884	0	0	0	0	-1	6
885	0	0	0	0	-1	5
886	0	0	0	0	-1	6
887	930	931	2	0.6	-3	5.09090909090909
888	0	0	0	0	-1	6
889	932	933	9	3.125	-3	5
890	0	0	0	0	-1	5
891	0	0	0	0	-1	5
892	0	0	0	0	-1	5
893	0	0	0	0	-1	5
894	0	0	0	0	-1	6
895	0	0	0	0	-1	6
896	0	0	0	0	-1	5
897	0	0	0	0	-1	5
898	0	0	0	0	-1	6
899	0	0	0	0	-1	6
900	0	0	0	0	-1	5.5
901	934	935	3	0	-3	5
902	0	0	0	0	-1	5
903	936	937	8	0.997875	-3	5.92307692307692
904	0	0	0	0	-1	4.66666666666667
905	0	0	0	0	-1	6
906	0	0	0	0	-1	5
907	938	939	8	2.55	-3	5
908	0	0	0	0	-1	7
909	0	0	0	0	-1	6
910	940	941	10	0.635	-3	5.96153846153846
911	0	0	0	0	-1	5
912	0	0	0	0	-1	6.5
913	942	943	11	10.4	-3	6
914	0	0	0	0	-1	7
915	0	0	0	0	-1	6
916	944	945	7	61	-3	6
917	0	0	0	0	-1	5
918	946	947	6	0	-3	5
919	0	0	0	0	-1	5
920	0	0	0	0	-1	6
921	948	949	3	0.01	-3	6
922	0	0	0	0	-1	5
923	0	0	0	0	-1	5
924	0	0	0	0	-1	5
925	0	0	0	0	-1	5
926	0	0	0	0	-1	5
927	0	0	0	0	-1	5
928	0	0	0	0	-1	5
929	0	0	0	0	-1	5
930	950	951	6	20	-3	5
931	0	0	0	0	-1	6
932	0	0	0	0	-1	5
933	0	0	0	0	-1	5
934	0	0	0	0	-1	7
935	0	0	0	0	-1	5
936	0	0	0	0	-1	6
937	0	0	0	0	-1	5.5
938	0	0	0	0	-1	5
939	0	0	0	0	-1	5
940	0	0	0	0	-1	5
941	952	953	4	3.45	-3	6
942	0	0	0	0	-1	6
943	0	0	0	0	-1	6
944	954	955	8	0.99815	-3	6
945	956	957	1	10.55	-3	6
946	0	0	0	0	-1	7
947	958	959	1	0.525	-3	5
948	0	0	0	0	-1	6
949	0	0	0	0	-1	6
950	0	0	0	0	-1	5
951	960	961	3	0	-3	5
952	0	0	0	0	-1	6
953	0	0	0	0	-1	6
954	0	0	0	0	-1	6
955	0	0	0	0	-1	6
956	962	963	2	0	-3	6
957	0	0	0	0	-1	6
958	0	0	0	0	-1	5
959	0	0	0	0	-1	5
960	0	0	0	0	-1	6
961	964	965	9	3.395	-3	5
962	0	0	0	0	-1	6
963	966	967	2	0	-3	6
964	0	0	0	0	-1	5
965	968	969	7	0	-3	5
966	0	0	0	0	-1	6
967	0	0	0	0	-1	6
968	0	0	0	0	-1	6
969	970	971	1	62.5	-3	5
970	0	0	0	0	-1	5
971	0	0	0	0	-1	5
