1	2	3	2	0.425	-3	5.62789243277048
2	4	5	11	10.75	-3	6.01926782273603
3	6	7	7	65.5	-3	5.43981481481481
4	8	9	10	0.69	-3	5.68055555555556
5	10	11	7	103	-3	6.44155844155844
6	12	13	7	13.5	-3	5.5250626566416
7	14	15	2	0.495	-3	5.19858156028369
8	16	17	9	3.005	-3	5.43030303030303
9	18	19	5	0.097	-3	6.01626016260163
10	20	21	10	0.685	-3	6.48636363636363
11	22	23	8	0.99526	-3	5.54545454545455
12	24	25	11	11.8	-3	5.02857142857143
13	26	27	2	0.595	-3	5.5728021978022
14	28	29	8	0.99397	-3	5.45833333333333
15	30	31	5	0.0445	-3	5.14529914529914
16	0	0	0	0	-1	6.25
17	32	33	8	0.996265	-3	5.40993788819876
18	34	35	7	50	-3	6.16494845360825
19	36	37	4	3.4	-3	5.46153846153846
20	38	39	4	6.3	-3	6.18987341772152
21	40	41	9	3.715	-3	6.65248226950354
22	42	43	7	227	-3	6.16666666666667
23	0	0	0	0	-1	4.8
24	44	45	11	9.875	-3	4.87096774193548
25	46	47	2	0.73	-3	6.25
26	48	49	11	10.35	-3	5.70408163265306
27	50	51	4	2.25	-3	5.41964285714286
28	0	0	0	0	-1	7
29	52	53	4	6.225	-3	5.35555555555556
30	0	0	0	0	-1	6.2
31	54	55	7	98.5	-3	5.12227074235808
32	56	57	5	0.069	-3	5.11627906976744
33	58	59	1	8.1	-3	5.51694915254237
34	60	61	11	9.65	-3	6.40625
35	62	63	1	8.1	-3	5.6969696969697
36	64	65	3	0.475	-3	5.25
37	66	67	7	16.5	-3	6.16666666666667
38	68	69	7	16.5	-3	6.23684210526316
39	0	0	0	0	-1	5
40	70	71	8	0.99553	-3	6.64285714285714
41	0	0	0	0	-1	8
42	0	0	0	0	-1	6
43	0	0	0	0	-1	7
44	72	73	7	8.5	-3	5.1875
45	74	75	10	0.7	-3	4.76086956521739
46	76	77	4	2.65	-3	6.66666666666667
47	0	0	0	0	-1	5
48	78	79	10	0.555	-3	5.46976744186047
49	80	81	1	9.9	-3	5.98870056497175
50	82	83	5	0.0605	-3	5.23645320197044
51	84	85	10	0.585	-3	5.69924812030075
52	86	87	3	0.46	-3	5.27906976744186
53	0	0	0	0	-1	7
54	88	89	9	3.745	-3	5.20512820512821
55	90	91	5	0.067	-3	5.03571428571429
56	92	93	4	1.9	-3	4.66666666666667
57	94	95	4	2.05	-3	5.29032258064516
58	96	97	11	9.15	-3	5.73913043478261
59	98	99	10	0.615	-3	5.375
60	100	101	6	7	-3	5.95
61	102	103	1	8.55	-3	6.61363636363636
62	104	105	3	0.185	-3	5.27272727272727
63	106	107	9	3.29	-3	5.90909090909091
64	108	109	5	0.1125	-3	5.5
65	110	111	11	9.6	-3	5
66	0	0	0	0	-1	7
67	0	0	0	0	-1	6
68	112	113	3	0.28	-3	6.58064516129032
69	114	115	5	0.025	-3	6
70	116	117	6	24.5	-3	6.78048780487805
71	118	119	7	35.5	-3	6.44827586206897
72	0	0	0	0	-1	4
73	120	121	3	0.155	-3	5.35714285714286
74	122	123	1	7.55	-3	4.63414634146342
75	0	0	0	0	-1	5.8
76	0	0	0	0	-1	7
77	0	0	0	0	-1	6.33333333333333
78	124	125	5	0.079	-3	5.08474576271187
79	126	127	7	35.5	-3	5.61538461538461
80	128	129	9	3.455	-3	5.91946308724832
81	130	131	8	0.9969	-3	6.35714285714286
82	132	133	9	3.215	-3	5.64705882352941
83	134	135	6	5.5	-3	5.1989247311828
84	136	137	9	3.62	-3	5.28846153846154
85	138	139	2	0.8625	-3	5.96296296296296
86	140	141	7	134.5	-3	5.41379310344828
87	142	143	5	0	-3	5
88	144	145	10	1.805	-3	5.21551724137931
89	0	0	0	0	-1	4
90	0	0	0	0	-1	6
91	146	147	10	1.265	-3	5.00917431192661
92	148	149	1	0	-3	5
93	0	0	0	0	-1	4.2
94	150	151	9	3.125	-3	5.09090909090909
95	152	153	9	3.295	-3	5.77777777777778
96	0	0	0	0	-1	5
97	154	155	11	9.45	-3	5.82926829268293
98	156	157	4	1.95	-3	5.26190476190476
99	158	159	4	2.65	-3	5.53333333333333
100	0	0	0	0	-1	5.6
101	160	161	5	0.0755	-3	6.06666666666667
102	0	0	0	0	-1	5.8
103	162	163	9	2.95	-3	6.71794871794872
104	0	0	0	0	-1	6
105	164	165	4	2.05	-3	5
106	166	167	3	0.56	-3	5.58333333333333
107	168	169	6	33.5	-3	6.3
108	0	0	0	0	-1	5
109	0	0	0	0	-1	6
110	170	171	10	0	-3	5
111	0	0	0	0	-1	5
112	0	0	0	0	-1	4
113	172	173	4	2.5	-3	6.66666666666667
114	0	0	0	0	-1	7
115	174	175	4	3.7	-3	5.92857142857143
116	176	177	3	0.54	-3	6.875
117	178	179	2	0.3	-3	6.1
118	180	181	11	12.35	-3	6.6969696969697
119	182	183	10	0.915	-3	6.12
120	184	185	1	7.05	-3	5.1
121	0	0	0	0	-1	6
122	186	187	7	11.5	-3	4.43333333333333
123	188	189	5	0.11	-3	5.18181818181818
124	190	191	7	39.5	-3	5.22222222222222
125	192	193	9	3.31	-3	4.8695652173913
126	194	195	5	0.0705	-3	5.81578947368421
127	196	197	5	0.0665	-3	5.425
128	198	199	11	12.95	-3	6.01639344262295
129	200	201	1	4.85	-3	5.48148148148148
130	0	0	0	0	-1	7
131	202	203	4	3.05	-3	6.25
132	0	0	0	0	-1	5
133	204	205	8	0.9952	-3	5.84615384615385
134	206	207	11	8.85	-3	4.5
135	208	209	3	0.155	-3	5.24712643678161
136	210	211	8	0.997395	-3	5.33333333333333
137	0	0	0	0	-1	3
138	212	213	3	0.645	-3	6.0126582278481
139	0	0	0	0	-1	4
140	214	215	1	10.25	-3	5.34615384615385
141	0	0	0	0	-1	6
142	0	0	0	0	-1	5
143	216	217	9	0	-3	5
144	218	219	7	86.5	-3	5.22608695652174
145	0	0	0	0	-1	4
146	220	221	11	0.996675	-3	5
147	0	0	0	0	-1	6
148	0	0	0	0	-1	5
149	0	0	0	0	-1	5
150	0	0	0	0	-1	6
151	222	223	2	0.4	-3	5
152	0	0	0	0	-1	5
153	224	225	3	3.35	-3	6
154	226	227	2	0.35	-3	5.61538461538461
155	228	229	2	0.415	-3	5.92857142857143
156	230	231	2	0.35	-3	5.875
157	232	233	5	0.081	-3	5.11764705882353
158	234	235	8	0.996575	-3	5.72727272727273
159	236	237	6	5.5	-3	5
160	0	0	0	0	-1	6.5
161	238	239	10	0.845	-3	6
162	0	0	0	0	-1	8
163	240	241	1	12.55	-3	6.64864864864865
164	0	0	0	0	-1	6
165	242	243	5	0.072	-3	4.85714285714286
166	244	245	1	10.05	-3	5.875
167	0	0	0	0	-1	5
168	246	247	8	0.99736	-3	6
169	0	0	0	0	-1	6.75
170	0	0	0	0	-1	7
171	248	249	3	0.56	-3	5
172	250	251	3	0.38	-3	6.52173913043478
173	252	253	11	11.3	-3	7.14285714285714
174	254	255	9	3.675	-3	5.9
175	0	0	0	0	-1	6.5
176	256	257	1	10.5	-3	6.92647058823529
177	0	0	0	0	-1	6
178	0	0	0	0	-1	7
179	258	259	4	2.1	-3	6
180	260	261	5	0.0745	-3	6.61290322580645
181	0	0	0	0	-1	8
182	262	263	3	0.35	-3	5.95238095238095
183	0	0	0	0	-1	7
184	0	0	0	0	-1	5.5
185	264	265	3	0.08	-3	5
186	266	267	9	3.56	-3	4.75
187	268	269	10	0.58	-3	4.07142857142857
188	270	271	8	0.9973	-3	5.1
189	0	0	0	0	-1	6
190	272	273	4	1.65	-3	5.42857142857143
191	274	275	3	0.055	-3	4.93333333333333
192	276	277	1	8.2	-3	5.05263157894737
193	0	0	0	0	-1	4
194	278	279	4	2.05	-3	5.57894736842105
195	280	281	2	0.585	-3	5.89473684210526
196	0	0	0	0	-1	7
197	282	283	7	43.5	-3	5.36363636363636
198	284	285	11	12.65	-3	6
199	0	0	0	0	-1	8
200	0	0	0	0	-1	4
201	286	287	10	0.535	-3	5.53846153846154
202	288	289	9	3.095	-3	6.0625
203	290	291	10	0.7	-3	6.625
204	292	293	3	0.09	-3	5.90909090909091
205	0	0	0	0	-1	5.5
206	0	0	0	0	-1	3
207	294	295	9	3.275	-3	4.8
208	296	297	8	0.99506	-3	5.35074626865672
209	298	299	6	6.5	-3	4.9
210	300	301	2	0.8225	-3	5.53125
211	302	303	5	0.091	-3	5
212	304	305	9	3.575	-3	5.94666666666667
213	0	0	0	0	-1	7.25
214	306	307	8	0.99664	-3	5.26086956521739
215	0	0	0	0	-1	6
216	0	0	0	0	-1	6
217	308	309	9	3.325	-3	5
218	310	311	11	10.15	-3	5.11428571428571
219	312	313	5	0.085	-3	5.4
220	0	0	0	0	-1	6
221	314	315	7	111.5	-3	5
222	316	317	5	0.0785	-3	5
223	318	319	5	0	-3	5
224	320	321	7	66.5	-3	6
225	0	0	0	0	-1	6
226	0	0	0	0	-1	6
227	322	323	1	7.75	-3	5.375
228	324	325	10	0.645	-3	5.96296296296296
229	0	0	0	0	-1	5
230	0	0	0	0	-1	6
231	0	0	0	0	-1	5
232	0	0	0	0	-1	5.6
233	326	327	9	3.46	-3	5.03448275862069
234	0	0	0	0	-1	5
235	328	329	2	0.37	-3	5.8
236	0	0	0	0	-1	5
237	330	331	5	0	-3	5
238	332	333	9	3.235	-3	6
239	0	0	0	0	-1	6
240	334	335	1	9.45	-3	6.75
241	0	0	0	0	-1	6
242	0	0	0	0	-1	5
243	0	0	0	0	-1	4.5
244	0	0	0	0	-1	5.5
245	336	337	11	9.7	-3	6
246	0	0	0	0	-1	6
247	0	0	0	0	-1	6
248	0	0	0	0	-1	5
249	0	0	0	0	-1	5
250	338	339	1	1.7	-3	7
251	340	341	10	0.485	-3	6.26666666666667
252	0	0	0	0	-1	8
253	342	343	7	9.5	-3	7
254	344	345	11	10.95	-3	5.87179487179487
255	0	0	0	0	-1	7
256	346	347	9	3.295	-3	6.94029850746269
257	0	0	0	0	-1	6
258	348	349	5	0	-3	6
259	0	0	0	0	-1	6
260	350	351	3	0.505	-3	6.30769230769231
261	352	353	9	3.285	-3	6.83333333333333
262	0	0	0	0	-1	6.5
263	354	355	2	0.395	-3	5.82352941176471
264	356	357	6	0	-3	5
265	0	0	0	0	-1	5
266	358	359	3	0.055	-3	4.66666666666667
267	0	0	0	0	-1	6
268	0	0	0	0	-1	5
269	360	361	10	0.625	-3	3.81818181818182
270	362	363	7	0	-3	5
271	0	0	0	0	-1	6
272	0	0	0	0	-1	5
273	364	365	2	0.465	-3	5.5625
274	0	0	0	0	-1	4
275	366	367	5	0.485	-3	5
276	0	0	0	0	-1	5.33333333333333
277	368	369	11	9.45	-3	5
278	370	371	11	9.75	-3	5.27272727272727
279	372	373	10	0.615	-3	6
280	374	375	5	0.103	-3	5.94339622641509
281	0	0	0	0	-1	5.25
282	376	377	3	0.07	-3	5.15625
283	378	379	4	1.7	-3	5.51111111111111
284	380	381	3	0.18	-3	6.02542372881356
285	0	0	0	0	-1	5
286	0	0	0	0	-1	5
287	382	383	11	10.45	-3	5.66666666666667
288	0	0	0	0	-1	6.6
289	384	385	3	0.375	-3	5.81818181818182
290	0	0	0	0	-1	6
291	0	0	0	0	-1	7
292	386	387	1	6.8	-3	6
293	0	0	0	0	-1	5
294	388	389	9	0	-3	5
295	0	0	0	0	-1	4.33333333333333
296	390	391	7	29.5	-3	5.72727272727273
297	392	393	11	9.85	-3	5.27678571428572
298	0	0	0	0	-1	4
299	394	395	11	10.1	-3	5
300	396	397	1	6.75	-3	5.27272727272727
301	398	399	10	0.555	-3	6.1
302	400	401	2	0.72	-3	4.9375
303	0	0	0	0	-1	5.33333333333333
304	402	403	1	9.2	-3	5.83823529411765
305	404	405	3	0.06	-3	7
306	0	0	0	0	-1	5.8
307	406	407	9	3.355	-3	5.11111111111111
308	408	409	10	0	-3	5
309	0	0	0	0	-1	5
310	410	411	9	3.135	-3	5.0655737704918
311	412	413	8	1.0006	-3	5.44444444444444
312	414	415	11	10.675	-3	5.63157894736842
313	416	417	7	97	-3	5.23076923076923
314	418	419	6	20.5	-3	5
315	420	421	6	27	-3	5
316	0	0	0	0	-1	5
317	422	423	1	5.65	-3	5
318	0	0	0	0	-1	5
319	424	425	3	0	-3	5
320	0	0	0	0	-1	6
321	0	0	0	0	-1	6
322	0	0	0	0	-1	5
323	0	0	0	0	-1	6
324	426	427	2	0.39	-3	6
325	0	0	0	0	-1	5.66666666666667
326	428	429	3	0.575	-3	5
327	0	0	0	0	-1	6
328	430	431	1	12.4	-3	6
329	432	433	6	11	-3	5.5
330	0	0	0	0	-1	6
331	434	435	5	0.0865	-3	5
332	0	0	0	0	-1	6
333	0	0	0	0	-1	6
334	436	437	9	3.36	-3	6.5
335	438	439	9	3.39	-3	6.83333333333333
336	0	0	0	0	-1	6
337	0	0	0	0	-1	6
338	0	0	0	0	-1	5
339	440	441	10	0.545	-3	7
340	0	0	0	0	-1	5
341	442	443	10	0.56	-3	6.35714285714286
342	0	0	0	0	-1	7
343	0	0	0	0	-1	7
344	0	0	0	0	-1	5.5
345	444	445	9	3.19	-3	5.91428571428571
346	446	447	1	7.95	-3	6.875
347	448	449	3	0.345	-3	7
348	0	0	0	0	-1	6
349	450	451	4	1.7	-3	6
350	452	453	9	3.18	-3	6.18181818181818
351	0	0	0	0	-1	7
352	454	455	5	0.145	-3	6.93333333333333
353	0	0	0	0	-1	6.33333333333333
354	456	457	6	13.5	-3	5.92307692307692
355	0	0	0	0	-1	5.5
356	0	0	0	0	-1	5
357	458	459	2	0.6775	-3	5
358	460	461	7	9.5	-3	5
359	462	463	3	0.08	-3	4.44444444444444
360	464	465	4	1.8	-3	4
361	0	0	0	0	-1	3
362	0	0	0	0	-1	6
363	466	467	6	6.5	-3	5
364	0	0	0	0	-1	6
365	468	469	9	3.225	-3	5.5
366	470	471	7	42	-3	5
367	0	0	0	0	-1	5
368	0	0	0	0	-1	5
369	472	473	4	0	-3	5
370	474	475	7	0	-3	5
371	0	0	0	0	-1	5.6
372	0	0	0	0	-1	6
373	476	477	3	0.11	-3	6
374	478	479	6	8	-3	6.02325581395349
375	480	481	5	0.1465	-3	5.6
376	0	0	0	0	-1	6
377	482	483	2	0.53	-3	5.06896551724138
378	0	0	0	0	-1	4.75
379	484	485	1	9.95	-3	5.58536585365854
380	486	487	7	29.5	-3	6.2156862745098
381	488	489	8	0.9965	-3	5.88059701492537
382	0	0	0	0	-1	5
383	490	491	4	1.85	-3	5.82352941176471
384	0	0	0	0	-1	5
385	492	493	8	0.99819	-3	6
386	494	495	6	17.5	-3	6
387	0	0	0	0	-1	6
388	0	0	0	0	-1	6
389	496	497	8	0	-3	5
390	498	499	10	0.515	-3	6.11111111111111
391	500	501	9	3.475	-3	5.46153846153846
392	502	503	5	0.063	-3	5.06060606060606
393	504	505	10	0.545	-3	5.58695652173913
394	506	507	5	0.4085	-3	4.89655172413793
395	508	509	2	0.6175	-3	5.42857142857143
396	510	511	4	4.025	-3	4.75
397	512	513	6	11.5	-3	5.57142857142857
398	514	515	3	0.115	-3	5.875
399	0	0	0	0	-1	7
400	516	517	5	0.0785	-3	5
401	0	0	0	0	-1	4.75
402	518	519	8	0.99955	-3	5.72916666666667
403	520	521	8	0.99925	-3	6.1
404	0	0	0	0	-1	7
405	0	0	0	0	-1	7
406	0	0	0	0	-1	5
407	522	523	8	0.998	-3	5.22222222222222
408	0	0	0	0	-1	5
409	524	525	8	0.9976	-3	5
410	0	0	0	0	-1	5.6
411	526	527	2	0.8925	-3	5.01785714285714
412	528	529	6	17.5	-3	5.83333333333333
413	0	0	0	0	-1	4.66666666666667
414	530	531	7	88.5	-3	5.70588235294118
415	0	0	0	0	-1	5
416	532	533	4	11.2	-3	5.13636363636364
417	0	0	0	0	-1	5.75
418	0	0	0	0	-1	5
419	534	535	11	9.35	-3	5
420	536	537	3	0.265	-3	5
421	538	539	1	8.55	-3	5
422	0	0	0	0	-1	5
423	540	541	7	0	-3	5
424	0	0	0	0	-1	6
425	0	0	0	0	-1	5
426	542	543	1	5.75	-3	6
427	544	545	3	0.3	-3	6
428	546	547	6	11.5	-3	5
429	0	0	0	0	-1	5
430	0	0	0	0	-1	6
431	0	0	0	0	-1	6
432	0	0	0	0	-1	6
433	0	0	0	0	-1	5
434	0	0	0	0	-1	5
435	0	0	0	0	-1	5
436	0	0	0	0	-1	6
437	0	0	0	0	-1	7
438	548	549	1	10.05	-3	6.90909090909091
439	0	0	0	0	-1	6
440	0	0	0	0	-1	7
441	0	0	0	0	-1	7
442	550	551	4	1.85	-3	6.125
443	552	553	7	7.5	-3	6.66666666666667
444	554	555	4	1.85	-3	5.71428571428571
445	556	557	6	24	-3	5.96428571428571
446	0	0	0	0	-1	6.25
447	558	559	3	0.31	-3	6.96428571428572
448	560	561	3	0.33	-3	6.83333333333333
449	562	563	7	13.5	-3	7.03448275862069
450	0	0	0	0	-1	6
451	0	0	0	0	-1	6
452	0	0	0	0	-1	7
453	564	565	5	0.07	-3	6
454	566	567	10	0	-3	7
455	0	0	0	0	-1	6
456	0	0	0	0	-1	5.66666666666667
457	568	569	2	0.33	-3	6
458	0	0	0	0	-1	5
459	0	0	0	0	-1	5
460	0	0	0	0	-1	5
461	0	0	0	0	-1	5
462	0	0	0	0	-1	4
463	570	571	8	0.996515	-3	4.66666666666667
464	0	0	0	0	-1	4
465	572	573	3	0.05	-3	4
466	0	0	0	0	-1	5
467	0	0	0	0	-1	5
468	0	0	0	0	-1	6
469	574	575	9	3.285	-3	5.3
470	0	0	0	0	-1	5
471	0	0	0	0	-1	5
472	0	0	0	0	-1	5
473	576	577	7	0.53	-3	5
474	0	0	0	0	-1	5
475	0	0	0	0	-1	5
476	0	0	0	0	-1	6
477	0	0	0	0	-1	6
478	578	579	10	0.645	-3	5.84615384615385
479	580	581	3	0.03	-3	6.1
480	0	0	0	0	-1	5
481	582	583	1	8.65	-3	6
482	584	585	6	8.5	-3	5.2
483	586	587	9	3.11	-3	5
484	588	589	10	0.595	-3	5.51428571428571
485	590	591	6	25.5	-3	6
486	592	593	2	0.475	-3	6.45454545454546
487	594	595	8	0.99705	-3	6.03448275862069
488	596	597	9	3.195	-3	6
489	598	599	9	3.355	-3	5.75
490	0	0	0	0	-1	5.25
491	600	601	9	3.53	-3	6
492	0	0	0	0	-1	6
493	0	0	0	0	-1	6
494	0	0	0	0	-1	6
495	0	0	0	0	-1	6
496	0	0	0	0	-1	6
497	0	0	0	0	-1	5
498	0	0	0	0	-1	7
499	0	0	0	0	-1	6
500	602	603	11	10.625	-3	5.77777777777778
501	0	0	0	0	-1	4.75
502	0	0	0	0	-1	3
503	604	605	2	0.6625	-3	5.125
504	606	607	3	0.015	-3	5.1
505	608	609	6	29.5	-3	5.72222222222222
506	610	611	4	1.95	-3	4.85714285714286
507	0	0	0	0	-1	6
508	0	0	0	0	-1	6
509	0	0	0	0	-1	5
510	612	613	9	3.5	-3	5
511	0	0	0	0	-1	4
512	0	0	0	0	-1	5
513	614	615	5	0.073	-3	5.8
514	0	0	0	0	-1	6
515	0	0	0	0	-1	5
516	0	0	0	0	-1	5
517	616	617	5	0	-3	5
518	618	619	7	28.5	-3	5.77777777777778
519	0	0	0	0	-1	5
520	620	621	6	22.5	-3	6.83333333333333
521	622	623	1	14.15	-3	5.78571428571429
522	624	625	10	0	-3	5
523	0	0	0	0	-1	6
524	0	0	0	0	-1	5
525	0	0	0	0	-1	5
526	626	627	3	0.21	-3	5.03636363636364
527	0	0	0	0	-1	4
528	0	0	0	0	-1	5.5
529	0	0	0	0	-1	6
530	628	629	10	0.56	-3	5.5
531	0	0	0	0	-1	6
532	630	631	4	1.85	-3	5.09523809523809
533	0	0	0	0	-1	6
534	632	633	5	0.191	-3	5
535	634	635	8	0.99731	-3	5
536	636	637	1	8.15	-3	5
537	638	639	7	124.5	-3	5
538	640	641	8	0.99621	-3	5
539	0	0	0	0	-1	5
540	0	0	0	0	-1	7
541	0	0	0	0	-1	5
542	0	0	0	0	-1	6
543	642	643	2	0.325	-3	6
544	0	0	0	0	-1	6
545	644	645	9	5.4	-3	6
546	646	647	6	5.5	-3	5
547	648	649	2	0.41	-3	5
548	650	651	5	0.0905	-3	7
549	652	653	1	10.15	-3	6.83333333333333
550	0	0	0	0	-1	6.33333333333333
551	0	0	0	0	-1	6
552	0	0	0	0	-1	6
553	0	0	0	0	-1	7
554	0	0	0	0	-1	5
555	654	655	4	2.425	-3	5.83333333333333
556	656	657	9	3.5	-3	6
557	0	0	0	0	-1	5.5
558	0	0	0	0	-1	6
559	0	0	0	0	-1	7
560	0	0	0	0	-1	7
561	0	0	0	0	-1	6.5
562	0	0	0	0	-1	8
563	658	659	11	0	-3	7
564	0	0	0	0	-1	6
565	0	0	0	0	-1	6
566	0	0	0	0	-1	5
567	660	661	7	0	-3	7
568	0	0	0	0	-1	6
569	662	663	3	0.445	-3	6
570	0	0	0	0	-1	5
571	0	0	0	0	-1	4
572	0	0	0	0	-1	4
573	0	0	0	0	-1	4
574	0	0	0	0	-1	5
575	664	665	6	8	-3	5.42857142857143
576	0	0	0	0	-1	5
577	666	667	1	8.85	-3	5
578	668	669	3	0.18	-3	5.71428571428571
579	670	671	5	0.0755	-3	6
580	0	0	0	0	-1	7
581	672	673	11	9.55	-3	6.03571428571429
582	0	0	0	0	-1	6
583	0	0	0	0	-1	6
584	0	0	0	0	-1	6
585	674	675	11	9.2	-3	5.11111111111111
586	0	0	0	0	-1	5
587	676	677	4	2.1	-3	5
588	0	0	0	0	-1	5
589	678	679	9	3.105	-3	5.64285714285714
590	0	0	0	0	-1	6
591	0	0	0	0	-1	6
592	0	0	0	0	-1	5.5
593	680	681	9	3.31	-3	6.66666666666667
594	682	683	10	0.525	-3	5.96296296296296
595	0	0	0	0	-1	7
596	0	0	0	0	-1	5.5
597	684	685	5	0.0685	-3	6.03030303030303
598	686	687	2	0.525	-3	5.92307692307692
599	0	0	0	0	-1	5
600	0	0	0	0	-1	6
601	688	689	3	3.585	-3	6
602	0	0	0	0	-1	5
603	690	691	1	6.4	-3	5.875
604	692	693	9	3.305	-3	5.31034482758621
605	694	695	6	9.5	-3	4.97142857142857
606	0	0	0	0	-1	6
607	696	697	8	0.67	-3	5
608	698	699	9	3.395	-3	5.8
609	700	701	3	0.1	-3	5.33333333333333
610	0	0	0	0	-1	5
611	702	703	8	0.99634	-3	4.63636363636364
612	0	0	0	0	-1	5
613	0	0	0	0	-1	5
614	0	0	0	0	-1	5
615	704	705	11	9.5	-3	5.88888888888889
616	0	0	0	0	-1	5
617	0	0	0	0	-1	5
618	706	707	10	0.615	-3	5.60869565217391
619	708	709	9	3.315	-3	5.95454545454545
620	0	0	0	0	-1	7
621	0	0	0	0	-1	6
622	710	711	4	3.55	-3	5.91666666666667
623	0	0	0	0	-1	5
624	0	0	0	0	-1	6
625	712	713	1	7.35	-3	5
626	714	715	3	0.185	-3	4.94117647058824
627	716	717	2	0.7	-3	5.19047619047619
628	0	0	0	0	-1	5
629	0	0	0	0	-1	6
630	0	0	0	0	-1	5.5
631	0	0	0	0	-1	5
632	718	719	9	0	-3	5
633	0	0	0	0	-1	5
634	720	721	2	0	-3	5
635	0	0	0	0	-1	5
636	0	0	0	0	-1	5
637	0	0	0	0	-1	5
638	722	723	9	9.45	-3	5
639	724	725	4	2.25	-3	5
640	0	0	0	0	-1	5
641	726	727	9	0	-3	5
642	0	0	0	0	-1	6
643	0	0	0	0	-1	6
644	0	0	0	0	-1	6
645	0	0	0	0	-1	6
646	0	0	0	0	-1	5
647	728	729	4	0	-3	5
648	730	731	1	0	-3	5
649	0	0	0	0	-1	5
650	732	733	3	0	-3	7
651	0	0	0	0	-1	7
652	0	0	0	0	-1	6
653	734	735	4	2.4	-3	6.90909090909091
654	0	0	0	0	-1	6
655	0	0	0	0	-1	5.5
656	736	737	10	0	-3	6
657	0	0	0	0	-1	6
658	0	0	0	0	-1	7
659	738	739	4	0	-3	7
660	0	0	0	0	-1	6
661	740	741	7	20.5	-3	7
662	0	0	0	0	-1	6
663	0	0	0	0	-1	6
664	0	0	0	0	-1	5
665	0	0	0	0	-1	5.75
666	0	0	0	0	-1	5
667	0	0	0	0	-1	5
668	0	0	0	0	-1	5
669	742	743	10	0.635	-3	5.83333333333333
670	0	0	0	0	-1	6
671	0	0	0	0	-1	6
672	744	745	5	0.0835	-3	6.14285714285714
673	746	747	2	0.465	-3	6
674	0	0	0	0	-1	5.33333333333333
675	748	749	7	40	-3	5
676	750	751	6	0	-3	5
677	752	753	9	0	-3	5
678	754	755	6	11.5	-3	5
679	756	757	1	9.75	-3	5.81818181818182
680	0	0	0	0	-1	6
681	758	759	9	3.425	-3	6.85714285714286
682	0	0	0	0	-1	5
683	760	761	11	11.5	-3	6.04
684	0	0	0	0	-1	6.25
685	762	763	6	14.5	-3	6
686	764	765	10	0.81	-3	6
687	0	0	0	0	-1	5.33333333333333
688	766	767	8	0.99595	-3	6
689	0	0	0	0	-1	6
690	0	0	0	0	-1	5
691	0	0	0	0	-1	6
692	768	769	4	1.5	-3	5
693	770	771	2	0.625	-3	5.5
694	772	773	11	9.4	-3	4.9
695	774	775	9	3.405	-3	5
696	0	0	0	0	-1	5
697	776	777	11	10.05	-3	5
698	0	0	0	0	-1	6
699	778	779	9	3.41	-3	5.625
700	0	0	0	0	-1	5.66666666666667
701	0	0	0	0	-1	5
702	0	0	0	0	-1	5
703	780	781	11	9.15	-3	4.33333333333333
704	0	0	0	0	-1	5
705	0	0	0	0	-1	6
706	782	783	2	0.6225	-3	6
707	784	785	10	0.79	-3	5.4
708	0	0	0	0	-1	5.5
709	0	0	0	0	-1	6
710	0	0	0	0	-1	5.8
711	786	787	3	0	-3	6
712	0	0	0	0	-1	5
713	0	0	0	0	-1	5
714	788	789	5	0.0835	-3	5
715	0	0	0	0	-1	4.33333333333333
716	790	791	1	10.1	-3	5.06666666666667
717	792	793	9	3.235	-3	5.5
718	0	0	0	0	-1	5
719	794	795	7	104	-3	5
720	0	0	0	0	-1	5
721	796	797	10	0.525	-3	5
722	798	799	3	0.535	-3	5
723	0	0	0	0	-1	5
724	0	0	0	0	-1	5
725	800	801	4	0	-3	5
726	0	0	0	0	-1	6
727	802	803	6	35	-3	5
728	0	0	0	0	-1	5
729	0	0	0	0	-1	5
730	0	0	0	0	-1	6
731	0	0	0	0	-1	5
732	0	0	0	0	-1	5
733	804	805	7	40	-3	7
734	806	807	6	6.5	-3	7
735	0	0	0	0	-1	6.66666666666667
736	0	0	0	0	-1	5
737	808	809	8	0.9976	-3	6
738	0	0	0	0	-1	6
739	810	811	2	0	-3	7
740	0	0	0	0	-1	7
741	0	0	0	0	-1	7
742	0	0	0	0	-1	6
743	0	0	0	0	-1	5
744	0	0	0	0	-1	6
745	0	0	0	0	-1	7
746	0	0	0	0	-1	6
747	812	813	1	0.99615	-3	6
748	0	0	0	0	-1	5
749	0	0	0	0	-1	5
750	0	0	0	0	-1	6
751	814	815	7	0	-3	5
752	0	0	0	0	-1	7
753	816	817	9	3.4	-3	5
754	0	0	0	0	-1	5
755	0	0	0	0	-1	5
756	818	819	6	19.5	-3	5.76190476190476
757	0	0	0	0	-1	7
758	820	821	11	12.1	-3	7
759	0	0	0	0	-1	6.33333333333333
760	822	823	10	0.535	-3	6
761	0	0	0	0	-1	6.33333333333333
762	824	825	11	11.45	-3	6
763	826	827	1	0.99399	-3	6
764	828	829	5	0.171	-3	6
765	0	0	0	0	-1	6
766	0	0	0	0	-1	6
767	830	831	7	0	-3	6
768	0	0	0	0	-1	5
769	832	833	11	9.5	-3	5
770	0	0	0	0	-1	5
771	834	835	10	0.7	-3	5.69230769230769
772	0	0	0	0	-1	4
773	836	837	4	0.0945	-3	5
774	0	0	0	0	-1	5
775	838	839	8	0	-3	5
776	0	0	0	0	-1	5
777	840	841	10	0	-3	5
778	0	0	0	0	-1	5
779	842	843	1	6.7	-3	5.71428571428571
780	0	0	0	0	-1	5
781	0	0	0	0	-1	4
782	0	0	0	0	-1	6
783	844	845	4	3.75	-3	6
784	846	847	5	0.0665	-3	5.25
785	0	0	0	0	-1	6
786	0	0	0	0	-1	7
787	848	849	4	0	-3	6
788	0	0	0	0	-1	5
789	850	851	2	0.745	-3	5
790	852	853	5	2.25	-3	5
791	0	0	0	0	-1	6
792	0	0	0	0	-1	5
793	0	0	0	0	-1	5.75
794	0	0	0	0	-1	5
795	0	0	0	0	-1	5
796	0	0	0	0	-1	5
797	0	0	0	0	-1	5
798	854	855	11	0	-3	5
799	0	0	0	0	-1	5
800	0	0	0	0	-1	5
801	856	857	8	0.0785	-3	5
802	858	859	9	0	-3	5
803	860	861	6	39.5	-3	5
804	0	0	0	0	-1	7
805	0	0	0	0	-1	7
806	0	0	0	0	-1	7
807	862	863	3	0.56	-3	7
808	864	865	5	0.092	-3	6
809	0	0	0	0	-1	6
810	0	0	0	0	-1	6
811	866	867	4	0	-3	7
812	0	0	0	0	-1	6
813	868	869	2	0.515	-3	6
814	0	0	0	0	-1	6
815	0	0	0	0	-1	5
816	870	871	1	0	-3	5
817	0	0	0	0	-1	5
818	872	873	10	0.925	-3	5.92307692307692
819	874	875	9	3.345	-3	5.5
820	876	877	6	0.065	-3	7
821	0	0	0	0	-1	7
822	0	0	0	0	-1	6
823	0	0	0	0	-1	6
824	0	0	0	0	-1	6
825	878	879	3	0.285	-3	6
826	0	0	0	0	-1	5
827	880	881	3	0.21	-3	6
828	0	0	0	0	-1	6
829	0	0	0	0	-1	6
830	0	0	0	0	-1	6
831	882	883	11	11.05	-3	6
832	0	0	0	0	-1	5
833	0	0	0	0	-1	5
834	884	885	8	0.996975	-3	6
835	0	0	0	0	-1	5
836	0	0	0	0	-1	5
837	886	887	3	0.085	-3	5
838	0	0	0	0	-1	6
839	0	0	0	0	-1	5
840	0	0	0	0	-1	5
841	0	0	0	0	-1	5
842	0	0	0	0	-1	5.33333333333333
843	888	889	1	7.35	-3	5.81818181818182
844	0	0	0	0	-1	6
845	0	0	0	0	-1	6
846	0	0	0	0	-1	6
847	890	891	3	0.105	-3	5.1
848	0	0	0	0	-1	6
849	0	0	0	0	-1	6
850	0	0	0	0	-1	5
851	0	0	0	0	-1	5
852	892	893	11	0	-3	5
853	0	0	0	0	-1	5
854	0	0	0	0	-1	6
855	894	895	4	0.0715	-3	5
856	0	0	0	0	-1	7
857	0	0	0	0	-1	5
858	0	0	0	0	-1	5
859	896	897	1	8.45	-3	5
860	0	0	0	0	-1	5
861	0	0	0	0	-1	5
862	0	0	0	0	-1	7
863	0	0	0	0	-1	7
864	898	899	3	0.505	-3	6
865	0	0	0	0	-1	6
866	0	0	0	0	-1	7
867	900	901	4	8	-3	7
868	902	903	7	0.995685	-3	6
869	904	905	10	0.575	-3	6
870	0	0	0	0	-1	7
871	0	0	0	0	-1	5
872	906	907	6	17	-3	6
873	0	0	0	0	-1	5
874	0	0	0	0	-1	5
875	0	0	0	0	-1	6
876	0	0	0	0	-1	5
877	908	909	7	17	-3	7
878	0	0	0	0	-1	6
879	910	911	5	0.119	-3	6
880	0	0	0	0	-1	6
881	912	913	10	0.59	-3	6
882	0	0	0	0	-1	6
883	0	0	0	0	-1	6
884	0	0	0	0	-1	6
885	0	0	0	0	-1	6
886	0	0	0	0	-1	5
887	0	0	0	0	-1	5
888	0	0	0	0	-1	6
889	0	0	0	0	-1	5.33333333333333
890	0	0	0	0	-1	5
891	0	0	0	0	-1	5.25
892	0	0	0	0	-1	3
893	914	915	7	69.5	-3	5
894	0	0	0	0	-1	6
895	0	0	0	0	-1	5
896	0	0	0	0	-1	5
897	0	0	0	0	-1	5
898	0	0	0	0	-1	6
899	0	0	0	0	-1	6
900	916	917	7	9.25	-3	7
901	0	0	0	0	-1	7
902	0	0	0	0	-1	5
903	918	919	4	2.5	-3	6
904	0	0	0	0	-1	6
905	0	0	0	0	-1	6
906	920	921	4	2.35	-3	6
907	0	0	0	0	-1	6
908	0	0	0	0	-1	7
909	0	0	0	0	-1	7
910	0	0	0	0	-1	6
911	0	0	0	0	-1	6
912	0	0	0	0	-1	6
913	0	0	0	0	-1	6
914	0	0	0	0	-1	5
915	922	923	6	0	-3	5
916	0	0	0	0	-1	5
917	924	925	7	0	-3	7
918	926	927	7	0	-3	6
919	0	0	0	0	-1	6
920	0	0	0	0	-1	6
921	928	929	6	14.5	-3	6
922	0	0	0	0	-1	5
923	930	931	3	0.245	-3	5
924	0	0	0	0	-1	6
925	932	933	2	0	-3	7
926	0	0	0	0	-1	5
927	934	935	11	9.7	-3	6
928	0	0	0	0	-1	6
929	0	0	0	0	-1	6
930	0	0	0	0	-1	5
931	936	937	11	0	-3	5
932	0	0	0	0	-1	6
933	938	939	9	0	-3	7
934	0	0	0	0	-1	6
935	0	0	0	0	-1	6
936	0	0	0	0	-1	6
937	940	941	1	8.2	-3	5
938	0	0	0	0	-1	5
939	942	943	7	17	-3	7
940	0	0	0	0	-1	5
941	0	0	0	0	-1	5
942	0	0	0	0	-1	7
943	944	945	9	0	-3	7
944	0	0	0	0	-1	5
945	946	947	8	0	-3	7
946	0	0	0	0	-1	6
947	948	949	4	0	-3	7
948	0	0	0	0	-1	6
949	950	951	3	0	-3	7
950	0	0	0	0	-1	6
951	952	953	3	0	-3	7
952	0	0	0	0	-1	6
953	954	955	8	0	-3	7
954	0	0	0	0	-1	6
955	956	957	8	0.99472	-3	7
956	0	0	0	0	-1	7
957	0	0	0	0	-1	7
