1	2	3	2	0.405	-3	5.60600375234522
2	4	5	11	9.75	-3	6.05747126436781
3	6	7	11	11.45	-3	5.43728522336769
4	8	9	10	0.585	-3	5.37373737373737
5	10	11	11	11.15	-3	6.25892857142857
6	12	13	6	5.25	-3	5.32254901960784
7	14	15	10	0.685	-3	6.25
8	16	17	9	3.35	-3	5.1304347826087
9	18	19	3	0.465	-3	5.58490566037736
10	20	21	1	8.65	-3	6.00662251655629
11	22	23	3	0.275	-3	6.46486486486486
12	24	25	3	0.065	-3	5.09259259259259
13	26	27	11	10.15	-3	5.34978070175438
14	28	29	11	12.95	-3	5.85714285714286
15	30	31	4	1.85	-3	6.8
16	32	33	1	10.1	-3	4.93548387096774
17	34	35	8	0.996865	-3	5.53333333333333
18	36	37	1	13.2	-3	5.75675675675676
19	38	39	5	0.075	-3	5.1875
20	40	41	10	1.035	-3	5.72307692307692
21	42	43	5	0.097	-3	6.22093023255814
22	44	45	11	13.75	-3	6
23	46	47	5	0.105	-3	6.51497005988024
24	48	49	4	1.95	-3	4.79545454545455
25	50	51	11	8.75	-3	5.296875
26	52	53	8	1.0012	-3	5.2165820642978
27	54	55	8	0.99622	-3	5.59501557632399
28	56	57	9	3.425	-3	5.93421052631579
29	58	59	1	9.3	-3	5.125
30	60	61	5	0.0495	-3	7.83333333333333
31	62	63	3	0.305	-3	6.68518518518519
32	64	65	3	0.11	-3	5.09523809523809
33	66	67	9	3.195	-3	4.6
34	68	69	1	6.3	-3	5.8
35	0	0	0	0	-1	5
36	70	71	5	0.0905	-3	5.68571428571429
37	0	0	0	0	-1	7
38	0	0	0	0	-1	4
39	72	73	11	9.65	-3	5.26666666666667
40	74	75	7	23.5	-3	5.64516129032258
41	0	0	0	0	-1	7.33333333333333
42	76	77	6	12.5	-3	6.2987012987013
43	78	79	7	16	-3	5.55555555555556
44	80	81	6	21.5	-3	6
45	0	0	0	0	-1	6
46	82	83	1	10.45	-3	6.56666666666666
47	84	85	8	0.994675	-3	6.05882352941176
48	86	87	4	1.85	-3	5.07407407407407
49	88	89	5	0.0955	-3	4.35294117647059
50	0	0	0	0	-1	3
51	90	91	1	7.55	-3	5.33333333333333
52	92	93	8	0.998145	-3	5.20034542314335
53	94	95	7	42.5	-3	6
54	96	97	2	1	-3	5.69565217391304
55	98	99	11	10.55	-3	5.49375
56	100	101	9	3.415	-3	6.18181818181818
57	102	103	6	4.5	-3	5.74418604651163
58	0	0	0	0	-1	4.6
59	0	0	0	0	-1	6
60	0	0	0	0	-1	8
61	0	0	0	0	-1	7.66666666666667
62	104	105	1	7.7	-3	7.2
63	106	107	3	0.615	-3	6.48717948717949
64	0	0	0	0	-1	6
65	108	109	11	9.1	-3	5.05
66	110	111	9	3.145	-3	5
67	0	0	0	0	-1	4
68	0	0	0	0	-1	5
69	112	113	10	0.535	-3	6
70	114	115	8	0.99635	-3	5.74193548387097
71	0	0	0	0	-1	5.25
72	116	117	4	2.95	-3	5.15384615384615
73	0	0	0	0	-1	6
74	118	119	5	0.094	-3	5.33333333333333
75	120	121	6	33	-3	5.74468085106383
76	122	123	3	0.575	-3	6.48837209302326
77	124	125	9	3.065	-3	6.05882352941176
78	0	0	0	0	-1	6
79	126	127	10	0.735	-3	5.33333333333333
80	128	129	6	11	-3	6
81	0	0	0	0	-1	6
82	130	131	7	49	-3	6.62043795620438
83	132	133	4	5.85	-3	6
84	0	0	0	0	-1	7
85	134	135	9	3.255	-3	6
86	136	137	11	9.25	-3	4.91304347826087
87	0	0	0	0	-1	6
88	138	139	4	5.6	-3	4.58333333333333
89	0	0	0	0	-1	3.8
90	140	141	11	10.85	-3	5
91	142	143	4	5.575	-3	5.40384615384615
92	144	145	2	0.6525	-3	5.15948275862069
93	146	147	2	0.44	-3	5.36521739130435
94	0	0	0	0	-1	7
95	148	149	9	3.2	-3	5.8
96	150	151	2	0.595	-3	5.77124183006536
97	152	153	8	0.99506	-3	4.25
98	154	155	5	0.1335	-3	5.31764705882353
99	156	157	5	0.0945	-3	5.69333333333333
100	158	159	9	3.235	-3	6.12903225806452
101	0	0	0	0	-1	7
102	0	0	0	0	-1	4.33333333333333
103	160	161	11	12.15	-3	5.85
104	162	163	5	0	-3	7
105	0	0	0	0	-1	7.75
106	164	165	8	0.993245	-3	6.35483870967742
107	166	167	1	12.7	-3	7
108	0	0	0	0	-1	6
109	168	169	4	2.15	-3	5
110	0	0	0	0	-1	5
111	0	0	0	0	-1	5
112	0	0	0	0	-1	6
113	0	0	0	0	-1	6
114	0	0	0	0	-1	5
115	170	171	8	1.0007	-3	5.85185185185185
116	172	173	11	9.25	-3	5.08333333333333
117	0	0	0	0	-1	6
118	174	175	10	0.555	-3	5.15384615384615
119	0	0	0	0	-1	6.5
120	176	177	1	6.2	-3	5.86111111111111
121	178	179	8	0.99587	-3	5.36363636363636
122	180	181	4	2.55	-3	6.33333333333333
123	182	183	11	10.15	-3	7.28571428571429
124	0	0	0	0	-1	5
125	184	185	2	0.365	-3	6.16129032258065
126	0	0	0	0	-1	5
127	0	0	0	0	-1	6
128	0	0	0	0	-1	6
129	186	187	9	3.43	-3	6
130	188	189	5	0.06	-3	6.73333333333333
131	190	191	3	0.52	-3	6.25
132	192	193	7	35	-3	6.08333333333333
133	0	0	0	0	-1	5
134	194	195	1	9.75	-3	6
135	196	197	3	0	-3	6
136	0	0	0	0	-1	4
137	198	199	1	8.65	-3	4.95454545454545
138	200	201	11	10.3	-3	4.72727272727273
139	0	0	0	0	-1	3
140	202	203	8	0.99716	-3	5.1
141	0	0	0	0	-1	4
142	204	205	9	3.395	-3	5.37254901960784
143	0	0	0	0	-1	7
144	206	207	7	41.5	-3	5.27666666666667
145	208	209	1	6.4	-3	4.94512195121951
146	210	211	1	11	-3	6.05555555555556
147	212	213	6	19.5	-3	5.23711340206186
148	0	0	0	0	-1	6
149	0	0	0	0	-1	5
150	214	215	7	20.5	-3	5.90123456790124
151	216	217	3	0.185	-3	5.625
152	218	219	8	0.994585	-3	4
153	0	0	0	0	-1	5
154	220	221	9	2.955	-3	5.25316455696203
155	222	223	6	7.5	-3	6.16666666666667
156	224	225	1	7.15	-3	6.02
157	226	227	10	0.525	-3	5.04
158	228	229	11	11.75	-3	6.57142857142857
159	230	231	6	4.5	-3	6
160	232	233	1	6.55	-3	5.42857142857143
161	234	235	10	0.555	-3	6.07692307692308
162	0	0	0	0	-1	6
163	236	237	4	3.42	-3	7
164	0	0	0	0	-1	8
165	238	239	11	12.25	-3	6.3
166	240	241	2	0.575	-3	7.14285714285714
167	0	0	0	0	-1	6
168	242	243	3	0.525	-3	5
169	244	245	8	0.99741	-3	5
170	246	247	9	3.01	-3	5.88461538461539
171	0	0	0	0	-1	5
172	0	0	0	0	-1	6
173	248	249	3	0	-3	5
174	0	0	0	0	-1	6
175	250	251	5	0.085	-3	5
176	252	253	7	75	-3	5.16666666666667
177	254	255	9	3.265	-3	6
178	0	0	0	0	-1	6
179	256	257	10	0.58	-3	5.22222222222222
180	258	259	2	0.395	-3	6.20689655172414
181	260	261	3	0.51	-3	6.85714285714286
182	0	0	0	0	-1	8
183	0	0	0	0	-1	7
184	262	263	10	0.795	-3	6.30434782608696
185	264	265	3	0.645	-3	5.75
186	266	267	11	13.05	-3	6
187	0	0	0	0	-1	6
188	268	269	10	0.575	-3	6.42105263157895
189	270	271	10	0.49	-3	6.80232558139535
190	272	273	8	0.995715	-3	6.04
191	274	275	11	11.5	-3	7
192	276	277	6	11.5	-3	6
193	0	0	0	0	-1	7
194	0	0	0	0	-1	6
195	278	279	11	11.6	-3	6
196	0	0	0	0	-1	6
197	0	0	0	0	-1	6
198	280	281	7	9.5	-3	5
199	0	0	0	0	-1	4
200	0	0	0	0	-1	5.2
201	282	283	4	2.05	-3	4.33333333333333
202	284	285	2	0.5	-3	5
203	0	0	0	0	-1	6
204	286	287	5	0.0955	-3	5.34
205	0	0	0	0	-1	7
206	288	289	3	0.505	-3	5.49579831932773
207	290	291	1	11.2	-3	5.13259668508287
208	292	293	2	0.7325	-3	4.28571428571429
209	294	295	4	4.55	-3	4.97452229299363
210	296	297	2	0.425	-3	6.1875
211	0	0	0	0	-1	5
212	298	299	10	0.625	-3	5.52083333333333
213	300	301	9	3.55	-3	4.95918367346939
214	302	303	3	0.005	-3	6.45454545454546
215	304	305	3	0.26	-3	5.81428571428571
216	306	307	1	6.25	-3	5.71428571428571
217	0	0	0	0	-1	5
218	0	0	0	0	-1	4
219	0	0	0	0	-1	4
220	0	0	0	0	-1	7
221	308	309	4	1.6	-3	5.20779220779221
222	0	0	0	0	-1	7
223	0	0	0	0	-1	6
224	0	0	0	0	-1	5.2
225	310	311	5	0.061	-3	6.11111111111111
226	0	0	0	0	-1	6
227	312	313	1	6.6	-3	4.95652173913043
228	0	0	0	0	-1	6
229	0	0	0	0	-1	7
230	0	0	0	0	-1	6
231	0	0	0	0	-1	6
232	314	315	10	0.565	-3	5.2
233	0	0	0	0	-1	6
234	316	317	4	2.1	-3	5.72727272727273
235	318	319	3	0.025	-3	6.33333333333333
236	320	321	2	0.495	-3	7
237	0	0	0	0	-1	7
238	322	323	6	28.5	-3	6.47058823529412
239	324	325	8	0.99505	-3	6.07692307692308
240	326	327	2	0.43	-3	7
241	0	0	0	0	-1	8
242	328	329	5	0	-3	5
243	0	0	0	0	-1	5
244	0	0	0	0	-1	5
245	0	0	0	0	-1	5
246	0	0	0	0	-1	5.5
247	330	331	7	16.5	-3	5.91666666666667
248	0	0	0	0	-1	6
249	332	333	5	0.0855	-3	5
250	334	335	9	3.37	-3	5
251	0	0	0	0	-1	5
252	0	0	0	0	-1	5
253	0	0	0	0	-1	6
254	0	0	0	0	-1	5.5
255	336	337	10	0.83	-3	6.07692307692308
256	0	0	0	0	-1	6
257	0	0	0	0	-1	5
258	338	339	9	3.045	-3	6.2962962962963
259	0	0	0	0	-1	5
260	340	341	9	3.36	-3	6.66666666666667
261	0	0	0	0	-1	8
262	342	343	7	32.5	-3	6
263	344	345	7	70	-3	6.63636363636364
264	0	0	0	0	-1	5.33333333333333
265	0	0	0	0	-1	6
266	0	0	0	0	-1	6
267	0	0	0	0	-1	6
268	0	0	0	0	-1	5.8
269	346	347	10	0.81	-3	6.64285714285714
270	0	0	0	0	-1	5
271	348	349	6	4.5	-3	6.8235294117647
272	350	351	11	11.75	-3	6.1304347826087
273	0	0	0	0	-1	5
274	0	0	0	0	-1	6
275	0	0	0	0	-1	7.4
276	0	0	0	0	-1	6
277	0	0	0	0	-1	6
278	0	0	0	0	-1	6
279	352	353	10	10.75	-3	6
280	0	0	0	0	-1	5
281	0	0	0	0	-1	5
282	0	0	0	0	-1	4
283	0	0	0	0	-1	4.66666666666667
284	0	0	0	0	-1	5
285	354	355	2	0	-3	5
286	356	357	3	0.375	-3	5.44444444444444
287	358	359	11	10.45	-3	5.07142857142857
288	360	361	9	3.55	-3	5.45217391304348
289	0	0	0	0	-1	6.75
290	362	363	9	3.515	-3	5.14525139664804
291	0	0	0	0	-1	4
292	0	0	0	0	-1	5
293	0	0	0	0	-1	4
294	364	365	10	1.25	-3	4.96129032258064
295	0	0	0	0	-1	6
296	366	367	1	10.35	-3	6
297	0	0	0	0	-1	6.6
298	368	369	4	2.25	-3	5.35714285714286
299	370	371	11	9.55	-3	5.75
300	372	373	1	11.1	-3	5
301	0	0	0	0	-1	4
302	0	0	0	0	-1	5.33333333333333
303	374	375	5	0.0515	-3	6.875
304	376	377	5	0.068	-3	5.92592592592593
305	378	379	4	2.25	-3	5.4375
306	380	381	7	36	-3	5.21428571428571
307	382	383	4	1.95	-3	5.85714285714286
308	0	0	0	0	-1	4
309	384	385	7	50	-3	5.24
310	0	0	0	0	-1	5
311	386	387	9	3.48	-3	6.19047619047619
312	0	0	0	0	-1	4
313	388	389	8	1.003175	-3	5.1
314	390	391	5	0.072	-3	5
315	0	0	0	0	-1	5.5
316	392	393	10	0.54	-3	6
317	0	0	0	0	-1	5.25
318	394	395	11	12.35	-3	6
319	396	397	3	0.12	-3	6.71428571428571
320	0	0	0	0	-1	7
321	398	399	1	7.1	-3	7
322	400	401	5	0.0855	-3	6.35714285714286
323	0	0	0	0	-1	7
324	0	0	0	0	-1	6
325	402	403	1	9.2	-3	6.16666666666667
326	0	0	0	0	-1	7
327	0	0	0	0	-1	7
328	0	0	0	0	-1	5
329	0	0	0	0	-1	5
330	0	0	0	0	-1	5
331	404	405	11	9.25	-3	5.95652173913043
332	0	0	0	0	-1	5
333	406	407	2	0	-3	5
334	408	409	2	0	-3	5
335	0	0	0	0	-1	5
336	410	411	11	10.05	-3	6
337	0	0	0	0	-1	6.66666666666667
338	0	0	0	0	-1	7
339	412	413	7	20.5	-3	6.20833333333333
340	0	0	0	0	-1	6.33333333333333
341	0	0	0	0	-1	7
342	0	0	0	0	-1	6.33333333333333
343	414	415	2	0.335	-3	5.88888888888889
344	416	417	8	0.9984	-3	6.77777777777778
345	0	0	0	0	-1	6
346	418	419	8	0.99436	-3	6.875
347	420	421	7	25.5	-3	6.33333333333333
348	422	423	3	0.51	-3	6.46666666666667
349	424	425	8	0.994	-3	6.9
350	0	0	0	0	-1	6.5
351	426	427	3	0.365	-3	6.05263157894737
352	0	0	0	0	-1	6
353	0	0	0	0	-1	6
354	0	0	0	0	-1	7
355	428	429	9	3.305	-3	5
356	430	431	4	2.65	-3	5.61538461538461
357	432	433	7	10	-3	5
358	434	435	8	0.99809	-3	5
359	0	0	0	0	-1	5.5
360	436	437	9	3.285	-3	5.51960784313725
361	438	439	1	6	-3	4.92307692307692
362	440	441	9	3.045	-3	5.1144578313253
363	442	443	5	0.0775	-3	5.53846153846154
364	444	445	5	0.062	-3	4.94736842105263
365	0	0	0	0	-1	5.66666666666667
366	446	447	1	7.5	-3	6
367	0	0	0	0	-1	6
368	0	0	0	0	-1	6
369	448	449	4	3.05	-3	5.28
370	450	451	9	3.245	-3	6
371	452	453	3	0.03	-3	5.375
372	454	455	3	0.75	-3	5.04444444444445
373	0	0	0	0	-1	4
374	0	0	0	0	-1	6
375	456	457	5	0.0655	-3	7
376	458	459	6	26.5	-3	5.5
377	460	461	8	0.993935	-3	6
378	462	463	6	24.5	-3	5.75
379	464	465	7	88	-3	5.125
380	0	0	0	0	-1	6
381	466	467	4	1.9	-3	5
382	468	469	5	0.068	-3	5.64285714285714
383	470	471	7	12.5	-3	5.94285714285714
384	472	473	5	0.092	-3	5.35714285714286
385	474	475	5	0.0905	-3	5.09090909090909
386	476	477	5	0.0885	-3	6.10526315789474
387	0	0	0	0	-1	7
388	478	479	7	70.5	-3	5
389	0	0	0	0	-1	7
390	0	0	0	0	-1	4.8
391	0	0	0	0	-1	6
392	0	0	0	0	-1	6
393	0	0	0	0	-1	6
394	0	0	0	0	-1	6
395	480	481	7	32.5	-3	6
396	0	0	0	0	-1	7
397	0	0	0	0	-1	6.33333333333333
398	0	0	0	0	-1	7
399	0	0	0	0	-1	7
400	0	0	0	0	-1	7
401	482	483	11	11.95	-3	6.1
402	0	0	0	0	-1	7
403	0	0	0	0	-1	6
404	0	0	0	0	-1	5.5
405	484	485	5	0.0875	-3	6
406	0	0	0	0	-1	6
407	486	487	10	0.725	-3	5
408	0	0	0	0	-1	8
409	488	489	3	0.545	-3	5
410	0	0	0	0	-1	6.5
411	490	491	1	7.3	-3	5.95238095238095
412	492	493	2	0.25	-3	6.07142857142857
413	494	495	2	0.285	-3	6.4
414	0	0	0	0	-1	5.75
415	0	0	0	0	-1	6
416	0	0	0	0	-1	6.6
417	0	0	0	0	-1	7
418	0	0	0	0	-1	6.5
419	0	0	0	0	-1	7.25
420	0	0	0	0	-1	6
421	0	0	0	0	-1	7
422	496	497	8	0.99493	-3	6.58333333333333
423	0	0	0	0	-1	6
424	498	499	9	3.345	-3	6.57142857142857
425	500	501	4	6.15	-3	6.93650793650794
426	0	0	0	0	-1	6.2
427	502	503	4	1.8	-3	6
428	0	0	0	0	-1	5
429	0	0	0	0	-1	5
430	504	505	4	1.55	-3	5.5
431	0	0	0	0	-1	6
432	0	0	0	0	-1	5
433	0	0	0	0	-1	5
434	506	507	10	0	-3	5
435	0	0	0	0	-1	5
436	508	509	1	11.15	-3	5.1875
437	510	511	3	0.13	-3	5.67142857142857
438	0	0	0	0	-1	4
439	512	513	7	34	-3	5
440	514	515	10	1.475	-3	5.4
441	516	517	9	3.205	-3	5.09615384615385
442	518	519	9	3.535	-3	5
443	520	521	8	0.996665	-3	6
444	0	0	0	0	-1	4.33333333333333
445	522	523	8	0.994895	-3	4.95973154362416
446	0	0	0	0	-1	6
447	0	0	0	0	-1	6
448	524	525	9	3.34	-3	5.38888888888889
449	526	527	6	0	-3	5
450	0	0	0	0	-1	6
451	528	529	10	0.49	-3	6
452	0	0	0	0	-1	6
453	530	531	7	33.5	-3	5.16666666666667
454	532	533	2	0.9	-3	5.06818181818182
455	0	0	0	0	-1	4
456	0	0	0	0	-1	7
457	0	0	0	0	-1	7
458	0	0	0	0	-1	5
459	0	0	0	0	-1	6
460	0	0	0	0	-1	5.75
461	534	535	10	0.695	-3	6.02380952380952
462	536	537	8	0.995705	-3	6
463	0	0	0	0	-1	5
464	538	539	1	0	-3	5
465	0	0	0	0	-1	6
466	0	0	0	0	-1	5
467	540	541	11	10.35	-3	5
468	0	0	0	0	-1	6
469	542	543	6	7	-3	5.44444444444444
470	0	0	0	0	-1	5
471	544	545	4	2.45	-3	6
472	546	547	1	7.55	-3	5.44117647058824
473	548	549	2	0.68	-3	5
474	550	551	8	0.998225	-3	5
475	0	0	0	0	-1	5.75
476	552	553	3	0.51	-3	6
477	554	555	8	0.99775	-3	6.5
478	556	557	2	0.43	-3	5.05882352941176
479	0	0	0	0	-1	4.5
480	0	0	0	0	-1	6
481	0	0	0	0	-1	6
482	0	0	0	0	-1	6
483	0	0	0	0	-1	7
484	558	559	2	0.325	-3	6
485	0	0	0	0	-1	6
486	0	0	0	0	-1	5
487	560	561	9	0	-3	5
488	0	0	0	0	-1	5
489	0	0	0	0	-1	5
490	0	0	0	0	-1	5.75
491	562	563	9	3.345	-3	6
492	0	0	0	0	-1	6
493	0	0	0	0	-1	6.2
494	0	0	0	0	-1	7
495	564	565	11	10.2	-3	6.14285714285714
496	0	0	0	0	-1	7
497	566	567	8	0.996075	-3	6.28571428571429
498	0	0	0	0	-1	6.8
499	0	0	0	0	-1	6
500	568	569	3	0.64	-3	6.91935483870968
501	0	0	0	0	-1	8
502	0	0	0	0	-1	6
503	0	0	0	0	-1	6
504	0	0	0	0	-1	6
505	570	571	5	0.091	-3	5.41176470588235
506	0	0	0	0	-1	5
507	572	573	11	8.75	-3	5
508	574	575	4	2.45	-3	5.07142857142857
509	0	0	0	0	-1	6
510	576	577	6	7.5	-3	5.52941176470588
511	578	579	6	14.5	-3	6.05263157894737
512	0	0	0	0	-1	5
513	580	581	1	0	-3	5
514	0	0	0	0	-1	5
515	0	0	0	0	-1	5.8
516	582	583	10	1.07	-3	4.96
517	584	585	11	9.35	-3	5.16037735849057
518	0	0	0	0	-1	5
519	0	0	0	0	-1	5
520	0	0	0	0	-1	6
521	0	0	0	0	-1	6
522	0	0	0	0	-1	4
523	586	587	8	0.997355	-3	4.97278911564626
524	588	589	9	3.075	-3	5.58333333333333
525	590	591	2	0.9987	-3	5
526	0	0	0	0	-1	5
527	0	0	0	0	-1	5
528	0	0	0	0	-1	5
529	592	593	3	0	-3	6
530	0	0	0	0	-1	5
531	0	0	0	0	-1	6
532	594	595	10	0.685	-3	5.04651162790698
533	0	0	0	0	-1	6
534	596	597	9	3.25	-3	6
535	598	599	5	0.1	-3	6.07142857142857
536	0	0	0	0	-1	6
537	0	0	0	0	-1	6
538	0	0	0	0	-1	6
539	600	601	1	8.1	-3	5
540	0	0	0	0	-1	5
541	0	0	0	0	-1	5
542	0	0	0	0	-1	5
543	602	603	5	0.073	-3	5.66666666666667
544	604	605	9	3.565	-3	6
545	606	607	9	3.41	-3	6
546	608	609	3	0.37	-3	5.1875
547	610	611	9	3.045	-3	5.66666666666667
548	612	613	1	0	-3	5
549	0	0	0	0	-1	5
550	614	615	9	3.32	-3	4.96296296296296
551	0	0	0	0	-1	5.5
552	616	617	5	0.0775	-3	6
553	0	0	0	0	-1	6
554	0	0	0	0	-1	7
555	0	0	0	0	-1	6
556	0	0	0	0	-1	6
557	618	619	9	3.23	-3	5
558	620	621	8	0.9987	-3	6
559	622	623	6	28.5	-3	6
560	0	0	0	0	-1	6
561	624	625	8	0.99755	-3	5
562	626	627	7	32	-3	6
563	0	0	0	0	-1	6
564	0	0	0	0	-1	6
565	0	0	0	0	-1	6.25
566	0	0	0	0	-1	6
567	0	0	0	0	-1	7
568	628	629	5	0.085	-3	6.9344262295082
569	0	0	0	0	-1	6
570	630	631	11	9.95	-3	5.23076923076923
571	0	0	0	0	-1	6
572	0	0	0	0	-1	6
573	0	0	0	0	-1	5
574	632	633	1	7.85	-3	5.03846153846154
575	0	0	0	0	-1	5.5
576	634	635	3	0.065	-3	4.83333333333333
577	636	637	7	22	-3	5.62222222222222
578	638	639	7	34.5	-3	6.11111111111111
579	0	0	0	0	-1	5
580	0	0	0	0	-1	5
581	640	641	1	6.6	-3	5
582	642	643	11	9.35	-3	5
583	644	645	4	1.6	-3	4.71428571428571
584	646	647	4	2.6	-3	4.9
585	648	649	7	96.5	-3	5.22093023255814
586	650	651	4	2.05	-3	5.03669724770642
587	652	653	1	8	-3	4.78947368421053
588	0	0	0	0	-1	5
589	654	655	10	0.525	-3	5.77777777777778
590	0	0	0	0	-1	5
591	0	0	0	0	-1	5
592	0	0	0	0	-1	5
593	0	0	0	0	-1	6
594	656	657	7	98	-3	5
595	658	659	4	3.1	-3	5.22222222222222
596	0	0	0	0	-1	6
597	660	661	6	0	-3	6
598	662	663	6	34	-3	6
599	0	0	0	0	-1	7
600	0	0	0	0	-1	5
601	0	0	0	0	-1	5
602	0	0	0	0	-1	5
603	0	0	0	0	-1	6
604	0	0	0	0	-1	6
605	0	0	0	0	-1	6
606	0	0	0	0	-1	6
607	0	0	0	0	-1	6
608	664	665	7	30	-3	5.13333333333333
609	0	0	0	0	-1	6
610	0	0	0	0	-1	5
611	666	667	9	3.33	-3	5.8
612	0	0	0	0	-1	6
613	668	669	5	36.5	-3	5
614	0	0	0	0	-1	4.66666666666667
615	670	671	4	5.55	-3	5
616	0	0	0	0	-1	6
617	672	673	1	11.7	-3	6
618	674	675	3	0	-3	5
619	0	0	0	0	-1	5
620	0	0	0	0	-1	6
621	0	0	0	0	-1	6
622	676	677	3	0.34	-3	6
623	0	0	0	0	-1	6
624	0	0	0	0	-1	5
625	0	0	0	0	-1	5
626	0	0	0	0	-1	6
627	678	679	8	0.99443	-3	6
628	680	681	2	0.395	-3	6.97916666666667
629	682	683	6	7.5	-3	6.76923076923077
630	684	685	4	1.95	-3	5
631	0	0	0	0	-1	5.6
632	0	0	0	0	-1	5.25
633	686	687	8	0.99638	-3	5
634	0	0	0	0	-1	5
635	0	0	0	0	-1	4
636	688	689	7	19.5	-3	6
637	690	691	1	6.75	-3	5.52777777777778
638	692	693	8	0.99665	-3	5.9
639	694	695	8	0.997	-3	6.375
640	0	0	0	0	-1	5
641	0	0	0	0	-1	5
642	696	697	9	2.25	-3	5
643	698	699	10	0.545	-3	5
644	0	0	0	0	-1	4
645	0	0	0	0	-1	5
646	700	701	10	0.495	-3	5
647	0	0	0	0	-1	4.33333333333333
648	702	703	5	0.0775	-3	5.33333333333333
649	704	705	10	0.555	-3	5.05714285714286
650	706	707	4	1.85	-3	4.98333333333333
651	708	709	6	16.5	-3	5.10204081632653
652	710	711	5	0.093	-3	5
653	712	713	1	8.5	-3	4.63636363636364
654	0	0	0	0	-1	5
655	714	715	3	0.485	-3	5.875
656	716	717	1	0	-3	5
657	718	719	7	124.5	-3	5
658	0	0	0	0	-1	6
659	720	721	3	0	-3	5
660	0	0	0	0	-1	6
661	722	723	7	57.5	-3	6
662	724	725	1	6.55	-3	6
663	0	0	0	0	-1	6
664	726	727	5	0.082	-3	5.28571428571429
665	728	729	8	0.99737	-3	5
666	730	731	10	0.565	-3	5.85714285714286
667	0	0	0	0	-1	5
668	0	0	0	0	-1	5
669	0	0	0	0	-1	5
670	0	0	0	0	-1	5
671	732	733	7	94.5	-3	5
672	734	735	2	0	-3	6
673	0	0	0	0	-1	6
674	0	0	0	0	-1	5
675	736	737	1	0.49	-3	5
676	0	0	0	0	-1	6
677	0	0	0	0	-1	6
678	0	0	0	0	-1	6
679	738	739	3	0.41	-3	6
680	740	741	3	0.545	-3	7
681	0	0	0	0	-1	6
682	742	743	8	0.996235	-3	7
683	0	0	0	0	-1	6
684	744	745	9	0	-3	5
685	0	0	0	0	-1	5
686	0	0	0	0	-1	5
687	746	747	9	3.23	-3	5
688	748	749	7	17	-3	5.875
689	0	0	0	0	-1	7
690	0	0	0	0	-1	5
691	750	751	8	0.996125	-3	5.61290322580645
692	0	0	0	0	-1	5.75
693	752	753	1	7.25	-3	6
694	0	0	0	0	-1	7
695	0	0	0	0	-1	6
696	0	0	0	0	-1	6
697	754	755	1	7.2	-3	5
698	756	757	9	0	-3	5
699	0	0	0	0	-1	5
700	0	0	0	0	-1	4
701	758	759	10	0.69	-3	5.0625
702	760	761	7	93	-3	5.16129032258065
703	762	763	2	0.505	-3	5.6
704	764	765	6	23	-3	5.11111111111111
705	766	767	2	0.465	-3	5
706	768	769	5	0.0905	-3	5.03030303030303
707	770	771	10	0.505	-3	4.92592592592593
708	772	773	6	12.5	-3	5.20833333333333
709	774	775	2	0.6875	-3	5
710	0	0	0	0	-1	5
711	0	0	0	0	-1	5
712	776	777	8	0.9977	-3	4
713	778	779	11	9.95	-3	5
714	780	781	8	0	-3	6
715	0	0	0	0	-1	5
716	0	0	0	0	-1	4
717	782	783	9	3.17	-3	5
718	784	785	11	0	-3	5
719	0	0	0	0	-1	5
720	0	0	0	0	-1	5
721	786	787	1	8	-3	5
722	788	789	6	15.5	-3	6
723	0	0	0	0	-1	6
724	0	0	0	0	-1	6
725	790	791	1	0	-3	6
726	792	793	2	0.49	-3	5
727	0	0	0	0	-1	7
728	0	0	0	0	-1	5
729	0	0	0	0	-1	5
730	0	0	0	0	-1	5
731	794	795	4	2.3	-3	5.92307692307692
732	0	0	0	0	-1	5
733	796	797	9	3.345	-3	5
734	0	0	0	0	-1	6
735	0	0	0	0	-1	6
736	0	0	0	0	-1	5
737	0	0	0	0	-1	5
738	0	0	0	0	-1	6
739	0	0	0	0	-1	6
740	798	799	2	0.345	-3	6.97674418604651
741	0	0	0	0	-1	7.25
742	0	0	0	0	-1	7
743	0	0	0	0	-1	7
744	0	0	0	0	-1	5
745	800	801	7	18	-3	5
746	0	0	0	0	-1	5
747	802	803	3	0	-3	5
748	804	805	2	0	-3	6
749	0	0	0	0	-1	5
750	806	807	2	0	-3	5
751	808	809	10	0.725	-3	5.76
752	0	0	0	0	-1	6
753	0	0	0	0	-1	6
754	0	0	0	0	-1	5
755	810	811	1	7.9	-3	5
756	0	0	0	0	-1	6
757	812	813	4	2.05	-3	5
758	814	815	6	21	-3	5
759	0	0	0	0	-1	5.5
760	816	817	8	0.995335	-3	5.10344827586207
761	0	0	0	0	-1	6
762	818	819	9	3.455	-3	5.16666666666667
763	820	821	9	3.35	-3	5.78571428571429
764	0	0	0	0	-1	5.4
765	822	823	1	0	-3	5
766	0	0	0	0	-1	5
767	824	825	9	3.265	-3	5
768	826	827	2	0.675	-3	5
769	828	829	6	21	-3	5.08333333333333
770	0	0	0	0	-1	4.6
771	0	0	0	0	-1	5
772	830	831	3	0	-3	5
773	832	833	3	0.13	-3	5.5
774	834	835	9	0	-3	5
775	836	837	11	9.35	-3	5
776	0	0	0	0	-1	4
777	0	0	0	0	-1	4
778	838	839	1	0	-3	5
779	0	0	0	0	-1	5
780	0	0	0	0	-1	5
781	840	841	11	9.25	-3	6
782	0	0	0	0	-1	5
783	842	843	5	0.089	-3	5
784	0	0	0	0	-1	5
785	844	845	7	115.5	-3	5
786	0	0	0	0	-1	5
787	0	0	0	0	-1	5
788	0	0	0	0	-1	6
789	846	847	10	0.62	-3	6
790	0	0	0	0	-1	5
791	848	849	2	0.47	-3	6
792	0	0	0	0	-1	5
793	0	0	0	0	-1	5
794	0	0	0	0	-1	5.8
795	850	851	5	0	-3	6
796	0	0	0	0	-1	5
797	0	0	0	0	-1	5
798	852	853	9	5.5	-3	7
799	854	855	4	2.3	-3	6.875
800	0	0	0	0	-1	5
801	0	0	0	0	-1	5
802	0	0	0	0	-1	6
803	0	0	0	0	-1	5
804	0	0	0	0	-1	5
805	856	857	3	0	-3	6
806	0	0	0	0	-1	7
807	0	0	0	0	-1	5
808	858	859	9	3.475	-3	5.81818181818182
809	0	0	0	0	-1	5.33333333333333
810	860	861	10	1.75	-3	5
811	862	863	3	0.23	-3	5
812	0	0	0	0	-1	5
813	0	0	0	0	-1	5
814	0	0	0	0	-1	5
815	864	865	10	0	-3	5
816	0	0	0	0	-1	6
817	866	867	3	0.305	-3	5.07142857142857
818	0	0	0	0	-1	5
819	0	0	0	0	-1	6
820	868	869	2	0.545	-3	6
821	0	0	0	0	-1	5.4
822	0	0	0	0	-1	6
823	870	871	5	0.0875	-3	5
824	872	873	8	0.997695	-3	5
825	0	0	0	0	-1	5
826	0	0	0	0	-1	5
827	874	875	5	0.077	-3	5
828	876	877	1	8.3	-3	5
829	0	0	0	0	-1	5.33333333333333
830	0	0	0	0	-1	5
831	878	879	6	11.5	-3	5
832	0	0	0	0	-1	5
833	0	0	0	0	-1	6
834	0	0	0	0	-1	5
835	880	881	3	0.215	-3	5
836	882	883	10	0.59	-3	5
837	884	885	6	23	-3	5
838	0	0	0	0	-1	5
839	886	887	9	3.32	-3	5
840	0	0	0	0	-1	6
841	0	0	0	0	-1	6
842	0	0	0	0	-1	5
843	888	889	1	10	-3	5
844	890	891	11	9.25	-3	5
845	0	0	0	0	-1	5
846	892	893	4	0	-3	6
847	0	0	0	0	-1	6
848	0	0	0	0	-1	6
849	0	0	0	0	-1	6
850	0	0	0	0	-1	4
851	894	895	10	0.615	-3	6
852	896	897	1	0	-3	7
853	0	0	0	0	-1	7
854	898	899	2	0.415	-3	7
855	0	0	0	0	-1	6
856	0	0	0	0	-1	6
857	0	0	0	0	-1	6
858	900	901	7	38.5	-3	5.94736842105263
859	0	0	0	0	-1	5
860	902	903	2	0.455	-3	5
861	0	0	0	0	-1	5
862	0	0	0	0	-1	5
863	0	0	0	0	-1	5
864	0	0	0	0	-1	6
865	904	905	10	7.3	-3	5
866	906	907	11	0	-3	5
867	0	0	0	0	-1	6
868	0	0	0	0	-1	6
869	908	909	10	3.25	-3	6
870	910	911	8	0.99785	-3	5
871	0	0	0	0	-1	5
872	0	0	0	0	-1	5
873	0	0	0	0	-1	5
874	912	913	8	0	-3	5
875	914	915	10	0	-3	5
876	916	917	10	0	-3	5
877	0	0	0	0	-1	5
878	0	0	0	0	-1	5
879	0	0	0	0	-1	5
880	0	0	0	0	-1	5
881	0	0	0	0	-1	5
882	918	919	4	0	-3	5
883	0	0	0	0	-1	5
884	0	0	0	0	-1	5
885	0	0	0	0	-1	5
886	0	0	0	0	-1	5
887	0	0	0	0	-1	5
888	0	0	0	0	-1	5
889	0	0	0	0	-1	5
890	920	921	3	0	-3	5
891	0	0	0	0	-1	5
892	0	0	0	0	-1	6
893	922	923	5	0.083	-3	6
894	0	0	0	0	-1	6
895	0	0	0	0	-1	6
896	0	0	0	0	-1	6
897	924	925	3	0	-3	7
898	926	927	10	0.81	-3	7
899	0	0	0	0	-1	7
900	928	929	8	0.99645	-3	6
901	0	0	0	0	-1	5.75
902	0	0	0	0	-1	5
903	0	0	0	0	-1	5
904	0	0	0	0	-1	5
905	0	0	0	0	-1	5
906	0	0	0	0	-1	7
907	930	931	10	0.655	-3	5
908	932	933	10	0.62	-3	6
909	0	0	0	0	-1	6
910	934	935	8	0	-3	5
911	0	0	0	0	-1	5
912	0	0	0	0	-1	7
913	936	937	10	0.555	-3	5
914	0	0	0	0	-1	7
915	938	939	9	3.26	-3	5
916	0	0	0	0	-1	5
917	940	941	4	86.5	-3	5
918	0	0	0	0	-1	5
919	942	943	3	0.24	-3	5
920	0	0	0	0	-1	5
921	944	945	3	0.365	-3	5
922	0	0	0	0	-1	6
923	0	0	0	0	-1	6
924	0	0	0	0	-1	6
925	946	947	2	0	-3	7
926	0	0	0	0	-1	7
927	0	0	0	0	-1	7
928	0	0	0	0	-1	6
929	948	949	1	6.9	-3	6
930	0	0	0	0	-1	5
931	0	0	0	0	-1	5
932	0	0	0	0	-1	6
933	0	0	0	0	-1	6
934	0	0	0	0	-1	5
935	950	951	1	7.95	-3	5
936	0	0	0	0	-1	5
937	0	0	0	0	-1	5
938	0	0	0	0	-1	5
939	0	0	0	0	-1	5
940	0	0	0	0	-1	5
941	0	0	0	0	-1	5
942	0	0	0	0	-1	5
943	0	0	0	0	-1	5
944	0	0	0	0	-1	5
945	0	0	0	0	-1	5
946	0	0	0	0	-1	5
947	0	0	0	0	-1	7
948	0	0	0	0	-1	6
949	952	953	4	2.25	-3	6
950	0	0	0	0	-1	5
951	0	0	0	0	-1	5
952	954	955	11	9.55	-3	6
953	0	0	0	0	-1	6
954	956	957	6	14.5	-3	6
955	0	0	0	0	-1	6
956	0	0	0	0	-1	6
957	0	0	0	0	-1	6
