1	2	3	10	0.635	-3	5.64790494058787
2	4	5	11	11.45	-3	5.38238702201622
3	6	7	2	0.425	-3	5.95923913043478
4	8	9	9	3.475	-3	5.28266666666666
5	10	11	6	31.5	-3	6.04424778761062
6	12	13	7	50.5	-3	6.28994082840236
7	14	15	7	26.5	-3	5.678391959799
8	16	17	11	9.75	-3	5.31710914454277
9	18	19	2	1	-3	4.95833333333333
10	20	21	1	6.55	-3	5.99047619047619
11	22	23	10	0.61	-3	6.75
12	24	25	11	10.95	-3	6.5126050420168
13	26	27	8	0.995335	-3	5.76
14	28	29	2	0.565	-3	6
15	30	31	11	11.45	-3	5.55555555555556
16	32	33	8	1.0006	-3	5.17058823529411
17	34	35	8	0.99618	-3	5.46449704142012
18	36	37	6	6.5	-3	5.14516129032258
19	38	39	6	4	-3	3.8
20	40	41	5	0.0955	-3	5.70588235294118
21	42	43	10	0.525	-3	6.12676056338028
22	44	45	10	0.575	-3	6.57142857142857
23	0	0	0	0	-1	8
24	46	47	5	0.09	-3	6.07476635514019
25	48	49	3	0.315	-3	6.87022900763359
26	50	51	7	56.5	-3	6.5
27	52	53	3	0.57	-3	5.67777777777778
28	54	55	9	3.185	-3	6.18333333333333
29	56	57	11	10.05	-3	5.78
30	58	59	5	0.093	-3	5.39591836734694
31	60	61	9	3.42	-3	6.46511627906977
32	62	63	5	0.2065	-3	5.18343195266272
33	0	0	0	0	-1	3
34	64	65	10	0.545	-3	5.64900662251656
35	66	67	6	15.5	-3	5.31550802139038
36	68	69	11	10.35	-3	4.61538461538461
37	70	71	9	3.515	-3	5.28571428571429
38	0	0	0	0	-1	5
39	72	73	3	0.04	-3	3.66666666666667
40	74	75	2	0.545	-3	5.75757575757576
41	0	0	0	0	-1	4
42	76	77	3	0.325	-3	5.55555555555556
43	78	79	9	3.265	-3	6.20967741935484
44	0	0	0	0	-1	7
45	0	0	0	0	-1	6
46	80	81	6	4	-3	6.32857142857143
47	82	83	9	3.345	-3	5.59459459459459
48	84	85	8	0.99493	-3	7.38888888888889
49	86	87	3	0.535	-3	6.78761061946902
50	0	0	0	0	-1	7
51	88	89	4	1.85	-3	6.28571428571429
52	90	91	6	44	-3	5.73493975903614
53	92	93	6	0	-3	5
54	94	95	6	11.5	-3	6.66666666666667
55	96	97	5	0.0705	-3	6.09803921568628
56	98	99	4	1.95	-3	5.34782608695652
57	100	101	10	0.715	-3	6.14814814814815
58	102	103	7	76	-3	5.61146496815287
59	104	105	11	11.25	-3	5.01136363636364
60	106	107	1	13.25	-3	6.14814814814815
61	108	109	11	12.6	-3	7
62	110	111	10	0.585	-3	5.17365269461078
63	0	0	0	0	-1	6
64	112	113	2	0.665	-3	5.45238095238095
65	114	115	6	4.5	-3	5.8955223880597
66	116	117	1	7.65	-3	5.1953125
67	118	119	3	0.52	-3	5.57627118644068
68	120	121	2	0.7275	-3	4.16666666666667
69	0	0	0	0	-1	5
70	122	123	7	18.5	-3	5.05263157894737
71	124	125	4	1.85	-3	5.43333333333333
72	0	0	0	0	-1	3
73	126	127	2	1.065	-3	4
74	128	129	5	0.0545	-3	6.11111111111111
75	130	131	10	0.575	-3	5.33333333333333
76	132	133	7	16	-3	5.28571428571429
77	0	0	0	0	-1	6.5
78	134	135	1	8.95	-3	6.41666666666667
79	136	137	1	6.85	-3	6.07894736842105
80	0	0	0	0	-1	7
81	138	139	3	0.295	-3	6.28787878787879
82	140	141	6	15.5	-3	5.81481481481481
83	0	0	0	0	-1	5
84	142	143	9	3.475	-3	7.81818181818182
85	144	145	7	30	-3	6.71428571428571
86	146	147	4	2.45	-3	6.83653846153846
87	148	149	3	0.655	-3	6.22222222222222
88	0	0	0	0	-1	6.66666666666667
89	0	0	0	0	-1	6
90	150	151	1	7.65	-3	5.6875
91	0	0	0	0	-1	7
92	0	0	0	0	-1	6
93	152	153	3	0	-3	5
94	154	155	4	2.85	-3	6.85714285714286
95	0	0	0	0	-1	6
96	156	157	1	7.65	-3	6.34782608695652
97	158	159	11	9.4	-3	5.89285714285714
98	160	161	10	0.96	-3	4.77777777777778
99	162	163	5	0.094	-3	5.71428571428571
100	164	165	11	11.6	-3	6.5
101	166	167	8	0.9965	-3	5.94117647058824
102	168	169	9	3.385	-3	5.71212121212121
103	170	171	11	9.65	-3	5.08
104	172	173	5	0.1475	-3	4.9764705882353
105	0	0	0	0	-1	6
106	174	175	5	0.087	-3	6.19230769230769
107	0	0	0	0	-1	5
108	176	177	10	0.79	-3	6.28571428571429
109	178	179	1	5.5	-3	7.55555555555556
110	180	181	5	0.0805	-3	5.11475409836065
111	182	183	5	0.195	-3	5.33333333333333
112	184	185	10	0.465	-3	5.66666666666667
113	186	187	6	14.5	-3	4.80952380952381
114	0	0	0	0	-1	5
115	188	189	2	0.255	-3	5.9375
116	190	191	5	0.0625	-3	4.88571428571429
117	192	193	8	0.998185	-3	5.31182795698925
118	194	195	5	0.0975	-3	5.5
119	196	197	7	96.5	-3	5.90909090909091
120	0	0	0	0	-1	5
121	0	0	0	0	-1	3.33333333333333
122	0	0	0	0	-1	6
123	198	199	7	85.5	-3	5
124	200	201	2	0.6475	-3	5
125	202	203	10	0.605	-3	5.61904761904762
126	0	0	0	0	-1	4
127	0	0	0	0	-1	4
128	204	205	2	0.475	-3	6.28571428571429
129	206	207	5	0.066	-3	6
130	208	209	9	3.5	-3	4.85714285714286
131	210	211	11	12.65	-3	5.75
132	0	0	0	0	-1	5
133	0	0	0	0	-1	5.66666666666667
134	0	0	0	0	-1	7
135	212	213	7	10.5	-3	6.125
136	214	215	9	3.43	-3	6.5
137	216	217	2	0.335	-3	6
138	0	0	0	0	-1	7
139	218	219	11	10.35	-3	6.24193548387097
140	220	221	6	5.5	-3	5.66666666666667
141	0	0	0	0	-1	7
142	222	223	10	0.73	-3	8
143	0	0	0	0	-1	7.5
144	0	0	0	0	-1	6
145	0	0	0	0	-1	7
146	224	225	8	0.99575	-3	6.75342465753425
147	226	227	3	0.365	-3	7.03225806451613
148	228	229	10	0.735	-3	6.125
149	0	0	0	0	-1	7
150	230	231	2	0.395	-3	5.29166666666667
151	232	233	10	0.66	-3	5.85714285714286
152	0	0	0	0	-1	5
153	0	0	0	0	-1	5
154	0	0	0	0	-1	6.5
155	0	0	0	0	-1	7
156	234	235	8	0.994845	-3	6.66666666666667
157	236	237	4	2	-3	6
158	0	0	0	0	-1	5
159	238	239	5	0.0935	-3	5.92592592592593
160	0	0	0	0	-1	5
161	0	0	0	0	-1	4
162	240	241	2	0.5825	-3	5.90909090909091
163	0	0	0	0	-1	5
164	242	243	3	0.075	-3	6.28571428571429
165	0	0	0	0	-1	7
166	244	245	1	7.75	-3	6.27272727272727
167	246	247	6	6.5	-3	5.33333333333333
168	248	249	2	0.635	-3	5.88
169	250	251	4	2.05	-3	5.49122807017544
170	0	0	0	0	-1	6
171	252	253	6	30	-3	5.04166666666667
172	254	255	9	3.365	-3	4.81481481481482
173	256	257	9	3.165	-3	5.25806451612903
174	258	259	3	0.07	-3	6.09523809523809
175	0	0	0	0	-1	6.6
176	0	0	0	0	-1	6
177	0	0	0	0	-1	7
178	0	0	0	0	-1	7
179	0	0	0	0	-1	8
180	260	261	1	7.65	-3	5.20535714285714
181	262	263	1	7	-3	5.03787878787879
182	264	265	3	0.265	-3	5.38636363636364
183	0	0	0	0	-1	3
184	266	267	8	0.9943	-3	4.85714285714286
185	268	269	8	0.99495	-3	5.76785714285714
186	270	271	8	0	-3	5
187	0	0	0	0	-1	3.66666666666667
188	0	0	0	0	-1	7
189	272	273	4	1.6	-3	5.90322580645161
190	0	0	0	0	-1	4
191	274	275	8	0.997045	-3	4.91176470588235
192	276	277	10	0.585	-3	5.18965517241379
193	278	279	9	3.165	-3	5.51428571428571
194	280	281	3	0.255	-3	5.54545454545455
195	0	0	0	0	-1	5
196	0	0	0	0	-1	6
197	0	0	0	0	-1	5
198	0	0	0	0	-1	5
199	0	0	0	0	-1	5
200	0	0	0	0	-1	5
201	0	0	0	0	-1	5
202	282	283	10	0.535	-3	5.5
203	0	0	0	0	-1	6
204	0	0	0	0	-1	6
205	0	0	0	0	-1	7
206	0	0	0	0	-1	6
207	284	285	9	21	-3	6
208	0	0	0	0	-1	4
209	286	287	11	11.925	-3	5
210	288	289	2	0.6425	-3	5.85714285714286
211	0	0	0	0	-1	5
212	0	0	0	0	-1	6.5
213	290	291	3	0.42	-3	6
214	0	0	0	0	-1	7
215	0	0	0	0	-1	6
216	292	293	5	0.0525	-3	6
217	294	295	7	0	-3	6
218	296	297	5	0.0605	-3	6.02857142857143
219	298	299	5	0.068	-3	6.51851851851852
220	300	301	3	0.595	-3	6.125
221	302	303	2	0.365	-3	5.4375
222	0	0	0	0	-1	8
223	0	0	0	0	-1	8
224	304	305	7	26	-3	6.9375
225	306	307	7	34.5	-3	6.4
226	0	0	0	0	-1	6.5
227	308	309	6	5.5	-3	7.11111111111111
228	0	0	0	0	-1	6
229	0	0	0	0	-1	6.33333333333333
230	310	311	6	21	-3	5.15
231	0	0	0	0	-1	6
232	0	0	0	0	-1	5
233	312	313	7	112.5	-3	5.94117647058824
234	314	315	7	23	-3	6.33333333333333
235	0	0	0	0	-1	7
236	316	317	11	11.5	-3	6
237	0	0	0	0	-1	6
238	318	319	4	2.35	-3	6
239	320	321	5	0.1525	-3	5.71428571428571
240	0	0	0	0	-1	5
241	322	323	1	7.15	-3	6
242	0	0	0	0	-1	6
243	0	0	0	0	-1	6.66666666666667
244	324	325	2	0.575	-3	6
245	0	0	0	0	-1	6.6
246	0	0	0	0	-1	6
247	0	0	0	0	-1	5
248	326	327	4	2.15	-3	5.98245614035088
249	328	329	8	0.997375	-3	5.55555555555556
250	330	331	1	5.85	-3	5.24242424242424
251	332	333	1	7.65	-3	5.83333333333333
252	334	335	5	0	-3	5
253	0	0	0	0	-1	6
254	336	337	8	1.000275	-3	5.08333333333333
255	338	339	5	0.1345	-3	4.27777777777778
256	340	341	2	0.575	-3	5.12
257	342	343	7	51.5	-3	5.83333333333333
258	0	0	0	0	-1	6.66666666666667
259	344	345	5	0	-3	6
260	346	347	8	0.99875	-3	5.06451612903226
261	348	349	9	3.295	-3	5.38
262	350	351	6	11	-3	4.66666666666667
263	352	353	11	9.45	-3	5.05555555555556
264	354	355	7	36.5	-3	5.25
265	356	357	8	0.99775	-3	5.58333333333333
266	0	0	0	0	-1	4.5
267	0	0	0	0	-1	5
268	358	359	3	0.03	-3	6.22222222222222
269	360	361	7	17.5	-3	5.55263157894737
270	0	0	0	0	-1	7
271	362	363	2	0.765	-3	5
272	0	0	0	0	-1	5.25
273	364	365	5	0.071	-3	5.94827586206897
274	366	367	4	5.075	-3	5.03225806451613
275	0	0	0	0	-1	3.66666666666667
276	368	369	5	0.086	-3	4.94285714285714
277	370	371	9	3.16	-3	5.56521739130435
278	372	373	4	2.45	-3	5.15384615384615
279	374	375	5	0.0855	-3	5.72727272727273
280	376	377	10	0.585	-3	5.8
281	378	379	8	0.9981	-3	5.33333333333333
282	0	0	0	0	-1	6
283	380	381	2	0.8675	-3	5.33333333333333
284	382	383	3	0.135	-3	6
285	0	0	0	0	-1	6
286	0	0	0	0	-1	5
287	0	0	0	0	-1	5
288	0	0	0	0	-1	5
289	0	0	0	0	-1	6
290	0	0	0	0	-1	6
291	0	0	0	0	-1	6
292	0	0	0	0	-1	6
293	0	0	0	0	-1	6
294	0	0	0	0	-1	6
295	384	385	2	0.7275	-3	6
296	0	0	0	0	-1	5.33333333333333
297	386	387	10	1.27	-3	6.09375
298	388	389	10	0.825	-3	6.3125
299	390	391	5	0.088	-3	6.81818181818182
300	0	0	0	0	-1	6
301	0	0	0	0	-1	7
302	392	393	6	6.5	-3	5
303	394	395	10	0.69	-3	5.875
304	396	397	1	9	-3	7.03571428571429
305	398	399	4	1.7	-3	6.8
306	400	401	10	0.795	-3	6.58823529411765
307	402	403	5	14	-3	6
308	404	405	5	0.0835	-3	7.5
309	406	407	9	3.225	-3	7
310	0	0	0	0	-1	6
311	408	409	11	11.25	-3	5
312	410	411	7	100.5	-3	5.97959183673469
313	0	0	0	0	-1	5
314	0	0	0	0	-1	6
315	0	0	0	0	-1	7
316	0	0	0	0	-1	6
317	0	0	0	0	-1	6
318	412	413	9	3.25	-3	6
319	0	0	0	0	-1	6
320	0	0	0	0	-1	5.33333333333333
321	0	0	0	0	-1	6
322	0	0	0	0	-1	6
323	0	0	0	0	-1	6
324	0	0	0	0	-1	6
325	0	0	0	0	-1	6
326	414	415	7	51.5	-3	6.18181818181818
327	416	417	7	33	-3	5.85714285714286
328	418	419	3	0.075	-3	5
329	0	0	0	0	-1	6
330	0	0	0	0	-1	6
331	420	421	8	0.99779	-3	5.16666666666667
332	422	423	2	0.6625	-3	5.90909090909091
333	0	0	0	0	-1	5
334	0	0	0	0	-1	6
335	424	425	1	0	-3	5
336	426	427	11	10.85	-3	5.05882352941177
337	0	0	0	0	-1	5.5
338	428	429	5	0.1	-3	4.69230769230769
339	0	0	0	0	-1	3.2
340	430	431	3	0.85	-3	4.93333333333333
341	432	433	1	9	-3	5.4
342	0	0	0	0	-1	5
343	0	0	0	0	-1	6
344	0	0	0	0	-1	6
345	434	435	3	0	-3	6
346	436	437	9	3.355	-3	5.04918032786885
347	0	0	0	0	-1	6
348	438	439	9	3.055	-3	5.22222222222222
349	440	441	7	13.5	-3	5.78571428571429
350	0	0	0	0	-1	4
351	0	0	0	0	-1	5
352	442	443	11	9.05	-3	5
353	444	445	6	18.5	-3	5.12962962962963
354	446	447	3	0.15	-3	5.52631578947368
355	448	449	3	0.035	-3	5.09090909090909
356	450	451	8	0.99635	-3	5.82352941176471
357	452	453	4	2.55	-3	5.36842105263158
358	0	0	0	0	-1	7
359	454	455	5	0.0695	-3	6.06666666666667
360	0	0	0	0	-1	5
361	456	457	7	40	-3	5.61764705882353
362	458	459	4	0	-3	5
363	460	461	5	0.134	-3	5
364	462	463	5	0.065	-3	5.58333333333333
365	464	465	1	6.3	-3	6.04347826086957
366	466	467	10	0.6	-3	5
367	0	0	0	0	-1	6
368	468	469	7	56	-3	5.08333333333333
369	470	471	10	0.53	-3	4.63636363636364
370	472	473	10	0.62	-3	5.11111111111111
371	474	475	10	0.615	-3	5.85714285714286
372	0	0	0	0	-1	5.5
373	476	477	5	0	-3	5
374	478	479	6	0	-3	6
375	480	481	1	11.6	-3	5.5
376	482	483	4	2.15	-3	5.92857142857143
377	484	485	5	0.0775	-3	5.5
378	486	487	7	43.5	-3	5.15789473684211
379	0	0	0	0	-1	6
380	488	489	2	0.61	-3	5.5
381	0	0	0	0	-1	5
382	0	0	0	0	-1	6
383	0	0	0	0	-1	6
384	490	491	8	7.65	-3	6
385	0	0	0	0	-1	6
386	492	493	10	0.71	-3	6.06451612903226
387	0	0	0	0	-1	7
388	494	495	7	28	-3	6.5
389	496	497	3	0.535	-3	6.125
390	498	499	4	1.7	-3	6.9
391	0	0	0	0	-1	6
392	0	0	0	0	-1	5
393	0	0	0	0	-1	5
394	0	0	0	0	-1	5
395	500	501	2	0	-3	6
396	502	503	3	0	-3	7
397	504	505	11	12.45	-3	7.125
398	0	0	0	0	-1	6
399	506	507	5	0	-3	7
400	0	0	0	0	-1	6.2
401	508	509	8	0.996065	-3	6.75
402	510	511	11	11.05	-3	6
403	0	0	0	0	-1	6
404	0	0	0	0	-1	7.75
405	0	0	0	0	-1	7
406	0	0	0	0	-1	6
407	512	513	8	0.996395	-3	7.05
408	514	515	2	0.3725	-3	4.9375
409	0	0	0	0	-1	6
410	516	517	2	0.19	-3	5.95833333333333
411	0	0	0	0	-1	7
412	0	0	0	0	-1	6
413	518	519	7	25.5	-3	6
414	520	521	4	2.05	-3	5.93333333333333
415	522	523	10	0.645	-3	6.71428571428571
416	524	525	4	2.45	-3	5.25
417	526	527	9	3.115	-3	6.03703703703704
418	0	0	0	0	-1	5
419	0	0	0	0	-1	5
420	528	529	8	0.99518	-3	5.07407407407407
421	0	0	0	0	-1	6
422	530	531	7	35	-3	6.13333333333333
423	532	533	4	3.2	-3	5.42857142857143
424	0	0	0	0	-1	6
425	534	535	9	3.55	-3	5
426	536	537	8	0.99774	-3	5
427	0	0	0	0	-1	6
428	0	0	0	0	-1	4
429	538	539	1	6.45	-3	4.81818181818182
430	0	0	0	0	-1	5
431	0	0	0	0	-1	4
432	540	541	10	1.39	-3	5.25
433	0	0	0	0	-1	6
434	0	0	0	0	-1	7
435	542	543	7	46.5	-3	6
436	544	545	11	9.65	-3	4.94594594594595
437	546	547	8	0.996825	-3	5.20833333333333
438	0	0	0	0	-1	4
439	548	549	2	0.7225	-3	5.25714285714286
440	0	0	0	0	-1	4.5
441	550	551	7	22.5	-3	6
442	0	0	0	0	-1	5.33333333333333
443	552	553	7	48.5	-3	4.98550724637681
444	554	555	8	0.99857	-3	5.05
445	556	557	1	7.55	-3	5.35714285714286
446	558	559	5	0.082	-3	5.18181818181818
447	560	561	11	9.4	-3	6
448	0	0	0	0	-1	6
449	562	563	2	0.42	-3	5.03225806451613
450	0	0	0	0	-1	5
451	564	565	7	0	-3	6
452	566	567	11	9.6	-3	5.53846153846154
453	0	0	0	0	-1	5
454	568	569	4	1.85	-3	6.27272727272727
455	0	0	0	0	-1	5.5
456	570	571	1	8.25	-3	5.84210526315789
457	572	573	5	0.071	-3	5.33333333333333
458	0	0	0	0	-1	5
459	574	575	11	9.95	-3	5
460	576	577	3	0	-3	5
461	0	0	0	0	-1	5
462	0	0	0	0	-1	6
463	578	579	9	3.25	-3	5.28571428571429
464	0	0	0	0	-1	5
465	580	581	7	22.5	-3	6.06666666666667
466	582	583	9	3.365	-3	5
467	0	0	0	0	-1	5
468	584	585	2	0.715	-3	5.1304347826087
469	0	0	0	0	-1	4
470	0	0	0	0	-1	4
471	586	587	3	0.335	-3	4.77777777777778
472	0	0	0	0	-1	4.8
473	0	0	0	0	-1	5.5
474	588	589	3	0.29	-3	5.91666666666667
475	0	0	0	0	-1	5.5
476	0	0	0	0	-1	6
477	590	591	8	0.9993	-3	5
478	0	0	0	0	-1	8
479	0	0	0	0	-1	6
480	592	593	2	0.315	-3	5.36363636363636
481	0	0	0	0	-1	7
482	0	0	0	0	-1	5.8
483	594	595	9	3.195	-3	6
484	0	0	0	0	-1	5
485	0	0	0	0	-1	6
486	0	0	0	0	-1	6
487	596	597	7	67.5	-3	5.11111111111111
488	0	0	0	0	-1	5
489	0	0	0	0	-1	6
490	598	599	6	19.5	-3	6
491	0	0	0	0	-1	6
492	600	601	6	6.5	-3	5.92307692307692
493	602	603	7	25.5	-3	6.16666666666667
494	0	0	0	0	-1	6
495	0	0	0	0	-1	7
496	604	605	3	0.37	-3	6
497	0	0	0	0	-1	7
498	0	0	0	0	-1	6
499	606	607	5	0.081	-3	7
500	0	0	0	0	-1	5
501	608	609	11	9.4	-3	6
502	0	0	0	0	-1	5
503	610	611	11	3.43	-3	7
504	612	613	10	0.845	-3	7
505	0	0	0	0	-1	8
506	0	0	0	0	-1	6
507	614	615	11	0	-3	7
508	0	0	0	0	-1	6
509	616	617	11	11.1	-3	6.81818181818182
510	0	0	0	0	-1	6
511	0	0	0	0	-1	6
512	618	619	7	0	-3	7
513	620	621	10	0.84	-3	7.14285714285714
514	0	0	0	0	-1	5
515	0	0	0	0	-1	4.66666666666667
516	0	0	0	0	-1	5
517	622	623	5	0.1005	-3	5.97872340425532
518	624	625	3	0.28	-3	6
519	0	0	0	0	-1	6
520	626	627	5	0.061	-3	6
521	0	0	0	0	-1	5
522	0	0	0	0	-1	6
523	0	0	0	0	-1	7
524	0	0	0	0	-1	5
525	0	0	0	0	-1	5.66666666666667
526	0	0	0	0	-1	7
527	628	629	6	28	-3	6
528	0	0	0	0	-1	6
529	630	631	3	0.005	-3	5.03846153846154
530	0	0	0	0	-1	6.4
531	632	633	11	10.2	-3	6
532	0	0	0	0	-1	5.2
533	0	0	0	0	-1	6
534	634	635	7	97.5	-3	5
535	0	0	0	0	-1	5
536	636	637	2	0.465	-3	5
537	638	639	3	0.055	-3	5
538	0	0	0	0	-1	4
539	640	641	7	0	-3	5
540	642	643	10	0.95	-3	5
541	0	0	0	0	-1	6
542	644	645	3	32	-3	6
543	646	647	9	0	-3	6
544	648	649	7	37	-3	5
545	0	0	0	0	-1	4.6
546	650	651	2	0.43	-3	5.38461538461539
547	652	653	11	9.35	-3	5
548	654	655	7	117	-3	5.39130434782609
549	656	657	9	3.28	-3	5
550	0	0	0	0	-1	7
551	658	659	8	0.99675	-3	5.90909090909091
552	660	661	2	0.6725	-3	4.95652173913043
553	662	663	11	9.35	-3	5
554	664	665	5	0.091	-3	5
555	666	667	9	3.295	-3	5.2
556	668	669	10	0.51	-3	5.71428571428571
557	670	671	6	0	-3	5
558	672	673	11	9.6	-3	5.1
559	0	0	0	0	-1	6
560	674	675	6	4.5	-3	5.85714285714286
561	0	0	0	0	-1	7
562	0	0	0	0	-1	6
563	676	677	11	9.15	-3	5
564	0	0	0	0	-1	6
565	678	679	7	41.5	-3	6
566	680	681	9	3.175	-3	5.41666666666667
567	0	0	0	0	-1	7
568	682	683	2	0.555	-3	6
569	0	0	0	0	-1	7
570	684	685	2	0	-3	6
571	0	0	0	0	-1	5.4
572	0	0	0	0	-1	6
573	686	687	9	3.105	-3	5.16666666666667
574	0	0	0	0	-1	5
575	0	0	0	0	-1	5
576	0	0	0	0	-1	5
577	0	0	0	0	-1	5
578	0	0	0	0	-1	6
579	0	0	0	0	-1	4.75
580	688	689	4	1.95	-3	6.3
581	690	691	11	10.25	-3	6
582	692	693	3	20.5	-3	5
583	694	695	8	0	-3	5
584	696	697	7	17.5	-3	5.36363636363636
585	698	699	8	0.99685	-3	4.91666666666667
586	700	701	9	3.3	-3	5
587	0	0	0	0	-1	4.33333333333333
588	0	0	0	0	-1	6
589	0	0	0	0	-1	5.66666666666667
590	0	0	0	0	-1	5
591	0	0	0	0	-1	5
592	0	0	0	0	-1	6
593	702	703	10	0.59	-3	5.125
594	0	0	0	0	-1	6
595	704	705	10	0.52	-3	6
596	706	707	11	10.15	-3	5
597	0	0	0	0	-1	5.4
598	708	709	2	0.495	-3	6
599	0	0	0	0	-1	6
600	0	0	0	0	-1	5.75
601	710	711	4	2.05	-3	6
602	712	713	5	0.0685	-3	6.5
603	714	715	6	15.5	-3	6
604	0	0	0	0	-1	6
605	0	0	0	0	-1	6
606	0	0	0	0	-1	7
607	0	0	0	0	-1	7
608	0	0	0	0	-1	6
609	0	0	0	0	-1	6
610	0	0	0	0	-1	4
611	0	0	0	0	-1	7
612	0	0	0	0	-1	7
613	0	0	0	0	-1	7
614	0	0	0	0	-1	6
615	716	717	8	0	-3	7
616	0	0	0	0	-1	6.5
617	718	719	5	0.077	-3	7
618	0	0	0	0	-1	5
619	720	721	6	27	-3	7
620	722	723	4	9.65	-3	7
621	0	0	0	0	-1	8
622	724	725	3	0.54	-3	6
623	0	0	0	0	-1	5.75
624	726	727	7	22	-3	6
625	0	0	0	0	-1	6
626	0	0	0	0	-1	6
627	728	729	2	12	-3	6
628	730	731	3	0.145	-3	6.04166666666667
629	0	0	0	0	-1	5.5
630	0	0	0	0	-1	5.5
631	732	733	6	19	-3	5
632	0	0	0	0	-1	6
633	734	735	8	0	-3	6
634	0	0	0	0	-1	5
635	736	737	11	0	-3	5
636	0	0	0	0	-1	5
637	738	739	2	0	-3	5
638	0	0	0	0	-1	5
639	740	741	4	3.35	-3	5
640	0	0	0	0	-1	6
641	742	743	7	106.5	-3	5
642	0	0	0	0	-1	5
643	0	0	0	0	-1	5
644	744	745	7	0	-3	6
645	0	0	0	0	-1	6
646	0	0	0	0	-1	5
647	746	747	7	74.5	-3	6
648	748	749	7	21.5	-3	5
649	750	751	5	0.07	-3	5
650	752	753	8	0.99552	-3	5.83333333333333
651	754	755	7	0	-3	5
652	0	0	0	0	-1	5
653	0	0	0	0	-1	5
654	756	757	10	0.545	-3	5.5
655	0	0	0	0	-1	5
656	758	759	5	0.057	-3	5.09090909090909
657	0	0	0	0	-1	4
658	0	0	0	0	-1	5.5
659	760	761	8	0.996825	-3	6
660	762	763	7	0	-3	5
661	0	0	0	0	-1	4.8
662	764	765	9	3.22	-3	5
663	766	767	9	3.275	-3	5
664	768	769	4	0	-3	5
665	770	771	3	0.05	-3	5
666	772	773	2	0.58	-3	5
667	0	0	0	0	-1	6
668	0	0	0	0	-1	5
669	0	0	0	0	-1	6
670	0	0	0	0	-1	5
671	774	775	8	0.99655	-3	5
672	776	777	8	0.997375	-3	5
673	0	0	0	0	-1	6
674	0	0	0	0	-1	5
675	778	779	11	9.1	-3	6
676	0	0	0	0	-1	5.33333333333333
677	780	781	2	0.665	-3	4.96296296296296
678	0	0	0	0	-1	6
679	782	783	4	0	-3	6
680	0	0	0	0	-1	6
681	784	785	8	0.9989	-3	5.22222222222222
682	0	0	0	0	-1	6
683	0	0	0	0	-1	6
684	0	0	0	0	-1	6
685	786	787	5	0.0845	-3	6
686	0	0	0	0	-1	6
687	788	789	7	99.5	-3	5
688	0	0	0	0	-1	7
689	790	791	3	0.095	-3	6
690	792	793	11	0	-3	6
691	794	795	8	0.996135	-3	6
692	796	797	7	43	-3	5
693	0	0	0	0	-1	5
694	0	0	0	0	-1	6
695	798	799	4	2.8	-3	5
696	800	801	1	0	-3	5
697	0	0	0	0	-1	6
698	802	803	10	0.575	-3	4.83333333333333
699	804	805	9	8.5	-3	5
700	0	0	0	0	-1	5
701	0	0	0	0	-1	5
702	0	0	0	0	-1	5.33333333333333
703	0	0	0	0	-1	5
704	806	807	4	0	-3	6
705	0	0	0	0	-1	6
706	0	0	0	0	-1	5
707	0	0	0	0	-1	5
708	808	809	4	0	-3	6
709	810	811	3	0.08	-3	6
710	0	0	0	0	-1	6
711	0	0	0	0	-1	6
712	0	0	0	0	-1	6
713	0	0	0	0	-1	6.75
714	812	813	2	0	-3	6
715	0	0	0	0	-1	6
716	0	0	0	0	-1	5
717	814	815	10	0	-3	7
718	0	0	0	0	-1	7
719	0	0	0	0	-1	7
720	816	817	2	0.375	-3	7
721	0	0	0	0	-1	7
722	0	0	0	0	-1	7
723	0	0	0	0	-1	7
724	818	819	4	2.9	-3	5.97222222222222
725	820	821	6	30	-3	6.14285714285714
726	0	0	0	0	-1	6
727	822	823	9	0	-3	6
728	824	825	9	0.0855	-3	6
729	0	0	0	0	-1	6
730	826	827	8	0.99705	-3	6.16666666666667
731	828	829	4	2.75	-3	6
732	0	0	0	0	-1	5
733	830	831	5	0	-3	5
734	0	0	0	0	-1	6
735	832	833	7	54.5	-3	6
736	0	0	0	0	-1	5
737	834	835	9	3.16	-3	5
738	0	0	0	0	-1	6
739	836	837	9	0.55	-3	5
740	838	839	4	3	-3	5
741	0	0	0	0	-1	5
742	840	841	11	0	-3	5
743	0	0	0	0	-1	5
744	0	0	0	0	-1	6
745	842	843	8	0	-3	6
746	0	0	0	0	-1	6
747	0	0	0	0	-1	6
748	844	845	9	0	-3	5
749	0	0	0	0	-1	5
750	0	0	0	0	-1	5
751	846	847	9	3.345	-3	5
752	0	0	0	0	-1	5
753	0	0	0	0	-1	6
754	0	0	0	0	-1	7
755	0	0	0	0	-1	5
756	848	849	11	9.3	-3	5.8
757	850	851	6	22	-3	5.125
758	0	0	0	0	-1	6
759	852	853	2	1.04	-3	5
760	0	0	0	0	-1	6
761	854	855	4	2.1	-3	6
762	0	0	0	0	-1	5
763	0	0	0	0	-1	5
764	856	857	4	3.3	-3	5
765	0	0	0	0	-1	5
766	858	859	5	0.083	-3	5
767	860	861	7	70	-3	5
768	0	0	0	0	-1	6
769	0	0	0	0	-1	5
770	0	0	0	0	-1	5
771	862	863	5	0	-3	5
772	864	865	11	0	-3	5
773	0	0	0	0	-1	5
774	0	0	0	0	-1	5
775	0	0	0	0	-1	5
776	0	0	0	0	-1	5
777	0	0	0	0	-1	5
778	0	0	0	0	-1	6
779	0	0	0	0	-1	6
780	866	867	2	0.625	-3	5
781	0	0	0	0	-1	4.5
782	0	0	0	0	-1	6
783	868	869	5	0.0885	-3	6
784	0	0	0	0	-1	5.4
785	0	0	0	0	-1	5
786	870	871	9	3.3	-3	6
787	0	0	0	0	-1	6
788	872	873	11	0	-3	5
789	0	0	0	0	-1	5
790	0	0	0	0	-1	6
791	0	0	0	0	-1	6
792	0	0	0	0	-1	6
793	874	875	11	10.05	-3	6
794	0	0	0	0	-1	6
795	0	0	0	0	-1	6
796	876	877	8	0	-3	5
797	0	0	0	0	-1	5
798	878	879	6	3.38	-3	5
799	0	0	0	0	-1	5
800	0	0	0	0	-1	5
801	0	0	0	0	-1	5
802	0	0	0	0	-1	5
803	0	0	0	0	-1	4
804	0	0	0	0	-1	5
805	0	0	0	0	-1	5
806	0	0	0	0	-1	5
807	0	0	0	0	-1	6
808	0	0	0	0	-1	6
809	880	881	8	0	-3	6
810	0	0	0	0	-1	6
811	0	0	0	0	-1	6
812	0	0	0	0	-1	6
813	882	883	9	3.12	-3	6
814	0	0	0	0	-1	6
815	884	885	9	3.25	-3	7
816	886	887	7	21.5	-3	7
817	0	0	0	0	-1	7
818	888	889	4	1.85	-3	6
819	0	0	0	0	-1	5
820	890	891	8	0.99955	-3	6
821	0	0	0	0	-1	7
822	0	0	0	0	-1	3
823	0	0	0	0	-1	6
824	0	0	0	0	-1	6
825	892	893	9	3.37	-3	6
826	0	0	0	0	-1	6
827	0	0	0	0	-1	7
828	894	895	7	51	-3	6
829	896	897	2	0.44	-3	6
830	0	0	0	0	-1	6
831	0	0	0	0	-1	5
832	0	0	0	0	-1	6
833	0	0	0	0	-1	6
834	0	0	0	0	-1	5
835	0	0	0	0	-1	5
836	0	0	0	0	-1	5
837	898	899	9	3.205	-3	5
838	900	901	7	0	-3	5
839	0	0	0	0	-1	5
840	0	0	0	0	-1	6
841	902	903	3	0.07	-3	5
842	0	0	0	0	-1	6
843	904	905	6	32	-3	6
844	0	0	0	0	-1	6
845	906	907	5	0.071	-3	5
846	908	909	6	17	-3	5
847	0	0	0	0	-1	5
848	0	0	0	0	-1	5
849	910	911	8	0.5	-3	6
850	0	0	0	0	-1	5
851	0	0	0	0	-1	5.33333333333333
852	912	913	9	0.9972	-3	5
853	0	0	0	0	-1	5
854	0	0	0	0	-1	6
855	0	0	0	0	-1	6
856	0	0	0	0	-1	5
857	0	0	0	0	-1	5
858	0	0	0	0	-1	5
859	914	915	8	0.99759	-3	5
860	0	0	0	0	-1	5
861	0	0	0	0	-1	5
862	0	0	0	0	-1	4
863	916	917	7	36	-3	5
864	0	0	0	0	-1	5
865	918	919	5	5.5	-3	5
866	920	921	1	7.2	-3	5
867	922	923	5	0	-3	5
868	924	925	1	7.7	-3	6
869	0	0	0	0	-1	6
870	0	0	0	0	-1	6
871	926	927	9	3.355	-3	6
872	0	0	0	0	-1	5
873	928	929	1	3.38	-3	5
874	0	0	0	0	-1	6
875	0	0	0	0	-1	6
876	0	0	0	0	-1	6
877	930	931	7	31	-3	5
878	0	0	0	0	-1	5
879	932	933	1	0	-3	5
880	0	0	0	0	-1	6
881	934	935	11	12.1	-3	6
882	0	0	0	0	-1	6
883	0	0	0	0	-1	6
884	0	0	0	0	-1	7
885	936	937	10	3.39	-3	7
886	0	0	0	0	-1	7
887	0	0	0	0	-1	7
888	938	939	2	0.295	-3	6
889	940	941	10	0.685	-3	6
890	0	0	0	0	-1	6
891	0	0	0	0	-1	6
892	942	943	7	0.99598	-3	6
893	0	0	0	0	-1	6
894	944	945	4	2.65	-3	6
895	0	0	0	0	-1	6
896	0	0	0	0	-1	6
897	0	0	0	0	-1	6
898	0	0	0	0	-1	5
899	946	947	6	0	-3	5
900	0	0	0	0	-1	7
901	0	0	0	0	-1	5
902	0	0	0	0	-1	5
903	0	0	0	0	-1	5
904	0	0	0	0	-1	6
905	0	0	0	0	-1	6
906	0	0	0	0	-1	5
907	0	0	0	0	-1	5
908	0	0	0	0	-1	5
909	948	949	4	1.75	-3	5
910	0	0	0	0	-1	5
911	950	951	5	0	-3	6
912	0	0	0	0	-1	5
913	952	953	3	0.235	-3	5
914	0	0	0	0	-1	5
915	0	0	0	0	-1	5
916	954	955	4	0	-3	5
917	0	0	0	0	-1	5
918	0	0	0	0	-1	5
919	0	0	0	0	-1	5
920	0	0	0	0	-1	5
921	956	957	1	0	-3	5
922	0	0	0	0	-1	5
923	0	0	0	0	-1	5
924	0	0	0	0	-1	6
925	0	0	0	0	-1	6
926	0	0	0	0	-1	6
927	0	0	0	0	-1	6
928	0	0	0	0	-1	6
929	0	0	0	0	-1	5
930	0	0	0	0	-1	5
931	0	0	0	0	-1	5
932	0	0	0	0	-1	4
933	958	959	6	11.5	-3	5
934	0	0	0	0	-1	6
935	960	961	10	0.555	-3	6
936	962	963	3	0.43	-3	7
937	0	0	0	0	-1	7
938	0	0	0	0	-1	6
939	0	0	0	0	-1	6
940	0	0	0	0	-1	6
941	964	965	9	3.225	-3	6
942	0	0	0	0	-1	6
943	966	967	5	0.0745	-3	6
944	0	0	0	0	-1	6
945	0	0	0	0	-1	6
946	0	0	0	0	-1	5
947	968	969	8	0.99726	-3	5
948	970	971	9	3.22	-3	5
949	972	973	6	0	-3	5
950	0	0	0	0	-1	5
951	974	975	6	9.5	-3	6
952	0	0	0	0	-1	5
953	0	0	0	0	-1	5
954	0	0	0	0	-1	5
955	976	977	11	0	-3	5
956	0	0	0	0	-1	6
957	978	979	9	3.25	-3	5
958	980	981	3	0.08	-3	5
959	982	983	4	0	-3	5
960	0	0	0	0	-1	6
961	0	0	0	0	-1	6
962	0	0	0	0	-1	7
963	0	0	0	0	-1	7
964	0	0	0	0	-1	6
965	984	985	6	18.5	-3	6
966	0	0	0	0	-1	6
967	0	0	0	0	-1	6
968	0	0	0	0	-1	5
969	0	0	0	0	-1	5
970	0	0	0	0	-1	5
971	0	0	0	0	-1	5
972	0	0	0	0	-1	8
973	986	987	7	55.5	-3	5
974	0	0	0	0	-1	6
975	0	0	0	0	-1	6
976	0	0	0	0	-1	7
977	0	0	0	0	-1	5
978	988	989	8	0	-3	5
979	990	991	5	0.0835	-3	5
980	0	0	0	0	-1	5
981	0	0	0	0	-1	5
982	0	0	0	0	-1	5
983	992	993	7	40	-3	5
984	0	0	0	0	-1	6
985	994	995	3	0.47	-3	6
986	0	0	0	0	-1	5
987	0	0	0	0	-1	5
988	0	0	0	0	-1	7
989	996	997	5	57	-3	5
990	0	0	0	0	-1	5
991	0	0	0	0	-1	5
992	0	0	0	0	-1	5
993	0	0	0	0	-1	5
994	998	999	8	0.99656	-3	6
995	0	0	0	0	-1	6
996	0	0	0	0	-1	5
997	0	0	0	0	-1	5
998	1000	1001	9	0	-3	6
999	0	0	0	0	-1	6
1000	0	0	0	0	-1	7
1001	1002	1003	1	8.3	-3	6
1002	0	0	0	0	-1	6
1003	0	0	0	0	-1	6
