1	2	3	3	0.295	-3	5.62288930581613
2	4	5	2	0.6725	-3	5.4487594390507
3	6	7	5	0.0785	-3	5.86309523809524
4	8	9	5	0.0655	-3	5.56835637480799
5	10	11	11	11.6	-3	5.16666666666666
6	12	13	1	10.75	-3	6.13333333333333
7	14	15	8	0.99645	-3	5.64516129032258
8	16	17	5	0.0455	-3	5.98863636363636
9	18	19	7	69.5	-3	5.50266429840142
10	20	21	4	3.05	-3	5.06299212598425
11	22	23	2	0.7825	-3	6.36363636363636
12	24	25	2	0.535	-3	6.21457489878542
13	26	27	10	0.575	-3	5.75471698113208
14	28	29	4	2.65	-3	6.24242424242424
15	30	31	10	0.645	-3	5.51633986928105
16	32	33	10	0.69	-3	6.7
17	34	35	8	0.99278	-3	5.8974358974359
18	36	37	4	1.65	-3	5.57931034482759
19	38	39	8	0.997455	-3	5.2421875
20	40	41	10	0.435	-3	5.13942307692308
21	42	43	8	0.995745	-3	4.71739130434783
22	44	45	3	0.045	-3	5.77777777777778
23	46	47	11	12.1	-3	6.76923076923077
24	48	49	11	10.75	-3	6.32743362831858
25	50	51	9	3.56	-3	5
26	52	53	5	0.0725	-3	5
27	54	55	11	10.45	-3	6.08108108108108
28	56	57	11	11.5	-3	6.07272727272727
29	58	59	9	3.18	-3	7.09090909090909
30	60	61	11	9.9	-3	5.23076923076923
31	62	63	5	0.0875	-3	5.76687116564417
32	64	65	3	0.21	-3	6
33	0	0	0	0	-1	7.75
34	66	67	8	0.99165	-3	6.5
35	68	69	4	2.15	-3	5.74193548387097
36	70	71	10	0.485	-3	5.08823529411765
37	72	73	9	3.305	-3	5.62094763092269
38	74	75	8	0.996735	-3	5.33720930232558
39	76	77	7	86.5	-3	5.04761904761905
40	0	0	0	0	-1	3.6
41	78	79	8	0.99833	-3	5.17733990147783
42	0	0	0	0	-1	4
43	80	81	9	3.535	-3	4.80487804878049
44	82	83	8	0.994605	-3	6
45	0	0	0	0	-1	5.33333333333333
46	0	0	0	0	-1	6
47	84	85	4	2.95	-3	7.11111111111111
48	86	87	2	0.385	-3	5.71641791044776
49	88	89	10	0.635	-3	6.58490566037736
50	90	91	6	14.5	-3	4.95
51	0	0	0	0	-1	6
52	92	93	10	0.55	-3	5.44444444444444
53	94	95	11	10	-3	4.42857142857143
54	96	97	4	3.8	-3	5.76
55	98	99	5	0.068	-3	6.75
56	100	101	2	0.415	-3	5.7037037037037
57	102	103	2	0.3125	-3	6.42857142857143
58	0	0	0	0	-1	8
59	104	105	4	3.35	-3	6.75
60	106	107	11	8.7	-3	5.06382978723404
61	108	109	3	0.315	-3	5.55102040816327
62	110	111	5	0.0825	-3	6.18367346938776
63	112	113	9	3.315	-3	5.58771929824561
64	0	0	0	0	-1	5.8
65	0	0	0	0	-1	7
66	0	0	0	0	-1	6
67	114	115	10	0.59	-3	6.66666666666667
68	116	117	6	14	-3	5.58695652173913
69	118	119	5	0.0545	-3	6.1875
70	0	0	0	0	-1	4.6
71	120	121	4	1.45	-3	5.17241379310345
72	122	123	11	9.85	-3	5.42201834862385
73	124	125	9	3.475	-3	5.69520547945206
74	126	127	11	11.15	-3	5.18867924528302
75	128	129	5	0.086	-3	5.57575757575758
76	130	131	5	0.075	-3	5.15384615384615
77	132	133	5	0.0795	-3	5
78	134	135	5	0.0905	-3	5.13513513513513
79	136	137	2	0.6825	-3	5.61111111111111
80	138	139	7	12	-3	4.97142857142857
81	140	141	7	37.5	-3	3.83333333333333
82	0	0	0	0	-1	6
83	0	0	0	0	-1	6
84	142	143	2	0.845	-3	7.25
85	0	0	0	0	-1	6
86	144	145	8	0.99561	-3	5.94594594594595
87	146	147	8	0.99885	-3	5.43333333333333
88	148	149	8	0.993235	-3	6.225
89	150	151	9	3.125	-3	6.70588235294117
90	152	153	9	3.235	-3	4.85714285714286
91	154	155	1	8.8	-3	5
92	0	0	0	0	-1	5
93	0	0	0	0	-1	6
94	0	0	0	0	-1	3
95	0	0	0	0	-1	5
96	156	157	6	4	-3	5.95
97	0	0	0	0	-1	5
98	158	159	6	6.5	-3	6.88888888888889
99	0	0	0	0	-1	6.33333333333333
100	160	161	8	0.995235	-3	5.85714285714286
101	162	163	6	21.5	-3	5.16666666666667
102	164	165	6	34	-3	7.11111111111111
103	166	167	1	8.8	-3	6.10526315789474
104	0	0	0	0	-1	6
105	168	169	5	0.092	-3	7
106	0	0	0	0	-1	3
107	170	171	1	8.35	-3	5.08602150537634
108	172	173	4	5.5	-3	6
109	174	175	7	53.5	-3	5.43589743589744
110	176	177	3	0.34	-3	5.91666666666667
111	178	179	8	0.999825	-3	6.44
112	180	181	7	81	-3	5.73737373737374
113	182	183	11	9.95	-3	4.6
114	184	185	3	0.03	-3	6
115	186	187	1	5.1	-3	7.33333333333333
116	188	189	9	3.265	-3	5.13636363636364
117	190	191	7	25	-3	6
118	192	193	9	3.405	-3	6.66666666666667
119	194	195	1	7.25	-3	5.9
120	196	197	2	0.35	-3	5.66666666666667
121	198	199	7	10	-3	5.04347826086957
122	200	201	2	0.555	-3	5.2463768115942
123	202	203	1	8.65	-3	5.725
124	204	205	11	9.45	-3	5.79047619047619
125	206	207	6	15.5	-3	5.45121951219512
126	208	209	2	0.625	-3	5.15686274509804
127	0	0	0	0	-1	6
128	210	211	2	0.595	-3	5.9
129	212	213	11	9.85	-3	5.07692307692308
130	0	0	0	0	-1	6
131	214	215	9	3.355	-3	5.08333333333333
132	216	217	9	3.25	-3	5
133	218	219	9	3.155	-3	5
134	220	221	3	0.265	-3	5.02255639097744
135	222	223	10	0.645	-3	5.42307692307692
136	0	0	0	0	-1	5
137	224	225	8	0.9989	-3	5.73333333333333
138	0	0	0	0	-1	3.66666666666667
139	226	227	2	0.925	-3	5.09375
140	0	0	0	0	-1	3.5
141	0	0	0	0	-1	4
142	0	0	0	0	-1	7
143	0	0	0	0	-1	8
144	0	0	0	0	-1	5
145	228	229	10	0.73	-3	6.02941176470588
146	230	231	10	0.995	-3	5.32
147	0	0	0	0	-1	6
148	232	233	5	0.0495	-3	6.8
149	234	235	9	3.455	-3	6.03333333333333
150	236	237	9	3.105	-3	6
151	238	239	5	0.0675	-3	6.7433628318584
152	0	0	0	0	-1	5
153	0	0	0	0	-1	4
154	0	0	0	0	-1	5
155	0	0	0	0	-1	5
156	0	0	0	0	-1	5
157	240	241	7	12.5	-3	6.11764705882353
158	0	0	0	0	-1	6.75
159	0	0	0	0	-1	7
160	0	0	0	0	-1	5.6
161	242	243	9	3.455	-3	5.9375
162	0	0	0	0	-1	5
163	0	0	0	0	-1	6
164	244	245	1	10	-3	6.85714285714286
165	0	0	0	0	-1	8
166	0	0	0	0	-1	6
167	246	247	8	0.99621	-3	6.25
168	0	0	0	0	-1	7
169	0	0	0	0	-1	7
170	248	249	3	0.35	-3	5.24137931034483
171	250	251	10	0.615	-3	5.015625
172	0	0	0	0	-1	6
173	0	0	0	0	-1	6
174	252	253	6	8.5	-3	5.54838709677419
175	254	255	2	0.35	-3	5
176	0	0	0	0	-1	5.5
177	256	257	9	3.295	-3	6
178	258	259	10	0.81	-3	6.57894736842105
179	260	261	1	13.35	-3	6
180	262	263	8	0.99721	-3	5.89473684210526
181	264	265	3	0.375	-3	5.21739130434783
182	0	0	0	0	-1	3.5
183	0	0	0	0	-1	5
184	0	0	0	0	-1	6
185	0	0	0	0	-1	6
186	0	0	0	0	-1	8
187	0	0	0	0	-1	7
188	0	0	0	0	-1	6
189	266	267	1	7.2	-3	5.09523809523809
190	0	0	0	0	-1	7
191	268	269	2	0.49	-3	5.90909090909091
192	0	0	0	0	-1	7
193	0	0	0	0	-1	6
194	270	271	10	0.635	-3	6.33333333333333
195	0	0	0	0	-1	5.25
196	0	0	0	0	-1	7
197	0	0	0	0	-1	5.4
198	0	0	0	0	-1	6
199	272	273	10	0.585	-3	5
200	274	275	10	0.67	-3	5.72727272727273
201	276	277	2	0.5675	-3	5.02127659574468
202	278	279	7	40	-3	5.56
203	280	281	11	9.95	-3	6
204	282	283	3	0.06	-3	5.36363636363636
205	284	285	10	0.525	-3	5.87005649717514
206	286	287	7	12	-3	5.27868852459016
207	288	289	2	0.6225	-3	5.95238095238095
208	290	291	5	0.073	-3	5.1
209	292	293	10	0.53	-3	5.36363636363636
210	0	0	0	0	-1	6
211	294	295	10	0.565	-3	5.66666666666667
212	296	297	6	11.5	-3	4.90909090909091
213	0	0	0	0	-1	6
214	0	0	0	0	-1	5.25
215	298	299	1	7.75	-3	5
216	0	0	0	0	-1	5
217	300	301	1	0	-3	5
218	0	0	0	0	-1	5
219	302	303	5	0.675	-3	5
220	304	305	7	9.5	-3	5.046875
221	0	0	0	0	-1	4.4
222	306	307	6	21	-3	5.23076923076923
223	308	309	7	32	-3	6
224	310	311	8	0.9985	-3	6
225	312	313	11	9.15	-3	5.33333333333333
226	314	315	8	0.99848	-3	5.17241379310345
227	0	0	0	0	-1	4.33333333333333
228	316	317	5	0.0595	-3	5.65
229	318	319	7	16.5	-3	6.57142857142857
230	320	321	7	23.5	-3	5.22727272727273
231	0	0	0	0	-1	6
232	0	0	0	0	-1	6
233	322	323	8	0.99298	-3	7
234	324	325	1	6.5	-3	6.10714285714286
235	0	0	0	0	-1	5
236	0	0	0	0	-1	6
237	0	0	0	0	-1	6
238	326	327	3	0.405	-3	6.53333333333333
239	328	329	2	0.47	-3	6.9811320754717
240	0	0	0	0	-1	7
241	330	331	1	13.75	-3	6
242	332	333	4	1.95	-3	6
243	0	0	0	0	-1	5
244	334	335	7	33	-3	7
245	0	0	0	0	-1	6
246	0	0	0	0	-1	7
247	336	337	8	0.996425	-3	6.14285714285714
248	338	339	1	7.95	-3	5.14285714285714
249	340	341	4	2.35	-3	5.5
250	342	343	9	3.205	-3	5
251	344	345	7	36.5	-3	5.11111111111111
252	346	347	9	3.28	-3	5.2
253	348	349	10	0.625	-3	5.71428571428571
254	0	0	0	0	-1	6
255	350	351	11	10.35	-3	4.85714285714286
256	352	353	4	2.55	-3	5.94444444444444
257	0	0	0	0	-1	6.5
258	354	355	10	0.705	-3	6.6875
259	0	0	0	0	-1	6
260	0	0	0	0	-1	6
261	0	0	0	0	-1	6
262	356	357	11	11.25	-3	6.35294117647059
263	358	359	9	3.05	-3	5.76271186440678
264	360	361	1	10.45	-3	5.71428571428571
265	362	363	8	0.99725	-3	5
266	364	365	4	0	-3	5
267	0	0	0	0	-1	5.66666666666667
268	0	0	0	0	-1	5.6
269	366	367	5	0.0545	-3	6
270	0	0	0	0	-1	7
271	0	0	0	0	-1	6
272	368	369	9	3.295	-3	5
273	0	0	0	0	-1	5
274	370	371	7	38.5	-3	5.52941176470588
275	0	0	0	0	-1	6.4
276	0	0	0	0	-1	5.2
277	372	373	7	46	-3	5
278	374	375	6	11.5	-3	5.75
279	376	377	6	10	-3	5.22222222222222
280	0	0	0	0	-1	6
281	378	379	8	10.05	-3	6
282	0	0	0	0	-1	6
283	380	381	1	7.75	-3	5.125
284	382	383	1	7.7	-3	5.125
285	384	385	10	0.92	-3	5.94409937888199
286	0	0	0	0	-1	6.5
287	386	387	4	2.05	-3	5.19298245614035
288	388	389	10	0.645	-3	5.77777777777778
289	0	0	0	0	-1	7
290	390	391	6	21	-3	5.33333333333333
291	392	393	2	0.575	-3	5.05882352941176
292	0	0	0	0	-1	5
293	394	395	3	0.25	-3	5.66666666666667
294	0	0	0	0	-1	5
295	0	0	0	0	-1	6
296	0	0	0	0	-1	4.5
297	396	397	8	0.99705	-3	5
298	398	399	11	7.15	-3	5
299	0	0	0	0	-1	5
300	0	0	0	0	-1	6
301	400	401	1	8.25	-3	5
302	402	403	4	2.65	-3	5
303	0	0	0	0	-1	5
304	0	0	0	0	-1	4
305	404	405	4	2.25	-3	5.05511811023622
306	406	407	5	0.2225	-3	5.0625
307	408	409	4	0	-3	6
308	410	411	11	9.875	-3	6.66666666666667
309	412	413	11	10	-3	5.42857142857143
310	0	0	0	0	-1	6
311	0	0	0	0	-1	6
312	0	0	0	0	-1	6
313	0	0	0	0	-1	5
314	414	415	8	0.997065	-3	5.35714285714286
315	416	417	4	6.1	-3	5
316	0	0	0	0	-1	4
317	418	419	3	0.435	-3	5.73684210526316
318	0	0	0	0	-1	7.66666666666667
319	420	421	8	0.99674	-3	6.27272727272727
320	422	423	6	7.5	-3	5.71428571428571
321	424	425	11	0.355	-3	5
322	0	0	0	0	-1	7
323	0	0	0	0	-1	7
324	0	0	0	0	-1	4
325	426	427	7	15	-3	6.18518518518519
326	428	429	8	0.99675	-3	6.7027027027027
327	430	431	10	0.88	-3	6.26086956521739
328	432	433	3	0.335	-3	7.04
329	0	0	0	0	-1	6
330	434	435	1	12.45	-3	5.92857142857143
331	0	0	0	0	-1	7
332	0	0	0	0	-1	6
333	436	437	10	0.745	-3	6
334	0	0	0	0	-1	7
335	0	0	0	0	-1	7
336	438	439	8	0.9964	-3	6
337	0	0	0	0	-1	7
338	440	441	5	0.0795	-3	5.1
339	0	0	0	0	-1	6
340	0	0	0	0	-1	5.2
341	0	0	0	0	-1	6
342	442	443	4	2.15	-3	5
343	444	445	10	0.605	-3	5
344	0	0	0	0	-1	6
345	446	447	7	63.5	-3	5
346	0	0	0	0	-1	5
347	0	0	0	0	-1	5.66666666666667
348	448	449	1	10.95	-3	5.57894736842105
349	0	0	0	0	-1	7
350	450	451	10	0.55	-3	5
351	0	0	0	0	-1	4
352	452	453	10	0.81	-3	6
353	0	0	0	0	-1	5.8
354	454	455	4	2.7	-3	6.28571428571429
355	456	457	2	0.38	-3	7
356	458	459	7	19	-3	6
357	460	461	4	3.525	-3	6.85714285714286
358	462	463	6	6.5	-3	5.33333333333333
359	464	465	11	10.55	-3	5.95121951219512
360	466	467	11	9.5	-3	5.83333333333333
361	0	0	0	0	-1	5
362	0	0	0	0	-1	5
363	0	0	0	0	-1	5
364	0	0	0	0	-1	6
365	468	469	1	6.4	-3	5
366	0	0	0	0	-1	5
367	470	471	9	3.365	-3	6.0625
368	0	0	0	0	-1	5
369	0	0	0	0	-1	5
370	472	473	11	9.45	-3	5.69230769230769
371	0	0	0	0	-1	5
372	474	475	4	2.5	-3	5
373	0	0	0	0	-1	5
374	476	477	5	0.076	-3	5.55555555555556
375	478	479	1	8.2	-3	6
376	0	0	0	0	-1	6
377	480	481	7	59.5	-3	5.125
378	482	483	10	0.53	-3	6
379	0	0	0	0	-1	6
380	484	485	4	3.7	-3	4.94444444444444
381	486	487	4	2.1	-3	5.66666666666667
382	0	0	0	0	-1	5
383	0	0	0	0	-1	6
384	488	489	7	9	-3	5.9620253164557
385	0	0	0	0	-1	5
386	490	491	5	0.0835	-3	5.05882352941176
387	492	493	7	26.5	-3	5.39130434782609
388	494	495	11	10.1	-3	5.6
389	496	497	7	2.05	-3	6
390	0	0	0	0	-1	6
391	0	0	0	0	-1	5
392	498	499	8	0.99608	-3	5
393	500	501	5	0.0985	-3	5.11111111111111
394	0	0	0	0	-1	5
395	0	0	0	0	-1	6
396	0	0	0	0	-1	5
397	0	0	0	0	-1	5
398	0	0	0	0	-1	5
399	0	0	0	0	-1	5
400	0	0	0	0	-1	5
401	0	0	0	0	-1	5
402	0	0	0	0	-1	5
403	502	503	6	0	-3	5
404	504	505	5	0.046	-3	4.96774193548387
405	506	507	11	11.4	-3	5.29411764705882
406	508	509	1	7.05	-3	5.12903225806452
407	0	0	0	0	-1	3
408	0	0	0	0	-1	5
409	510	511	10	3.36	-3	6
410	0	0	0	0	-1	6
411	0	0	0	0	-1	7
412	0	0	0	0	-1	5.2
413	0	0	0	0	-1	6
414	512	513	2	0.7375	-3	5.18181818181818
415	0	0	0	0	-1	6
416	0	0	0	0	-1	5
417	514	515	2	0	-3	5
418	516	517	1	8.35	-3	5.54545454545455
419	0	0	0	0	-1	6
420	0	0	0	0	-1	6
421	518	519	1	9.65	-3	6.5
422	0	0	0	0	-1	5
423	0	0	0	0	-1	6
424	0	0	0	0	-1	5
425	520	521	9	0.997385	-3	5
426	522	523	4	4.4	-3	6.38461538461539
427	524	525	4	2.6	-3	6
428	526	527	10	0.8	-3	6.76470588235294
429	0	0	0	0	-1	6
430	528	529	5	0.0635	-3	6.19047619047619
431	0	0	0	0	-1	7
432	0	0	0	0	-1	6
433	530	531	7	10	-3	7.1063829787234
434	532	533	6	5.5	-3	6
435	0	0	0	0	-1	5
436	534	535	7	0	-3	6
437	0	0	0	0	-1	6
438	0	0	0	0	-1	6
439	0	0	0	0	-1	6
440	0	0	0	0	-1	6
441	536	537	7	62	-3	5
442	538	539	1	0.089	-3	5
443	0	0	0	0	-1	5
444	540	541	4	1.75	-3	5
445	0	0	0	0	-1	5
446	0	0	0	0	-1	5
447	542	543	4	0	-3	5
448	544	545	8	0.9971	-3	5.875
449	546	547	7	38.5	-3	5.36363636363636
450	0	0	0	0	-1	5
451	0	0	0	0	-1	5
452	0	0	0	0	-1	6
453	0	0	0	0	-1	6
454	0	0	0	0	-1	6
455	0	0	0	0	-1	7
456	0	0	0	0	-1	7
457	0	0	0	0	-1	7
458	0	0	0	0	-1	7
459	548	549	9	3.02	-3	5.88888888888889
460	550	551	3	0.615	-3	7
461	0	0	0	0	-1	6
462	0	0	0	0	-1	6.2
463	552	553	9	0	-3	5
464	554	555	7	19	-3	5.73684210526316
465	556	557	5	0.0985	-3	6.13636363636364
466	0	0	0	0	-1	6
467	0	0	0	0	-1	5.66666666666667
468	0	0	0	0	-1	5
469	558	559	10	0.625	-3	5
470	0	0	0	0	-1	7
471	560	561	9	3.49	-3	6
472	562	563	3	0.085	-3	6
473	0	0	0	0	-1	5
474	564	565	11	9.25	-3	5
475	0	0	0	0	-1	5
476	0	0	0	0	-1	5
477	0	0	0	0	-1	6
478	0	0	0	0	-1	6
479	0	0	0	0	-1	6
480	0	0	0	0	-1	5
481	0	0	0	0	-1	6
482	0	0	0	0	-1	6
483	0	0	0	0	-1	6
484	566	567	7	29.5	-3	5
485	0	0	0	0	-1	4
486	0	0	0	0	-1	6
487	0	0	0	0	-1	5
488	0	0	0	0	-1	4
489	568	569	4	5.75	-3	5.97452229299363
490	570	571	11	9.45	-3	5.03030303030303
491	0	0	0	0	-1	6
492	572	573	8	0.995475	-3	4.71428571428571
493	574	575	10	0.64	-3	5.6875
494	0	0	0	0	-1	6
495	576	577	10	0.615	-3	5.42857142857143
496	0	0	0	0	-1	5
497	578	579	3	0	-3	6
498	580	581	5	0.077	-3	5
499	582	583	9	0	-3	5
500	584	585	11	9.85	-3	5.05882352941176
501	0	0	0	0	-1	6
502	0	0	0	0	-1	6
503	586	587	4	5.45	-3	5
504	0	0	0	0	-1	4
505	588	589	1	6.9	-3	4.97826086956522
506	590	591	1	7.9	-3	5.2258064516129
507	0	0	0	0	-1	6
508	592	593	9	3.39	-3	5.33333333333333
509	594	595	5	0.1505	-3	5
510	0	0	0	0	-1	6
511	0	0	0	0	-1	6
512	0	0	0	0	-1	6
513	596	597	8	0.99684	-3	5
514	0	0	0	0	-1	7
515	598	599	5	0	-3	5
516	0	0	0	0	-1	6
517	600	601	2	0.26	-3	5.28571428571429
518	0	0	0	0	-1	6.25
519	0	0	0	0	-1	7
520	0	0	0	0	-1	7
521	602	603	10	0.68	-3	5
522	604	605	2	0.24	-3	6.2
523	0	0	0	0	-1	7
524	606	607	5	0.0565	-3	5.83333333333333
525	0	0	0	0	-1	7
526	608	609	9	3.365	-3	6.875
527	610	611	2	0.315	-3	6.5
528	612	613	9	3.25	-3	6.66666666666667
529	614	615	4	2.65	-3	6
530	0	0	0	0	-1	6
531	616	617	1	10.6	-3	7.15555555555556
532	0	0	0	0	-1	6
533	618	619	4	1.95	-3	6
534	0	0	0	0	-1	5
535	620	621	4	2.15	-3	6
536	0	0	0	0	-1	5
537	622	623	1	7.35	-3	5
538	0	0	0	0	-1	5
539	624	625	11	0.445	-3	5
540	0	0	0	0	-1	5
541	0	0	0	0	-1	5
542	0	0	0	0	-1	6
543	626	627	7	3.275	-3	5
544	0	0	0	0	-1	5
545	0	0	0	0	-1	6
546	0	0	0	0	-1	5.8
547	628	629	9	3.155	-3	5
548	0	0	0	0	-1	5.5
549	630	631	6	0.23	-3	6
550	0	0	0	0	-1	7
551	0	0	0	0	-1	7
552	0	0	0	0	-1	6
553	632	633	4	2.1	-3	5
554	0	0	0	0	-1	5
555	634	635	5	0.44	-3	5.93333333333333
556	636	637	1	11.9	-3	6.57142857142857
557	638	639	2	0.6475	-3	5.93333333333333
558	0	0	0	0	-1	5
559	0	0	0	0	-1	5
560	640	641	9	3.385	-3	6
561	0	0	0	0	-1	6
562	0	0	0	0	-1	6
563	0	0	0	0	-1	6
564	0	0	0	0	-1	5
565	0	0	0	0	-1	5
566	0	0	0	0	-1	4.5
567	642	643	3	0.105	-3	5.06666666666667
568	644	645	10	0.85	-3	5.95454545454546
569	0	0	0	0	-1	7
570	0	0	0	0	-1	5.2
571	646	647	5	0.075	-3	5
572	0	0	0	0	-1	5
573	0	0	0	0	-1	4
574	648	649	9	3.54	-3	6.33333333333333
575	650	651	5	0.0785	-3	5.3
576	0	0	0	0	-1	5.75
577	0	0	0	0	-1	5
578	0	0	0	0	-1	6
579	0	0	0	0	-1	6
580	0	0	0	0	-1	5
581	652	653	3	0	-3	5
582	0	0	0	0	-1	6
583	654	655	8	0.99633	-3	5
584	0	0	0	0	-1	5.25
585	656	657	4	28	-3	5
586	658	659	3	0	-3	5
587	0	0	0	0	-1	5
588	660	661	11	10.75	-3	5.11111111111111
589	662	663	8	0.997525	-3	4.94594594594595
590	664	665	1	6.75	-3	5.11111111111111
591	666	667	7	35.5	-3	5.38461538461539
592	0	0	0	0	-1	5.6
593	668	669	11	10.45	-3	5.14285714285714
594	670	671	10	0	-3	5
595	0	0	0	0	-1	5
596	672	673	5	0.0755	-3	5.125
597	0	0	0	0	-1	4
598	0	0	0	0	-1	5
599	0	0	0	0	-1	5
600	0	0	0	0	-1	6
601	0	0	0	0	-1	5
602	674	675	4	2.15	-3	5
603	676	677	7	0	-3	5
604	0	0	0	0	-1	7
605	678	679	10	0.545	-3	6.11111111111111
606	0	0	0	0	-1	6.5
607	680	681	7	24.5	-3	5.7
608	682	683	2	0	-3	7
609	0	0	0	0	-1	6.4
610	0	0	0	0	-1	7
611	684	685	8	0.994865	-3	6.16666666666667
612	0	0	0	0	-1	7
613	0	0	0	0	-1	6.33333333333333
614	686	687	10	0.815	-3	6
615	0	0	0	0	-1	6
616	688	689	11	12.7	-3	7.11627906976744
617	0	0	0	0	-1	8
618	0	0	0	0	-1	6
619	690	691	7	0	-3	6
620	0	0	0	0	-1	6
621	0	0	0	0	-1	6
622	0	0	0	0	-1	5
623	692	693	9	0	-3	5
624	0	0	0	0	-1	5
625	694	695	10	0	-3	5
626	0	0	0	0	-1	7
627	0	0	0	0	-1	5
628	0	0	0	0	-1	5
629	0	0	0	0	-1	5
630	0	0	0	0	-1	5
631	696	697	8	0.99706	-3	6
632	0	0	0	0	-1	5
633	698	699	11	0.395	-3	5
634	700	701	10	0.675	-3	6
635	0	0	0	0	-1	5
636	0	0	0	0	-1	6.8
637	0	0	0	0	-1	6
638	702	703	1	9.7	-3	5.85714285714286
639	0	0	0	0	-1	7
640	0	0	0	0	-1	6
641	0	0	0	0	-1	6
642	0	0	0	0	-1	6
643	704	705	6	0	-3	5
644	706	707	8	0.995745	-3	5.92567567567568
645	708	709	3	0.165	-3	6.66666666666667
646	710	711	4	0	-3	5
647	712	713	2	0.52	-3	5
648	0	0	0	0	-1	7
649	0	0	0	0	-1	6
650	0	0	0	0	-1	6
651	714	715	6	11.5	-3	4.83333333333333
652	0	0	0	0	-1	4
653	716	717	7	86	-3	5
654	0	0	0	0	-1	5
655	0	0	0	0	-1	5
656	718	719	10	0.53	-3	5
657	0	0	0	0	-1	5
658	0	0	0	0	-1	6
659	720	721	10	0.635	-3	5
660	722	723	5	0.063	-3	4.92857142857143
661	0	0	0	0	-1	5.75
662	724	725	10	1.015	-3	4.97014925373134
663	726	727	6	15.5	-3	4.71428571428571
664	0	0	0	0	-1	5.5
665	728	729	8	0	-3	5
666	730	731	1	8.75	-3	5
667	732	733	7	84	-3	5.71428571428571
668	0	0	0	0	-1	5
669	0	0	0	0	-1	5.33333333333333
670	0	0	0	0	-1	5
671	734	735	10	0.6	-3	5
672	0	0	0	0	-1	5.33333333333333
673	0	0	0	0	-1	5
674	0	0	0	0	-1	5
675	0	0	0	0	-1	5
676	0	0	0	0	-1	4
677	0	0	0	0	-1	5
678	736	737	11	11.9	-3	6
679	0	0	0	0	-1	6.33333333333333
680	0	0	0	0	-1	5.4
681	0	0	0	0	-1	6
682	0	0	0	0	-1	6
683	0	0	0	0	-1	7
684	0	0	0	0	-1	6
685	0	0	0	0	-1	7
686	0	0	0	0	-1	6
687	738	739	6	28	-3	6
688	740	741	10	0.7	-3	7.07692307692308
689	0	0	0	0	-1	7.5
690	0	0	0	0	-1	6
691	742	743	7	25.5	-3	6
692	0	0	0	0	-1	7
693	744	745	8	0	-3	5
694	0	0	0	0	-1	5
695	746	747	10	0.53	-3	5
696	0	0	0	0	-1	6
697	0	0	0	0	-1	6
698	0	0	0	0	-1	6
699	748	749	3	0.625	-3	5
700	0	0	0	0	-1	5
701	750	751	2	0.415	-3	6.07692307692308
702	0	0	0	0	-1	5
703	752	753	1	13.05	-3	5.92307692307692
704	0	0	0	0	-1	5
705	0	0	0	0	-1	5
706	754	755	2	0.595	-3	6.04
707	756	757	11	11.15	-3	5.80821917808219
708	0	0	0	0	-1	7
709	0	0	0	0	-1	6
710	0	0	0	0	-1	5
711	0	0	0	0	-1	5
712	0	0	0	0	-1	5
713	758	759	8	0	-3	5
714	0	0	0	0	-1	5
715	0	0	0	0	-1	4
716	0	0	0	0	-1	5
717	0	0	0	0	-1	5
718	760	761	8	0	-3	5
719	0	0	0	0	-1	5
720	0	0	0	0	-1	5
721	0	0	0	0	-1	5
722	0	0	0	0	-1	4
723	762	763	6	6.75	-3	5
724	764	765	5	0.063	-3	4.98484848484849
725	0	0	0	0	-1	4
726	0	0	0	0	-1	4.33333333333333
727	0	0	0	0	-1	5
728	0	0	0	0	-1	5
729	0	0	0	0	-1	5
730	0	0	0	0	-1	5
731	0	0	0	0	-1	5
732	0	0	0	0	-1	6
733	0	0	0	0	-1	5
734	0	0	0	0	-1	5
735	0	0	0	0	-1	5
736	0	0	0	0	-1	6
737	0	0	0	0	-1	6
738	766	767	3	0.46	-3	6
739	0	0	0	0	-1	6
740	0	0	0	0	-1	8
741	768	769	8	0.996055	-3	6.97142857142857
742	0	0	0	0	-1	6
743	0	0	0	0	-1	6
744	0	0	0	0	-1	7
745	0	0	0	0	-1	5
746	0	0	0	0	-1	5
747	0	0	0	0	-1	5
748	0	0	0	0	-1	5
749	0	0	0	0	-1	5
750	0	0	0	0	-1	6
751	0	0	0	0	-1	6.5
752	770	771	8	0.9981	-3	6
753	0	0	0	0	-1	5
754	772	773	9	3.45	-3	6.10526315789474
755	774	775	2	0.6025	-3	5.83333333333333
756	776	777	7	20	-3	5.77142857142857
757	0	0	0	0	-1	6.66666666666667
758	0	0	0	0	-1	5
759	778	779	9	10.15	-3	5
760	0	0	0	0	-1	6
761	780	781	7	117.5	-3	5
762	0	0	0	0	-1	5
763	782	783	5	0.0725	-3	5
764	0	0	0	0	-1	4
765	784	785	11	10.3	-3	5.015625
766	0	0	0	0	-1	6
767	0	0	0	0	-1	6
768	786	787	3	0.49	-3	7
769	788	789	1	9.05	-3	6.875
770	0	0	0	0	-1	6
771	0	0	0	0	-1	6
772	790	791	5	0.087	-3	6.07272727272727
773	0	0	0	0	-1	7
774	0	0	0	0	-1	5.25
775	792	793	9	3.45	-3	6
776	794	795	4	2.05	-3	6.18181818181818
777	796	797	5	0.0925	-3	5.69491525423729
778	798	799	1	6.9	-3	5
779	0	0	0	0	-1	5
780	0	0	0	0	-1	5
781	0	0	0	0	-1	5
782	0	0	0	0	-1	5
783	800	801	11	0	-3	5
784	802	803	7	12.5	-3	4.96428571428572
785	804	805	10	0.6	-3	5.375
786	806	807	4	0	-3	7
787	0	0	0	0	-1	7
788	0	0	0	0	-1	6
789	808	809	6	14	-3	7
790	810	811	1	6.2	-3	6.01923076923077
791	0	0	0	0	-1	7
792	812	813	1	0	-3	6
793	0	0	0	0	-1	6
794	0	0	0	0	-1	6.6
795	814	815	11	9.55	-3	5.83333333333333
796	816	817	2	0.515	-3	5.73214285714286
797	0	0	0	0	-1	5
798	818	819	4	0	-3	5
799	820	821	2	0	-3	5
800	0	0	0	0	-1	6
801	822	823	1	0	-3	5
802	0	0	0	0	-1	4.66666666666667
803	824	825	2	0.9525	-3	4.9811320754717
804	0	0	0	0	-1	4.75
805	0	0	0	0	-1	6
806	0	0	0	0	-1	5
807	826	827	10	0	-3	7
808	0	0	0	0	-1	7
809	0	0	0	0	-1	7
810	0	0	0	0	-1	6.33333333333333
811	828	829	10	0.69	-3	6
812	0	0	0	0	-1	5
813	0	0	0	0	-1	6
814	0	0	0	0	-1	5
815	0	0	0	0	-1	6
816	830	831	3	0.12	-3	6
817	832	833	2	0.53	-3	5.63414634146341
818	0	0	0	0	-1	6
819	834	835	4	1.95	-3	5
820	0	0	0	0	-1	5
821	836	837	4	1.9	-3	5
822	0	0	0	0	-1	5
823	0	0	0	0	-1	5
824	838	839	5	0.0705	-3	5.01960784313726
825	0	0	0	0	-1	4
826	0	0	0	0	-1	5
827	840	841	11	0	-3	7
828	842	843	3	0.17	-3	5.97368421052632
829	844	845	4	2.35	-3	6.09090909090909
830	0	0	0	0	-1	6
831	846	847	5	0.0875	-3	6
832	0	0	0	0	-1	5
833	848	849	1	6.95	-3	5.7027027027027
834	850	851	2	0	-3	5
835	0	0	0	0	-1	5
836	0	0	0	0	-1	5
837	0	0	0	0	-1	5
838	852	853	10	0.54	-3	5.16666666666667
839	854	855	9	3.255	-3	5
840	0	0	0	0	-1	5
841	856	857	4	0	-3	7
842	858	859	5	0.0705	-3	6
843	860	861	5	0.074	-3	5.93333333333333
844	862	863	8	0.99465	-3	6
845	0	0	0	0	-1	7
846	864	865	3	0.175	-3	6
847	0	0	0	0	-1	6
848	866	867	9	3.415	-3	5.25
849	868	869	7	44	-3	5.82758620689655
850	0	0	0	0	-1	6
851	870	871	8	0.997175	-3	5
852	0	0	0	0	-1	6
853	0	0	0	0	-1	5
854	872	873	7	24	-3	5
855	874	875	8	0.99635	-3	5
856	0	0	0	0	-1	5
857	876	877	5	0	-3	7
858	0	0	0	0	-1	6
859	878	879	6	0	-3	6
860	0	0	0	0	-1	5.66666666666667
861	880	881	3	0.265	-3	6
862	0	0	0	0	-1	6
863	0	0	0	0	-1	6
864	0	0	0	0	-1	6
865	0	0	0	0	-1	6
866	0	0	0	0	-1	5
867	0	0	0	0	-1	5.66666666666667
868	882	883	9	3.375	-3	5.94117647058824
869	884	885	7	46.5	-3	5.66666666666667
870	0	0	0	0	-1	5
871	0	0	0	0	-1	5
872	886	887	8	0	-3	5
873	888	889	2	0	-3	5
874	890	891	3	0.99578	-3	5
875	892	893	2	0.8475	-3	5
876	0	0	0	0	-1	6
877	0	0	0	0	-1	7
878	0	0	0	0	-1	5
879	894	895	8	33	-3	6
880	896	897	1	6.95	-3	6
881	0	0	0	0	-1	6
882	0	0	0	0	-1	5.5
883	898	899	10	0.77	-3	6
884	0	0	0	0	-1	5
885	900	901	8	0.99644	-3	5.88888888888889
886	0	0	0	0	-1	6
887	902	903	10	0	-3	5
888	0	0	0	0	-1	5
889	904	905	2	0.7425	-3	5
890	906	907	6	10	-3	5
891	0	0	0	0	-1	5
892	908	909	8	0	-3	5
893	0	0	0	0	-1	5
894	910	911	1	0.565	-3	6
895	0	0	0	0	-1	6
896	0	0	0	0	-1	6
897	912	913	9	0	-3	6
898	0	0	0	0	-1	6
899	0	0	0	0	-1	6
900	0	0	0	0	-1	5.5
901	914	915	5	0	-3	6
902	0	0	0	0	-1	6
903	0	0	0	0	-1	5
904	916	917	9	0	-3	5
905	918	919	5	0	-3	5
906	0	0	0	0	-1	5
907	920	921	8	0	-3	5
908	0	0	0	0	-1	5
909	922	923	4	1.65	-3	5
910	0	0	0	0	-1	6
911	924	925	6	29.5	-3	6
912	0	0	0	0	-1	6
913	0	0	0	0	-1	6
914	0	0	0	0	-1	6
915	926	927	5	0	-3	6
916	0	0	0	0	-1	5
917	0	0	0	0	-1	5
918	0	0	0	0	-1	6
919	0	0	0	0	-1	5
920	0	0	0	0	-1	5
921	928	929	4	0	-3	5
922	0	0	0	0	-1	5
923	930	931	7	0.0795	-3	5
924	932	933	6	16.5	-3	6
925	0	0	0	0	-1	6
926	0	0	0	0	-1	7
927	0	0	0	0	-1	6
928	0	0	0	0	-1	5
929	0	0	0	0	-1	5
930	0	0	0	0	-1	7
931	934	935	7	46	-3	5
932	936	937	7	0	-3	6
933	938	939	2	6.75	-3	6
934	940	941	4	0	-3	5
935	0	0	0	0	-1	5
936	0	0	0	0	-1	6
937	0	0	0	0	-1	6
938	942	943	1	6.75	-3	6
939	0	0	0	0	-1	6
940	0	0	0	0	-1	5
941	0	0	0	0	-1	5
942	0	0	0	0	-1	6
943	0	0	0	0	-1	6
