1	2	3	11	10.525	-3	5.65040650406504
2	4	5	2	0.335	-3	5.38267875125881
3	6	7	10	0.645	-3	6.08910891089109
4	8	9	10	0.715	-3	5.94594594594595
5	10	11	7	46.5	-3	5.3373231773667
6	12	13	2	0.7875	-3	5.75193798449612
7	14	15	7	53.5	-3	6.33908045977011
8	16	17	4	1.5	-3	5.62857142857143
9	18	19	9	3.09	-3	6.23076923076923
10	20	21	4	1.25	-3	5.46170212765957
11	22	23	5	0.0615	-3	5.20712694877505
12	24	25	1	8.7	-3	5.8412017167382
13	26	27	5	0.0595	-3	4.92
14	28	29	1	14.4	-3	6.43884892086331
15	30	31	9	3.44	-3	5.94285714285714
16	0	0	0	0	-1	7
17	32	33	1	11.1	-3	5.58823529411765
18	34	35	1	10.15	-3	6.63636363636364
19	36	37	1	10.9	-3	6.07142857142857
20	0	0	0	0	-1	7
21	38	39	1	10.75	-3	5.45182012847966
22	40	41	4	2.15	-3	4.54545454545454
23	42	43	3	0.075	-3	5.22374429223744
24	44	45	11	11.45	-3	5.74863387978142
25	46	47	2	0.49	-3	6.18
26	48	49	5	0.0495	-3	5.83333333333333
27	50	51	1	6.65	-3	4.63157894736842
28	52	53	3	0.335	-3	6.45787545787545
29	0	0	0	0	-1	5.4
30	54	55	7	102.5	-3	5.70454545454545
31	56	57	10	0.785	-3	6.34615384615385
32	58	59	2	0.285	-3	5.5
33	60	61	6	4.5	-3	6
34	0	0	0	0	-1	6
35	62	63	8	1.000425	-3	7
36	64	65	8	0.9983	-3	5.8125
37	66	67	11	10.35	-3	6.41666666666667
38	68	69	1	6.75	-3	5.4
39	70	71	7	40.5	-3	5.82456140350877
40	0	0	0	0	-1	3.25
41	72	73	9	3.375	-3	5.28571428571429
42	74	75	11	9.45	-3	4.94915254237288
43	76	77	7	98.5	-3	5.2664907651715
44	78	79	9	3.435	-3	5.56989247311828
45	80	81	4	3.8	-3	5.93333333333333
46	82	83	11	12.05	-3	6.35897435897436
47	84	85	3	0.415	-3	5.54545454545455
48	0	0	0	0	-1	5
49	0	0	0	0	-1	6.25
50	86	87	1	6.35	-3	5
51	88	89	6	3.5	-3	4.22222222222222
52	90	91	11	11.15	-3	6.23684210526316
53	92	93	4	6.35	-3	6.54314720812182
54	94	95	6	52.5	-3	5.775
55	0	0	0	0	-1	5
56	96	97	2	0.8875	-3	5.93333333333333
57	98	99	7	70	-3	6.90909090909091
58	100	101	1	9.55	-3	5.16666666666667
59	102	103	4	1.9	-3	5.75
60	0	0	0	0	-1	6
61	0	0	0	0	-1	6
62	104	105	9	2.965	-3	7.16666666666667
63	0	0	0	0	-1	6
64	106	107	3	0.37	-3	6.1
65	108	109	1	9.4	-3	5.33333333333333
66	110	111	3	0.515	-3	6.125
67	0	0	0	0	-1	7
68	112	113	2	0.71	-3	5.02380952380952
69	114	115	4	1.65	-3	5.4429347826087
70	116	117	10	0.55	-3	5.59090909090909
71	118	119	3	0.515	-3	6.61538461538461
72	0	0	0	0	-1	5
73	0	0	0	0	-1	6
74	120	121	1	7.05	-3	4.42857142857143
75	122	123	9	3.59	-3	5.01923076923077
76	124	125	6	31.5	-3	5.35036496350365
77	126	127	5	0.067	-3	5.04761904761905
78	128	129	10	0.585	-3	5.72727272727273
79	130	131	7	9	-3	5.18518518518519
80	132	133	6	22.5	-3	6
81	0	0	0	0	-1	4.5
82	134	135	3	0.395	-3	6.16
83	136	137	4	3.9	-3	6.71428571428571
84	0	0	0	0	-1	6
85	138	139	10	0.565	-3	5.28571428571429
86	0	0	0	0	-1	4
87	140	141	10	0.47	-3	5.25
88	0	0	0	0	-1	5
89	0	0	0	0	-1	4
90	142	143	6	14.5	-3	6
91	144	145	1	8.25	-3	6.48648648648649
92	146	147	4	2.975	-3	6.52083333333333
93	0	0	0	0	-1	7.4
94	148	149	4	7.025	-3	5.71052631578947
95	0	0	0	0	-1	7
96	150	151	3	0.19	-3	6
97	0	0	0	0	-1	5
98	0	0	0	0	-1	6
99	152	153	1	5.4	-3	7.25
100	0	0	0	0	-1	5.66666666666667
101	154	155	4	2.2	-3	5
102	156	157	6	8.5	-3	5.5
103	158	159	11	9.75	-3	5.9
104	0	0	0	0	-1	8
105	0	0	0	0	-1	7
106	0	0	0	0	-1	7
107	160	161	8	0.99706	-3	6
108	0	0	0	0	-1	6
109	0	0	0	0	-1	5.2
110	162	163	10	0.885	-3	6
111	0	0	0	0	-1	6.5
112	164	165	7	41	-3	5.12820512820513
113	0	0	0	0	-1	3.66666666666667
114	166	167	2	0.565	-3	5.16326530612245
115	168	169	2	0.7075	-3	5.4858934169279
116	170	171	5	0	-3	5
117	172	173	8	0.99697	-3	5.74285714285714
118	0	0	0	0	-1	5.5
119	174	175	11	9.85	-3	6.81818181818182
120	0	0	0	0	-1	4
121	0	0	0	0	-1	5
122	176	177	4	2.35	-3	5.06382978723404
123	0	0	0	0	-1	4.6
124	178	179	11	9.45	-3	5.38983050847458
125	180	181	1	10.35	-3	5.10526315789474
126	0	0	0	0	-1	6
127	182	183	10	1.56	-3	5.03846153846154
128	184	185	11	11.1	-3	5.56410256410256
129	186	187	7	49	-3	5.96296296296296
130	0	0	0	0	-1	4
131	188	189	8	0.99529	-3	5.33333333333333
132	190	191	4	2.45	-3	5.91780821917808
133	192	193	8	0.99092	-3	6.46153846153846
134	0	0	0	0	-1	7
135	194	195	4	4.5	-3	6
136	196	197	1	8.95	-3	6.42857142857143
137	198	199	4	4.1	-3	7
138	0	0	0	0	-1	6
139	0	0	0	0	-1	5
140	0	0	0	0	-1	6
141	200	201	7	12.5	-3	5.14285714285714
142	202	203	4	3.15	-3	5.57142857142857
143	204	205	10	0.7	-3	6.09375
144	206	207	9	3.27	-3	6.69230769230769
145	208	209	9	3.2	-3	6
146	210	211	11	11.55	-3	6.60927152317881
147	212	213	6	10.5	-3	6.19512195121951
148	214	215	9	3.415	-3	5.77142857142857
149	0	0	0	0	-1	5
150	216	217	4	0	-3	6
151	218	219	7	0	-3	6
152	220	221	10	0.875	-3	7
153	0	0	0	0	-1	8
154	0	0	0	0	-1	5
155	222	223	8	0	-3	5
156	0	0	0	0	-1	5
157	0	0	0	0	-1	5.75
158	0	0	0	0	-1	5.5
159	224	225	10	0.545	-3	6
160	0	0	0	0	-1	6
161	0	0	0	0	-1	6
162	0	0	0	0	-1	6
163	0	0	0	0	-1	6
164	226	227	11	10.35	-3	5.05714285714286
165	0	0	0	0	-1	5.75
166	228	229	3	0.355	-3	5.03846153846154
167	230	231	11	9.525	-3	5.30434782608696
168	232	233	1	9.85	-3	5.5431654676259
169	234	235	10	0.645	-3	5.09756097560976
170	0	0	0	0	-1	5
171	236	237	5	0.0905	-3	5
172	0	0	0	0	-1	5
173	238	239	7	16.5	-3	5.83870967741935
174	0	0	0	0	-1	6
175	240	241	7	42.5	-3	6.9
176	242	243	6	16.5	-3	5.15
177	244	245	11	9.6	-3	5
178	246	247	8	1.00115	-3	5.21590909090909
179	248	249	7	48.5	-3	5.49324324324324
180	250	251	9	2.92	-3	5.19444444444444
181	0	0	0	0	-1	3.5
182	252	253	4	1.55	-3	5.01960784313726
183	0	0	0	0	-1	6
184	254	255	11	10.85	-3	5.33333333333333
185	256	257	9	3.29	-3	5.83333333333333
186	258	259	2	0.305	-3	6.08695652173913
187	0	0	0	0	-1	5.25
188	260	261	5	0.0775	-3	5.07142857142857
189	262	263	10	0.565	-3	5.7
190	264	265	11	12.85	-3	6.03333333333333
191	266	267	3	0.11	-3	5.38461538461539
192	0	0	0	0	-1	7
193	268	269	4	1.95	-3	6.36363636363636
194	270	271	8	0.994315	-3	5.95
195	0	0	0	0	-1	7
196	0	0	0	0	-1	7
197	0	0	0	0	-1	6
198	0	0	0	0	-1	7
199	0	0	0	0	-1	7
200	0	0	0	0	-1	5
201	0	0	0	0	-1	5.5
202	272	273	7	19.5	-3	5.83333333333333
203	0	0	0	0	-1	4
204	274	275	11	10.85	-3	6.3
205	276	277	10	0.715	-3	6
206	0	0	0	0	-1	8
207	278	279	5	0.0485	-3	6.64
208	0	0	0	0	-1	5
209	280	281	1	8.8	-3	6.1
210	282	283	2	0.375	-3	6.41666666666667
211	284	285	5	0.04	-3	6.85074626865672
212	286	287	11	10.75	-3	6
213	288	289	2	0.445	-3	6.88888888888889
214	290	291	8	0.99955	-3	5.84375
215	0	0	0	0	-1	5
216	0	0	0	0	-1	5
217	292	293	8	0.99571	-3	6
218	0	0	0	0	-1	5
219	294	295	8	0.99836	-3	6
220	0	0	0	0	-1	7
221	0	0	0	0	-1	7
222	0	0	0	0	-1	3
223	296	297	3	0.47	-3	5
224	0	0	0	0	-1	6
225	0	0	0	0	-1	6
226	298	299	5	0.0685	-3	5.08823529411765
227	0	0	0	0	-1	4
228	300	301	6	16.5	-3	4.95
229	302	303	8	0.996175	-3	5.33333333333333
230	304	305	3	0.02	-3	5
231	306	307	10	0.535	-3	5.53846153846154
232	308	309	7	19.5	-3	5.60569105691057
233	310	311	8	0.9996	-3	5.0625
234	312	313	11	9.15	-3	4.97142857142857
235	314	315	8	0.99666	-3	5.83333333333333
236	0	0	0	0	-1	5
237	0	0	0	0	-1	5
238	316	317	10	0.775	-3	5.69230769230769
239	318	319	5	0.0635	-3	5.94444444444444
240	320	321	7	41.5	-3	7
241	0	0	0	0	-1	6
242	322	323	5	0.0905	-3	5
243	324	325	9	3.465	-3	5.3
244	326	327	9	3.52	-3	5
245	328	329	2	0.015	-3	5
246	330	331	9	3.565	-3	5.18823529411765
247	0	0	0	0	-1	6
248	332	333	6	13	-3	5
249	334	335	9	3.425	-3	5.53676470588235
250	0	0	0	0	-1	4
251	336	337	1	10.05	-3	5.22857142857143
252	0	0	0	0	-1	4
253	338	339	2	0.585	-3	5.02970297029703
254	340	341	2	0.525	-3	5.875
255	342	343	9	3.4	-3	5
256	344	345	8	0.99428	-3	6.25
257	346	347	7	30.5	-3	5.5
258	0	0	0	0	-1	7
259	348	349	4	4.3	-3	6.04545454545455
260	350	351	6	24.5	-3	5
261	0	0	0	0	-1	6
262	0	0	0	0	-1	5
263	352	353	1	7.95	-3	5.875
264	354	355	5	0.0585	-3	6.09259259259259
265	356	357	1	6	-3	5.5
266	358	359	6	5	-3	5
267	0	0	0	0	-1	6
268	360	361	5	0.069	-3	6
269	0	0	0	0	-1	6.8
270	0	0	0	0	-1	5
271	362	363	2	0.385	-3	6
272	0	0	0	0	-1	5
273	0	0	0	0	-1	6
274	0	0	0	0	-1	6.6
275	0	0	0	0	-1	6
276	0	0	0	0	-1	5
277	364	365	8	0.9962	-3	6.04761904761905
278	0	0	0	0	-1	6
279	366	367	10	0.675	-3	6.72727272727273
280	0	0	0	0	-1	6
281	0	0	0	0	-1	7
282	368	369	9	3.27	-3	6.60344827586207
283	370	371	8	1.00017	-3	6
284	0	0	0	0	-1	6
285	372	373	7	20.5	-3	6.87692307692308
286	0	0	0	0	-1	5
287	374	375	10	0.785	-3	6.10344827586207
288	376	377	11	12.4	-3	7.14285714285714
289	0	0	0	0	-1	6
290	378	379	8	0.99865	-3	5.96
291	380	381	10	0.9	-3	5.42857142857143
292	0	0	0	0	-1	6
293	0	0	0	0	-1	6
294	0	0	0	0	-1	6
295	0	0	0	0	-1	6
296	0	0	0	0	-1	5
297	0	0	0	0	-1	5
298	382	383	3	0.005	-3	5.33333333333333
299	384	385	3	0.18	-3	5
300	386	387	3	0.16	-3	5
301	0	0	0	0	-1	4
302	0	0	0	0	-1	6
303	0	0	0	0	-1	5
304	0	0	0	0	-1	5
305	388	389	8	0	-3	5
306	0	0	0	0	-1	5
307	390	391	2	0.6225	-3	5.875
308	392	393	2	0.555	-3	5.82608695652174
309	394	395	2	0.5475	-3	5.555
310	396	397	4	1.85	-3	4.88461538461539
311	398	399	1	10.1	-3	5.83333333333333
312	0	0	0	0	-1	6
313	400	401	8	0.997725	-3	4.94117647058824
314	0	0	0	0	-1	7
315	0	0	0	0	-1	5.6
316	0	0	0	0	-1	6
317	0	0	0	0	-1	5
318	0	0	0	0	-1	5.5
319	402	403	2	0.585	-3	6
320	0	0	0	0	-1	7
321	0	0	0	0	-1	7
322	404	405	2	0.63	-3	5
323	0	0	0	0	-1	5
324	406	407	5	0	-3	5
325	0	0	0	0	-1	6
326	0	0	0	0	-1	5
327	0	0	0	0	-1	5
328	0	0	0	0	-1	6
329	408	409	2	0.7775	-3	5
330	410	411	2	0.6375	-3	5.14814814814815
331	0	0	0	0	-1	6
332	0	0	0	0	-1	5.8
333	412	413	10	0.565	-3	4.42857142857143
334	414	415	5	0.0945	-3	5.58333333333333
335	416	417	7	50	-3	5.1875
336	418	419	7	55	-3	5.15625
337	0	0	0	0	-1	6
338	420	421	3	0.11	-3	5.05172413793104
339	422	423	3	0.275	-3	5
340	0	0	0	0	-1	5
341	424	425	10	0	-3	6
342	426	427	11	8.2	-3	5
343	0	0	0	0	-1	5
344	0	0	0	0	-1	7
345	428	429	11	11.25	-3	6
346	430	431	1	7.55	-3	5.16666666666667
347	0	0	0	0	-1	6
348	432	433	5	0.099	-3	5.95
349	0	0	0	0	-1	7
350	0	0	0	0	-1	5
351	434	435	10	45	-3	5
352	436	437	3	0.12	-3	6
353	0	0	0	0	-1	5
354	438	439	2	0.695	-3	5.54545454545455
355	440	441	9	3.355	-3	6.23255813953488
356	0	0	0	0	-1	5.25
357	0	0	0	0	-1	6
358	0	0	0	0	-1	5
359	0	0	0	0	-1	5
360	0	0	0	0	-1	6
361	0	0	0	0	-1	6
362	442	443	1	9.25	-3	6.05882352941176
363	0	0	0	0	-1	5.5
364	444	445	4	2.25	-3	6
365	0	0	0	0	-1	6.25
366	0	0	0	0	-1	6
367	446	447	8	0.99712	-3	6.88888888888889
368	448	449	7	20.5	-3	6.85714285714286
369	450	451	4	2	-3	6.21739130434783
370	0	0	0	0	-1	6
371	0	0	0	0	-1	6
372	452	453	6	5.5	-3	7.0625
373	454	455	8	0.99557	-3	6.6969696969697
374	456	457	5	0.0635	-3	6.35714285714286
375	458	459	5	0.1155	-3	5.86666666666667
376	0	0	0	0	-1	6.8
377	0	0	0	0	-1	8
378	460	461	5	0.0505	-3	5.8695652173913
379	0	0	0	0	-1	7
380	0	0	0	0	-1	5
381	0	0	0	0	-1	6.5
382	0	0	0	0	-1	5
383	0	0	0	0	-1	6
384	462	463	6	0.065	-3	5
385	464	465	6	0	-3	5
386	466	467	3	0.125	-3	5
387	468	469	4	0	-3	5
388	0	0	0	0	-1	6
389	470	471	5	0.137	-3	5
390	0	0	0	0	-1	6
391	0	0	0	0	-1	5.66666666666667
392	472	473	3	0.145	-3	5.58333333333333
393	474	475	11	10.45	-3	6.09090909090909
394	476	477	10	0.695	-3	5.72277227722772
395	478	479	2	0.6475	-3	5.38383838383838
396	0	0	0	0	-1	6
397	480	481	6	5.5	-3	4.79166666666667
398	0	0	0	0	-1	5
399	0	0	0	0	-1	6
400	482	483	5	0.0755	-3	4.96551724137931
401	0	0	0	0	-1	4.8
402	484	485	2	0.385	-3	6
403	0	0	0	0	-1	6
404	0	0	0	0	-1	5
405	486	487	8	0	-3	5
406	0	0	0	0	-1	5
407	488	489	6	22	-3	5
408	0	0	0	0	-1	5
409	0	0	0	0	-1	5
410	490	491	2	0.475	-3	5.05454545454545
411	492	493	2	0.645	-3	5.34615384615385
412	0	0	0	0	-1	4.2
413	0	0	0	0	-1	5
414	494	495	2	0.645	-3	5.65686274509804
415	496	497	10	0.855	-3	5.16666666666667
416	0	0	0	0	-1	6
417	498	499	4	1.9	-3	5.07142857142857
418	0	0	0	0	-1	6
419	500	501	2	0.365	-3	5.12903225806452
420	0	0	0	0	-1	6
421	502	503	8	0.9961	-3	5.01785714285714
422	504	505	2	0.7275	-3	5
423	506	507	4	6.65	-3	5
424	0	0	0	0	-1	5
425	508	509	6	11.5	-3	6
426	0	0	0	0	-1	7
427	510	511	6	17	-3	5
428	0	0	0	0	-1	6
429	0	0	0	0	-1	6
430	0	0	0	0	-1	6
431	0	0	0	0	-1	5
432	512	513	5	0.0765	-3	6
433	0	0	0	0	-1	5
434	0	0	0	0	-1	5
435	0	0	0	0	-1	5
436	0	0	0	0	-1	6
437	0	0	0	0	-1	6
438	514	515	8	0.99266	-3	5.16666666666667
439	0	0	0	0	-1	6
440	516	517	11	12.35	-3	6.05
441	518	519	11	12.7	-3	6.39130434782609
442	0	0	0	0	-1	6.5
443	520	521	6	9	-3	6
444	522	523	7	32	-3	6
445	0	0	0	0	-1	6
446	524	525	3	0.175	-3	6.94117647058824
447	0	0	0	0	-1	6
448	526	527	10	0.755	-3	6.55555555555556
449	528	529	1	9.05	-3	6.96153846153846
450	530	531	3	0.405	-3	5.84615384615385
451	532	533	3	0.53	-3	6.7
452	534	535	1	8.5	-3	6.6
453	536	537	4	1.95	-3	7.27272727272727
454	538	539	5	0.081	-3	6.82608695652174
455	540	541	1	9.05	-3	6.4
456	0	0	0	0	-1	7
457	542	543	2	0.4	-3	6.18181818181818
458	544	545	6	5.5	-3	5.78571428571429
459	0	0	0	0	-1	7
460	0	0	0	0	-1	5.33333333333333
461	546	547	7	55.5	-3	5.95
462	0	0	0	0	-1	6
463	548	549	1	6.65	-3	5
464	0	0	0	0	-1	5
465	550	551	9	31.5	-3	5
466	552	553	9	0	-3	5
467	0	0	0	0	-1	5
468	0	0	0	0	-1	6
469	554	555	5	0.097	-3	5
470	556	557	11	0	-3	5
471	0	0	0	0	-1	5
472	0	0	0	0	-1	5
473	558	559	7	14	-3	5.73684210526316
474	560	561	4	2.75	-3	5.94117647058824
475	0	0	0	0	-1	6.6
476	562	563	11	9.025	-3	5.61111111111111
477	564	565	3	0.72	-3	6
478	566	567	10	0.565	-3	5.47142857142857
479	568	569	6	11.5	-3	5.17241379310345
480	0	0	0	0	-1	3
481	570	571	9	3.265	-3	4.95454545454546
482	0	0	0	0	-1	4.8
483	572	573	3	0.005	-3	5
484	0	0	0	0	-1	6
485	574	575	10	0	-3	6
486	0	0	0	0	-1	5
487	576	577	4	2.1	-3	5
488	0	0	0	0	-1	5
489	0	0	0	0	-1	5
490	578	579	11	9.25	-3	5.22727272727273
491	580	581	7	48.5	-3	4.93939393939394
492	0	0	0	0	-1	6
493	582	583	11	9.26666666666667	-3	5.22727272727273
494	584	585	1	9.95	-3	5.78571428571429
495	586	587	1	8.15	-3	5.375
496	588	589	1	10.55	-3	5.3
497	590	591	8	0.99769	-3	5
498	0	0	0	0	-1	5.33333333333333
499	592	593	9	3.445	-3	5
500	0	0	0	0	-1	6
501	594	595	3	0.225	-3	5.1
502	596	597	5	0.077	-3	5.14285714285714
503	598	599	9	3.295	-3	5
504	600	601	11	9.7	-3	5
505	0	0	0	0	-1	5
506	602	603	11	9.35	-3	5
507	0	0	0	0	-1	5
508	0	0	0	0	-1	6
509	0	0	0	0	-1	6
510	0	0	0	0	-1	5
511	0	0	0	0	-1	5
512	0	0	0	0	-1	6
513	604	605	3	0.065	-3	6
514	0	0	0	0	-1	6
515	0	0	0	0	-1	5
516	606	607	4	1.95	-3	6
517	0	0	0	0	-1	7
518	608	609	7	16	-3	6.23529411764706
519	610	611	4	2.3	-3	6.83333333333333
520	612	613	9	3.21	-3	6
521	0	0	0	0	-1	6
522	614	615	6	0	-3	6
523	0	0	0	0	-1	6
524	0	0	0	0	-1	7
525	0	0	0	0	-1	6.66666666666667
526	0	0	0	0	-1	7.33333333333333
527	616	617	9	3.1	-3	6.16666666666667
528	0	0	0	0	-1	6
529	618	619	3	0	-3	7
530	0	0	0	0	-1	5
531	0	0	0	0	-1	6
532	620	621	7	47.5	-3	6.875
533	0	0	0	0	-1	6
534	622	623	8	0.99372	-3	7
535	0	0	0	0	-1	6
536	624	625	1	8.25	-3	7.66666666666667
537	626	627	4	2.6	-3	7.125
538	628	629	7	35	-3	6.90476190476191
539	0	0	0	0	-1	6
540	0	0	0	0	-1	5
541	630	631	2	0.395	-3	6.55555555555556
542	0	0	0	0	-1	7
543	632	633	10	0.735	-3	6.1
544	0	0	0	0	-1	5
545	634	635	5	0	-3	6
546	0	0	0	0	-1	6.5
547	636	637	9	3.35	-3	5.88888888888889
548	638	639	5	0.0765	-3	5
549	0	0	0	0	-1	5
550	0	0	0	0	-1	5
551	0	0	0	0	-1	5
552	0	0	0	0	-1	6
553	640	641	2	0	-3	5
554	0	0	0	0	-1	5
555	0	0	0	0	-1	5
556	0	0	0	0	-1	5
557	642	643	5	0.048	-3	5
558	0	0	0	0	-1	5
559	644	645	11	9.45	-3	5.93333333333333
560	0	0	0	0	-1	6
561	0	0	0	0	-1	5.66666666666667
562	646	647	9	3.365	-3	6
563	648	649	2	0.505	-3	5.56923076923077
564	650	651	5	0.068	-3	6.07407407407407
565	0	0	0	0	-1	5
566	652	653	6	6.5	-3	5.05263157894737
567	654	655	7	42.5	-3	5.62745098039216
568	656	657	3	0.135	-3	5.26315789473684
569	658	659	8	0.997715	-3	5
570	660	661	9	3.185	-3	5.05263157894737
571	0	0	0	0	-1	4.33333333333333
572	662	663	11	9.35	-3	5
573	664	665	10	0	-3	5
574	0	0	0	0	-1	5
575	666	667	9	3.095	-3	6
576	0	0	0	0	-1	5
577	0	0	0	0	-1	5
578	668	669	7	62	-3	5.57142857142857
579	670	671	1	6.8	-3	5.06666666666667
580	0	0	0	0	-1	3
581	672	673	2	0.525	-3	5
582	674	675	10	0.65	-3	5.41666666666667
583	676	677	2	0.66	-3	5
584	678	679	1	9.05	-3	5.71153846153846
585	680	681	8	0.99872	-3	6
586	682	683	4	2.2	-3	5.75
587	684	685	2	0.7575	-3	5.15
588	686	687	11	10.1	-3	5.125
589	0	0	0	0	-1	6
590	688	689	2	0	-3	5
591	0	0	0	0	-1	5
592	0	0	0	0	-1	5
593	690	691	10	0.64	-3	5
594	692	693	2	0.56	-3	5.27272727272727
595	694	695	11	8.9	-3	5
596	0	0	0	0	-1	6
597	0	0	0	0	-1	5
598	696	697	9	3.21	-3	5
599	698	699	6	22.5	-3	5
600	0	0	0	0	-1	5
601	0	0	0	0	-1	5
602	0	0	0	0	-1	5
603	0	0	0	0	-1	5
604	0	0	0	0	-1	6
605	700	701	5	0.0885	-3	6
606	702	703	3	0	-3	6
607	704	705	10	0.56	-3	6
608	0	0	0	0	-1	7
609	706	707	10	0.615	-3	6.13333333333333
610	0	0	0	0	-1	7
611	0	0	0	0	-1	6
612	708	709	7	13.5	-3	6
613	0	0	0	0	-1	6
614	0	0	0	0	-1	5
615	0	0	0	0	-1	6
616	0	0	0	0	-1	7
617	0	0	0	0	-1	5.75
618	0	0	0	0	-1	5
619	710	711	5	0	-3	7
620	712	713	10	0.73	-3	7
621	0	0	0	0	-1	6
622	0	0	0	0	-1	7
623	0	0	0	0	-1	7
624	0	0	0	0	-1	7
625	0	0	0	0	-1	8
626	0	0	0	0	-1	7
627	0	0	0	0	-1	7.66666666666667
628	714	715	1	7.8	-3	7
629	716	717	3	0.405	-3	6.77777777777778
630	0	0	0	0	-1	6.25
631	0	0	0	0	-1	6.8
632	718	719	11	0	-3	6
633	0	0	0	0	-1	6.5
634	0	0	0	0	-1	6
635	720	721	11	10.95	-3	6
636	722	723	1	9.95	-3	6
637	724	725	10	0.7	-3	5.77777777777778
638	0	0	0	0	-1	5
639	726	727	1	6.4	-3	5
640	0	0	0	0	-1	8
641	0	0	0	0	-1	5
642	0	0	0	0	-1	5
643	0	0	0	0	-1	5
644	0	0	0	0	-1	5.66666666666667
645	728	729	10	0.56	-3	6
646	0	0	0	0	-1	6
647	0	0	0	0	-1	6
648	730	731	4	2.25	-3	5.43137254901961
649	732	733	6	11.5	-3	6.07142857142857
650	0	0	0	0	-1	7
651	734	735	6	14.5	-3	5.95833333333333
652	0	0	0	0	-1	4
653	736	737	2	0.625	-3	5.11111111111111
654	738	739	3	0.185	-3	5.54761904761905
655	740	741	2	0.565	-3	6
656	742	743	3	0.105	-3	5.55555555555556
657	744	745	11	9.65	-3	5
658	0	0	0	0	-1	5
659	746	747	10	0	-3	5
660	0	0	0	0	-1	5
661	0	0	0	0	-1	6
662	0	0	0	0	-1	5
663	748	749	7	22	-3	5
664	0	0	0	0	-1	7
665	750	751	2	0.73	-3	5
666	752	753	10	0.66	-3	6
667	0	0	0	0	-1	6
668	0	0	0	0	-1	6
669	0	0	0	0	-1	5
670	0	0	0	0	-1	6
671	0	0	0	0	-1	5
672	754	755	4	0	-3	5
673	756	757	6	9	-3	5
674	758	759	3	0.085	-3	5.22222222222222
675	0	0	0	0	-1	6
676	0	0	0	0	-1	5
677	760	761	11	9.35	-3	5
678	762	763	3	0.145	-3	5.74
679	0	0	0	0	-1	5
680	0	0	0	0	-1	6.75
681	764	765	2	0.405	-3	5.78571428571429
682	0	0	0	0	-1	5
683	0	0	0	0	-1	6
684	766	767	4	0	-3	5
685	768	769	8	0.998575	-3	5.5
686	0	0	0	0	-1	5
687	0	0	0	0	-1	6
688	0	0	0	0	-1	7
689	770	771	5	0.1235	-3	5
690	772	773	6	0	-3	5
691	0	0	0	0	-1	5
692	0	0	0	0	-1	5.75
693	774	775	2	0	-3	5
694	0	0	0	0	-1	5
695	776	777	3	0.78	-3	5
696	778	779	5	0.0965	-3	5
697	780	781	8	0	-3	5
698	782	783	11	0	-3	5
699	784	785	7	0	-3	5
700	786	787	1	0	-3	6
701	0	0	0	0	-1	6
702	0	0	0	0	-1	7
703	0	0	0	0	-1	6
704	0	0	0	0	-1	6
705	0	0	0	0	-1	6
706	788	789	4	2.225	-3	6
707	0	0	0	0	-1	7
708	0	0	0	0	-1	6
709	0	0	0	0	-1	6
710	0	0	0	0	-1	5
711	0	0	0	0	-1	7
712	0	0	0	0	-1	7
713	0	0	0	0	-1	7
714	0	0	0	0	-1	7
715	790	791	3	0.405	-3	7
716	792	793	3	0.37	-3	7
717	0	0	0	0	-1	6
718	0	0	0	0	-1	5
719	0	0	0	0	-1	6
720	0	0	0	0	-1	6
721	794	795	7	0	-3	6
722	796	797	5	0.079	-3	6
723	0	0	0	0	-1	6
724	0	0	0	0	-1	5.33333333333333
725	798	799	7	65	-3	6
726	0	0	0	0	-1	5
727	800	801	11	0	-3	5
728	0	0	0	0	-1	6
729	802	803	1	7.6	-3	6
730	804	805	1	7.75	-3	5.22222222222222
731	806	807	2	0.435	-3	5.66666666666667
732	808	809	5	0.094	-3	6
733	0	0	0	0	-1	6.2
734	810	811	11	10	-3	6
735	0	0	0	0	-1	5
736	812	813	5	0.081	-3	5.05882352941176
737	0	0	0	0	-1	6
738	814	815	4	2.05	-3	5.6875
739	816	817	10	0.73	-3	5.1
740	818	819	11	9.8	-3	6
741	0	0	0	0	-1	6
742	820	821	7	25.5	-3	5.42857142857143
743	0	0	0	0	-1	6
744	0	0	0	0	-1	5
745	822	823	8	0	-3	5
746	0	0	0	0	-1	6
747	0	0	0	0	-1	5
748	0	0	0	0	-1	5
749	0	0	0	0	-1	5
750	0	0	0	0	-1	5
751	824	825	9	3.3	-3	5
752	826	827	2	0	-3	6
753	0	0	0	0	-1	6
754	0	0	0	0	-1	5
755	828	829	2	0.51	-3	5
756	0	0	0	0	-1	5
757	0	0	0	0	-1	5
758	0	0	0	0	-1	6
759	830	831	5	0	-3	5
760	0	0	0	0	-1	5
761	832	833	4	0	-3	5
762	0	0	0	0	-1	5
763	834	835	7	56	-3	5.78723404255319
764	836	837	5	0.093	-3	5.57142857142857
765	838	839	2	0	-3	6
766	0	0	0	0	-1	5
767	840	841	5	89.5	-3	5
768	0	0	0	0	-1	5.25
769	0	0	0	0	-1	6
770	0	0	0	0	-1	5
771	0	0	0	0	-1	5
772	0	0	0	0	-1	5
773	0	0	0	0	-1	5
774	0	0	0	0	-1	5
775	842	843	3	0	-3	5
776	844	845	11	9.6	-3	5
777	0	0	0	0	-1	5
778	0	0	0	0	-1	5
779	0	0	0	0	-1	5
780	0	0	0	0	-1	6
781	846	847	1	9.4	-3	5
782	0	0	0	0	-1	4
783	848	849	3	0.35	-3	5
784	0	0	0	0	-1	5
785	0	0	0	0	-1	5
786	0	0	0	0	-1	5
787	850	851	5	0.084	-3	6
788	852	853	1	5.3	-3	6
789	0	0	0	0	-1	6
790	0	0	0	0	-1	7
791	854	855	4	2.3	-3	7
792	0	0	0	0	-1	7
793	0	0	0	0	-1	7
794	0	0	0	0	-1	5
795	856	857	1	10.7	-3	6
796	0	0	0	0	-1	6
797	0	0	0	0	-1	6
798	0	0	0	0	-1	6
799	0	0	0	0	-1	6
800	0	0	0	0	-1	7
801	858	859	1	34	-3	5
802	0	0	0	0	-1	6
803	860	861	4	0.51	-3	6
804	862	863	1	6.95	-3	4.93333333333333
805	864	865	10	0.52	-3	5.58333333333333
806	866	867	1	8.25	-3	5.5
807	868	869	9	3.245	-3	6.16666666666667
808	870	871	10	0.595	-3	6
809	0	0	0	0	-1	6
810	872	873	10	0.915	-3	6
811	0	0	0	0	-1	6
812	874	875	10	0.45	-3	5
813	876	877	6	8	-3	5.14285714285714
814	878	879	4	1.95	-3	5.5
815	880	881	6	18.5	-3	6
816	0	0	0	0	-1	5
817	0	0	0	0	-1	6
818	0	0	0	0	-1	6
819	0	0	0	0	-1	6
820	0	0	0	0	-1	6
821	0	0	0	0	-1	5
822	0	0	0	0	-1	4
823	882	883	2	0.6575	-3	5
824	0	0	0	0	-1	5
825	884	885	2	0	-3	5
826	0	0	0	0	-1	5
827	0	0	0	0	-1	6
828	0	0	0	0	-1	5
829	0	0	0	0	-1	5
830	0	0	0	0	-1	7
831	886	887	1	7.4	-3	5
832	0	0	0	0	-1	5
833	888	889	1	7.2	-3	5
834	890	891	10	0.645	-3	6.125
835	892	893	9	3.295	-3	5.71794871794872
836	0	0	0	0	-1	5.4
837	0	0	0	0	-1	6
838	0	0	0	0	-1	5
839	894	895	6	20.5	-3	6
840	896	897	1	8.35	-3	5
841	0	0	0	0	-1	5
842	0	0	0	0	-1	6
843	0	0	0	0	-1	5
844	898	899	9	0	-3	5
845	0	0	0	0	-1	5
846	900	901	7	0	-3	5
847	0	0	0	0	-1	5
848	0	0	0	0	-1	5
849	0	0	0	0	-1	5
850	0	0	0	0	-1	6
851	0	0	0	0	-1	6
852	0	0	0	0	-1	6
853	902	903	6	18.5	-3	6
854	0	0	0	0	-1	7
855	0	0	0	0	-1	7
856	0	0	0	0	-1	6
857	0	0	0	0	-1	6
858	0	0	0	0	-1	5
859	0	0	0	0	-1	5
860	0	0	0	0	-1	5
861	904	905	5	3.22	-3	6
862	0	0	0	0	-1	4
863	906	907	3	0	-3	5
864	908	909	1	8.2	-3	6
865	910	911	1	8.3	-3	5.16666666666667
866	912	913	5	0.0835	-3	5.75
867	0	0	0	0	-1	5
868	0	0	0	0	-1	7
869	0	0	0	0	-1	6
870	0	0	0	0	-1	6
871	0	0	0	0	-1	6
872	914	915	7	0.08	-3	6
873	0	0	0	0	-1	6
874	0	0	0	0	-1	5
875	916	917	6	17	-3	5
876	0	0	0	0	-1	6
877	918	919	10	0	-3	5
878	920	921	7	32	-3	5.76923076923077
879	922	923	5	0	-3	5
880	924	925	1	7.25	-3	6.09090909090909
881	0	0	0	0	-1	5
882	0	0	0	0	-1	5
883	0	0	0	0	-1	5
884	0	0	0	0	-1	5
885	926	927	10	10.15	-3	5
886	0	0	0	0	-1	5
887	0	0	0	0	-1	5
888	0	0	0	0	-1	5
889	0	0	0	0	-1	5
890	928	929	1	8.55	-3	6
891	0	0	0	0	-1	6.5
892	930	931	11	9.95	-3	6
893	932	933	4	1.85	-3	5.54166666666667
894	0	0	0	0	-1	6
895	0	0	0	0	-1	6
896	0	0	0	0	-1	5
897	934	935	11	0	-3	5
898	0	0	0	0	-1	5
899	0	0	0	0	-1	5
900	0	0	0	0	-1	7
901	936	937	10	0.58	-3	5
902	0	0	0	0	-1	6
903	0	0	0	0	-1	6
904	938	939	6	5	-3	6
905	0	0	0	0	-1	6
906	0	0	0	0	-1	5
907	940	941	11	9.15	-3	5
908	0	0	0	0	-1	6
909	0	0	0	0	-1	6
910	0	0	0	0	-1	5.5
911	0	0	0	0	-1	5
912	0	0	0	0	-1	5.4
913	0	0	0	0	-1	6
914	0	0	0	0	-1	5
915	942	943	9	3.295	-3	6
916	0	0	0	0	-1	5
917	0	0	0	0	-1	5
918	0	0	0	0	-1	5
919	0	0	0	0	-1	5
920	0	0	0	0	-1	5
921	0	0	0	0	-1	6
922	0	0	0	0	-1	5
923	944	945	10	0.63	-3	5
924	0	0	0	0	-1	6.25
925	946	947	2	0	-3	6
926	0	0	0	0	-1	5
927	0	0	0	0	-1	5
928	0	0	0	0	-1	6
929	0	0	0	0	-1	6
930	948	949	6	20	-3	6
931	0	0	0	0	-1	6
932	950	951	10	0.595	-3	6
933	952	953	10	0.535	-3	5.38888888888889
934	0	0	0	0	-1	6
935	954	955	10	0.565	-3	5
936	0	0	0	0	-1	5
937	956	957	4	8.4	-3	5
938	0	0	0	0	-1	6
939	0	0	0	0	-1	6
940	0	0	0	0	-1	5
941	958	959	4	0	-3	5
942	0	0	0	0	-1	6
943	0	0	0	0	-1	6
944	0	0	0	0	-1	5
945	0	0	0	0	-1	5
946	0	0	0	0	-1	7
947	960	961	7	22	-3	6
948	962	963	4	2.05	-3	6
949	0	0	0	0	-1	6
950	0	0	0	0	-1	6
951	0	0	0	0	-1	6
952	0	0	0	0	-1	5
953	964	965	11	10.2	-3	5.5
954	0	0	0	0	-1	5
955	966	967	6	0	-3	5
956	968	969	9	3.275	-3	5
957	0	0	0	0	-1	5
958	0	0	0	0	-1	6
959	970	971	2	0.4025	-3	5
960	0	0	0	0	-1	6
961	0	0	0	0	-1	6
962	0	0	0	0	-1	6
963	0	0	0	0	-1	6
964	972	973	2	0.535	-3	5.75
965	974	975	2	0.44	-3	5.16666666666667
966	0	0	0	0	-1	6
967	976	977	10	0.72	-3	5
968	0	0	0	0	-1	5
969	0	0	0	0	-1	5
970	0	0	0	0	-1	5
971	978	979	10	0	-3	5
972	980	981	3	0.46	-3	5.85714285714286
973	0	0	0	0	-1	5
974	0	0	0	0	-1	5.33333333333333
975	0	0	0	0	-1	5
976	0	0	0	0	-1	5
977	0	0	0	0	-1	5
978	0	0	0	0	-1	5
979	982	983	10	0.62	-3	5
980	984	985	4	2.15	-3	6
981	0	0	0	0	-1	5
982	0	0	0	0	-1	5
983	0	0	0	0	-1	5
984	0	0	0	0	-1	6
985	0	0	0	0	-1	6
