1	2	3	2	0.405	-3	5.61601000625391
2	4	5	11	10.75	-3	6.03263403263403
3	6	7	2	0.905	-3	5.46324786324786
4	8	9	4	4.8	-3	5.625
5	10	11	6	37.75	-3	6.41628959276018
6	12	13	8	0.995685	-3	5.5017793594306
7	14	15	9	3.28	-3	4.52173913043478
8	16	17	1	14.2	-3	5.6
9	18	19	7	35	-3	6.25
10	20	21	10	0.725	-3	6.45754716981132
11	22	23	1	8.05	-3	5.44444444444444
12	24	25	1	5.5	-3	5.78181818181818
13	26	27	7	81.5	-3	5.41107184923439
14	28	29	1	10.2	-3	5
15	30	31	10	0.645	-3	4.26666666666667
16	32	33	10	0.655	-3	5.57868020304569
17	0	0	0	0	-1	7
18	0	0	0	0	-1	5
19	0	0	0	0	-1	7
20	34	35	11	12.05	-3	6.30534351145038
21	36	37	6	24.5	-3	6.7037037037037
22	0	0	0	0	-1	5
23	0	0	0	0	-1	6
24	38	39	6	10.5	-3	6.40740740740741
25	40	41	9	3.615	-3	5.71370967741935
26	42	43	11	9.95	-3	5.48059701492537
27	44	45	6	26.5	-3	5.15083798882682
28	46	47	11	9.8	-3	4.92307692307692
29	0	0	0	0	-1	5.33333333333333
30	48	49	5	0.0835	-3	4.17241379310345
31	0	0	0	0	-1	7
32	50	51	1	7.25	-3	5.25882352941177
33	52	53	8	0.9957	-3	5.82142857142857
34	54	55	9	3.285	-3	6.18823529411765
35	56	57	2	0.385	-3	6.52173913043478
36	58	59	7	47.5	-3	6.75342465753425
37	60	61	1	7.8	-3	6.25
38	0	0	0	0	-1	4.66666666666667
39	62	63	7	48	-3	6.625
40	64	65	2	0.59	-3	5.75949367088608
41	66	67	7	12	-3	4.72727272727273
42	68	69	10	0.535	-3	5.2183908045977
43	70	71	10	0.585	-3	5.7639751552795
44	72	73	4	2.55	-3	5.21428571428572
45	74	75	6	32.5	-3	5.04477611940299
46	0	0	0	0	-1	5
47	0	0	0	0	-1	4.75
48	76	77	9	3.315	-3	4.5
49	78	79	7	11.5	-3	3.44444444444444
50	80	81	11	9.35	-3	5.53571428571429
51	82	83	5	0.07	-3	5.12280701754386
52	0	0	0	0	-1	7
53	84	85	8	0.996545	-3	5.8
54	86	87	1	8	-3	6.42222222222222
55	88	89	7	7.5	-3	5.925
56	90	91	8	0.99215	-3	6.65714285714286
57	92	93	5	0.087	-3	6.09090909090909
58	94	95	8	0.99625	-3	6.82539682539683
59	96	97	1	8.7	-3	6.3
60	0	0	0	0	-1	6
61	0	0	0	0	-1	6.66666666666667
62	98	99	11	12.05	-3	6
63	100	101	4	2.25	-3	6.83333333333333
64	102	103	3	0.295	-3	6
65	104	105	5	0.2165	-3	5.51282051282051
66	0	0	0	0	-1	7
67	106	107	2	0.56	-3	4.5
68	108	109	8	0.99586	-3	4.96296296296296
69	110	111	8	0.99838	-3	5.29588014981273
70	112	113	11	10.85	-3	5.4020618556701
71	114	115	4	5.7	-3	5.92
72	116	117	1	7.05	-3	5.27777777777778
73	118	119	10	0.525	-3	5.1
74	120	121	9	3.165	-3	4.96774193548387
75	122	123	10	0.48	-3	5.11111111111111
76	0	0	0	0	-1	3.6
77	124	125	5	0.042	-3	4.8
78	0	0	0	0	-1	3
79	126	127	11	10.95	-3	3.66666666666667
80	0	0	0	0	-1	5
81	128	129	2	0.345	-3	5.65217391304348
82	130	131	4	1.85	-3	4.625
83	132	133	9	3.445	-3	5.20408163265306
84	134	135	3	0.42	-3	5.22222222222222
85	136	137	7	82	-3	5.85148514851485
86	0	0	0	0	-1	7.25
87	138	139	4	2.5	-3	6.34146341463415
88	0	0	0	0	-1	4
89	140	141	5	0.0555	-3	6.02631578947368
90	0	0	0	0	-1	6
91	142	143	8	0.99509	-3	6.74193548387097
92	144	145	6	21.5	-3	6
93	0	0	0	0	-1	7
94	146	147	2	0.385	-3	6.95454545454546
95	148	149	11	12.4	-3	6.52631578947368
96	150	151	8	0.9961	-3	6.125
97	0	0	0	0	-1	7
98	0	0	0	0	-1	6
99	0	0	0	0	-1	6
100	152	153	1	5.05	-3	7.15384615384615
101	0	0	0	0	-1	6
102	154	155	5	0.0585	-3	5.92079207920792
103	156	157	1	9	-3	6.42105263157895
104	158	159	6	5.5	-3	5.55652173913044
105	0	0	0	0	-1	3
106	0	0	0	0	-1	5
107	0	0	0	0	-1	4
108	0	0	0	0	-1	4.33333333333333
109	160	161	2	0.8775	-3	4.98717948717949
110	162	163	8	0.99831	-3	5.23414634146341
111	164	165	10	0.815	-3	5.5
112	166	167	3	0.35	-3	5.54411764705882
113	168	169	11	11.45	-3	5.06896551724138
114	170	171	3	0.37	-3	5.86057692307692
115	172	173	8	0.9989	-3	6.64705882352941
116	174	175	1	6.8	-3	5.83333333333333
117	176	177	10	0.575	-3	5.22727272727273
118	0	0	0	0	-1	5.5
119	178	179	6	18	-3	5.05555555555556
120	0	0	0	0	-1	4.8
121	180	181	4	2.55	-3	5
122	0	0	0	0	-1	5.5
123	182	183	9	3.415	-3	5.0625
124	0	0	0	0	-1	6
125	184	185	7	32	-3	4.71428571428571
126	0	0	0	0	-1	3.33333333333333
127	0	0	0	0	-1	4
128	186	187	6	36	-3	5.125
129	188	189	8	0.99689	-3	5.93333333333333
130	0	0	0	0	-1	5
131	0	0	0	0	-1	4.25
132	190	191	8	0.99685	-3	5.11904761904762
133	192	193	1	8.35	-3	5.71428571428571
134	0	0	0	0	-1	5
135	0	0	0	0	-1	5.66666666666667
136	194	195	6	37	-3	5.91489361702128
137	196	197	8	0.99705	-3	5
138	198	199	8	0.99431	-3	6.17241379310345
139	200	201	4	2.7	-3	6.75
140	0	0	0	0	-1	6.66666666666667
141	202	203	3	0.435	-3	5.97142857142857
142	204	205	9	3.385	-3	6.94736842105263
143	206	207	11	12.3	-3	6.41666666666667
144	208	209	1	9.05	-3	6
145	0	0	0	0	-1	6
146	210	211	6	22	-3	6.975
147	0	0	0	0	-1	6.75
148	212	213	9	3.275	-3	6.44444444444444
149	0	0	0	0	-1	8
150	214	215	11	0	-3	6
151	0	0	0	0	-1	7
152	0	0	0	0	-1	8
153	0	0	0	0	-1	7
154	216	217	2	0.505	-3	5.38461538461539
155	218	219	10	0.525	-3	6
156	220	221	2	0.425	-3	6.26666666666667
157	0	0	0	0	-1	7
158	222	223	7	9	-3	4.66666666666667
159	224	225	7	93	-3	5.60550458715596
160	226	227	5	0.0795	-3	5
161	0	0	0	0	-1	4
162	228	229	11	9.85	-3	5.26237623762376
163	0	0	0	0	-1	3.33333333333333
164	230	231	7	23	-3	5.42592592592593
165	0	0	0	0	-1	6
166	232	233	10	0.48	-3	5.64912280701754
167	234	235	6	4	-3	5
168	236	237	1	7.15	-3	4.83333333333333
169	0	0	0	0	-1	6.2
170	238	239	8	0.99783	-3	5.7578125
171	240	241	11	11.45	-3	6.025
172	242	243	4	6.1	-3	6.45454545454546
173	244	245	3	0.695	-3	7
174	0	0	0	0	-1	5
175	0	0	0	0	-1	6
176	246	247	6	23.5	-3	5.10344827586207
177	248	249	3	0.285	-3	5.32432432432432
178	250	251	8	0	-3	5
179	252	253	7	98.5	-3	5.11111111111111
180	254	255	4	2.05	-3	5
181	256	257	6	29.5	-3	5
182	258	259	8	1.003055	-3	5.03333333333333
183	0	0	0	0	-1	5.5
184	260	261	6	3.5	-3	4.375
185	262	263	9	3.745	-3	5.16666666666667
186	264	265	1	0	-3	5
187	0	0	0	0	-1	5.5
188	266	267	8	0.99555	-3	6
189	0	0	0	0	-1	5
190	268	269	3	0.27	-3	5.45454545454545
191	270	271	7	48.5	-3	5
192	272	273	11	9.6	-3	5.83333333333333
193	0	0	0	0	-1	5
194	274	275	6	7.5	-3	5.89130434782609
195	0	0	0	0	-1	7
196	0	0	0	0	-1	7
197	276	277	8	0.9975	-3	4.66666666666667
198	0	0	0	0	-1	5
199	278	279	1	9.9	-3	6.21428571428571
200	0	0	0	0	-1	8
201	280	281	2	0.285	-3	6.5
202	282	283	1	8.85	-3	6
203	284	285	5	0.074	-3	5.85714285714286
204	286	287	9	0	-3	7
205	0	0	0	0	-1	6
206	0	0	0	0	-1	7
207	288	289	5	0.069	-3	6.22222222222222
208	0	0	0	0	-1	6
209	0	0	0	0	-1	6
210	290	291	1	0	-3	7
211	292	293	9	3.2	-3	6.875
212	294	295	4	2.15	-3	6.7
213	296	297	1	9.1	-3	6.125
214	0	0	0	0	-1	5
215	298	299	8	0.99532	-3	6
216	300	301	7	27	-3	5
217	302	303	9	3.51	-3	5.71428571428571
218	304	305	7	76.5	-3	5.2
219	306	307	2	0.555	-3	6.1025641025641
220	0	0	0	0	-1	7
221	308	309	9	3.385	-3	6.08333333333333
222	0	0	0	0	-1	4
223	0	0	0	0	-1	5
224	310	311	3	0.065	-3	5.68041237113402
225	312	313	1	6.75	-3	5
226	314	315	4	2.65	-3	5.13513513513514
227	316	317	7	40.5	-3	4.875
228	318	319	11	9.05	-3	5.23157894736842
229	320	321	7	56.5	-3	5.75
230	322	323	10	0.61	-3	6
231	324	325	2	0.545	-3	5.26190476190476
232	326	327	8	0.99595	-3	5
233	328	329	9	3.335	-3	5.75510204081633
234	0	0	0	0	-1	4
235	330	331	1	8.6	-3	5.1
236	0	0	0	0	-1	4.33333333333333
237	332	333	3	0.03	-3	4.90476190476191
238	334	335	5	0.1055	-3	5.86458333333333
239	336	337	8	0.9983	-3	5.4375
240	338	339	11	10.0166666666666	-3	5.80392156862745
241	340	341	8	0.99995	-3	6.41379310344828
242	0	0	0	0	-1	7
243	342	343	6	5.5	-3	6
244	0	0	0	0	-1	7
245	0	0	0	0	-1	7
246	344	345	8	0.99605	-3	5.04761904761905
247	346	347	7	99.5	-3	5.25
248	348	349	8	0.99683	-3	5.47619047619048
249	350	351	4	2.45	-3	5.125
250	0	0	0	0	-1	5
251	352	353	7	120.5	-3	5
252	0	0	0	0	-1	5.33333333333333
253	354	355	5	0.067	-3	5.06666666666667
254	356	357	6	0	-3	5
255	0	0	0	0	-1	5
256	358	359	1	0	-3	5
257	0	0	0	0	-1	5
258	360	361	7	105	-3	5
259	0	0	0	0	-1	6
260	0	0	0	0	-1	5
261	0	0	0	0	-1	4
262	0	0	0	0	-1	5.4
263	0	0	0	0	-1	4
264	0	0	0	0	-1	4
265	0	0	0	0	-1	5
266	0	0	0	0	-1	6
267	0	0	0	0	-1	6
268	362	363	2	0.365	-3	5
269	0	0	0	0	-1	6
270	364	365	6	8	-3	5
271	366	367	5	0.0815	-3	5
272	0	0	0	0	-1	6
273	0	0	0	0	-1	5.66666666666667
274	368	369	4	2.4	-3	5.72727272727273
275	370	371	4	2.85	-3	5.98305084745763
276	0	0	0	0	-1	4
277	0	0	0	0	-1	5
278	372	373	6	10	-3	6.55555555555556
279	374	375	1	10.15	-3	6.05263157894737
280	0	0	0	0	-1	6
281	376	377	5	0.094	-3	6.71428571428571
282	378	379	7	10.5	-3	6.03703703703704
283	0	0	0	0	-1	5
284	0	0	0	0	-1	6
285	0	0	0	0	-1	5.75
286	0	0	0	0	-1	5
287	0	0	0	0	-1	7
288	0	0	0	0	-1	7
289	380	381	4	0	-3	6
290	0	0	0	0	-1	5
291	0	0	0	0	-1	7
292	0	0	0	0	-1	6
293	382	383	8	0.99509	-3	7
294	0	0	0	0	-1	7
295	0	0	0	0	-1	6.4
296	0	0	0	0	-1	6.5
297	384	385	8	0.99882	-3	6
298	0	0	0	0	-1	6
299	0	0	0	0	-1	6
300	0	0	0	0	-1	5
301	0	0	0	0	-1	5
302	386	387	3	0.21	-3	5.83333333333333
303	0	0	0	0	-1	5
304	0	0	0	0	-1	5
305	0	0	0	0	-1	5.5
306	388	389	6	8	-3	5.92592592592593
307	390	391	11	12.65	-3	6.5
308	392	393	2	0.455	-3	6
309	0	0	0	0	-1	6.33333333333333
310	394	395	4	3.75	-3	5.81538461538462
311	396	397	10	0.635	-3	5.40625
312	0	0	0	0	-1	5
313	0	0	0	0	-1	5
314	398	399	11	9.65	-3	5.11111111111111
315	0	0	0	0	-1	6
316	400	401	7	13	-3	4.96551724137931
317	402	403	6	17.5	-3	4.63636363636364
318	404	405	9	3.34	-3	5.83333333333333
319	406	407	7	76	-3	5.21195652173913
320	408	409	2	0.6975	-3	5.88888888888889
321	0	0	0	0	-1	5.33333333333333
322	410	411	1	0	-3	6
323	0	0	0	0	-1	6
324	412	413	2	0.455	-3	5.875
325	414	415	2	0.805	-3	5.11764705882353
326	0	0	0	0	-1	5
327	0	0	0	0	-1	5
328	416	417	6	34	-3	6
329	418	419	10	0.575	-3	5.45454545454545
330	0	0	0	0	-1	4
331	420	421	7	15.5	-3	5.22222222222222
332	0	0	0	0	-1	4
333	422	423	9	3.375	-3	4.95
334	424	425	11	10.55	-3	5.92222222222222
335	426	427	1	6.5	-3	5
336	428	429	11	10.1	-3	5.1875
337	430	431	3	0.045	-3	5.6875
338	0	0	0	0	-1	7
339	432	433	4	4	-3	5.78
340	434	435	9	3.27	-3	6.66666666666667
341	436	437	6	14.5	-3	5.75
342	0	0	0	0	-1	6
343	0	0	0	0	-1	6
344	438	439	7	104.5	-3	5.16666666666667
345	440	441	11	9.3	-3	5
346	0	0	0	0	-1	5.66666666666667
347	0	0	0	0	-1	5
348	442	443	7	101	-3	5.16666666666667
349	444	445	10	0.595	-3	5.88888888888889
350	446	447	5	0.084	-3	5
351	0	0	0	0	-1	5.5
352	448	449	10	0	-3	5
353	0	0	0	0	-1	5
354	0	0	0	0	-1	5.5
355	450	451	2	0.56	-3	5
356	0	0	0	0	-1	5
357	452	453	5	0.1175	-3	5
358	0	0	0	0	-1	5
359	454	455	4	4.1	-3	5
360	456	457	11	0	-3	5
361	0	0	0	0	-1	5
362	0	0	0	0	-1	5
363	0	0	0	0	-1	5
364	458	459	5	0	-3	5
365	0	0	0	0	-1	5
366	460	461	2	0.375	-3	5
367	462	463	8	0.105	-3	5
368	464	465	3	0.465	-3	5.58333333333333
369	466	467	5	0.231	-3	6.11111111111111
370	468	469	5	0.084	-3	6.1
371	470	471	6	18.5	-3	5.33333333333333
372	472	473	10	0.625	-3	6.83333333333333
373	0	0	0	0	-1	6
374	0	0	0	0	-1	6.2
375	474	475	5	0.108	-3	6
376	0	0	0	0	-1	7
377	0	0	0	0	-1	6.33333333333333
378	0	0	0	0	-1	7
379	476	477	3	0.415	-3	6
380	0	0	0	0	-1	5
381	478	479	7	17.5	-3	6
382	0	0	0	0	-1	7
383	0	0	0	0	-1	7
384	0	0	0	0	-1	6
385	0	0	0	0	-1	6
386	0	0	0	0	-1	6
387	0	0	0	0	-1	5
388	0	0	0	0	-1	5.4
389	480	481	11	12.4	-3	5.97959183673469
390	482	483	8	0.99497	-3	6.28571428571429
391	0	0	0	0	-1	8
392	0	0	0	0	-1	6
393	0	0	0	0	-1	6
394	484	485	1	6.45	-3	5.84375
395	0	0	0	0	-1	4
396	486	487	3	0.63	-3	5
397	488	489	11	10.55	-3	5.92857142857143
398	490	491	11	9.55	-3	5
399	492	493	8	0.997695	-3	5.66666666666667
400	0	0	0	0	-1	4
401	494	495	3	0.035	-3	5
402	0	0	0	0	-1	4
403	496	497	10	0	-3	5
404	0	0	0	0	-1	5.5
405	0	0	0	0	-1	6
406	498	499	6	14.5	-3	5.18181818181818
407	500	501	1	7.5	-3	5.875
408	0	0	0	0	-1	6
409	0	0	0	0	-1	5
410	0	0	0	0	-1	8
411	0	0	0	0	-1	6
412	0	0	0	0	-1	5.5
413	502	503	4	6.75	-3	6
414	504	505	10	0.555	-3	5.15151515151515
415	0	0	0	0	-1	4
416	0	0	0	0	-1	6
417	0	0	0	0	-1	6
418	506	507	1	6.95	-3	5.21428571428571
419	508	509	8	0.996175	-3	5.875
420	0	0	0	0	-1	6
421	510	511	7	44.5	-3	5.125
422	0	0	0	0	-1	5
423	0	0	0	0	-1	4.8
424	512	513	1	8.85	-3	5.69230769230769
425	514	515	8	0.9972	-3	6.09803921568628
426	0	0	0	0	-1	4
427	0	0	0	0	-1	5.2
428	0	0	0	0	-1	6
429	516	517	1	8.75	-3	5.07142857142857
430	0	0	0	0	-1	5
431	518	519	10	0.615	-3	5.91666666666667
432	520	521	4	2.25	-3	5.84782608695652
433	0	0	0	0	-1	5
434	522	523	1	11.2	-3	7.1
435	524	525	9	3.35	-3	6.27272727272727
436	526	527	6	0	-3	6
437	0	0	0	0	-1	5
438	0	0	0	0	-1	5
439	0	0	0	0	-1	6
440	0	0	0	0	-1	5
441	528	529	8	99.5	-3	5
442	0	0	0	0	-1	5.4
443	530	531	10	0	-3	5
444	0	0	0	0	-1	5.5
445	0	0	0	0	-1	6
446	0	0	0	0	-1	5
447	532	533	10	0	-3	5
448	0	0	0	0	-1	6
449	534	535	9	0	-3	5
450	0	0	0	0	-1	5
451	536	537	10	0	-3	5
452	538	539	4	0	-3	5
453	0	0	0	0	-1	5
454	0	0	0	0	-1	5
455	0	0	0	0	-1	5
456	0	0	0	0	-1	7
457	540	541	11	10.45	-3	5
458	0	0	0	0	-1	5
459	542	543	5	0.0815	-3	5
460	0	0	0	0	-1	5
461	544	545	1	0	-3	5
462	0	0	0	0	-1	5
463	546	547	10	0.615	-3	5
464	548	549	9	3.085	-3	5.75
465	550	551	7	11	-3	5.25
466	552	553	2	22	-3	6
467	0	0	0	0	-1	7
468	554	555	11	10.65	-3	6
469	556	557	5	0.0865	-3	6.29411764705882
470	558	559	9	3.135	-3	5.14285714285714
471	0	0	0	0	-1	6
472	0	0	0	0	-1	7
473	0	0	0	0	-1	6
474	0	0	0	0	-1	6
475	0	0	0	0	-1	6
476	0	0	0	0	-1	6
477	0	0	0	0	-1	6
478	0	0	0	0	-1	6
479	0	0	0	0	-1	6
480	560	561	8	0.99529	-3	5.95555555555556
481	0	0	0	0	-1	6.25
482	562	563	5	0.0665	-3	6.08333333333333
483	564	565	7	14.5	-3	6.55555555555556
484	566	567	11	11.9	-3	5.30769230769231
485	568	569	1	8.2	-3	5.98039215686275
486	0	0	0	0	-1	5
487	0	0	0	0	-1	5
488	0	0	0	0	-1	5.66666666666667
489	570	571	9	3.555	-3	6
490	572	573	11	9.1	-3	5
491	0	0	0	0	-1	5
492	0	0	0	0	-1	6
493	0	0	0	0	-1	5
494	0	0	0	0	-1	5
495	574	575	4	2.1	-3	5
496	0	0	0	0	-1	3
497	576	577	4	3.5	-3	5
498	578	579	2	0.6525	-3	5.24074074074074
499	580	581	3	0.325	-3	5.08823529411765
500	0	0	0	0	-1	5
501	582	583	6	7.5	-3	6
502	0	0	0	0	-1	6
503	0	0	0	0	-1	6
504	0	0	0	0	-1	5.8
505	584	585	8	1.000175	-3	5.03571428571429
506	0	0	0	0	-1	5.8
507	586	587	8	0.99752	-3	4.88888888888889
508	588	589	4	0	-3	6
509	0	0	0	0	-1	5
510	590	591	6	0	-3	5
511	0	0	0	0	-1	6
512	592	593	5	0.0675	-3	5.80645161290323
513	594	595	2	0.6425	-3	5.25
514	596	597	4	5.3	-3	6
515	598	599	1	8.3	-3	6.625
516	0	0	0	0	-1	6
517	0	0	0	0	-1	5
518	0	0	0	0	-1	5
519	600	601	10	0.66	-3	6
520	602	603	2	0.4725	-3	5.55555555555556
521	604	605	4	3.05	-3	6.03571428571429
522	606	607	8	0.9972	-3	7
523	0	0	0	0	-1	7.5
524	608	609	10	0.815	-3	6
525	0	0	0	0	-1	7
526	0	0	0	0	-1	6
527	0	0	0	0	-1	6
528	610	611	11	9.45	-3	5
529	0	0	0	0	-1	5
530	0	0	0	0	-1	6
531	612	613	10	0.625	-3	5
532	0	0	0	0	-1	6
533	614	615	3	0.45	-3	5
534	0	0	0	0	-1	5
535	616	617	2	0.61	-3	5
536	0	0	0	0	-1	6
537	0	0	0	0	-1	5
538	0	0	0	0	-1	5
539	618	619	7	0.545	-3	5
540	620	621	7	85	-3	5
541	0	0	0	0	-1	5
542	0	0	0	0	-1	5
543	622	623	8	0	-3	5
544	0	0	0	0	-1	6
545	0	0	0	0	-1	5
546	624	625	9	0	-3	5
547	0	0	0	0	-1	5
548	626	627	10	0.665	-3	6
549	628	629	11	10	-3	5.6
550	0	0	0	0	-1	6
551	630	631	11	0.0695	-3	5
552	632	633	7	0	-3	6
553	0	0	0	0	-1	6
554	634	635	10	0.665	-3	6.06451612903226
555	0	0	0	0	-1	5
556	0	0	0	0	-1	7
557	636	637	8	0.9981	-3	6.2
558	0	0	0	0	-1	6
559	638	639	9	3.435	-3	5
560	640	641	10	0.565	-3	5.97368421052632
561	642	643	8	0.99534	-3	5.85714285714286
562	0	0	0	0	-1	7
563	644	645	8	0.99447	-3	6
564	0	0	0	0	-1	6
565	646	647	6	15.5	-3	6.71428571428571
566	648	649	3	0	-3	5
567	0	0	0	0	-1	5.8
568	650	651	3	0.025	-3	6.04166666666667
569	0	0	0	0	-1	5
570	0	0	0	0	-1	6
571	0	0	0	0	-1	6
572	0	0	0	0	-1	5
573	652	653	9	3.245	-3	5
574	654	655	7	0	-3	5
575	656	657	4	0	-3	5
576	0	0	0	0	-1	5
577	0	0	0	0	-1	5
578	658	659	3	0.085	-3	5.33766233766234
579	660	661	1	8.95	-3	5
580	662	663	8	0.998065	-3	5.12
581	664	665	9	2.955	-3	5
582	0	0	0	0	-1	6
583	0	0	0	0	-1	6
584	666	667	10	0.565	-3	5
585	0	0	0	0	-1	6
586	668	669	2	0.685	-3	5
587	0	0	0	0	-1	4
588	0	0	0	0	-1	5
589	670	671	8	0	-3	6
590	0	0	0	0	-1	6
591	672	673	9	3.27	-3	5
592	674	675	9	3.36	-3	6.5
593	676	677	1	7.45	-3	5.64
594	0	0	0	0	-1	6
595	678	679	5	0.99702	-3	5
596	680	681	1	7.25	-3	5.97619047619048
597	0	0	0	0	-1	7
598	0	0	0	0	-1	6.4
599	0	0	0	0	-1	7
600	0	0	0	0	-1	6
601	682	683	9	3.125	-3	6
602	684	685	9	3.235	-3	5.30769230769231
603	0	0	0	0	-1	6.2
604	686	687	7	53.5	-3	5.95833333333333
605	0	0	0	0	-1	6.5
606	0	0	0	0	-1	7
607	0	0	0	0	-1	7
608	688	689	1	0	-3	6
609	0	0	0	0	-1	6
610	0	0	0	0	-1	5
611	690	691	11	0	-3	5
612	0	0	0	0	-1	5
613	0	0	0	0	-1	5
614	692	693	9	0	-3	5
615	0	0	0	0	-1	5
616	0	0	0	0	-1	5
617	0	0	0	0	-1	5
618	0	0	0	0	-1	6
619	0	0	0	0	-1	5
620	0	0	0	0	-1	5
621	694	695	10	0.505	-3	5
622	0	0	0	0	-1	5
623	696	697	6	5.5	-3	5
624	0	0	0	0	-1	5
625	698	699	6	19.5	-3	5
626	0	0	0	0	-1	6
627	0	0	0	0	-1	6
628	700	701	7	30.5	-3	5.33333333333333
629	0	0	0	0	-1	6
630	0	0	0	0	-1	5
631	0	0	0	0	-1	5
632	0	0	0	0	-1	7
633	702	703	7	20	-3	6
634	0	0	0	0	-1	6.33333333333333
635	704	705	7	24.5	-3	6.03571428571429
636	0	0	0	0	-1	6
637	0	0	0	0	-1	6.6
638	0	0	0	0	-1	5
639	0	0	0	0	-1	5
640	706	707	3	0.14	-3	5.83333333333333
641	708	709	4	1.75	-3	6
642	0	0	0	0	-1	5
643	710	711	9	3.265	-3	6
644	712	713	7	52.5	-3	6
645	0	0	0	0	-1	6
646	0	0	0	0	-1	7
647	0	0	0	0	-1	6.33333333333333
648	0	0	0	0	-1	5
649	0	0	0	0	-1	5
650	714	715	5	0.1445	-3	6
651	716	717	9	3.515	-3	6.28571428571429
652	718	719	6	0	-3	5
653	720	721	2	0	-3	5
654	0	0	0	0	-1	6
655	722	723	3	0	-3	5
656	0	0	0	0	-1	6
657	0	0	0	0	-1	5
658	724	725	7	13.5	-3	5.65217391304348
659	726	727	2	0.545	-3	5.2037037037037
660	728	729	11	9.75	-3	5.03333333333333
661	0	0	0	0	-1	4
662	730	731	10	0.595	-3	5.10204081632653
663	0	0	0	0	-1	6
664	0	0	0	0	-1	6
665	732	733	11	9.55	-3	4.94117647058824
666	0	0	0	0	-1	4
667	734	735	10	0.695	-3	5.03846153846154
668	0	0	0	0	-1	5
669	0	0	0	0	-1	5
670	0	0	0	0	-1	6
671	0	0	0	0	-1	6
672	0	0	0	0	-1	5
673	0	0	0	0	-1	5
674	0	0	0	0	-1	7
675	0	0	0	0	-1	6.25
676	736	737	9	3.505	-3	5.25
677	738	739	7	52	-3	5.82352941176471
678	0	0	0	0	-1	5
679	0	0	0	0	-1	5
680	740	741	1	7.1	-3	5.92307692307692
681	0	0	0	0	-1	6
682	0	0	0	0	-1	6
683	0	0	0	0	-1	6
684	742	743	8	0.99925	-3	5.5
685	0	0	0	0	-1	5
686	744	745	8	0.99991	-3	6
687	0	0	0	0	-1	5.75
688	0	0	0	0	-1	6
689	0	0	0	0	-1	6
690	0	0	0	0	-1	5
691	746	747	4	1.95	-3	5
692	0	0	0	0	-1	6
693	748	749	4	0	-3	5
694	0	0	0	0	-1	5
695	750	751	3	0	-3	5
696	0	0	0	0	-1	5
697	0	0	0	0	-1	5
698	0	0	0	0	-1	5
699	0	0	0	0	-1	5
700	0	0	0	0	-1	5
701	0	0	0	0	-1	6
702	0	0	0	0	-1	6
703	0	0	0	0	-1	6
704	752	753	2	0.3	-3	6.125
705	0	0	0	0	-1	6
706	0	0	0	0	-1	6
707	0	0	0	0	-1	5
708	754	755	10	10.2	-3	6
709	756	757	4	2.35	-3	6
710	0	0	0	0	-1	6
711	0	0	0	0	-1	6
712	0	0	0	0	-1	6
713	0	0	0	0	-1	6
714	758	759	10	0.5	-3	6.025
715	0	0	0	0	-1	5
716	0	0	0	0	-1	6
717	0	0	0	0	-1	7
718	0	0	0	0	-1	7
719	760	761	7	43	-3	5
720	0	0	0	0	-1	6
721	762	763	5	0.076	-3	5
722	0	0	0	0	-1	6
723	0	0	0	0	-1	5
724	0	0	0	0	-1	5
725	764	765	5	0.0655	-3	5.83333333333333
726	766	767	7	34.5	-3	5.34375
727	768	769	3	0.185	-3	5
728	770	771	5	0.0925	-3	4.96428571428571
729	0	0	0	0	-1	6
730	772	773	3	0.11	-3	5.23529411764706
731	774	775	10	0.8	-3	5.03125
732	776	777	4	3.65	-3	5
733	0	0	0	0	-1	4
734	778	779	8	0	-3	5
735	780	781	7	72	-3	5.125
736	0	0	0	0	-1	5
737	0	0	0	0	-1	5.66666666666667
738	782	783	4	1.65	-3	6
739	784	785	7	63.5	-3	5.5
740	786	787	2	0.7775	-3	6
741	0	0	0	0	-1	5
742	0	0	0	0	-1	5.2
743	0	0	0	0	-1	6
744	0	0	0	0	-1	6
745	0	0	0	0	-1	6
746	0	0	0	0	-1	5
747	788	789	8	0	-3	5
748	0	0	0	0	-1	6
749	0	0	0	0	-1	5
750	0	0	0	0	-1	5
751	790	791	11	9.8	-3	5
752	792	793	9	3.435	-3	6
753	0	0	0	0	-1	6.5
754	794	795	3	0.125	-3	6
755	0	0	0	0	-1	6
756	796	797	6	14.5	-3	6
757	0	0	0	0	-1	6
758	0	0	0	0	-1	6.5
759	0	0	0	0	-1	6
760	0	0	0	0	-1	5
761	0	0	0	0	-1	5
762	0	0	0	0	-1	5
763	0	0	0	0	-1	5
764	0	0	0	0	-1	5
765	798	799	2	0.595	-3	5.88235294117647
766	800	801	6	9.5	-3	5.5
767	802	803	11	9.75	-3	5
768	0	0	0	0	-1	5
769	804	805	6	0	-3	5
770	806	807	2	0.69	-3	5.05555555555556
771	808	809	8	0.996795	-3	4.8
772	810	811	8	0	-3	5
773	812	813	6	23	-3	5.4
774	814	815	9	3.415	-3	5
775	816	817	5	0.079	-3	5.125
776	0	0	0	0	-1	5
777	0	0	0	0	-1	5
778	0	0	0	0	-1	6
779	818	819	11	9.8	-3	5
780	820	821	1	0	-3	5
781	0	0	0	0	-1	6
782	0	0	0	0	-1	6
783	822	823	2	0.555	-3	6
784	0	0	0	0	-1	5
785	0	0	0	0	-1	6
786	0	0	0	0	-1	6
787	0	0	0	0	-1	6
788	0	0	0	0	-1	6
789	0	0	0	0	-1	5
790	0	0	0	0	-1	5
791	0	0	0	0	-1	5
792	0	0	0	0	-1	6
793	0	0	0	0	-1	6
794	0	0	0	0	-1	6
795	0	0	0	0	-1	6
796	0	0	0	0	-1	6
797	824	825	4	1.85	-3	6
798	826	827	1	7.75	-3	6.125
799	828	829	1	7.2	-3	5.66666666666667
800	830	831	7	15.5	-3	5.3125
801	832	833	6	11	-3	6
802	834	835	6	0	-3	5
803	0	0	0	0	-1	5
804	0	0	0	0	-1	6
805	836	837	4	2.3	-3	5
806	0	0	0	0	-1	5.2
807	838	839	9	0	-3	5
808	840	841	5	3.365	-3	5
809	0	0	0	0	-1	4
810	0	0	0	0	-1	5
811	842	843	9	3.45	-3	5
812	844	845	7	68	-3	5.66666666666667
813	0	0	0	0	-1	5
814	0	0	0	0	-1	5
815	846	847	2	0	-3	5
816	0	0	0	0	-1	6
817	848	849	3	0	-3	5
818	850	851	5	0	-3	5
819	0	0	0	0	-1	5
820	0	0	0	0	-1	7
821	852	853	6	6.5	-3	5
822	0	0	0	0	-1	6
823	854	855	7	23.5	-3	6
824	0	0	0	0	-1	6
825	856	857	8	0.99525	-3	6
826	0	0	0	0	-1	6
827	0	0	0	0	-1	6.33333333333333
828	0	0	0	0	-1	6
829	0	0	0	0	-1	5.25
830	0	0	0	0	-1	5
831	858	859	8	0.99714	-3	5.5
832	0	0	0	0	-1	6
833	0	0	0	0	-1	6
834	0	0	0	0	-1	5
835	860	861	1	0	-3	5
836	0	0	0	0	-1	5
837	0	0	0	0	-1	5
838	0	0	0	0	-1	5
839	862	863	7	39.5	-3	5
840	864	865	6	0	-3	5
841	0	0	0	0	-1	5
842	0	0	0	0	-1	5
843	0	0	0	0	-1	5
844	0	0	0	0	-1	6
845	0	0	0	0	-1	5
846	0	0	0	0	-1	5
847	866	867	1	0	-3	5
848	0	0	0	0	-1	6
849	0	0	0	0	-1	5
850	0	0	0	0	-1	6
851	868	869	11	9.55	-3	5
852	0	0	0	0	-1	5
853	0	0	0	0	-1	5
854	0	0	0	0	-1	6
855	0	0	0	0	-1	6
856	870	871	7	52.5	-3	6
857	0	0	0	0	-1	6
858	0	0	0	0	-1	5.2
859	0	0	0	0	-1	5.8
860	0	0	0	0	-1	5
861	0	0	0	0	-1	5
862	0	0	0	0	-1	5
863	872	873	3	0	-3	5
864	0	0	0	0	-1	6
865	874	875	8	3.17	-3	5
866	0	0	0	0	-1	6
867	0	0	0	0	-1	5
868	876	877	7	0	-3	5
869	0	0	0	0	-1	5
870	878	879	7	49	-3	6
871	0	0	0	0	-1	6
872	0	0	0	0	-1	5
873	880	881	5	0.068	-3	5
874	0	0	0	0	-1	5
875	0	0	0	0	-1	5
876	0	0	0	0	-1	6
877	882	883	7	0.525	-3	5
878	884	885	4	2.05	-3	6
879	0	0	0	0	-1	6
880	0	0	0	0	-1	5
881	0	0	0	0	-1	5
882	0	0	0	0	-1	7
883	0	0	0	0	-1	5
884	0	0	0	0	-1	6
885	0	0	0	0	-1	6
