1	2	3	10	0.645	-3	5.64665415884928
2	4	5	10	0.585	-3	5.40818584070796
3	6	7	11	10.75	-3	5.9568345323741
4	8	9	2	0.305	-3	5.29482758620689
5	10	11	11	11.55	-3	5.61111111111111
6	12	13	2	0.5475	-3	5.61832061068702
7	14	15	1	7.35	-3	6.39735099337748
8	16	17	2	0.2975	-3	6.19230769230769
9	18	19	11	10.35	-3	5.25270758122743
10	20	21	6	4.5	-3	5.49812734082397
11	22	23	4	2.625	-3	6.14035087719298
12	24	25	1	11.55	-3	5.85531914893617
13	26	27	10	1	-3	5.26582278481013
14	28	29	8	0.9963	-3	6.09411764705882
15	30	31	8	0.99532	-3	6.51612903225806
16	32	33	8	0.99585	-3	6.04545454545455
17	0	0	0	0	-1	7
18	34	35	8	1.0007	-3	5.12096774193548
19	36	37	6	39.5	-3	5.52197802197802
20	38	39	8	0.99606	-3	5
21	40	41	7	74.5	-3	5.53629032258065
22	42	43	4	1.95	-3	5.92857142857143
23	44	45	9	3.315	-3	6.73333333333333
24	46	47	7	57.5	-3	5.74874371859297
25	48	49	8	0.99805	-3	6.44444444444444
26	50	51	7	46.5	-3	5.3739837398374
27	52	53	10	1.13	-3	4.88571428571429
28	54	55	2	0.7975	-3	6.21052631578947
29	56	57	7	24.5	-3	5.11111111111111
30	58	59	5	0.0795	-3	6.88235294117647
31	60	61	8	1.0016	-3	6.40361445783132
32	62	63	9	3.18	-3	6.27777777777778
33	0	0	0	0	-1	5
34	64	65	7	24.5	-3	5.13243243243243
35	0	0	0	0	-1	3
36	66	67	11	11.55	-3	5.53888888888889
37	0	0	0	0	-1	4
38	0	0	0	0	-1	4
39	68	69	2	0.345	-3	5.35714285714286
40	70	71	4	5.575	-3	5.60280373831776
41	72	73	5	0.104	-3	5.11764705882353
42	74	75	10	0.61	-3	6.83333333333333
43	76	77	8	0.99376	-3	5.77777777777778
44	78	79	4	4.1	-3	7
45	0	0	0	0	-1	6
46	80	81	4	4.8	-3	5.86092715231788
47	82	83	10	0.705	-3	5.39583333333333
48	84	85	2	0.4425	-3	6.77777777777778
49	86	87	1	14.65	-3	6.11111111111111
50	88	89	1	9.05	-3	5.51315789473684
51	90	91	5	0.081	-3	5.14893617021277
52	92	93	5	0.0985	-3	4.54545454545454
53	94	95	5	0.4075	-3	5.04166666666667
54	96	97	10	0.715	-3	6.26027397260274
55	0	0	0	0	-1	5
56	0	0	0	0	-1	7
57	98	99	8	0.9967	-3	4.875
58	100	101	11	11.25	-3	6.95833333333333
59	0	0	0	0	-1	5.66666666666667
60	102	103	4	2.175	-3	6.43670886075949
61	104	105	10	0.71	-3	5.75
62	0	0	0	0	-1	6
63	106	107	1	8.4	-3	6.55555555555556
64	108	109	1	7.25	-3	4.9493670886076
65	110	111	3	0.245	-3	5.18213058419244
66	112	113	11	10.85	-3	5.42537313432836
67	114	115	7	9	-3	5.8695652173913
68	0	0	0	0	-1	6
69	116	117	10	0.615	-3	5.1
70	118	119	7	13.5	-3	5.58173076923077
71	120	121	4	7.4	-3	6.33333333333333
72	122	123	5	0.0785	-3	5.2
73	0	0	0	0	-1	4.5
74	0	0	0	0	-1	6
75	0	0	0	0	-1	7.66666666666667
76	124	125	5	0.0535	-3	5.33333333333333
77	126	127	8	0.9965	-3	5.92592592592593
78	128	129	10	0.61	-3	7
79	0	0	0	0	-1	7
80	130	131	11	9.95	-3	5.82876712328767
81	0	0	0	0	-1	6.8
82	132	133	7	85.5	-3	5.8
83	134	135	9	2.835	-3	5.21212121212121
84	0	0	0	0	-1	7
85	136	137	6	14.5	-3	6.33333333333333
86	138	139	9	3.045	-3	6
87	0	0	0	0	-1	7
88	140	141	1	6.95	-3	5.37704918032787
89	142	143	4	4.3	-3	6.06666666666667
90	144	145	3	0.155	-3	5.54545454545455
91	146	147	3	0.02	-3	5.02777777777778
92	0	0	0	0	-1	4
93	0	0	0	0	-1	5
94	148	149	7	58	-3	5
95	0	0	0	0	-1	5.2
96	150	151	11	10.95	-3	6
97	152	153	7	46	-3	6.44186046511628
98	0	0	0	0	-1	5
99	0	0	0	0	-1	4
100	154	155	2	0.43	-3	6
101	156	157	1	7.95	-3	7.0952380952381
102	158	159	2	0.6675	-3	6.10526315789474
103	160	161	8	0.99726	-3	6.54166666666667
104	0	0	0	0	-1	6.2
105	0	0	0	0	-1	5
106	0	0	0	0	-1	6.2
107	0	0	0	0	-1	7
108	162	163	2	0.855	-3	4.60869565217391
109	164	165	11	9.75	-3	5.08928571428571
110	166	167	8	0.994825	-3	5.26842105263158
111	168	169	1	12.95	-3	5.01980198019802
112	170	171	7	13.5	-3	5.75
113	172	173	2	0.675	-3	5.12857142857143
114	174	175	10	0.54	-3	6.5
115	176	177	4	6.25	-3	5.775
116	0	0	0	0	-1	5.25
117	0	0	0	0	-1	5
118	178	179	1	7.55	-3	5
119	180	181	5	0.0765	-3	5.60804020100502
120	0	0	0	0	-1	7
121	0	0	0	0	-1	6
122	182	183	4	2.55	-3	5
123	184	185	2	0.44	-3	5.3
124	0	0	0	0	-1	5
125	0	0	0	0	-1	6
126	186	187	7	14.5	-3	6.04166666666667
127	0	0	0	0	-1	5
128	0	0	0	0	-1	7
129	0	0	0	0	-1	7
130	188	189	5	0.0865	-3	5.63291139240506
131	190	191	3	0.345	-3	6.05970149253731
132	192	193	1	6.85	-3	6
133	0	0	0	0	-1	5
134	0	0	0	0	-1	4
135	194	195	4	2.25	-3	5.25
136	0	0	0	0	-1	6
137	0	0	0	0	-1	7
138	0	0	0	0	-1	5.33333333333333
139	196	197	5	0.0985	-3	6.15384615384615
140	198	199	3	0.03	-3	5.1
141	200	201	9	3.32	-3	5.51219512195122
142	202	203	4	2.45	-3	5.92307692307692
143	0	0	0	0	-1	7
144	0	0	0	0	-1	5
145	204	205	1	8.6	-3	6
146	0	0	0	0	-1	5.33333333333333
147	206	207	9	3.28	-3	5
148	208	209	1	0	-3	5
149	0	0	0	0	-1	5
150	0	0	0	0	-1	5.75
151	210	211	3	0.125	-3	6.03846153846154
152	212	213	2	0.43	-3	6.625
153	214	215	6	19	-3	6.21052631578947
154	0	0	0	0	-1	6.5
155	0	0	0	0	-1	5
156	216	217	2	0.32	-3	7.57142857142857
157	218	219	1	8.05	-3	7
158	220	221	3	0.475	-3	6.2
159	0	0	0	0	-1	5
160	222	223	8	0.99721	-3	6.41095890410959
161	224	225	10	0.895	-3	6.74468085106383
162	226	227	8	0.997045	-3	4.76190476190476
163	0	0	0	0	-1	3
164	228	229	3	0.015	-3	5.02127659574468
165	230	231	2	0.8075	-3	5.44444444444444
166	0	0	0	0	-1	4.33333333333333
167	232	233	5	0.062	-3	5.28342245989305
168	234	235	7	63.5	-3	4.98969072164949
169	0	0	0	0	-1	5.75
170	236	237	9	3.34	-3	4.875
171	238	239	7	21	-3	5.875
172	240	241	8	0.995155	-3	5.42222222222222
173	242	243	7	32.5	-3	4.6
174	0	0	0	0	-1	6
175	0	0	0	0	-1	7
176	244	245	6	29.5	-3	5.86486486486486
177	0	0	0	0	-1	4.66666666666667
178	0	0	0	0	-1	4
179	246	247	5	0.1055	-3	5.28571428571429
180	248	249	3	0.525	-3	5.33898305084746
181	250	251	11	10.35	-3	5.72142857142857
182	0	0	0	0	-1	5
183	0	0	0	0	-1	5
184	0	0	0	0	-1	6
185	252	253	8	0.998175	-3	5.22222222222222
186	0	0	0	0	-1	7
187	254	255	5	0.0795	-3	5.90476190476191
188	256	257	8	0.996455	-3	5.87755102040816
189	258	259	4	1.55	-3	5.23333333333333
190	260	261	10	1.015	-3	6.37931034482759
191	262	263	3	0.62	-3	5.81578947368421
192	0	0	0	0	-1	6
193	264	265	6	19	-3	6
194	266	267	7	64.5	-3	5.5
195	268	269	5	0.0855	-3	5.1
196	270	271	10	1.09	-3	6.08333333333333
197	0	0	0	0	-1	7
198	272	273	4	1.85	-3	5
199	274	275	10	0.655	-3	5.25
200	276	277	4	2.2	-3	5.09090909090909
201	278	279	7	29.5	-3	5.66666666666667
202	0	0	0	0	-1	5.66666666666667
203	280	281	7	31.5	-3	6
204	0	0	0	0	-1	6
205	0	0	0	0	-1	6
206	282	283	9	3.2	-3	5
207	284	285	8	0	-3	5
208	0	0	0	0	-1	5
209	286	287	9	0	-3	5
210	288	289	7	38	-3	6.09090909090909
211	290	291	8	0.995875	-3	6
212	292	293	5	0.0775	-3	6.86666666666667
213	294	295	5	0.0705	-3	6.22222222222222
214	0	0	0	0	-1	7
215	296	297	7	56.5	-3	6.11764705882353
216	0	0	0	0	-1	7
217	0	0	0	0	-1	8
218	0	0	0	0	-1	6
219	298	299	9	3.22	-3	7.02941176470588
220	300	301	10	0.92	-3	6.33333333333333
221	302	303	8	0.99729	-3	6
222	304	305	5	0.058	-3	6.45070422535211
223	0	0	0	0	-1	5
224	306	307	7	39	-3	6.875
225	308	309	3	0	-3	6
226	310	311	3	0.18	-3	4.88235294117647
227	0	0	0	0	-1	4.25
228	312	313	8	0.99857	-3	5.25
229	314	315	10	0.455	-3	4.97435897435898
230	316	317	5	0.0935	-3	5.625
231	0	0	0	0	-1	4
232	0	0	0	0	-1	3
233	318	319	7	39.5	-3	5.29569892473118
234	320	321	7	41.5	-3	4.75
235	322	323	4	2.15	-3	5.08695652173913
236	0	0	0	0	-1	4.5
237	324	325	5	0.114	-3	5
238	326	327	7	17.5	-3	6.2
239	328	329	5	0.0895	-3	5.75609756097561
240	330	331	4	1.85	-3	5.69230769230769
241	332	333	10	0.555	-3	5.05263157894737
242	334	335	6	4.5	-3	4.45
243	0	0	0	0	-1	5.2
244	336	337	9	3.51	-3	5.8
245	0	0	0	0	-1	7
246	0	0	0	0	-1	5
247	0	0	0	0	-1	6
248	338	339	8	0.996435	-3	5.27777777777778
249	0	0	0	0	-1	6
250	340	341	3	0.145	-3	5.60714285714286
251	342	343	9	3.465	-3	5.89285714285714
252	344	345	9	3.305	-3	5.44444444444444
253	346	347	4	2.85	-3	5
254	348	349	3	0.405	-3	6
255	0	0	0	0	-1	5.6
256	350	351	4	1.9	-3	5.4
257	352	353	8	0.9991	-3	6
258	0	0	0	0	-1	3
259	354	355	4	2.15	-3	5.39285714285714
260	356	357	10	0.66	-3	6.25925925925926
261	0	0	0	0	-1	8
262	358	359	6	6.5	-3	5.86111111111111
263	0	0	0	0	-1	5
264	0	0	0	0	-1	6
265	0	0	0	0	-1	6
266	0	0	0	0	-1	5
267	360	361	11	9.65	-3	5.75
268	0	0	0	0	-1	5
269	362	363	1	8.1	-3	5.28571428571429
270	364	365	11	9.75	-3	6
271	0	0	0	0	-1	7
272	0	0	0	0	-1	5
273	366	367	10	0	-3	5
274	0	0	0	0	-1	6
275	368	369	9	3.555	-3	5
276	370	371	11	9.8	-3	5
277	0	0	0	0	-1	6
278	372	373	4	2.5	-3	5.94444444444444
279	374	375	9	3.475	-3	5.25
280	0	0	0	0	-1	6
281	376	377	6	16	-3	6
282	378	379	2	0	-3	5
283	380	381	4	3.05	-3	5
284	0	0	0	0	-1	5
285	382	383	5	0.095	-3	5
286	0	0	0	0	-1	5
287	384	385	1	7.55	-3	5
288	0	0	0	0	-1	6.25
289	386	387	1	6.4	-3	6
290	0	0	0	0	-1	6
291	0	0	0	0	-1	6
292	388	389	10	0	-3	7
293	0	0	0	0	-1	6
294	0	0	0	0	-1	6.66666666666667
295	390	391	8	0.99506	-3	6
296	392	393	11	11.55	-3	6.28571428571429
297	0	0	0	0	-1	6
298	0	0	0	0	-1	7.5
299	394	395	2	0.415	-3	7
300	396	397	8	0.99591	-3	6.17647058823529
301	0	0	0	0	-1	7
302	398	399	8	0.52	-3	6
303	400	401	9	0	-3	6
304	0	0	0	0	-1	5
305	402	403	6	10.5	-3	6.49275362318841
306	404	405	7	36	-3	7.06896551724138
307	406	407	8	0.99915	-3	6.36363636363636
308	0	0	0	0	-1	5
309	408	409	2	0.33	-3	6
310	410	411	7	6.65	-3	5
311	0	0	0	0	-1	4.5
312	412	413	10	3.395	-3	5
313	0	0	0	0	-1	6
314	414	415	9	3.26	-3	4.875
315	416	417	3	0.105	-3	5
316	418	419	11	9.85	-3	5.85714285714286
317	0	0	0	0	-1	4
318	420	421	9	3.375	-3	5.46153846153846
319	422	423	9	3.545	-3	5.23134328358209
320	424	425	7	39.5	-3	5.16666666666667
321	426	427	1	10.2	-3	4.4375
322	428	429	11	9.65	-3	5.20689655172414
323	430	431	3	0.275	-3	5
324	0	0	0	0	-1	5
325	0	0	0	0	-1	5
326	432	433	6	4.5	-3	5.9
327	0	0	0	0	-1	6.8
328	434	435	4	2.75	-3	5.84375
329	436	437	9	3.275	-3	5.44444444444444
330	438	439	9	3.585	-3	5.28571428571429
331	440	441	2	0.41	-3	6.16666666666667
332	442	443	10	0.54	-3	5.57142857142857
333	444	445	8	0.99592	-3	4.75
334	0	0	0	0	-1	5
335	446	447	2	0.81	-3	4.21428571428571
336	448	449	8	0.99334	-3	5.96
337	450	451	4	2.85	-3	5.4
338	452	453	3	0.055	-3	5.45454545454545
339	454	455	1	6.55	-3	5.15625
340	456	457	8	0.9959	-3	5.33333333333333
341	458	459	9	3.165	-3	5.73684210526316
342	460	461	9	3.06	-3	5.96
343	462	463	11	10.45	-3	5.33333333333333
344	464	465	5	0.0935	-3	5.16666666666667
345	0	0	0	0	-1	6
346	466	467	5	0	-3	5
347	0	0	0	0	-1	5
348	0	0	0	0	-1	6
349	0	0	0	0	-1	6
350	0	0	0	0	-1	5
351	0	0	0	0	-1	6
352	468	469	11	9.65	-3	6.02777777777778
353	0	0	0	0	-1	5.66666666666667
354	470	471	5	0.355	-3	5.52380952380952
355	472	473	4	0	-3	5
356	0	0	0	0	-1	7
357	474	475	10	0.845	-3	6.1304347826087
358	476	477	4	3.35	-3	5.5
359	478	479	7	20	-3	5.96428571428571
360	0	0	0	0	-1	5
361	0	0	0	0	-1	6.2
362	0	0	0	0	-1	6
363	0	0	0	0	-1	5
364	0	0	0	0	-1	6
365	480	481	10	0.775	-3	6
366	0	0	0	0	-1	6
367	0	0	0	0	-1	5
368	0	0	0	0	-1	5
369	0	0	0	0	-1	5
370	482	483	4	1.85	-3	5
371	0	0	0	0	-1	5
372	484	485	8	0.99567	-3	6
373	0	0	0	0	-1	5
374	0	0	0	0	-1	6
375	486	487	11	9.75	-3	5
376	0	0	0	0	-1	6
377	0	0	0	0	-1	6
378	0	0	0	0	-1	5
379	488	489	4	1.85	-3	5
380	490	491	4	2.5	-3	5
381	0	0	0	0	-1	5
382	0	0	0	0	-1	5
383	0	0	0	0	-1	5
384	0	0	0	0	-1	5
385	492	493	10	0	-3	5
386	0	0	0	0	-1	6
387	0	0	0	0	-1	6
388	0	0	0	0	-1	6
389	494	495	4	2.05	-3	7
390	0	0	0	0	-1	6
391	0	0	0	0	-1	6
392	0	0	0	0	-1	6
393	0	0	0	0	-1	7
394	496	497	9	3.235	-3	6.96774193548387
395	0	0	0	0	-1	8
396	0	0	0	0	-1	6.66666666666667
397	498	499	5	0.094	-3	6.07142857142857
398	0	0	0	0	-1	6
399	500	501	5	0.0525	-3	6
400	0	0	0	0	-1	7
401	502	503	5	0.1125	-3	6
402	504	505	3	0.575	-3	6.78787878787879
403	506	507	8	0.99709	-3	6.22222222222222
404	508	509	2	0.43	-3	6.96153846153846
405	0	0	0	0	-1	8
406	0	0	0	0	-1	6.8
407	510	511	11	11.45	-3	6
408	0	0	0	0	-1	6
409	0	0	0	0	-1	6
410	0	0	0	0	-1	6
411	512	513	5	0.072	-3	5
412	0	0	0	0	-1	5
413	0	0	0	0	-1	5
414	514	515	7	0	-3	5
415	0	0	0	0	-1	4
416	0	0	0	0	-1	5
417	0	0	0	0	-1	5
418	0	0	0	0	-1	5.5
419	0	0	0	0	-1	6
420	516	517	3	0.11	-3	5.57142857142857
421	518	519	4	3.5	-3	5
422	520	521	6	8.5	-3	5.20769230769231
423	0	0	0	0	-1	6
424	522	523	2	0.37	-3	5
425	0	0	0	0	-1	6
426	524	525	2	0.565	-3	4.58333333333333
427	0	0	0	0	-1	4
428	0	0	0	0	-1	5
429	526	527	6	20.5	-3	5.5
430	528	529	11	0	-3	5
431	0	0	0	0	-1	5
432	0	0	0	0	-1	5
433	0	0	0	0	-1	6
434	530	531	3	0.14	-3	5.89285714285714
435	0	0	0	0	-1	5.5
436	0	0	0	0	-1	5
437	0	0	0	0	-1	5.8
438	532	533	8	0.99397	-3	5.44444444444444
439	0	0	0	0	-1	5
440	0	0	0	0	-1	7
441	534	535	10	0.555	-3	6
442	0	0	0	0	-1	5
443	0	0	0	0	-1	6
444	0	0	0	0	-1	4
445	536	537	10	0	-3	5
446	538	539	4	3.25	-3	4.66666666666667
447	540	541	5	0.0835	-3	3.875
448	542	543	8	0.99287	-3	5.71428571428571
449	544	545	11	11.85	-3	6.05555555555556
450	546	547	2	0.7	-3	5.14285714285714
451	0	0	0	0	-1	6
452	548	549	7	24.5	-3	5.85714285714286
453	550	551	6	17	-3	5.26666666666667
454	0	0	0	0	-1	6
455	552	553	4	1.45	-3	5.1
456	0	0	0	0	-1	6
457	554	555	9	3.33	-3	5.18181818181818
458	556	557	6	9.65	-3	5
459	558	559	3	0.165	-3	5.8936170212766
460	0	0	0	0	-1	5
461	560	561	9	3.195	-3	5.97959183673469
462	0	0	0	0	-1	5
463	0	0	0	0	-1	6
464	0	0	0	0	-1	5
465	0	0	0	0	-1	5.5
466	0	0	0	0	-1	7
467	0	0	0	0	-1	5
468	562	563	5	0.083	-3	6
469	564	565	2	0.37	-3	6.125
470	566	567	2	0.415	-3	5.71428571428571
471	568	569	7	35	-3	5.14285714285714
472	0	0	0	0	-1	5
473	570	571	6	7.5	-3	5
474	572	573	4	1.85	-3	6.05263157894737
475	0	0	0	0	-1	6.5
476	0	0	0	0	-1	5.2
477	0	0	0	0	-1	6
478	0	0	0	0	-1	7
479	574	575	10	0.7	-3	5.92592592592593
480	0	0	0	0	-1	6
481	0	0	0	0	-1	6
482	0	0	0	0	-1	5
483	0	0	0	0	-1	5
484	0	0	0	0	-1	7
485	576	577	11	9.7	-3	5.9375
486	0	0	0	0	-1	5
487	578	579	2	0	-3	5
488	0	0	0	0	-1	5
489	580	581	6	11.5	-3	5
490	582	583	6	0	-3	5
491	0	0	0	0	-1	5
492	0	0	0	0	-1	5
493	0	0	0	0	-1	5
494	0	0	0	0	-1	7
495	584	585	7	0.73	-3	7
496	0	0	0	0	-1	6
497	586	587	4	0	-3	7
498	588	589	4	1.65	-3	6
499	0	0	0	0	-1	6.5
500	0	0	0	0	-1	6
501	0	0	0	0	-1	6
502	0	0	0	0	-1	6
503	0	0	0	0	-1	6
504	590	591	10	0.66	-3	6.92
505	592	593	6	8	-3	6.375
506	594	595	3	0.15	-3	6.16129032258065
507	0	0	0	0	-1	6.6
508	596	597	4	6.1	-3	7.0625
509	598	599	3	0.7	-3	6.8
510	0	0	0	0	-1	6
511	0	0	0	0	-1	6
512	0	0	0	0	-1	5
513	0	0	0	0	-1	5
514	0	0	0	0	-1	6
515	0	0	0	0	-1	5
516	600	601	6	20.5	-3	5.83333333333333
517	602	603	4	2.25	-3	5.375
518	604	605	11	9.8	-3	5.25
519	0	0	0	0	-1	4
520	0	0	0	0	-1	6
521	606	607	2	0.405	-3	5.1953125
522	0	0	0	0	-1	5
523	0	0	0	0	-1	5
524	608	609	5	0	-3	5
525	0	0	0	0	-1	4
526	610	611	7	95.5	-3	5.75
527	0	0	0	0	-1	5
528	0	0	0	0	-1	5
529	612	613	6	33	-3	5
530	614	615	8	0.99354	-3	6
531	616	617	6	15	-3	5.7
532	618	619	11	11.45	-3	5.14285714285714
533	0	0	0	0	-1	6.5
534	0	0	0	0	-1	6.5
535	620	621	1	6.15	-3	5.875
536	0	0	0	0	-1	5
537	622	623	5	0.1065	-3	5
538	0	0	0	0	-1	5
539	0	0	0	0	-1	4
540	0	0	0	0	-1	4
541	0	0	0	0	-1	3.66666666666667
542	0	0	0	0	-1	6
543	0	0	0	0	-1	5
544	0	0	0	0	-1	6.2
545	624	625	5	0.0615	-3	6
546	0	0	0	0	-1	5
547	0	0	0	0	-1	6
548	626	627	8	0.994875	-3	6
549	0	0	0	0	-1	5
550	0	0	0	0	-1	5.6
551	628	629	6	34.5	-3	5.1
552	0	0	0	0	-1	4
553	630	631	2	0.425	-3	5.13793103448276
554	632	633	1	8.05	-3	5.4
555	634	635	2	0.665	-3	5
556	0	0	0	0	-1	5
557	636	637	1	10.8	-3	5
558	0	0	0	0	-1	6.5
559	638	639	9	3.535	-3	5.83720930232558
560	640	641	9	3.14	-3	6.125
561	642	643	6	7.5	-3	5.95121951219512
562	644	645	7	29.5	-3	6
563	0	0	0	0	-1	6
564	646	647	8	0.9985	-3	6
565	0	0	0	0	-1	6.5
566	648	649	11	9.35	-3	6
567	650	651	4	1.7	-3	5.5
568	0	0	0	0	-1	6
569	0	0	0	0	-1	5
570	0	0	0	0	-1	5
571	0	0	0	0	-1	5
572	0	0	0	0	-1	6.25
573	652	653	3	0.155	-3	6
574	654	655	1	9.5	-3	5.42857142857143
575	656	657	6	9.5	-3	6.1
576	658	659	1	7.1	-3	6
577	660	661	1	7.2	-3	5.85714285714286
578	0	0	0	0	-1	5
579	662	663	3	0	-3	5
580	0	0	0	0	-1	5
581	664	665	10	0	-3	5
582	0	0	0	0	-1	5
583	666	667	11	1.9	-3	5
584	0	0	0	0	-1	7
585	668	669	11	11.95	-3	7
586	0	0	0	0	-1	5
587	0	0	0	0	-1	7
588	0	0	0	0	-1	6
589	670	671	9	3.245	-3	6
590	0	0	0	0	-1	7.5
591	672	673	7	21.5	-3	6.8695652173913
592	0	0	0	0	-1	6
593	0	0	0	0	-1	7
594	0	0	0	0	-1	7
595	674	675	11	11.15	-3	6.13333333333333
596	676	677	3	0	-3	7
597	0	0	0	0	-1	8
598	678	679	2	0.485	-3	6.88888888888889
599	0	0	0	0	-1	6
600	680	681	8	0.99574	-3	5.88235294117647
601	0	0	0	0	-1	5
602	682	683	9	3.22	-3	5.25
603	0	0	0	0	-1	6
604	0	0	0	0	-1	5
605	0	0	0	0	-1	5.66666666666667
606	684	685	7	85.5	-3	5.69230769230769
607	686	687	11	9.35	-3	5.13913043478261
608	0	0	0	0	-1	5
609	0	0	0	0	-1	5
610	688	689	1	7.45	-3	6
611	0	0	0	0	-1	5
612	690	691	7	66	-3	5
613	0	0	0	0	-1	5
614	0	0	0	0	-1	6
615	0	0	0	0	-1	6
616	0	0	0	0	-1	5.25
617	692	693	6	22.5	-3	6
618	0	0	0	0	-1	5
619	0	0	0	0	-1	6
620	0	0	0	0	-1	5
621	694	695	1	0	-3	6
622	0	0	0	0	-1	5
623	0	0	0	0	-1	5
624	0	0	0	0	-1	6
625	696	697	1	6.8	-3	6
626	0	0	0	0	-1	6
627	0	0	0	0	-1	6
628	0	0	0	0	-1	5
629	0	0	0	0	-1	6
630	0	0	0	0	-1	6
631	698	699	6	7.5	-3	5.03846153846154
632	700	701	11	9.9	-3	5.25
633	0	0	0	0	-1	6
634	0	0	0	0	-1	5
635	0	0	0	0	-1	5
636	0	0	0	0	-1	5
637	0	0	0	0	-1	5
638	702	703	10	0.635	-3	5.8780487804878
639	0	0	0	0	-1	5
640	704	705	9	0	-3	6
641	0	0	0	0	-1	7
642	0	0	0	0	-1	5.6
643	706	707	11	11.1	-3	6
644	708	709	3	0.385	-3	6
645	0	0	0	0	-1	6
646	0	0	0	0	-1	6
647	0	0	0	0	-1	6
648	0	0	0	0	-1	6
649	0	0	0	0	-1	6
650	0	0	0	0	-1	5
651	710	711	2	0.535	-3	5.66666666666667
652	712	713	8	0.9951	-3	6
653	0	0	0	0	-1	6
654	0	0	0	0	-1	5
655	0	0	0	0	-1	6
656	0	0	0	0	-1	7
657	714	715	8	0.99855	-3	6.05263157894737
658	0	0	0	0	-1	6
659	0	0	0	0	-1	6
660	0	0	0	0	-1	5
661	716	717	9	3.475	-3	6
662	0	0	0	0	-1	5
663	0	0	0	0	-1	5
664	0	0	0	0	-1	6
665	718	719	7	129	-3	5
666	0	0	0	0	-1	5
667	0	0	0	0	-1	5
668	0	0	0	0	-1	7
669	0	0	0	0	-1	7
670	0	0	0	0	-1	6
671	0	0	0	0	-1	6
672	720	721	10	0.85	-3	6.95
673	0	0	0	0	-1	6.33333333333333
674	722	723	7	58	-3	6
675	724	725	7	57.5	-3	6.22222222222222
676	0	0	0	0	-1	6
677	726	727	1	0	-3	7
678	0	0	0	0	-1	6
679	728	729	3	0.665	-3	7.14285714285714
680	0	0	0	0	-1	5
681	730	731	10	0.52	-3	5.9375
682	732	733	9	3.18	-3	5.57142857142857
683	734	735	5	0.076	-3	5.07692307692308
684	736	737	10	0.56	-3	5.81818181818182
685	0	0	0	0	-1	5
686	738	739	7	43	-3	4.96969696969697
687	740	741	3	0.105	-3	5.20731707317073
688	0	0	0	0	-1	6
689	0	0	0	0	-1	6
690	0	0	0	0	-1	5
691	742	743	7	0	-3	5
692	0	0	0	0	-1	6
693	0	0	0	0	-1	6
694	0	0	0	0	-1	5
695	744	745	5	0.062	-3	6
696	0	0	0	0	-1	6
697	0	0	0	0	-1	6
698	0	0	0	0	-1	5.2
699	746	747	7	60.5	-3	5
700	0	0	0	0	-1	5
701	0	0	0	0	-1	5.66666666666667
702	748	749	3	0.48	-3	5.94594594594595
703	0	0	0	0	-1	5.25
704	0	0	0	0	-1	7
705	750	751	2	0.44	-3	6
706	752	753	10	0.595	-3	6
707	754	755	1	8.55	-3	6
708	756	757	4	1.65	-3	6
709	758	759	4	1.8	-3	6
710	0	0	0	0	-1	5.33333333333333
711	0	0	0	0	-1	6
712	0	0	0	0	-1	6
713	0	0	0	0	-1	6
714	760	761	6	0.305	-3	6
715	0	0	0	0	-1	7
716	0	0	0	0	-1	6
717	0	0	0	0	-1	6
718	0	0	0	0	-1	5
719	0	0	0	0	-1	5
720	762	763	3	0	-3	7
721	0	0	0	0	-1	6.75
722	0	0	0	0	-1	6
723	0	0	0	0	-1	6
724	764	765	8	0.995785	-3	6.30769230769231
725	0	0	0	0	-1	6
726	0	0	0	0	-1	6
727	0	0	0	0	-1	7
728	766	767	10	0.675	-3	7
729	0	0	0	0	-1	8
730	0	0	0	0	-1	5.66666666666667
731	768	769	5	0.0695	-3	6
732	0	0	0	0	-1	5
733	0	0	0	0	-1	6
734	770	771	11	0	-3	5
735	0	0	0	0	-1	5.25
736	772	773	3	0.155	-3	6
737	0	0	0	0	-1	5
738	0	0	0	0	-1	4
739	774	775	4	4	-3	5
740	776	777	2	0.6325	-3	5.04878048780488
741	778	779	4	3.45	-3	5.36585365853659
742	0	0	0	0	-1	5
743	780	781	8	0.99781	-3	5
744	0	0	0	0	-1	6
745	0	0	0	0	-1	6
746	0	0	0	0	-1	5
747	0	0	0	0	-1	5
748	782	783	2	0.8125	-3	5.97222222222222
749	0	0	0	0	-1	5
750	0	0	0	0	-1	6
751	0	0	0	0	-1	6
752	0	0	0	0	-1	6
753	784	785	2	1.000625	-3	6
754	786	787	5	0.44	-3	6
755	0	0	0	0	-1	6
756	0	0	0	0	-1	6
757	788	789	10	0.69	-3	6
758	0	0	0	0	-1	6
759	790	791	4	2.8	-3	6
760	0	0	0	0	-1	7
761	792	793	8	0.99845	-3	6
762	0	0	0	0	-1	6
763	0	0	0	0	-1	7
764	0	0	0	0	-1	7
765	794	795	6	11.5	-3	6.18181818181818
766	0	0	0	0	-1	7
767	0	0	0	0	-1	7
768	0	0	0	0	-1	6
769	796	797	7	28	-3	6
770	0	0	0	0	-1	6
771	798	799	6	0	-3	5
772	0	0	0	0	-1	6
773	0	0	0	0	-1	6
774	800	801	9	3.295	-3	5
775	802	803	7	62.5	-3	5
776	804	805	2	0.625	-3	5.18181818181818
777	806	807	9	3.52	-3	5
778	808	809	9	3.32	-3	5.23333333333333
779	810	811	2	0.91	-3	5.72727272727273
780	0	0	0	0	-1	5
781	0	0	0	0	-1	5
782	812	813	4	2.35	-3	6.02941176470588
783	0	0	0	0	-1	5
784	814	815	6	9.5	-3	6
785	0	0	0	0	-1	6
786	816	817	4	2.25	-3	6
787	0	0	0	0	-1	6
788	0	0	0	0	-1	6
789	818	819	5	0.0735	-3	6
790	0	0	0	0	-1	6
791	0	0	0	0	-1	6
792	820	821	2	0.395	-3	6
793	0	0	0	0	-1	6
794	0	0	0	0	-1	7
795	822	823	8	0.99675	-3	6.1
796	0	0	0	0	-1	6
797	824	825	10	0.57	-3	6
798	0	0	0	0	-1	5
799	826	827	2	0	-3	5
800	828	829	2	0	-3	5
801	830	831	1	7.05	-3	5
802	0	0	0	0	-1	5
803	0	0	0	0	-1	5
804	832	833	1	6.75	-3	5
805	0	0	0	0	-1	5.66666666666667
806	834	835	2	0.6375	-3	5
807	0	0	0	0	-1	5
808	836	837	9	3.255	-3	5.30434782608696
809	0	0	0	0	-1	5
810	838	839	5	0.1025	-3	5.88888888888889
811	0	0	0	0	-1	5
812	840	841	8	0.99832	-3	6.05882352941176
813	842	843	8	0.99682	-3	6
814	0	0	0	0	-1	6
815	844	845	6	17.5	-3	6
816	0	0	0	0	-1	6
817	846	847	2	0.665	-3	6
818	0	0	0	0	-1	6
819	0	0	0	0	-1	6
820	848	849	11	10.05	-3	6
821	0	0	0	0	-1	6
822	0	0	0	0	-1	6
823	0	0	0	0	-1	6.5
824	0	0	0	0	-1	6
825	0	0	0	0	-1	6
826	0	0	0	0	-1	6
827	850	851	6	6	-3	5
828	0	0	0	0	-1	6
829	852	853	7	112.5	-3	5
830	0	0	0	0	-1	5
831	854	855	5	0	-3	5
832	0	0	0	0	-1	5
833	856	857	9	0	-3	5
834	0	0	0	0	-1	5
835	858	859	10	0.5	-3	5
836	860	861	5	0.078	-3	5.13333333333333
837	862	863	2	0.685	-3	5.625
838	0	0	0	0	-1	6
839	0	0	0	0	-1	5
840	864	865	11	10.1	-3	6
841	0	0	0	0	-1	6.25
842	0	0	0	0	-1	6
843	866	867	7	23	-3	6
844	868	869	3	0.095	-3	6
845	870	871	4	2.1	-3	6
846	0	0	0	0	-1	6
847	0	0	0	0	-1	6
848	0	0	0	0	-1	6
849	872	873	1	7.65	-3	6
850	0	0	0	0	-1	5
851	0	0	0	0	-1	5
852	874	875	5	0.0725	-3	5
853	0	0	0	0	-1	5
854	0	0	0	0	-1	6
855	0	0	0	0	-1	5
856	0	0	0	0	-1	5
857	0	0	0	0	-1	5
858	876	877	10	0.455	-3	5
859	878	879	10	0.525	-3	5
860	0	0	0	0	-1	5.5
861	880	881	2	0.54	-3	5
862	882	883	5	0.095	-3	5.71428571428571
863	0	0	0	0	-1	5
864	884	885	9	0	-3	6
865	0	0	0	0	-1	6
866	0	0	0	0	-1	6
867	0	0	0	0	-1	6
868	886	887	6	12.5	-3	6
869	0	0	0	0	-1	6
870	888	889	6	0	-3	6
871	0	0	0	0	-1	6
872	0	0	0	0	-1	6
873	0	0	0	0	-1	6
874	0	0	0	0	-1	5
875	0	0	0	0	-1	5
876	0	0	0	0	-1	5
877	890	891	6	0	-3	5
878	0	0	0	0	-1	5
879	892	893	9	0	-3	5
880	0	0	0	0	-1	5
881	894	895	6	0	-3	5
882	896	897	3	0.165	-3	5.83333333333333
883	0	0	0	0	-1	5
884	0	0	0	0	-1	5
885	898	899	2	0.35	-3	6
886	0	0	0	0	-1	6
887	0	0	0	0	-1	6
888	0	0	0	0	-1	5
889	900	901	3	0	-3	6
890	0	0	0	0	-1	5
891	0	0	0	0	-1	5
892	0	0	0	0	-1	6
893	902	903	1	0	-3	5
894	0	0	0	0	-1	6
895	0	0	0	0	-1	5
896	0	0	0	0	-1	6
897	0	0	0	0	-1	5.66666666666667
898	0	0	0	0	-1	6
899	904	905	11	0.0785	-3	6
900	0	0	0	0	-1	5
901	0	0	0	0	-1	6
902	0	0	0	0	-1	6
903	906	907	7	0	-3	5
904	0	0	0	0	-1	6
905	908	909	7	3.49	-3	6
906	0	0	0	0	-1	6
907	910	911	7	44	-3	5
908	0	0	0	0	-1	6
909	912	913	8	0.99758	-3	6
910	0	0	0	0	-1	5
911	914	915	5	0	-3	5
912	0	0	0	0	-1	6
913	0	0	0	0	-1	6
914	0	0	0	0	-1	5
915	916	917	8	0.99667	-3	5
916	0	0	0	0	-1	5
917	0	0	0	0	-1	5
