1	2	3	2	0.405	-3	5.65791119449656
2	4	5	11	9.95	-3	6.05909090909091
3	6	7	7	59.5	-3	5.50560828300259
4	8	9	7	83	-3	5.50877192982456
5	10	11	10	0.635	-3	6.25153374233129
6	12	13	2	0.6625	-3	5.62107904642409
7	14	15	8	0.99282	-3	5.25138121546961
8	16	17	1	12.45	-3	5.63541666666667
9	18	19	4	2.45	-3	4.83333333333333
10	20	21	9	3.42	-3	5.83177570093458
11	22	23	10	1.045	-3	6.45662100456621
12	24	25	11	11.45	-3	5.7427597955707
13	26	27	5	0.255	-3	5.28095238095238
14	28	29	11	11.375	-3	7.15384615384615
15	30	31	7	109.5	-3	5.18051575931232
16	32	33	10	0.585	-3	5.58695652173913
17	0	0	0	0	-1	6.75
18	34	35	3	0.41	-3	5
19	0	0	0	0	-1	4.25
20	36	37	6	33	-3	6.02352941176471
21	38	39	1	6.7	-3	5.09090909090909
22	40	41	10	0.925	-3	6.42723004694835
23	42	43	6	4.5	-3	7.5
24	44	45	9	3.475	-3	5.54643628509719
25	46	47	11	12.45	-3	6.4758064516129
26	48	49	11	11.45	-3	5.31707317073171
27	0	0	0	0	-1	3.8
28	0	0	0	0	-1	6
29	50	51	6	12.5	-3	7.25
30	52	53	3	0.715	-3	5.23636363636363
31	54	55	11	9.15	-3	4.97297297297297
32	56	57	9	3.355	-3	5.22222222222222
33	58	59	8	0.99635	-3	5.73846153846154
34	60	61	4	0	-3	5
35	0	0	0	0	-1	5
36	62	63	11	10.7	-3	5.97402597402597
37	64	65	5	0.058	-3	6.5
38	0	0	0	0	-1	6
39	66	67	2	0.345	-3	4.46153846153846
40	68	69	9	3.355	-3	6.47938144329897
41	70	71	1	8.05	-3	5.89473684210526
42	0	0	0	0	-1	8
43	0	0	0	0	-1	6.5
44	72	73	11	9.95	-3	5.58024691358025
45	74	75	10	0.68	-3	5.31034482758621
46	76	77	2	0.635	-3	6.31325301204819
47	78	79	8	0.99305	-3	6.80487804878049
48	80	81	4	3.05	-3	5.19298245614035
49	82	83	10	0.525	-3	5.94117647058824
50	0	0	0	0	-1	8
51	84	85	10	0.835	-3	7.1
52	86	87	2	0.7975	-3	5.21771217712177
53	0	0	0	0	-1	6.5
54	88	89	9	3.155	-3	4.75
55	90	91	1	8.35	-3	5
56	92	93	5	0.0585	-3	4.92307692307692
57	94	95	3	0.305	-3	5.5
58	0	0	0	0	-1	5
59	96	97	1	8.65	-3	5.8
60	0	0	0	0	-1	6
61	98	99	5	0.0735	-3	5
62	100	101	10	0.56	-3	5.52631578947368
63	102	103	5	0.0545	-3	6.12068965517241
64	0	0	0	0	-1	7
65	0	0	0	0	-1	6
66	0	0	0	0	-1	5
67	0	0	0	0	-1	4
68	104	105	7	29.5	-3	6.58196721311475
69	106	107	4	2.35	-3	6.30555555555556
70	108	109	2	0.34	-3	5.28571428571429
71	110	111	11	10.35	-3	6.25
72	112	113	11	8.55	-3	5.38020833333333
73	114	115	7	54.5	-3	5.76056338028169
74	116	117	5	0.1185	-3	5.12820512820513
75	118	119	4	2.05	-3	5.68421052631579
76	120	121	10	0.805	-3	6.24
77	122	123	8	0.9976	-3	7
78	124	125	9	3.265	-3	6.25
79	126	127	2	0.48	-3	6.93939393939394
80	128	129	8	0.99484	-3	5.26315789473684
81	130	131	3	0.525	-3	4.63157894736842
82	132	133	9	3.59	-3	5.22222222222222
83	134	135	4	4.25	-3	6.2
84	0	0	0	0	-1	7.5
85	136	137	5	0.043	-3	7
86	138	139	11	10.15	-3	5.26141078838174
87	140	141	4	3.75	-3	4.86666666666667
88	142	143	6	0	-3	5
89	0	0	0	0	-1	4
90	144	145	1	7.35	-3	5
91	146	147	10	0.77	-3	5
92	0	0	0	0	-1	4
93	148	149	11	9.55	-3	5
94	150	151	8	0.996865	-3	5.3
95	0	0	0	0	-1	6
96	152	153	8	0.9981	-3	5.94444444444444
97	154	155	9	3.38	-3	5.58333333333333
98	0	0	0	0	-1	5
99	0	0	0	0	-1	5
100	156	157	1	9.15	-3	5.7
101	158	159	9	3.285	-3	5.33333333333333
102	160	161	3	0.325	-3	5.66666666666667
103	162	163	3	0.395	-3	6.17307692307692
104	164	165	1	7.65	-3	6.74626865671642
105	166	167	7	79.5	-3	6.38181818181818
106	168	169	9	3.395	-3	6.43137254901961
107	170	171	7	15.5	-3	6
108	0	0	0	0	-1	5
109	0	0	0	0	-1	6
110	0	0	0	0	-1	6
111	0	0	0	0	-1	6.6
112	0	0	0	0	-1	3
113	172	173	5	0.0975	-3	5.39267015706806
114	174	175	6	30	-3	5.80612244897959
115	176	177	2	0.535	-3	5.23529411764706
116	178	179	2	0.57	-3	5.18918918918919
117	0	0	0	0	-1	4
118	180	181	6	7	-3	5.33333333333333
119	182	183	7	32	-3	6
120	184	185	9	3.245	-3	6.35714285714286
121	186	187	7	13.5	-3	5.89473684210526
122	0	0	0	0	-1	7
123	0	0	0	0	-1	7
124	0	0	0	0	-1	8
125	188	189	2	0.445	-3	6
126	190	191	5	0.0815	-3	6.42857142857143
127	192	193	7	47.5	-3	7.07692307692308
128	0	0	0	0	-1	4
129	194	195	4	2.15	-3	5.2972972972973
130	196	197	11	10.9	-3	4.5
131	0	0	0	0	-1	7
132	0	0	0	0	-1	5
133	0	0	0	0	-1	6
134	198	199	2	0.8	-3	6.30434782608696
135	0	0	0	0	-1	5
136	0	0	0	0	-1	7
137	200	201	3	0.04	-3	7
138	202	203	10	1.305	-3	5.16230366492147
139	204	205	2	0.5425	-3	5.64
140	206	207	5	0.078	-3	4.76
141	0	0	0	0	-1	5.4
142	0	0	0	0	-1	5
143	0	0	0	0	-1	5
144	0	0	0	0	-1	5
145	208	209	11	9.35	-3	5
146	210	211	4	2.25	-3	5
147	212	213	2	0	-3	5
148	214	215	11	59.5	-3	5
149	0	0	0	0	-1	5
150	216	217	8	0.995975	-3	5.5
151	0	0	0	0	-1	5
152	218	219	11	9.85	-3	5.97142857142857
153	0	0	0	0	-1	5
154	220	221	3	0.565	-3	5.63636363636364
155	0	0	0	0	-1	5
156	222	223	8	0.9951	-3	5.875
157	0	0	0	0	-1	5
158	224	225	3	0.365	-3	5
159	0	0	0	0	-1	6
160	0	0	0	0	-1	4
161	0	0	0	0	-1	6
162	226	227	6	6.5	-3	6.52941176470588
163	228	229	3	0.725	-3	6
164	0	0	0	0	-1	8
165	230	231	11	11.55	-3	6.66666666666667
166	232	233	3	0.56	-3	6.30612244897959
167	234	235	11	11.25	-3	7
168	236	237	10	0.74	-3	5.92857142857143
169	238	239	9	3.54	-3	6.62162162162162
170	0	0	0	0	-1	7
171	240	241	8	0.99869	-3	5.89473684210526
172	242	243	6	24	-3	5.49659863945578
173	244	245	4	1.55	-3	5.04545454545455
174	246	247	5	0.0695	-3	5.79381443298969
175	0	0	0	0	-1	7
176	248	249	11	10.25	-3	5
177	250	251	2	0.6	-3	5.57142857142857
178	252	253	9	3.56	-3	5.08333333333333
179	254	255	2	0.605	-3	5.38461538461539
180	0	0	0	0	-1	6
181	256	257	4	0	-3	5
182	258	259	2	0.63	-3	5.85714285714286
183	0	0	0	0	-1	6.33333333333333
184	260	261	4	2.3	-3	6.8
185	262	263	9	3.425	-3	6.19512195121951
186	0	0	0	0	-1	5.2
187	264	265	5	0.1155	-3	6.14285714285714
188	0	0	0	0	-1	8
189	266	267	11	12.85	-3	5.66666666666667
190	0	0	0	0	-1	7
191	0	0	0	0	-1	6
192	268	269	4	4.05	-3	7.16666666666667
193	0	0	0	0	-1	6
194	270	271	11	10.55	-3	5.13924050632911
195	272	273	5	0.0875	-3	5.47826086956522
196	274	275	1	6.7	-3	5
197	276	277	7	11.5	-3	4
198	278	279	4	2.45	-3	6.15789473684211
199	0	0	0	0	-1	7
200	0	0	0	0	-1	7
201	0	0	0	0	-1	7
202	280	281	10	0.585	-3	5.14893617021276
203	0	0	0	0	-1	6
204	282	283	6	20	-3	5.41379310344828
205	284	285	2	0.62	-3	5.95238095238095
206	286	287	6	0	-3	5
207	288	289	8	0.995925	-3	4.66666666666667
208	0	0	0	0	-1	5
209	290	291	2	0.6725	-3	5
210	0	0	0	0	-1	5
211	292	293	4	0	-3	5
212	0	0	0	0	-1	5
213	0	0	0	0	-1	5
214	294	295	1	10.5	-3	5
215	0	0	0	0	-1	5
216	0	0	0	0	-1	5
217	0	0	0	0	-1	6
218	296	297	1	7.25	-3	6
219	0	0	0	0	-1	5
220	298	299	3	0.4	-3	5.77777777777778
221	0	0	0	0	-1	5
222	0	0	0	0	-1	5
223	0	0	0	0	-1	6
224	0	0	0	0	-1	5
225	0	0	0	0	-1	5
226	300	301	7	10.5	-3	6.85714285714286
227	302	303	9	3.285	-3	6.3
228	304	305	1	11.95	-3	5.97058823529412
229	0	0	0	0	-1	7
230	306	307	2	0.375	-3	6.48780487804878
231	308	309	3	0.61	-3	7
232	310	311	10	0.855	-3	6.38636363636364
233	0	0	0	0	-1	5.6
234	0	0	0	0	-1	7
235	0	0	0	0	-1	7
236	312	313	4	1.95	-3	5.6
237	0	0	0	0	-1	6.75
238	314	315	8	0.99628	-3	6.74193548387097
239	316	317	5	0.0575	-3	6
240	318	319	7	95.5	-3	5.6875
241	0	0	0	0	-1	7
242	320	321	6	20.5	-3	5.57142857142857
243	322	323	9	3.415	-3	5.04761904761905
244	0	0	0	0	-1	3.8
245	324	325	6	7	-3	5.20512820512821
246	326	327	5	0.066	-3	5.52941176470588
247	328	329	7	10	-3	5.85
248	0	0	0	0	-1	5
249	330	331	9	0	-3	5
250	0	0	0	0	-1	6
251	0	0	0	0	-1	5
252	332	333	8	0.99635	-3	5
253	334	335	7	37.5	-3	5.22222222222222
254	0	0	0	0	-1	6.25
255	336	337	2	0.11	-3	5
256	0	0	0	0	-1	7
257	0	0	0	0	-1	5
258	338	339	10	0.71	-3	6
259	0	0	0	0	-1	5
260	0	0	0	0	-1	6
261	340	341	9	3.14	-3	7
262	342	343	9	3.385	-3	6.32142857142857
263	344	345	5	0.0515	-3	5.92307692307692
264	0	0	0	0	-1	6
265	0	0	0	0	-1	6.66666666666667
266	0	0	0	0	-1	6
267	0	0	0	0	-1	5
268	346	347	6	23.5	-3	7.09090909090909
269	0	0	0	0	-1	8
270	348	349	7	10.5	-3	5.01492537313433
271	350	351	7	12.5	-3	5.83333333333333
272	352	353	2	0.7375	-3	5.3
273	354	355	4	2.25	-3	5.72413793103448
274	0	0	0	0	-1	6
275	356	357	7	17	-3	4.71428571428571
276	0	0	0	0	-1	3
277	358	359	4	4.6	-3	4.125
278	360	361	10	0.6	-3	6
279	0	0	0	0	-1	6.75
280	362	363	9	3.545	-3	5.2156862745098
281	364	365	4	2.75	-3	5.06976744186047
282	366	367	9	3.765	-3	5.05882352941176
283	368	369	4	2.05	-3	5.91666666666667
284	370	371	10	0.715	-3	6.07692307692308
285	372	373	8	0.99563	-3	5.75
286	0	0	0	0	-1	5
287	0	0	0	0	-1	5
288	0	0	0	0	-1	4
289	374	375	11	10.75	-3	4.75
290	376	377	6	0	-3	5
291	0	0	0	0	-1	5
292	0	0	0	0	-1	5
293	378	379	3	0.635	-3	5
294	380	381	1	0	-3	5
295	0	0	0	0	-1	5
296	382	383	2	0.365	-3	6
297	384	385	7	25	-3	6
298	386	387	8	0.997135	-3	5.33333333333333
299	388	389	3	0.525	-3	6
300	390	391	8	0.99516	-3	7
301	0	0	0	0	-1	6
302	0	0	0	0	-1	6.6
303	0	0	0	0	-1	6
304	392	393	4	1.75	-3	5.93939393939394
305	0	0	0	0	-1	7
306	394	395	4	2.15	-3	6.64516129032258
307	396	397	1	8.1	-3	6
308	398	399	6	16	-3	7.04761904761905
309	0	0	0	0	-1	6
310	400	401	7	43.5	-3	6.30769230769231
311	0	0	0	0	-1	7
312	0	0	0	0	-1	5
313	402	403	8	0.995345	-3	6
314	404	405	7	52.5	-3	6.95238095238095
315	406	407	9	3.405	-3	6.3
316	0	0	0	0	-1	6
317	0	0	0	0	-1	6
318	408	409	5	0.1005	-3	5.78571428571429
319	0	0	0	0	-1	5
320	410	411	10	0.555	-3	5.50877192982456
321	412	413	7	44.5	-3	6.16666666666667
322	414	415	8	0.99845	-3	5
323	0	0	0	0	-1	6
324	416	417	11	9.35	-3	5.63636363636364
325	418	419	6	11	-3	5.03571428571429
326	420	421	2	0.6475	-3	5.84
327	422	423	3	0.01	-3	4.66666666666667
328	0	0	0	0	-1	5
329	424	425	10	0.545	-3	5.86624203821656
330	0	0	0	0	-1	6
331	0	0	0	0	-1	5
332	426	427	1	6.55	-3	5
333	428	429	10	0	-3	5
334	430	431	3	0	-3	5
335	0	0	0	0	-1	6
336	0	0	0	0	-1	5
337	432	433	4	1.7	-3	5
338	0	0	0	0	-1	6
339	0	0	0	0	-1	6
340	0	0	0	0	-1	7
341	434	435	7	12	-3	7
342	436	437	2	0.415	-3	6.09523809523809
343	438	439	5	0	-3	7
344	0	0	0	0	-1	5
345	440	441	3	0.04	-3	6
346	442	443	7	0	-3	7
347	0	0	0	0	-1	8
348	0	0	0	0	-1	6
349	444	445	5	0.0635	-3	4.93548387096774
350	0	0	0	0	-1	5
351	446	447	2	0.7425	-3	5.90909090909091
352	448	449	10	0.475	-3	4.9375
353	450	451	11	10.15	-3	5.54166666666667
354	0	0	0	0	-1	7
355	452	453	1	6.85	-3	5.67857142857143
356	0	0	0	0	-1	4
357	0	0	0	0	-1	5
358	0	0	0	0	-1	4
359	0	0	0	0	-1	4.25
360	454	455	9	3.44	-3	6
361	0	0	0	0	-1	6
362	456	457	3	0.315	-3	5.19191919191919
363	0	0	0	0	-1	6
364	458	459	7	76	-3	5.01470588235294
365	460	461	4	3.1	-3	5.27777777777778
366	462	463	6	10.5	-3	5.125
367	0	0	0	0	-1	4
368	0	0	0	0	-1	5
369	0	0	0	0	-1	6
370	464	465	7	61.5	-3	6
371	0	0	0	0	-1	7
372	0	0	0	0	-1	5
373	466	467	10	1.05	-3	6
374	468	469	2	0.855	-3	4.85714285714286
375	0	0	0	0	-1	4
376	0	0	0	0	-1	6
377	0	0	0	0	-1	5
378	470	471	9	3.15	-3	5
379	0	0	0	0	-1	5
380	0	0	0	0	-1	5
381	0	0	0	0	-1	5
382	0	0	0	0	-1	6
383	472	473	6	26	-3	6
384	0	0	0	0	-1	6
385	474	475	10	0.69	-3	6
386	0	0	0	0	-1	6
387	0	0	0	0	-1	5
388	476	477	9	3.16	-3	6
389	0	0	0	0	-1	6
390	0	0	0	0	-1	7
391	0	0	0	0	-1	7
392	0	0	0	0	-1	6.5
393	478	479	4	1.85	-3	5.90322580645161
394	480	481	7	22	-3	6.1875
395	482	483	7	16.5	-3	7.13333333333333
396	0	0	0	0	-1	6
397	484	485	4	0	-3	6
398	486	487	1	10.1	-3	7.1
399	0	0	0	0	-1	6
400	488	489	2	0.355	-3	6.58823529411765
401	490	491	7	57	-3	6.09090909090909
402	0	0	0	0	-1	6
403	0	0	0	0	-1	6
404	0	0	0	0	-1	7
405	0	0	0	0	-1	6.66666666666667
406	0	0	0	0	-1	7
407	492	493	6	43	-3	6.125
408	494	495	9	3.41	-3	5.84615384615385
409	0	0	0	0	-1	5
410	496	497	1	8.55	-3	5.19047619047619
411	498	499	4	2.25	-3	5.69444444444444
412	0	0	0	0	-1	7
413	500	501	1	7.35	-3	6
414	502	503	8	0.99805	-3	4.94736842105263
415	0	0	0	0	-1	6
416	0	0	0	0	-1	5
417	504	505	9	3.33	-3	5.875
418	506	507	7	22	-3	5
419	508	509	9	3.285	-3	5.08333333333333
420	510	511	9	3.195	-3	5.79166666666667
421	0	0	0	0	-1	7
422	0	0	0	0	-1	4
423	512	513	11	10.35	-3	5
424	514	515	9	3.375	-3	5.4
425	516	517	7	15.5	-3	5.93430656934307
426	0	0	0	0	-1	5
427	0	0	0	0	-1	5
428	0	0	0	0	-1	7
429	518	519	5	0.0765	-3	5
430	0	0	0	0	-1	6
431	0	0	0	0	-1	5
432	0	0	0	0	-1	5
433	520	521	1	0	-3	5
434	0	0	0	0	-1	7
435	522	523	11	11.65	-3	7
436	0	0	0	0	-1	7
437	524	525	4	2.05	-3	6.05
438	0	0	0	0	-1	6
439	526	527	1	0	-3	7
440	0	0	0	0	-1	6
441	528	529	3	0.47	-3	6
442	0	0	0	0	-1	6
443	530	531	9	0	-3	7
444	0	0	0	0	-1	4.25
445	532	533	10	1.01	-3	4.98275862068966
446	0	0	0	0	-1	5
447	534	535	10	0.445	-3	6
448	0	0	0	0	-1	4.33333333333333
449	536	537	7	19.5	-3	5.07692307692308
450	538	539	8	0.9961	-3	5.4
451	540	541	6	6	-3	5.77777777777778
452	0	0	0	0	-1	5
453	542	543	4	2.35	-3	5.76
454	0	0	0	0	-1	6
455	544	545	11	12.7	-3	6
456	546	547	6	10.5	-3	5.23456790123457
457	548	549	5	0.0815	-3	5
458	550	551	7	73.5	-3	4.93103448275862
459	552	553	2	0.435	-3	5.07692307692308
460	0	0	0	0	-1	6
461	554	555	1	10.05	-3	5.07142857142857
462	0	0	0	0	-1	5.5
463	556	557	7	100.5	-3	5
464	0	0	0	0	-1	6
465	558	559	5	0.065	-3	6
466	0	0	0	0	-1	6
467	0	0	0	0	-1	6
468	0	0	0	0	-1	4.5
469	560	561	5	0.089	-3	5
470	0	0	0	0	-1	5
471	562	563	7	0.083	-3	5
472	0	0	0	0	-1	6
473	0	0	0	0	-1	6
474	564	565	4	2.3	-3	6
475	566	567	9	3.355	-3	6
476	568	569	8	0.9997	-3	6
477	0	0	0	0	-1	6
478	0	0	0	0	-1	5
479	570	571	4	2.525	-3	5.93333333333333
480	572	573	1	8.5	-3	5.77777777777778
481	574	575	5	0.0735	-3	6.71428571428571
482	576	577	2	0.33	-3	7.33333333333333
483	578	579	2	0.315	-3	7
484	0	0	0	0	-1	6
485	580	581	4	2.125	-3	6
486	582	583	4	1.9	-3	7.05263157894737
487	0	0	0	0	-1	8
488	584	585	11	12.45	-3	6.41666666666667
489	0	0	0	0	-1	7
490	586	587	5	0.063	-3	6.22222222222222
491	588	589	8	0.99945	-3	6
492	0	0	0	0	-1	6
493	0	0	0	0	-1	7
494	590	591	7	40.5	-3	5.71428571428571
495	592	593	3	0.21	-3	6
496	594	595	3	0.05	-3	5.29032258064516
497	596	597	6	13.5	-3	4.90909090909091
498	598	599	7	40	-3	5.83333333333333
499	600	601	3	0.185	-3	5.41666666666667
500	0	0	0	0	-1	6
501	602	603	9	3.26	-3	6
502	604	605	7	53.5	-3	5
503	0	0	0	0	-1	4.66666666666667
504	0	0	0	0	-1	6
505	0	0	0	0	-1	5
506	0	0	0	0	-1	5
507	606	607	7	34.5	-3	5
508	0	0	0	0	-1	5
509	0	0	0	0	-1	6
510	608	609	7	20.5	-3	5.5
511	610	611	3	0.095	-3	5.88888888888889
512	0	0	0	0	-1	5
513	0	0	0	0	-1	5
514	612	613	2	0.44	-3	5.57142857142857
515	614	615	10	3.435	-3	5
516	616	617	4	4.4	-3	6.4
517	618	619	8	0.99569	-3	5.87704918032787
518	0	0	0	0	-1	5
519	620	621	8	0	-3	5
520	0	0	0	0	-1	6
521	622	623	7	34.5	-3	5
522	0	0	0	0	-1	7
523	0	0	0	0	-1	7
524	0	0	0	0	-1	6.5
525	0	0	0	0	-1	6
526	0	0	0	0	-1	7
527	0	0	0	0	-1	7
528	624	625	5	0.0815	-3	6
529	0	0	0	0	-1	6
530	0	0	0	0	-1	6
531	626	627	11	0	-3	7
532	628	629	9	3.53	-3	5
533	0	0	0	0	-1	4
534	0	0	0	0	-1	6
535	0	0	0	0	-1	6
536	0	0	0	0	-1	5.5
537	630	631	2	0	-3	5
538	0	0	0	0	-1	6
539	632	633	7	34	-3	5.30769230769231
540	0	0	0	0	-1	5
541	634	635	11	10.5	-3	6
542	0	0	0	0	-1	5
543	636	637	11	10.15	-3	5.79166666666667
544	638	639	8	0	-3	6
545	0	0	0	0	-1	6
546	0	0	0	0	-1	5.8
547	640	641	1	7.35	-3	5.19736842105263
548	642	643	8	0	-3	5
549	644	645	6	0	-3	5
550	646	647	2	0.545	-3	5
551	0	0	0	0	-1	4
552	0	0	0	0	-1	5.33333333333333
553	648	649	11	9.2	-3	5.05555555555556
554	650	651	9	3.23	-3	5
555	0	0	0	0	-1	5.33333333333333
556	652	653	1	0	-3	5
557	0	0	0	0	-1	5
558	0	0	0	0	-1	6
559	0	0	0	0	-1	6
560	0	0	0	0	-1	5
561	654	655	6	0	-3	5
562	0	0	0	0	-1	5
563	0	0	0	0	-1	5
564	656	657	8	0.99665	-3	6
565	0	0	0	0	-1	6
566	658	659	8	0.9977	-3	6
567	0	0	0	0	-1	6
568	0	0	0	0	-1	6
569	0	0	0	0	-1	6
570	660	661	1	0.0965	-3	6
571	662	663	11	10.95	-3	5.8
572	0	0	0	0	-1	5
573	664	665	11	10.75	-3	5.875
574	0	0	0	0	-1	7
575	0	0	0	0	-1	6
576	0	0	0	0	-1	7
577	0	0	0	0	-1	8
578	0	0	0	0	-1	7
579	0	0	0	0	-1	7
580	0	0	0	0	-1	6
581	0	0	0	0	-1	6
582	0	0	0	0	-1	8
583	666	667	5	0	-3	7
584	668	669	9	3.32	-3	6.125
585	0	0	0	0	-1	7
586	0	0	0	0	-1	6.66666666666667
587	670	671	2	0.37	-3	6
588	0	0	0	0	-1	6
589	0	0	0	0	-1	6
590	0	0	0	0	-1	5
591	672	673	7	65	-3	5.83333333333333
592	0	0	0	0	-1	6
593	0	0	0	0	-1	6
594	674	675	9	3.28	-3	5
595	676	677	5	0.0755	-3	5.45
596	678	679	10	0.46	-3	5
597	0	0	0	0	-1	4
598	680	681	1	7.75	-3	5.85106382978723
599	0	0	0	0	-1	5
600	682	683	6	8	-3	5
601	684	685	2	0.535	-3	5.625
602	0	0	0	0	-1	6
603	686	687	2	0	-3	6
604	688	689	2	0	-3	5
605	690	691	1	0	-3	5
606	692	693	1	0	-3	5
607	694	695	6	0	-3	5
608	0	0	0	0	-1	6
609	0	0	0	0	-1	5
610	0	0	0	0	-1	5.6
611	696	697	5	0.0535	-3	6
612	0	0	0	0	-1	5
613	698	699	8	0.99722	-3	5.72727272727273
614	0	0	0	0	-1	5
615	0	0	0	0	-1	5
616	700	701	5	0.0895	-3	6.30769230769231
617	0	0	0	0	-1	7
618	702	703	8	0.99565	-3	6.09302325581395
619	704	705	11	10.75	-3	5.75949367088608
620	0	0	0	0	-1	6
621	706	707	2	0.4125	-3	5
622	0	0	0	0	-1	5
623	0	0	0	0	-1	5
624	0	0	0	0	-1	6
625	0	0	0	0	-1	6
626	0	0	0	0	-1	6
627	708	709	2	0	-3	7
628	710	711	1	8.45	-3	5.03703703703704
629	0	0	0	0	-1	4.33333333333333
630	0	0	0	0	-1	6
631	712	713	4	2.65	-3	5
632	714	715	1	0	-3	5
633	716	717	3	0.2	-3	5.66666666666667
634	0	0	0	0	-1	6
635	0	0	0	0	-1	6
636	718	719	9	3.43	-3	5.54545454545455
637	720	721	1	7.8	-3	6
638	0	0	0	0	-1	3
639	722	723	8	0	-3	6
640	724	725	11	9.25	-3	5.03333333333333
641	726	727	11	9.45	-3	5.30434782608696
642	0	0	0	0	-1	5
643	728	729	3	0.325	-3	5
644	0	0	0	0	-1	5
645	730	731	2	0.43	-3	5
646	732	733	8	0.997875	-3	5
647	734	735	6	24	-3	5
648	0	0	0	0	-1	5.33333333333333
649	736	737	3	0.025	-3	5.03030303030303
650	0	0	0	0	-1	5
651	0	0	0	0	-1	5
652	0	0	0	0	-1	6
653	738	739	1	6.4	-3	5
654	0	0	0	0	-1	6
655	740	741	6	8.5	-3	5
656	0	0	0	0	-1	6
657	0	0	0	0	-1	6
658	742	743	11	0	-3	6
659	0	0	0	0	-1	6
660	0	0	0	0	-1	6
661	744	745	10	0.525	-3	6
662	0	0	0	0	-1	6
663	0	0	0	0	-1	5.5
664	0	0	0	0	-1	5.66666666666667
665	0	0	0	0	-1	6
666	0	0	0	0	-1	5
667	746	747	2	0	-3	7
668	748	749	7	33	-3	6
669	0	0	0	0	-1	7
670	0	0	0	0	-1	6
671	0	0	0	0	-1	6
672	0	0	0	0	-1	6
673	0	0	0	0	-1	5.5
674	0	0	0	0	-1	5
675	750	751	4	0	-3	5
676	752	753	8	0.99655	-3	5.28571428571429
677	754	755	9	3.34	-3	5.83333333333333
678	0	0	0	0	-1	5
679	0	0	0	0	-1	5
680	756	757	10	0.605	-3	5.79411764705882
681	758	759	8	0.996895	-3	6
682	0	0	0	0	-1	5
683	0	0	0	0	-1	5
684	760	761	9	3.275	-3	5.85714285714286
685	762	763	5	0.079	-3	5.44444444444444
686	0	0	0	0	-1	4
687	764	765	2	0	-3	6
688	0	0	0	0	-1	5
689	766	767	3	0.035	-3	5
690	0	0	0	0	-1	5
691	768	769	3	0.997415	-3	5
692	0	0	0	0	-1	7
693	0	0	0	0	-1	5
694	0	0	0	0	-1	6
695	770	771	11	9.65	-3	5
696	0	0	0	0	-1	6
697	0	0	0	0	-1	6
698	772	773	7	28.5	-3	5.625
699	0	0	0	0	-1	6
700	774	775	11	11.1	-3	6
701	0	0	0	0	-1	7
702	776	777	10	0.57	-3	6
703	0	0	0	0	-1	7
704	778	779	3	0.055	-3	5.93617021276596
705	780	781	5	0.0915	-3	5.5
706	0	0	0	0	-1	5
707	0	0	0	0	-1	5
708	0	0	0	0	-1	6
709	782	783	11	0	-3	7
710	784	785	8	0.9974	-3	4.97368421052632
711	786	787	5	0.0695	-3	5.1875
712	788	789	6	16.5	-3	5
713	0	0	0	0	-1	5
714	0	0	0	0	-1	6
715	790	791	1	7.65	-3	5
716	0	0	0	0	-1	6
717	0	0	0	0	-1	5
718	792	793	1	7.75	-3	5.75
719	0	0	0	0	-1	5
720	0	0	0	0	-1	6
721	794	795	2	0.835	-3	6
722	0	0	0	0	-1	6
723	0	0	0	0	-1	6
724	0	0	0	0	-1	5.5
725	796	797	6	15.5	-3	5
726	798	799	9	3.235	-3	5.05555555555556
727	800	801	3	0.065	-3	5.46428571428571
728	0	0	0	0	-1	5
729	802	803	1	0	-3	5
730	0	0	0	0	-1	5
731	804	805	7	0	-3	5
732	806	807	5	0	-3	5
733	0	0	0	0	-1	5
734	0	0	0	0	-1	5
735	0	0	0	0	-1	5
736	0	0	0	0	-1	5.25
737	808	809	3	0.27	-3	5
738	0	0	0	0	-1	5
739	810	811	7	0	-3	5
740	0	0	0	0	-1	5
741	0	0	0	0	-1	5
742	0	0	0	0	-1	6
743	0	0	0	0	-1	6
744	0	0	0	0	-1	6
745	812	813	9	3.33	-3	6
746	0	0	0	0	-1	7
747	814	815	8	0	-3	7
748	0	0	0	0	-1	6
749	0	0	0	0	-1	6
750	0	0	0	0	-1	7
751	816	817	3	0	-3	5
752	818	819	4	1.75	-3	5.18181818181818
753	0	0	0	0	-1	5.66666666666667
754	0	0	0	0	-1	6
755	0	0	0	0	-1	5
756	820	821	2	0.53	-3	6
757	822	823	6	4	-3	5.68181818181818
758	0	0	0	0	-1	6
759	824	825	9	3.255	-3	6
760	826	827	1	9.2	-3	6
761	0	0	0	0	-1	5
762	0	0	0	0	-1	5
763	0	0	0	0	-1	5.8
764	0	0	0	0	-1	5
765	0	0	0	0	-1	6
766	0	0	0	0	-1	5
767	828	829	9	0	-3	5
768	0	0	0	0	-1	5
769	0	0	0	0	-1	5
770	0	0	0	0	-1	5
771	0	0	0	0	-1	5
772	0	0	0	0	-1	5
773	830	831	7	41.5	-3	5.71428571428571
774	832	833	1	0	-3	6
775	0	0	0	0	-1	6
776	0	0	0	0	-1	5.66666666666667
777	834	835	9	3.455	-3	6.02777777777778
778	0	0	0	0	-1	5
779	836	837	10	0.715	-3	6
780	838	839	6	6.5	-3	5.69565217391304
781	840	841	3	0.255	-3	5
782	0	0	0	0	-1	5
783	842	843	11	0	-3	7
784	844	845	7	13	-3	5
785	0	0	0	0	-1	4.5
786	0	0	0	0	-1	6
787	846	847	7	16	-3	5.07142857142857
788	848	849	11	0	-3	5
789	0	0	0	0	-1	5
790	0	0	0	0	-1	5
791	0	0	0	0	-1	5
792	0	0	0	0	-1	5
793	850	851	6	15	-3	5.85714285714286
794	0	0	0	0	-1	6
795	0	0	0	0	-1	6
796	0	0	0	0	-1	5
797	852	853	11	9.55	-3	5
798	854	855	11	0	-3	5
799	0	0	0	0	-1	5.25
800	0	0	0	0	-1	5
801	856	857	9	3.27	-3	5.54166666666667
802	0	0	0	0	-1	6
803	858	859	7	0	-3	5
804	0	0	0	0	-1	5
805	860	861	8	0.99785	-3	5
806	0	0	0	0	-1	7
807	0	0	0	0	-1	5
808	862	863	2	0	-3	5
809	864	865	4	2.2	-3	5
810	0	0	0	0	-1	5
811	866	867	5	0.9971	-3	5
812	868	869	4	2.05	-3	6
813	0	0	0	0	-1	6
814	0	0	0	0	-1	7
815	870	871	2	0	-3	7
816	0	0	0	0	-1	5
817	0	0	0	0	-1	5
818	0	0	0	0	-1	5.66666666666667
819	872	873	2	0.6025	-3	5
820	874	875	9	0	-3	6
821	0	0	0	0	-1	6
822	0	0	0	0	-1	5
823	876	877	4	1.95	-3	5.75
824	0	0	0	0	-1	6
825	0	0	0	0	-1	6
826	0	0	0	0	-1	6
827	0	0	0	0	-1	6
828	0	0	0	0	-1	5
829	878	879	9	0.075	-3	5
830	880	881	4	2.6	-3	5.83333333333333
831	0	0	0	0	-1	5
832	0	0	0	0	-1	6
833	882	883	2	0.505	-3	6
834	884	885	7	43.5	-3	6
835	0	0	0	0	-1	7
836	886	887	10	0.665	-3	5.86666666666667
837	888	889	3	0.165	-3	6.28571428571429
838	890	891	9	3.075	-3	5.16666666666667
839	892	893	10	0.63	-3	5.88235294117647
840	0	0	0	0	-1	5
841	894	895	10	0	-3	5
842	0	0	0	0	-1	6
843	896	897	3	0	-3	7
844	0	0	0	0	-1	4.5
845	898	899	8	0.996325	-3	5.02941176470588
846	0	0	0	0	-1	5.25
847	900	901	8	0.9959	-3	5
848	0	0	0	0	-1	6
849	0	0	0	0	-1	5
850	902	903	2	0.69	-3	6
851	0	0	0	0	-1	5
852	904	905	6	23	-3	5
853	906	907	5	0.0755	-3	5
854	0	0	0	0	-1	5
855	908	909	1	66	-3	5
856	0	0	0	0	-1	6
857	910	911	11	9.75	-3	5.15384615384615
858	0	0	0	0	-1	6
859	0	0	0	0	-1	5
860	0	0	0	0	-1	5
861	0	0	0	0	-1	5
862	0	0	0	0	-1	5
863	912	913	4	0	-3	5
864	0	0	0	0	-1	5
865	914	915	6	0	-3	5
866	0	0	0	0	-1	5
867	0	0	0	0	-1	5
868	0	0	0	0	-1	6
869	916	917	11	0	-3	6
870	0	0	0	0	-1	5
871	918	919	3	0	-3	7
872	920	921	8	0	-3	5
873	0	0	0	0	-1	5
874	0	0	0	0	-1	6
875	922	923	7	0	-3	6
876	924	925	8	0.99716	-3	5.5
877	926	927	4	2.15	-3	6
878	0	0	0	0	-1	6
879	0	0	0	0	-1	5
880	0	0	0	0	-1	6
881	0	0	0	0	-1	5
882	0	0	0	0	-1	6
883	0	0	0	0	-1	6
884	928	929	10	0.615	-3	6
885	0	0	0	0	-1	6
886	930	931	6	5.5	-3	5.92857142857143
887	0	0	0	0	-1	5
888	0	0	0	0	-1	7
889	932	933	4	4.35	-3	6.16666666666667
890	0	0	0	0	-1	6
891	0	0	0	0	-1	5
892	0	0	0	0	-1	5
893	934	935	2	0.475	-3	6
894	0	0	0	0	-1	6
895	936	937	8	0	-3	5
896	938	939	8	0.99348	-3	7
897	940	941	8	3.28	-3	7
898	942	943	3	0.11	-3	5
899	944	945	6	20.5	-3	5.07692307692308
900	0	0	0	0	-1	5
901	0	0	0	0	-1	5
902	0	0	0	0	-1	6
903	0	0	0	0	-1	6
904	0	0	0	0	-1	5
905	0	0	0	0	-1	5
906	0	0	0	0	-1	5
907	946	947	5	0.0775	-3	5
908	948	949	1	7.45	-3	5
909	0	0	0	0	-1	5
910	950	951	2	0.53	-3	5
911	0	0	0	0	-1	5.4
912	0	0	0	0	-1	5
913	952	953	8	0.99705	-3	5
914	0	0	0	0	-1	6
915	954	955	5	0.097	-3	5
916	0	0	0	0	-1	5
917	956	957	7	27.5	-3	6
918	0	0	0	0	-1	6
919	958	959	10	0	-3	7
920	0	0	0	0	-1	6
921	0	0	0	0	-1	5
922	0	0	0	0	-1	6
923	0	0	0	0	-1	6
924	960	961	7	28	-3	5.16666666666667
925	0	0	0	0	-1	6
926	0	0	0	0	-1	6
927	0	0	0	0	-1	6
928	962	963	5	0.076	-3	6
929	0	0	0	0	-1	6
930	0	0	0	0	-1	5
931	964	965	4	3.2	-3	5.96296296296296
932	966	967	9	3.155	-3	6
933	0	0	0	0	-1	7
934	0	0	0	0	-1	6
935	0	0	0	0	-1	6
936	0	0	0	0	-1	6
937	0	0	0	0	-1	5
938	0	0	0	0	-1	7
939	0	0	0	0	-1	7
940	968	969	5	0.071	-3	7
941	0	0	0	0	-1	7
942	970	971	8	0	-3	5
943	972	973	6	0	-3	5
944	974	975	4	1.85	-3	5
945	0	0	0	0	-1	5.33333333333333
946	0	0	0	0	-1	5
947	976	977	3	0	-3	5
948	0	0	0	0	-1	5
949	978	979	1	0.996185	-3	5
950	0	0	0	0	-1	5
951	980	981	5	0	-3	5
952	0	0	0	0	-1	5
953	0	0	0	0	-1	5
954	982	983	8	0.99833	-3	5
955	0	0	0	0	-1	5
956	0	0	0	0	-1	6
957	0	0	0	0	-1	6
958	0	0	0	0	-1	5
959	984	985	4	2.2	-3	7
960	0	0	0	0	-1	5.5
961	0	0	0	0	-1	5
962	0	0	0	0	-1	6
963	986	987	10	7.15	-3	6
964	988	989	1	10.05	-3	6
965	0	0	0	0	-1	5.5
966	990	991	2	0.4325	-3	6
967	0	0	0	0	-1	6
968	0	0	0	0	-1	7
969	0	0	0	0	-1	7
970	0	0	0	0	-1	5
971	992	993	5	0.088	-3	5
972	0	0	0	0	-1	5
973	994	995	2	11.5	-3	5
974	0	0	0	0	-1	5
975	996	997	5	0	-3	5
976	0	0	0	0	-1	5
977	998	999	4	0.605	-3	5
978	0	0	0	0	-1	6
979	1000	1001	5	0.101	-3	5
980	0	0	0	0	-1	5
981	0	0	0	0	-1	5
982	0	0	0	0	-1	5
983	0	0	0	0	-1	5
984	0	0	0	0	-1	7
985	1002	1003	10	0.715	-3	7
986	0	0	0	0	-1	6
987	0	0	0	0	-1	6
988	1004	1005	7	47.5	-3	5.95454545454545
989	0	0	0	0	-1	6.33333333333333
990	0	0	0	0	-1	6
991	0	0	0	0	-1	6
992	0	0	0	0	-1	5
993	0	0	0	0	-1	5
994	0	0	0	0	-1	5
995	0	0	0	0	-1	5
996	0	0	0	0	-1	6
997	1006	1007	9	3.385	-3	5
998	0	0	0	0	-1	6
999	0	0	0	0	-1	5
1000	1008	1009	10	0	-3	5
1001	0	0	0	0	-1	5
1002	1010	1011	7	17	-3	7
1003	0	0	0	0	-1	7
1004	1012	1013	6	10	-3	6
1005	0	0	0	0	-1	5.75
1006	0	0	0	0	-1	5
1007	0	0	0	0	-1	5
1008	0	0	0	0	-1	6
1009	1014	1015	2	0.47	-3	5
1010	1016	1017	9	3.5	-3	7
1011	0	0	0	0	-1	7
1012	0	0	0	0	-1	6
1013	1018	1019	8	0.99615	-3	6
1014	0	0	0	0	-1	5
1015	0	0	0	0	-1	5
1016	0	0	0	0	-1	7
1017	0	0	0	0	-1	7
1018	0	0	0	0	-1	6
1019	1020	1021	2	0.49	-3	6
1020	0	0	0	0	-1	6
1021	1022	1023	1	7.85	-3	6
1022	0	0	0	0	-1	6
1023	0	0	0	0	-1	6
