1	2	3	3	0.295	-3	5.64915572232645
2	4	5	8	0.99241	-3	5.41496598639455
3	6	7	11	10.75	-3	5.93723849372385
4	8	9	3	0.035	-3	7
5	10	11	11	10.15	-3	5.38194444444444
6	12	13	2	0.4175	-3	5.51081081081081
7	14	15	8	0.99553	-3	6.39193083573487
8	16	17	11	13.2	-3	6.375
9	18	19	7	88.5	-3	7.5
10	20	21	8	0.996695	-3	5.22754491017964
11	22	23	10	0.525	-3	5.59504132231405
12	24	25	10	0.71	-3	5.84431137724551
13	26	27	3	0.345	-3	5.23645320197044
14	28	29	4	1.55	-3	6.65806451612903
15	30	31	2	0.355	-3	6.17708333333333
16	0	0	0	0	-1	6
17	0	0	0	0	-1	6.75
18	0	0	0	0	-1	8
19	0	0	0	0	-1	7
20	32	33	1	5.75	-3	5.04405286343612
21	34	35	10	0.575	-3	5.37956204379562
22	36	37	7	11.5	-3	5
23	38	39	6	5.25	-3	5.72
24	40	41	7	81.5	-3	5.47560975609756
25	42	43	2	0.355	-3	6.2
26	44	45	11	9.65	-3	5.49152542372881
27	46	47	1	12.6	-3	5.13194444444445
28	48	49	4	1.05	-3	6
29	50	51	3	0.395	-3	6.72857142857143
30	52	53	3	0.385	-3	6.50847457627119
31	54	55	1	8.65	-3	6.03007518796993
32	0	0	0	0	-1	4
33	56	57	9	3.545	-3	5.06278026905829
34	58	59	2	0.7175	-3	5.21052631578947
35	60	61	6	14.5	-3	5.5
36	62	63	6	4.5	-3	4.11111111111111
37	64	65	4	1.5	-3	5.14814814814815
38	66	67	11	11.6	-3	4.92592592592593
39	68	69	8	0.99955	-3	5.7985347985348
40	70	71	5	0.0585	-3	5.56944444444444
41	72	73	10	0.655	-3	4.8
42	74	75	7	13.5	-3	6.36065573770492
43	76	77	1	8.55	-3	5.79166666666667
44	78	79	10	0.625	-3	5.19354838709677
45	80	81	4	2.35	-3	5.82142857142857
46	82	83	6	33.5	-3	5.07971014492754
47	84	85	4	4.1	-3	6.33333333333333
48	0	0	0	0	-1	6
49	86	87	4	1.45	-3	6
50	88	89	11	11.75	-3	6.91525423728814
51	90	91	7	45	-3	6.59259259259259
52	92	93	8	0.995805	-3	5.9
53	94	95	3	0.475	-3	6.63265306122449
54	96	97	6	4	-3	5.47058823529412
55	98	99	11	11.55	-3	6.11206896551724
56	100	101	2	0.8125	-3	5.11214953271028
57	102	103	7	12.5	-3	3.88888888888889
58	104	105	9	3.165	-3	5.31764705882353
59	106	107	3	0.07	-3	4.89655172413793
60	108	109	11	9.65	-3	5.67010309278351
61	110	111	8	0.997455	-3	5.23809523809524
62	0	0	0	0	-1	5
63	0	0	0	0	-1	3
64	0	0	0	0	-1	4
65	112	113	4	3.825	-3	5.2156862745098
66	114	115	11	10.85	-3	4.75
67	0	0	0	0	-1	6.33333333333333
68	116	117	11	11.25	-3	5.81784386617101
69	0	0	0	0	-1	4.5
70	0	0	0	0	-1	4
71	118	119	3	0.355	-3	5.59154929577465
72	120	121	4	1.65	-3	5
73	0	0	0	0	-1	4
74	122	123	5	0.0555	-3	7
75	124	125	9	3.455	-3	6.29090909090909
76	0	0	0	0	-1	5
77	126	127	3	0.56	-3	6.05555555555556
78	128	129	10	0.5	-3	5.08
79	130	131	7	71.5	-3	5.66666666666667
80	132	133	9	3.245	-3	6.1875
81	134	135	10	0.555	-3	5.33333333333333
82	136	137	10	0.585	-3	5.13709677419355
83	138	139	10	0.815	-3	4.57142857142857
84	0	0	0	0	-1	6
85	0	0	0	0	-1	7
86	140	141	9	0	-3	6
87	0	0	0	0	-1	6
88	142	143	5	0.0775	-3	7.14285714285714
89	144	145	7	49.5	-3	6.70967741935484
90	146	147	3	0.425	-3	6.71186440677966
91	148	149	6	35.75	-3	6.27272727272727
92	0	0	0	0	-1	5
93	150	151	7	68.5	-3	6.125
94	152	153	2	0.345	-3	7
95	154	155	9	3.165	-3	6.51351351351351
96	0	0	0	0	-1	4.33333333333333
97	156	157	9	3.305	-3	5.71428571428571
98	158	159	2	0.55	-3	5.87692307692308
99	160	161	2	0.365	-3	6.41176470588235
100	162	163	11	9.125	-3	5.15544041450777
101	164	165	9	3.275	-3	4.71428571428572
102	0	0	0	0	-1	3
103	0	0	0	0	-1	4.6
104	166	167	3	0.19	-3	5
105	168	169	9	3.225	-3	5.421875
106	170	171	8	0.99806	-3	4.5
107	172	173	2	0.9425	-3	5.17647058823529
108	174	175	7	69	-3	5.75324675324675
109	176	177	1	7.25	-3	5.35
110	178	179	9	3.415	-3	5.41176470588235
111	180	181	7	59.5	-3	5.03448275862069
112	182	183	7	14	-3	5.26530612244898
113	0	0	0	0	-1	4
114	184	185	7	12	-3	5.625
115	186	187	1	6.3	-3	4.3125
116	188	189	2	0.6375	-3	5.73033707865169
117	190	191	8	0.994315	-3	5.98901098901099
118	192	193	10	0.535	-3	6
119	194	195	4	1.95	-3	5.45283018867925
120	0	0	0	0	-1	5
121	0	0	0	0	-1	5
122	0	0	0	0	-1	6
123	0	0	0	0	-1	7.2
124	196	197	5	0.0585	-3	6.34
125	0	0	0	0	-1	5.8
126	198	199	10	1.04	-3	6.28571428571429
127	0	0	0	0	-1	5.25
128	0	0	0	0	-1	6
129	200	201	11	9.15	-3	5
130	0	0	0	0	-1	5
131	0	0	0	0	-1	6
132	202	203	7	53.5	-3	6.57142857142857
133	204	205	8	0.99787	-3	5.88888888888889
134	0	0	0	0	-1	6
135	206	207	9	3.365	-3	5.11111111111111
136	208	209	4	1.85	-3	4.88
137	210	211	4	2.65	-3	5.31081081081081
138	212	213	4	14.6	-3	5.11111111111111
139	0	0	0	0	-1	3.6
140	0	0	0	0	-1	6
141	214	215	9	3.245	-3	6
142	216	217	5	0.0675	-3	7.23076923076923
143	0	0	0	0	-1	6
144	218	219	10	0.505	-3	6.91304347826087
145	220	221	10	0.91	-3	6.125
146	222	223	11	12.5	-3	6.33333333333333
147	224	225	3	0.53	-3	6.84090909090909
148	226	227	8	0.994975	-3	5.9375
149	228	229	7	81	-3	7.16666666666667
150	230	231	1	7.95	-3	6
151	0	0	0	0	-1	7
152	232	233	6	16	-3	6.90909090909091
153	0	0	0	0	-1	8
154	234	235	11	11.7	-3	6.91666666666667
155	236	237	11	10.85	-3	6.32
156	238	239	11	11.2	-3	6
157	240	241	5	0.097	-3	5.33333333333333
158	242	243	3	0.31	-3	5.96428571428571
159	244	245	5	0.079	-3	5.33333333333333
160	246	247	9	3.09	-3	5.75
161	248	249	1	12.25	-3	6.53488372093023
162	0	0	0	0	-1	4
163	250	251	11	9.65	-3	5.16753926701571
164	252	253	1	7.75	-3	5
165	254	255	2	0.8225	-3	4.4
166	0	0	0	0	-1	5
167	256	257	1	0.99762	-3	5
168	0	0	0	0	-1	6
169	258	259	2	0.71	-3	5.32727272727273
170	260	261	9	3.43	-3	4.14285714285714
171	0	0	0	0	-1	5
172	262	263	9	3.18	-3	5.06666666666667
173	0	0	0	0	-1	6
174	264	265	6	10.5	-3	5.82352941176471
175	266	267	8	0.997415	-3	5.22222222222222
176	268	269	2	0.645	-3	5
177	270	271	7	22	-3	5.58333333333333
178	272	273	7	80.5	-3	5.14285714285714
179	274	275	7	90	-3	5.84615384615385
180	276	277	1	10.55	-3	5.15384615384615
181	278	279	2	0.82	-3	4.9375
182	280	281	9	3.535	-3	5
183	282	283	2	1.035	-3	5.33333333333333
184	0	0	0	0	-1	6
185	0	0	0	0	-1	5.25
186	0	0	0	0	-1	5
187	284	285	5	0.0595	-3	4.08333333333333
188	286	287	4	2.35	-3	5.8655462184874
189	288	289	1	6.4	-3	5.45762711864407
190	290	291	5	0.055	-3	5.65853658536585
191	292	293	9	3.745	-3	6.26
192	0	0	0	0	-1	5
193	294	295	1	9.5	-3	6.125
194	296	297	8	0.996425	-3	5.85714285714286
195	298	299	8	0.99761	-3	5.30769230769231
196	300	301	1	8.75	-3	6.85714285714286
197	302	303	8	0.997645	-3	6.25581395348837
198	304	305	9	3.045	-3	6.38461538461539
199	0	0	0	0	-1	5
200	0	0	0	0	-1	5
201	0	0	0	0	-1	5
202	0	0	0	0	-1	7
203	0	0	0	0	-1	6
204	306	307	8	0.99623	-3	6
205	0	0	0	0	-1	5
206	308	309	9	0	-3	5
207	0	0	0	0	-1	5.5
208	310	311	2	0.5825	-3	5.28571428571429
209	312	313	11	9.05	-3	4.81395348837209
210	314	315	4	2.45	-3	5.42307692307692
211	316	317	7	78.5	-3	5.04545454545455
212	318	319	2	0.6625	-3	5
213	0	0	0	0	-1	6
214	0	0	0	0	-1	6
215	0	0	0	0	-1	6
216	320	321	11	10.9	-3	7.09090909090909
217	0	0	0	0	-1	8
218	0	0	0	0	-1	6
219	322	323	11	13	-3	7
220	324	325	10	11.9	-3	6
221	0	0	0	0	-1	7
222	326	327	10	0.695	-3	6
223	0	0	0	0	-1	7
224	328	329	2	0.415	-3	6.88095238095238
225	0	0	0	0	-1	6
226	330	331	8	0.99445	-3	6
227	0	0	0	0	-1	5
228	0	0	0	0	-1	8
229	0	0	0	0	-1	7
230	0	0	0	0	-1	6
231	0	0	0	0	-1	6
232	0	0	0	0	-1	7
233	0	0	0	0	-1	6
234	332	333	9	3.095	-3	7.22222222222222
235	0	0	0	0	-1	6
236	334	335	1	9.8	-3	6.85714285714286
237	336	337	3	0.655	-3	6.11111111111111
238	338	339	9	0.37	-3	6
239	0	0	0	0	-1	6
240	0	0	0	0	-1	5
241	0	0	0	0	-1	6
242	0	0	0	0	-1	7
243	340	341	2	0.365	-3	5.92592592592593
244	0	0	0	0	-1	5
245	0	0	0	0	-1	5.75
246	0	0	0	0	-1	5
247	342	343	5	0.098	-3	6
248	344	345	11	11.75	-3	6.65714285714286
249	346	347	6	14.5	-3	6
250	348	349	4	2.05	-3	5.08411214953271
251	350	351	4	1.75	-3	5.27380952380952
252	0	0	0	0	-1	5
253	352	353	1	0	-3	5
254	0	0	0	0	-1	3
255	354	355	1	7.65	-3	4.55555555555556
256	0	0	0	0	-1	5
257	356	357	8	0.998105	-3	5
258	358	359	9	3.54	-3	5.27450980392157
259	0	0	0	0	-1	6
260	0	0	0	0	-1	3.8
261	0	0	0	0	-1	5
262	0	0	0	0	-1	6
263	360	361	6	24.5	-3	5
264	362	363	2	0.56	-3	5.68421052631579
265	364	365	9	3.435	-3	6
266	0	0	0	0	-1	4.5
267	0	0	0	0	-1	5.8
268	366	367	1	0	-3	5
269	0	0	0	0	-1	5
270	0	0	0	0	-1	5
271	368	369	5	0.0755	-3	5.77777777777778
272	370	371	4	1.75	-3	5
273	0	0	0	0	-1	5.6
274	372	373	6	15.5	-3	5.91666666666667
275	0	0	0	0	-1	5
276	374	375	4	2.6	-3	5.08333333333333
277	0	0	0	0	-1	6
278	376	377	10	0.635	-3	5
279	0	0	0	0	-1	4
280	0	0	0	0	-1	5
281	0	0	0	0	-1	5
282	378	379	9	3.48	-3	5.37837837837838
283	0	0	0	0	-1	4.5
284	0	0	0	0	-1	5
285	380	381	4	2.05	-3	4
286	382	383	7	14.5	-3	5.72727272727273
287	384	385	4	4.35	-3	6.25806451612903
288	0	0	0	0	-1	4.8
289	386	387	4	2.95	-3	5.51851851851852
290	388	389	3	0.03	-3	5.06666666666667
291	390	391	6	7.5	-3	6
292	392	393	2	0.7825	-3	6.19565217391304
293	0	0	0	0	-1	7
294	394	395	3	0.305	-3	6
295	0	0	0	0	-1	7
296	0	0	0	0	-1	5
297	396	397	9	3.05	-3	6.09090909090909
298	0	0	0	0	-1	5.8
299	398	399	8	0.99835	-3	5.23529411764706
300	0	0	0	0	-1	6
301	400	401	2	0.31	-3	7
302	402	403	6	31	-3	5.84615384615385
303	404	405	5	0.069	-3	6.43333333333333
304	0	0	0	0	-1	7
305	406	407	3	0.36	-3	6.2
306	0	0	0	0	-1	6
307	0	0	0	0	-1	6
308	0	0	0	0	-1	5
309	0	0	0	0	-1	5
310	408	409	10	0.555	-3	5.16666666666667
311	0	0	0	0	-1	6
312	0	0	0	0	-1	3.66666666666667
313	410	411	11	10.45	-3	4.9
314	412	413	1	11.15	-3	5.29545454545455
315	414	415	8	0.99857	-3	6.125
316	416	417	6	21.5	-3	5.16666666666667
317	418	419	4	3.1	-3	5
318	0	0	0	0	-1	5
319	0	0	0	0	-1	5
320	0	0	0	0	-1	6
321	420	421	4	2.025	-3	7.2
322	422	423	2	0.345	-3	6.94444444444444
323	0	0	0	0	-1	7.33333333333333
324	424	425	7	73	-3	6
325	0	0	0	0	-1	6
326	426	427	10	0.675	-3	6.125
327	0	0	0	0	-1	5.5
328	428	429	1	7.15	-3	6.97368421052632
329	0	0	0	0	-1	6
330	0	0	0	0	-1	6
331	0	0	0	0	-1	6
332	430	431	5	0.072	-3	7
333	0	0	0	0	-1	8
334	0	0	0	0	-1	6
335	0	0	0	0	-1	7
336	432	433	10	0.755	-3	6.17647058823529
337	0	0	0	0	-1	5
338	0	0	0	0	-1	5
339	0	0	0	0	-1	6
340	0	0	0	0	-1	7
341	434	435	4	7.6	-3	5.90566037735849
342	0	0	0	0	-1	6
343	0	0	0	0	-1	6
344	436	437	5	0.117	-3	6.3
345	438	439	8	0.99701	-3	6.8
346	0	0	0	0	-1	6
347	0	0	0	0	-1	6
348	440	441	5	0.1105	-3	5.05747126436782
349	442	443	8	0.99586	-3	5.2
350	444	445	2	0.46	-3	5.52631578947368
351	446	447	2	0.465	-3	5.2
352	0	0	0	0	-1	5
353	448	449	10	0.515	-3	5
354	450	451	10	0.585	-3	4.83333333333333
355	0	0	0	0	-1	4
356	452	453	4	2.25	-3	5
357	0	0	0	0	-1	5
358	454	455	2	0.505	-3	5.21276595744681
359	0	0	0	0	-1	6
360	456	457	2	0	-3	5
361	458	459	9	0	-3	5
362	460	461	6	4.5	-3	5.93333333333333
363	462	463	5	0.0875	-3	5.52173913043478
364	464	465	6	12.5	-3	6.04
365	0	0	0	0	-1	5.8
366	0	0	0	0	-1	7
367	0	0	0	0	-1	5
368	0	0	0	0	-1	5
369	466	467	10	0.715	-3	5.875
370	0	0	0	0	-1	5
371	468	469	10	0	-3	5
372	0	0	0	0	-1	5
373	470	471	10	0.595	-3	6
374	472	473	2	7.75	-3	5
375	0	0	0	0	-1	5.33333333333333
376	0	0	0	0	-1	5
377	0	0	0	0	-1	5
378	474	475	5	0.0925	-3	5.17391304347826
379	476	477	8	0.99433	-3	5.71428571428571
380	0	0	0	0	-1	4
381	478	479	1	7.9	-3	4
382	0	0	0	0	-1	4
383	480	481	7	20	-3	5.76744186046512
384	482	483	9	3.505	-3	6.16
385	484	485	1	6.35	-3	6.66666666666667
386	486	487	2	0.645	-3	5.58333333333333
387	0	0	0	0	-1	5
388	0	0	0	0	-1	6
389	488	489	2	0.47	-3	5
390	0	0	0	0	-1	5
391	490	491	1	6.55	-3	6.08333333333333
392	492	493	8	0.995245	-3	6.09756097560976
393	0	0	0	0	-1	7
394	0	0	0	0	-1	6
395	494	495	5	0.0705	-3	6
396	0	0	0	0	-1	7
397	496	497	9	3.19	-3	6
398	498	499	9	3.345	-3	5
399	500	501	10	0.665	-3	5.47058823529412
400	0	0	0	0	-1	7
401	0	0	0	0	-1	7
402	502	503	3	0.54	-3	5.75
403	0	0	0	0	-1	7
404	504	505	10	0.915	-3	6
405	506	507	6	8	-3	6.54166666666667
406	0	0	0	0	-1	7
407	508	509	7	23	-3	6
408	0	0	0	0	-1	5
409	0	0	0	0	-1	6
410	510	511	1	12.4	-3	4.8421052631579
411	0	0	0	0	-1	6
412	512	513	11	8.7	-3	5.16666666666667
413	514	515	1	12.25	-3	5.875
414	0	0	0	0	-1	7
415	516	517	4	0	-3	6
416	0	0	0	0	-1	5
417	0	0	0	0	-1	6
418	0	0	0	0	-1	5
419	518	519	1	0	-3	5
420	520	521	7	28.5	-3	7.36363636363636
421	522	523	2	0.345	-3	7
422	0	0	0	0	-1	7
423	0	0	0	0	-1	6.8
424	0	0	0	0	-1	6
425	0	0	0	0	-1	6
426	524	525	5	0.059	-3	6
427	0	0	0	0	-1	6.5
428	0	0	0	0	-1	6.33333333333333
429	526	527	5	0.094	-3	7.02857142857143
430	0	0	0	0	-1	7
431	0	0	0	0	-1	7
432	528	529	6	5.5	-3	6.5
433	0	0	0	0	-1	6
434	530	531	3	0.44	-3	5.88461538461539
435	0	0	0	0	-1	7
436	532	533	3	0.405	-3	6.5
437	0	0	0	0	-1	6
438	534	535	8	0.99644	-3	6.45454545454546
439	536	537	7	19.5	-3	7.07142857142857
440	538	539	9	3.5	-3	5.0375
441	540	541	8	0.99594	-3	5.28571428571429
442	542	543	7	45.5	-3	5.57142857142857
443	544	545	10	0.56	-3	5
444	0	0	0	0	-1	6.25
445	546	547	8	0.995965	-3	5.33333333333333
446	548	549	2	0.35	-3	5.75
447	550	551	10	0.555	-3	5.12280701754386
448	0	0	0	0	-1	5
449	0	0	0	0	-1	5
450	0	0	0	0	-1	5
451	0	0	0	0	-1	4
452	0	0	0	0	-1	5
453	552	553	2	0	-3	5
454	0	0	0	0	-1	6
455	554	555	7	21	-3	5.15909090909091
456	0	0	0	0	-1	6
457	556	557	5	0.99675	-3	5
458	0	0	0	0	-1	5
459	558	559	2	0.8025	-3	5
460	0	0	0	0	-1	5.66666666666667
461	560	561	9	3.305	-3	6
462	562	563	1	7.5	-3	5.38888888888889
463	0	0	0	0	-1	6
464	0	0	0	0	-1	6.2
465	0	0	0	0	-1	6
466	0	0	0	0	-1	6
467	0	0	0	0	-1	5.66666666666667
468	0	0	0	0	-1	6
469	564	565	7	0.99695	-3	5
470	0	0	0	0	-1	6
471	566	567	8	0	-3	6
472	568	569	5	0.0875	-3	5
473	0	0	0	0	-1	5
474	570	571	4	1.8	-3	5.1
475	0	0	0	0	-1	5.66666666666667
476	0	0	0	0	-1	5.2
477	572	573	8	0.99489	-3	6
478	574	575	7	0.8475	-3	4
479	0	0	0	0	-1	4
480	0	0	0	0	-1	6.6
481	576	577	2	0.485	-3	5.71604938271605
482	578	579	3	0.26	-3	6.04761904761905
483	0	0	0	0	-1	6.75
484	0	0	0	0	-1	6
485	0	0	0	0	-1	7
486	580	581	5	7.25	-3	5
487	582	583	8	0.9962	-3	5.66666666666667
488	0	0	0	0	-1	6
489	584	585	2	0.54	-3	4.92307692307692
490	586	587	7	25.5	-3	5.9375
491	588	589	10	0.665	-3	6.375
492	590	591	5	0.086	-3	6.2
493	0	0	0	0	-1	6
494	0	0	0	0	-1	6
495	592	593	2	0.405	-3	6
496	0	0	0	0	-1	6
497	594	595	8	0.99785	-3	6
498	596	597	2	0.44	-3	5
499	0	0	0	0	-1	5
500	598	599	3	0.48	-3	5.1
501	600	601	10	0	-3	6
502	602	603	8	0.47	-3	6
503	0	0	0	0	-1	5
504	0	0	0	0	-1	6
505	0	0	0	0	-1	6
506	604	605	7	26	-3	6.25
507	606	607	2	0.34	-3	6.6875
508	608	609	6	5.5	-3	6
509	0	0	0	0	-1	6
510	610	611	4	2.15	-3	4.88888888888889
511	0	0	0	0	-1	4
512	0	0	0	0	-1	3
513	612	613	4	2.35	-3	5.22857142857143
514	614	615	1	0	-3	6
515	0	0	0	0	-1	5
516	0	0	0	0	-1	7
517	616	617	2	0.45	-3	6
518	0	0	0	0	-1	5
519	618	619	4	5.75	-3	5
520	620	621	7	17.5	-3	7
521	0	0	0	0	-1	7.8
522	0	0	0	0	-1	7
523	0	0	0	0	-1	7
524	0	0	0	0	-1	6
525	0	0	0	0	-1	6
526	622	623	8	0.99473	-3	7.0625
527	0	0	0	0	-1	6.66666666666667
528	0	0	0	0	-1	7
529	0	0	0	0	-1	6
530	624	625	10	0.715	-3	5.66666666666667
531	626	627	7	13.5	-3	6
532	0	0	0	0	-1	6
533	0	0	0	0	-1	7
534	628	629	4	2.4	-3	6.83333333333333
535	0	0	0	0	-1	6
536	0	0	0	0	-1	7.4
537	630	631	6	6.5	-3	6.88888888888889
538	632	633	6	26.5	-3	5.0253164556962
539	0	0	0	0	-1	6
540	0	0	0	0	-1	6
541	0	0	0	0	-1	5
542	0	0	0	0	-1	6
543	0	0	0	0	-1	5
544	634	635	6	3.195	-3	5
545	0	0	0	0	-1	5
546	636	637	10	0.52	-3	5.09090909090909
547	0	0	0	0	-1	6
548	0	0	0	0	-1	5.33333333333333
549	0	0	0	0	-1	6
550	638	639	2	0.575	-3	5
551	640	641	8	0.996215	-3	5.26923076923077
552	0	0	0	0	-1	7
553	642	643	3	0.27	-3	5
554	644	645	8	0.99718	-3	5.625
555	646	647	6	29	-3	5.05555555555556
556	0	0	0	0	-1	5
557	0	0	0	0	-1	5
558	0	0	0	0	-1	5
559	0	0	0	0	-1	5
560	0	0	0	0	-1	6
561	0	0	0	0	-1	6
562	648	649	8	0.997875	-3	5.77777777777778
563	0	0	0	0	-1	5
564	0	0	0	0	-1	5
565	650	651	4	2.2	-3	5
566	0	0	0	0	-1	6
567	652	653	5	0.0845	-3	6
568	0	0	0	0	-1	5
569	0	0	0	0	-1	5
570	0	0	0	0	-1	6
571	654	655	5	0.063	-3	5.05263157894737
572	0	0	0	0	-1	6
573	656	657	1	0	-3	6
574	0	0	0	0	-1	5
575	658	659	1	0	-3	4
576	660	661	8	0.9965	-3	5.5
577	662	663	4	1.6	-3	5.81818181818182
578	664	665	1	8.2	-3	6.1
579	0	0	0	0	-1	5
580	0	0	0	0	-1	5
581	0	0	0	0	-1	5
582	666	667	11	10.35	-3	5.86363636363636
583	668	669	11	10.95	-3	5.45
584	0	0	0	0	-1	4.8
585	670	671	11	12.375	-3	5
586	0	0	0	0	-1	5
587	672	673	5	0.0745	-3	6
588	0	0	0	0	-1	6
589	0	0	0	0	-1	7
590	674	675	8	0.99441	-3	6
591	676	677	11	11.65	-3	6.57142857142857
592	0	0	0	0	-1	6
593	0	0	0	0	-1	6
594	0	0	0	0	-1	6
595	0	0	0	0	-1	6
596	0	0	0	0	-1	5
597	0	0	0	0	-1	5
598	0	0	0	0	-1	5.25
599	678	679	10	0.645	-3	5
600	0	0	0	0	-1	5
601	680	681	3	0.575	-3	6
602	0	0	0	0	-1	5
603	682	683	1	9.4	-3	6
604	684	685	3	0	-3	6
605	0	0	0	0	-1	8
606	686	687	10	0.74	-3	6.73333333333333
607	0	0	0	0	-1	6
608	0	0	0	0	-1	6
609	0	0	0	0	-1	6
610	688	689	10	0.555	-3	4.6
611	690	691	8	0.99945	-3	5
612	692	693	9	3.52	-3	5.14285714285714
613	694	695	6	15.5	-3	5.57142857142857
614	0	0	0	0	-1	5
615	696	697	7	23	-3	6
616	0	0	0	0	-1	6
617	0	0	0	0	-1	6
618	698	699	9	3.27	-3	5
619	700	701	5	0	-3	5
620	0	0	0	0	-1	7
621	0	0	0	0	-1	7
622	702	703	8	0.9946	-3	7.15384615384615
623	704	705	11	10.9	-3	7
624	706	707	5	0.091	-3	5.33333333333333
625	708	709	6	3.285	-3	6
626	0	0	0	0	-1	5.5
627	710	711	8	0.9982	-3	6.03125
628	0	0	0	0	-1	6
629	0	0	0	0	-1	7
630	0	0	0	0	-1	6
631	712	713	9	3.265	-3	7
632	714	715	9	3.295	-3	5
633	716	717	10	0.7	-3	5.16666666666667
634	0	0	0	0	-1	6
635	718	719	10	0.435	-3	5
636	720	721	6	9	-3	5
637	0	0	0	0	-1	6
638	0	0	0	0	-1	5
639	722	723	7	0	-3	5
640	724	725	3	0.205	-3	5.6
641	726	727	11	9.95	-3	5.0625
642	0	0	0	0	-1	5
643	0	0	0	0	-1	5
644	0	0	0	0	-1	6.33333333333333
645	0	0	0	0	-1	5.2
646	728	729	9	3.34	-3	5.03225806451613
647	0	0	0	0	-1	5.2
648	730	731	8	0.9971	-3	5.875
649	0	0	0	0	-1	5
650	732	733	11	0	-3	5
651	0	0	0	0	-1	5
652	0	0	0	0	-1	6
653	0	0	0	0	-1	6
654	0	0	0	0	-1	5.33333333333333
655	734	735	10	0.485	-3	5
656	0	0	0	0	-1	5
657	736	737	7	43	-3	6
658	0	0	0	0	-1	7
659	0	0	0	0	-1	4
660	738	739	10	0.825	-3	5.39130434782609
661	0	0	0	0	-1	6.33333333333333
662	0	0	0	0	-1	5
663	740	741	1	9.4	-3	5.86538461538461
664	742	743	11	10.6	-3	6
665	0	0	0	0	-1	6.5
666	0	0	0	0	-1	5.25
667	744	745	1	6.65	-3	6
668	746	747	11	10.75	-3	5.35294117647059
669	0	0	0	0	-1	6
670	748	749	7	0	-3	5
671	0	0	0	0	-1	5
672	750	751	7	39	-3	6
673	0	0	0	0	-1	6
674	0	0	0	0	-1	6
675	0	0	0	0	-1	6
676	0	0	0	0	-1	7
677	0	0	0	0	-1	6
678	0	0	0	0	-1	5
679	0	0	0	0	-1	5
680	0	0	0	0	-1	6
681	0	0	0	0	-1	6
682	752	753	5	10.2	-3	6
683	0	0	0	0	-1	6
684	0	0	0	0	-1	6
685	754	755	10	0.895	-3	6
686	0	0	0	0	-1	6
687	756	757	9	3.05	-3	6.78571428571429
688	0	0	0	0	-1	5
689	0	0	0	0	-1	4.2
690	758	759	6	6.5	-3	5
691	760	761	5	0	-3	5
692	762	763	8	0.995705	-3	5.11111111111111
693	0	0	0	0	-1	6
694	0	0	0	0	-1	6
695	0	0	0	0	-1	5
696	0	0	0	0	-1	6
697	0	0	0	0	-1	6
698	0	0	0	0	-1	5
699	0	0	0	0	-1	5
700	0	0	0	0	-1	5
701	764	765	2	0	-3	5
702	766	767	6	6.5	-3	7
703	0	0	0	0	-1	8
704	0	0	0	0	-1	7
705	768	769	9	0	-3	7
706	0	0	0	0	-1	6
707	0	0	0	0	-1	5
708	0	0	0	0	-1	6
709	770	771	5	0.12	-3	6
710	772	773	11	11.45	-3	6.125
711	774	775	8	1.00021	-3	6
712	0	0	0	0	-1	7
713	0	0	0	0	-1	7
714	776	777	9	3.18	-3	5
715	778	779	5	0.0745	-3	5
716	780	781	9	3.34	-3	5.09090909090909
717	0	0	0	0	-1	6
718	0	0	0	0	-1	5
719	782	783	5	0	-3	5
720	784	785	9	3.02	-3	5
721	0	0	0	0	-1	5
722	0	0	0	0	-1	6
723	786	787	1	7.25	-3	5
724	0	0	0	0	-1	5.2
725	0	0	0	0	-1	6
726	0	0	0	0	-1	5
727	0	0	0	0	-1	5.5
728	788	789	3	0.09	-3	5.09090909090909
729	790	791	1	7.3	-3	5
730	0	0	0	0	-1	5.66666666666667
731	0	0	0	0	-1	6
732	0	0	0	0	-1	6
733	792	793	3	0	-3	5
734	794	795	1	0	-3	5
735	796	797	2	0.475	-3	5
736	0	0	0	0	-1	6
737	0	0	0	0	-1	6
738	798	799	4	1.75	-3	5.22222222222222
739	0	0	0	0	-1	6
740	800	801	4	2.05	-3	5.88235294117647
741	0	0	0	0	-1	5
742	0	0	0	0	-1	6
743	0	0	0	0	-1	6
744	0	0	0	0	-1	6
745	802	803	8	0.995905	-3	6
746	804	805	9	3.335	-3	5.6
747	0	0	0	0	-1	5
748	0	0	0	0	-1	6
749	0	0	0	0	-1	5
750	0	0	0	0	-1	6
751	806	807	4	2.85	-3	6
752	808	809	3	0.385	-3	6
753	0	0	0	0	-1	6
754	0	0	0	0	-1	6
755	0	0	0	0	-1	6
756	0	0	0	0	-1	6
757	810	811	10	0.88	-3	6.91666666666667
758	0	0	0	0	-1	5
759	0	0	0	0	-1	5
760	0	0	0	0	-1	7
761	0	0	0	0	-1	5
762	0	0	0	0	-1	6
763	812	813	6	6.5	-3	5.07692307692308
764	0	0	0	0	-1	6
765	0	0	0	0	-1	5
766	814	815	8	0.99433	-3	7
767	0	0	0	0	-1	7
768	0	0	0	0	-1	6
769	816	817	2	0	-3	7
770	0	0	0	0	-1	6
771	0	0	0	0	-1	6
772	818	819	5	0	-3	6
773	0	0	0	0	-1	7
774	820	821	4	2.175	-3	6
775	822	823	8	1.0011	-3	6
776	824	825	2	0	-3	5
777	826	827	1	7.7	-3	5
778	828	829	5	0	-3	5
779	830	831	4	1.7	-3	5
780	832	833	6	38	-3	5
781	0	0	0	0	-1	6
782	0	0	0	0	-1	6
783	834	835	6	18.5	-3	5
784	0	0	0	0	-1	5
785	0	0	0	0	-1	5
786	836	837	7	0	-3	5
787	838	839	5	0.0875	-3	5
788	0	0	0	0	-1	6
789	840	841	2	0.5725	-3	5
790	842	843	1	0.0765	-3	5
791	844	845	7	0	-3	5
792	0	0	0	0	-1	5
793	0	0	0	0	-1	5
794	0	0	0	0	-1	5
795	846	847	7	58	-3	5
796	0	0	0	0	-1	5
797	848	849	7	0	-3	5
798	850	851	1	7.45	-3	5.66666666666667
799	852	853	9	3.355	-3	5
800	854	855	2	0.565	-3	5.72727272727273
801	856	857	2	0.56	-3	6
802	0	0	0	0	-1	6
803	0	0	0	0	-1	6
804	0	0	0	0	-1	6
805	858	859	10	0.575	-3	5.33333333333333
806	0	0	0	0	-1	6
807	0	0	0	0	-1	6
808	0	0	0	0	-1	6
809	0	0	0	0	-1	6
810	860	861	11	10.35	-3	7
811	0	0	0	0	-1	6.75
812	0	0	0	0	-1	5.5
813	862	863	10	1.445	-3	5.04166666666667
814	0	0	0	0	-1	7
815	0	0	0	0	-1	7
816	0	0	0	0	-1	5
817	864	865	7	0	-3	7
818	0	0	0	0	-1	6
819	866	867	11	11	-3	6
820	0	0	0	0	-1	6
821	868	869	7	22.5	-3	6
822	870	871	6	0	-3	6
823	0	0	0	0	-1	6
824	0	0	0	0	-1	5
825	872	873	6	17.5	-3	5
826	0	0	0	0	-1	5
827	874	875	7	0	-3	5
828	0	0	0	0	-1	5
829	0	0	0	0	-1	5
830	876	877	7	0	-3	5
831	878	879	6	7.5	-3	5
832	0	0	0	0	-1	5
833	880	881	6	0	-3	5
834	0	0	0	0	-1	5
835	0	0	0	0	-1	5
836	0	0	0	0	-1	6
837	882	883	7	87	-3	5
838	884	885	11	0	-3	5
839	0	0	0	0	-1	5
840	0	0	0	0	-1	5
841	886	887	4	0	-3	5
842	0	0	0	0	-1	5
843	888	889	9	3.43	-3	5
844	0	0	0	0	-1	5
845	890	891	10	0.47	-3	5
846	0	0	0	0	-1	5
847	0	0	0	0	-1	5
848	0	0	0	0	-1	5
849	892	893	3	0.135	-3	5
850	0	0	0	0	-1	6
851	0	0	0	0	-1	5
852	0	0	0	0	-1	5
853	894	895	9	0	-3	5
854	896	897	11	10.85	-3	6
855	898	899	6	17.5	-3	5.33333333333333
856	900	901	9	3.27	-3	6
857	0	0	0	0	-1	6
858	0	0	0	0	-1	6
859	0	0	0	0	-1	5
860	902	903	8	0	-3	7
861	0	0	0	0	-1	7
862	904	905	4	1.95	-3	5
863	0	0	0	0	-1	6
864	0	0	0	0	-1	6
865	0	0	0	0	-1	7
866	0	0	0	0	-1	6
867	0	0	0	0	-1	6
868	0	0	0	0	-1	6
869	906	907	3	0.545	-3	6
870	0	0	0	0	-1	6
871	0	0	0	0	-1	6
872	908	909	5	0	-3	5
873	0	0	0	0	-1	5
874	0	0	0	0	-1	6
875	0	0	0	0	-1	5
876	0	0	0	0	-1	6
877	910	911	4	1.5	-3	5
878	912	913	5	0.077	-3	5
879	0	0	0	0	-1	5
880	0	0	0	0	-1	7
881	914	915	5	0.0765	-3	5
882	0	0	0	0	-1	5
883	0	0	0	0	-1	5
884	0	0	0	0	-1	6
885	916	917	4	3.29	-3	5
886	0	0	0	0	-1	6
887	918	919	5	0.0925	-3	5
888	0	0	0	0	-1	5
889	920	921	5	0.0775	-3	5
890	0	0	0	0	-1	5
891	0	0	0	0	-1	5
892	0	0	0	0	-1	5
893	0	0	0	0	-1	5
894	0	0	0	0	-1	7
895	922	923	1	3.38	-3	5
896	924	925	5	0.07	-3	6
897	0	0	0	0	-1	6
898	926	927	1	0.994555	-3	5
899	0	0	0	0	-1	6
900	0	0	0	0	-1	6
901	928	929	3	7.9	-3	6
902	0	0	0	0	-1	5
903	0	0	0	0	-1	7
904	930	931	5	0.4395	-3	5
905	932	933	10	0.625	-3	5
906	0	0	0	0	-1	6
907	934	935	10	0.59	-3	6
908	0	0	0	0	-1	5
909	936	937	9	0	-3	5
910	0	0	0	0	-1	5
911	0	0	0	0	-1	5
912	0	0	0	0	-1	5
913	938	939	2	0.5175	-3	5
914	0	0	0	0	-1	5
915	0	0	0	0	-1	5
916	940	941	9	3.23	-3	5
917	0	0	0	0	-1	5
918	942	943	7	0	-3	5
919	0	0	0	0	-1	5
920	944	945	1	0	-3	5
921	0	0	0	0	-1	5
922	0	0	0	0	-1	6
923	0	0	0	0	-1	5
924	0	0	0	0	-1	6
925	946	947	6	20.5	-3	6
926	0	0	0	0	-1	5
927	0	0	0	0	-1	5
928	948	949	3	3.47	-3	6
929	0	0	0	0	-1	6
930	950	951	7	0	-3	5
931	0	0	0	0	-1	5
932	952	953	9	0	-3	5
933	0	0	0	0	-1	5
934	0	0	0	0	-1	5
935	0	0	0	0	-1	6
936	0	0	0	0	-1	5
937	0	0	0	0	-1	5
938	0	0	0	0	-1	5
939	0	0	0	0	-1	5
940	0	0	0	0	-1	5
941	954	955	3	0	-3	5
942	0	0	0	0	-1	6
943	956	957	8	0.998105	-3	5
944	0	0	0	0	-1	6
945	958	959	5	0	-3	5
946	0	0	0	0	-1	6
947	0	0	0	0	-1	6
948	960	961	3	0.115	-3	6
949	0	0	0	0	-1	6
950	0	0	0	0	-1	8
951	0	0	0	0	-1	5
952	0	0	0	0	-1	6
953	0	0	0	0	-1	5
954	0	0	0	0	-1	6
955	962	963	3	3.29	-3	5
956	0	0	0	0	-1	5
957	0	0	0	0	-1	5
958	0	0	0	0	-1	5
959	0	0	0	0	-1	5
960	0	0	0	0	-1	6
961	0	0	0	0	-1	6
962	0	0	0	0	-1	5
963	0	0	0	0	-1	5
