1	2	3	2	0.425	-3	5.66729205753596
2	4	5	10	0.685	-3	6.06954887218045
3	6	7	3	0.515	-3	5.46672914714151
4	8	9	8	0.99538	-3	5.73684210526316
5	10	11	8	0.99535	-3	6.40225563909774
6	12	13	5	0.0665	-3	5.42799597180261
7	14	15	10	0.58	-3	5.98648648648649
8	16	17	11	10.65	-3	6.2
9	18	19	1	9.95	-3	5.61611374407583
10	20	21	10	0.695	-3	6.97435897435897
11	22	23	7	51	-3	6.16489361702128
12	24	25	2	0.87	-3	5.72839506172839
13	26	27	9	3.7	-3	5.36943441636582
14	28	29	8	1.0007	-3	4.7
15	30	31	10	0.855	-3	6.1875
16	0	0	0	0	-1	5
17	32	33	6	6.5	-3	6.26923076923077
18	34	35	2	0.3025	-3	5.48611111111111
19	36	37	7	46.5	-3	5.8955223880597
20	0	0	0	0	-1	7.6
21	38	39	3	0.315	-3	6.93150684931507
22	40	41	11	12.45	-3	6.31654676258993
23	42	43	7	104.5	-3	5.73469387755102
24	44	45	7	52.5	-3	5.83783783783784
25	46	47	11	10.6	-3	4.57142857142857
26	48	49	11	11.25	-3	5.36121212121212
27	50	51	6	9	-3	6.5
28	52	53	2	0.52	-3	5.125
29	0	0	0	0	-1	3
30	54	55	7	76.5	-3	6.42857142857143
31	56	57	10	1.665	-3	5.72727272727273
32	58	59	4	2.15	-3	6.76923076923077
33	60	61	7	221.5	-3	6.1025641025641
34	62	63	5	0.1	-3	5.86363636363636
35	64	65	5	0.0665	-3	5.41803278688525
36	66	67	2	0.255	-3	5.96774193548387
37	0	0	0	0	-1	5
38	68	69	7	31.5	-3	7.23076923076923
39	70	71	7	46	-3	6.86666666666667
40	72	73	11	9.75	-3	6.25373134328358
41	0	0	0	0	-1	8
42	74	75	6	33.5	-3	5.8780487804878
43	76	77	3	0.37	-3	5
44	78	79	8	0.996435	-3	5.67567567567568
45	80	81	11	9.95	-3	6.32432432432432
46	82	83	11	9.8	-3	4
47	84	85	4	2.05	-3	5
48	86	87	2	0.865	-3	5.3046357615894
49	88	89	11	12.95	-3	5.97142857142857
50	0	0	0	0	-1	7
51	0	0	0	0	-1	6
52	0	0	0	0	-1	6
53	90	91	7	17	-3	4.83333333333333
54	92	93	11	11.75	-3	6.55263157894737
55	0	0	0	0	-1	5.25
56	94	95	2	0.45	-3	5.80952380952381
57	0	0	0	0	-1	4
58	96	97	11	13.15	-3	6.9
59	0	0	0	0	-1	6.33333333333333
60	98	99	9	3.675	-3	6.05405405405405
61	0	0	0	0	-1	7
62	100	101	11	11	-3	6.07142857142857
63	102	103	11	10.75	-3	5.5
64	104	105	4	4.3	-3	4.81818181818182
65	106	107	4	2.75	-3	5.47747747747748
66	0	0	0	0	-1	5
67	108	109	3	0.72	-3	6.03448275862069
68	0	0	0	0	-1	8
69	110	111	3	0.215	-3	7
70	112	113	7	9	-3	6.92592592592593
71	114	115	8	0.99497	-3	6.33333333333333
72	116	117	2	0.3175	-3	5.77777777777778
73	118	119	3	0.7	-3	6.42857142857143
74	120	121	2	0.31	-3	5.6551724137931
75	122	123	9	3.325	-3	6.41666666666667
76	0	0	0	0	-1	5
77	124	125	11	0	-3	5
78	126	127	4	1.775	-3	5.77272727272727
79	128	129	3	0.01	-3	5.30434782608696
80	0	0	0	0	-1	5.25
81	130	131	3	0.435	-3	6.45454545454546
82	0	0	0	0	-1	4
83	0	0	0	0	-1	4
84	132	133	9	3.435	-3	5.33333333333333
85	0	0	0	0	-1	4
86	134	135	9	3.125	-3	5.35410764872521
87	136	137	3	0.095	-3	4.59183673469388
88	138	139	6	8.5	-3	5.94202898550725
89	0	0	0	0	-1	8
90	0	0	0	0	-1	4
91	0	0	0	0	-1	5
92	140	141	9	3.08	-3	6.09523809523809
93	142	143	10	0.675	-3	7.11764705882353
94	0	0	0	0	-1	7
95	144	145	8	0.99642	-3	5.68421052631579
96	146	147	7	7.5	-3	7
97	0	0	0	0	-1	6
98	148	149	1	9.05	-3	6.02777777777778
99	0	0	0	0	-1	7
100	150	151	5	0.094	-3	6
101	0	0	0	0	-1	7
102	0	0	0	0	-1	5
103	0	0	0	0	-1	6
104	152	153	7	55.5	-3	5.125
105	0	0	0	0	-1	4
106	154	155	7	19.5	-3	5.40625
107	156	157	7	67.5	-3	5.93333333333333
108	158	159	10	0.615	-3	5.98181818181818
109	0	0	0	0	-1	7
110	160	161	5	0.0615	-3	6.66666666666667
111	0	0	0	0	-1	7.5
112	0	0	0	0	-1	6
113	162	163	2	0.19	-3	6.94339622641509
114	0	0	0	0	-1	6
115	0	0	0	0	-1	7
116	164	165	2	0.235	-3	6.09523809523809
117	166	167	7	19.5	-3	5.33333333333333
118	168	169	10	1.07	-3	6.41237113402062
119	0	0	0	0	-1	8
120	170	171	1	8.3	-3	6
121	172	173	5	0.0715	-3	5.54545454545455
122	0	0	0	0	-1	7
123	174	175	6	39.5	-3	6
124	0	0	0	0	-1	7
125	176	177	2	0.38	-3	5
126	178	179	11	12.125	-3	5.5
127	180	181	11	10.675	-3	5.92857142857143
128	0	0	0	0	-1	4.8
129	182	183	9	3.19	-3	5.44444444444444
130	184	185	9	3.6	-3	6.54838709677419
131	0	0	0	0	-1	5
132	0	0	0	0	-1	5
133	0	0	0	0	-1	6
134	186	187	4	4.35	-3	5.12962962962963
135	188	189	11	10.15	-3	5.37269938650306
136	190	191	4	3.35	-3	4.17857142857143
137	192	193	9	3.345	-3	5.14285714285714
138	194	195	9	3.18	-3	5.66666666666667
139	196	197	10	0.7	-3	6.08888888888889
140	0	0	0	0	-1	7
141	198	199	6	27.5	-3	5.94444444444444
142	200	201	4	4.05	-3	6.85714285714286
143	202	203	11	12.95	-3	7.3
144	0	0	0	0	-1	5.4
145	204	205	5	0.0795	-3	5.78571428571429
146	0	0	0	0	-1	7
147	0	0	0	0	-1	7
148	206	207	7	30	-3	6.05882352941176
149	0	0	0	0	-1	5.5
150	208	209	6	0	-3	6
151	0	0	0	0	-1	6
152	210	211	7	25.5	-3	5
153	0	0	0	0	-1	5.5
154	212	213	4	1.85	-3	5.83333333333333
155	214	215	6	19.5	-3	5.3452380952381
156	216	217	10	0.615	-3	6.07692307692308
157	0	0	0	0	-1	5
158	218	219	1	10.85	-3	5.5
159	220	221	3	0.54	-3	6.25714285714286
160	0	0	0	0	-1	6.8
161	0	0	0	0	-1	6
162	0	0	0	0	-1	5
163	222	223	6	21.5	-3	6.98076923076923
164	0	0	0	0	-1	7
165	224	225	9	3.27	-3	5.94444444444444
166	226	227	5	0.1545	-3	5
167	0	0	0	0	-1	6
168	228	229	4	5.35	-3	6.37634408602151
169	0	0	0	0	-1	7.25
170	0	0	0	0	-1	6
171	0	0	0	0	-1	6
172	0	0	0	0	-1	5
173	230	231	2	0.325	-3	5.70588235294118
174	0	0	0	0	-1	5
175	232	233	1	9.2	-3	6.16666666666667
176	0	0	0	0	-1	5
177	0	0	0	0	-1	5
178	234	235	8	0.99547	-3	5.30434782608696
179	0	0	0	0	-1	6
180	236	237	11	10.4	-3	5.7
181	238	239	1	6.55	-3	6.05555555555556
182	0	0	0	0	-1	5
183	240	241	5	0.0625	-3	5.61538461538461
184	242	243	5	0.061	-3	6.74074074074074
185	0	0	0	0	-1	5.25
186	244	245	5	0.0725	-3	5.19607843137255
187	0	0	0	0	-1	4
188	246	247	2	0.6475	-3	5.26470588235294
189	248	249	10	0.525	-3	5.6
190	250	251	8	0.995135	-3	4.40909090909091
191	252	253	11	11.1	-3	3.33333333333333
192	254	255	8	0.99625	-3	4.94444444444444
193	0	0	0	0	-1	6.33333333333333
194	0	0	0	0	-1	5
195	256	257	4	4.4	-3	5.8
196	258	259	2	0.63	-3	5.96969696969697
197	260	261	6	19	-3	6.41666666666667
198	262	263	9	3.215	-3	5.88235294117647
199	0	0	0	0	-1	7
200	264	265	10	0	-3	7
201	0	0	0	0	-1	6
202	266	267	1	10.3	-3	7
203	0	0	0	0	-1	8
204	0	0	0	0	-1	5
205	268	269	6	21	-3	5.91666666666667
206	270	271	4	3	-3	6.2
207	272	273	2	0.35	-3	6
208	0	0	0	0	-1	5
209	274	275	2	0.255	-3	6
210	0	0	0	0	-1	5
211	0	0	0	0	-1	5
212	0	0	0	0	-1	5
213	276	277	3	0.24	-3	6
214	278	279	11	9.05	-3	5.17021276595745
215	280	281	7	70.5	-3	5.56756756756757
216	0	0	0	0	-1	5.8
217	282	283	11	11.55	-3	6.25
218	0	0	0	0	-1	6.25
219	284	285	3	0.66	-3	5.3125
220	286	287	3	0.455	-3	6.52941176470588
221	288	289	2	0.325	-3	6
222	290	291	11	13.5	-3	7
223	292	293	9	3.405	-3	6.875
224	294	295	9	3.205	-3	6
225	0	0	0	0	-1	5
226	296	297	8	0	-3	5
227	0	0	0	0	-1	5
228	298	299	11	11.6	-3	6.34831460674157
229	0	0	0	0	-1	7
230	0	0	0	0	-1	5
231	300	301	6	28	-3	5.8
232	0	0	0	0	-1	7
233	0	0	0	0	-1	6
234	302	303	6	4	-3	5.2
235	0	0	0	0	-1	6
236	304	305	11	7.15	-3	6
237	306	307	10	0.575	-3	5
238	308	309	4	3.65	-3	5.6
239	310	311	7	44	-3	6.23076923076923
240	0	0	0	0	-1	5
241	312	313	10	0.66	-3	6
242	314	315	7	79.5	-3	6.53333333333333
243	316	317	4	0	-3	7
244	0	0	0	0	-1	4.33333333333333
245	318	319	1	10.95	-3	5.25
246	320	321	1	10.35	-3	5.34228187919463
247	322	323	4	2.45	-3	5.10416666666667
248	324	325	5	0.0925	-3	5.14285714285714
249	326	327	8	0.996195	-3	5.67032967032967
250	328	329	8	0.994565	-3	3.66666666666667
251	330	331	5	0.077	-3	4.6875
252	0	0	0	0	-1	3
253	0	0	0	0	-1	4
254	0	0	0	0	-1	4.6
255	332	333	11	9.8	-3	5.07692307692308
256	334	335	11	11.45	-3	5.94117647058824
257	0	0	0	0	-1	5
258	336	337	6	12.5	-3	6
259	338	339	9	3.56	-3	5.9375
260	0	0	0	0	-1	7
261	340	341	4	3.05	-3	6.125
262	342	343	11	9.8	-3	5.93333333333333
263	0	0	0	0	-1	5.5
264	0	0	0	0	-1	6
265	0	0	0	0	-1	7
266	0	0	0	0	-1	7
267	0	0	0	0	-1	7
268	344	345	10	1.195	-3	6
269	0	0	0	0	-1	5.66666666666667
270	346	347	1	8.85	-3	6.11111111111111
271	0	0	0	0	-1	7
272	0	0	0	0	-1	6
273	0	0	0	0	-1	6
274	0	0	0	0	-1	6
275	348	349	10	19.5	-3	6
276	0	0	0	0	-1	6
277	350	351	3	0.455	-3	6
278	0	0	0	0	-1	5.66666666666667
279	352	353	9	3.12	-3	5.13636363636364
280	354	355	4	1.65	-3	5.71428571428571
281	356	357	4	1.85	-3	5.11111111111111
282	358	359	7	22	-3	6
283	0	0	0	0	-1	7
284	360	361	11	9.35	-3	5.08333333333333
285	0	0	0	0	-1	6
286	362	363	9	3.165	-3	5.875
287	364	365	3	0.51	-3	7.11111111111111
288	366	367	5	0.0785	-3	6
289	368	369	3	0.595	-3	6
290	370	371	5	0	-3	7
291	0	0	0	0	-1	7
292	372	373	4	0.785	-3	7
293	0	0	0	0	-1	6
294	374	375	1	10.95	-3	6
295	376	377	11	9.5	-3	6
296	0	0	0	0	-1	5
297	378	379	1	10.95	-3	5
298	380	381	8	0.9975	-3	6.28378378378379
299	382	383	9	3.185	-3	6.66666666666667
300	384	385	7	0.46	-3	6
301	0	0	0	0	-1	5.4
302	0	0	0	0	-1	6
303	386	387	10	0.48	-3	5.11111111111111
304	0	0	0	0	-1	6
305	388	389	8	0.994865	-3	6
306	0	0	0	0	-1	5
307	0	0	0	0	-1	5
308	390	391	8	0.99387	-3	5.77777777777778
309	0	0	0	0	-1	4
310	392	393	5	0.0595	-3	6.125
311	0	0	0	0	-1	7.5
312	0	0	0	0	-1	6
313	0	0	0	0	-1	6
314	0	0	0	0	-1	5.8
315	394	395	10	0.56	-3	6.9
316	0	0	0	0	-1	6
317	0	0	0	0	-1	7
318	396	397	10	1.265	-3	5.15384615384615
319	398	399	4	3.35	-3	5.66666666666667
320	400	401	10	0.555	-3	5.3617747440273
321	0	0	0	0	-1	4.2
322	402	403	7	12.5	-3	5.01010101010101
323	404	405	8	0.997165	-3	5.31111111111111
324	406	407	9	3.295	-3	4.89473684210526
325	408	409	10	0.505	-3	5.66666666666667
326	410	411	1	9.5	-3	5.83950617283951
327	412	413	1	7.35	-3	5.53465346534653
328	0	0	0	0	-1	4
329	0	0	0	0	-1	3
330	0	0	0	0	-1	4
331	414	415	7	46.5	-3	4.78571428571429
332	416	417	6	0	-3	5
333	0	0	0	0	-1	5.25
334	0	0	0	0	-1	5.75
335	418	419	5	0.0805	-3	6
336	420	421	10	0	-3	6
337	422	423	8	0.993875	-3	6
338	424	425	6	16	-3	6
339	0	0	0	0	-1	5.66666666666667
340	426	427	2	0.525	-3	6
341	0	0	0	0	-1	7
342	0	0	0	0	-1	5.66666666666667
343	428	429	2	0.715	-3	6
344	0	0	0	0	-1	6
345	0	0	0	0	-1	6
346	430	431	5	3.295	-3	6
347	0	0	0	0	-1	7
348	432	433	6	11.5	-3	6
349	0	0	0	0	-1	6
350	0	0	0	0	-1	6
351	0	0	0	0	-1	6
352	0	0	0	0	-1	6
353	434	435	3	0.07	-3	5.11627906976744
354	0	0	0	0	-1	5
355	436	437	10	0.51	-3	5.8
356	0	0	0	0	-1	6
357	438	439	6	27.5	-3	5
358	0	0	0	0	-1	6
359	0	0	0	0	-1	6
360	0	0	0	0	-1	6
361	440	441	10	5.5	-3	5
362	442	443	8	1.0007	-3	5.66666666666667
363	0	0	0	0	-1	6.5
364	0	0	0	0	-1	7
365	0	0	0	0	-1	8
366	0	0	0	0	-1	6
367	0	0	0	0	-1	6
368	0	0	0	0	-1	6
369	444	445	6	6.5	-3	6
370	0	0	0	0	-1	5
371	446	447	1	19	-3	7
372	0	0	0	0	-1	5
373	448	449	6	23.5	-3	7
374	0	0	0	0	-1	6
375	0	0	0	0	-1	6
376	0	0	0	0	-1	6
377	0	0	0	0	-1	6
378	0	0	0	0	-1	5
379	0	0	0	0	-1	5
380	450	451	9	3.38	-3	6.15789473684211
381	452	453	11	10.4	-3	6.41666666666667
382	0	0	0	0	-1	8
383	454	455	1	9.55	-3	6.46153846153846
384	0	0	0	0	-1	6
385	456	457	2	0.345	-3	6
386	0	0	0	0	-1	5.66666666666667
387	458	459	7	41.5	-3	5
388	0	0	0	0	-1	6
389	460	461	3	0.185	-3	6
390	0	0	0	0	-1	5.33333333333333
391	462	463	11	10.85	-3	6
392	464	465	11	11.3	-3	5.85714285714286
393	466	467	3	0.04	-3	6.23529411764706
394	0	0	0	0	-1	6
395	468	469	1	5.25	-3	7
396	470	471	4	2.65	-3	5.05882352941177
397	0	0	0	0	-1	5.8
398	472	473	8	0.99817	-3	6
399	0	0	0	0	-1	5
400	474	475	8	0.99479	-3	5.15533980582524
401	476	477	6	9.5	-3	5.47368421052632
402	478	479	9	3.47	-3	4.5
403	480	481	10	1.02	-3	5.06741573033708
404	482	483	6	20	-3	5.83333333333333
405	484	485	2	0.7375	-3	5.23076923076923
406	0	0	0	0	-1	6
407	486	487	11	11.05	-3	4.83333333333333
408	0	0	0	0	-1	6
409	0	0	0	0	-1	5
410	488	489	9	3.61	-3	5.81012658227848
411	0	0	0	0	-1	7
412	490	491	8	0.996625	-3	5.1875
413	492	493	3	0.15	-3	5.69565217391304
414	494	495	10	0	-3	5
415	496	497	9	3.275	-3	4.57142857142857
416	0	0	0	0	-1	6
417	498	499	7	148.5	-3	5
418	0	0	0	0	-1	6
419	500	501	4	0	-3	6
420	0	0	0	0	-1	7
421	502	503	6	0	-3	6
422	0	0	0	0	-1	6
423	0	0	0	0	-1	6
424	504	505	2	0	-3	6
425	506	507	7	33.5	-3	6
426	0	0	0	0	-1	6
427	0	0	0	0	-1	6
428	508	509	5	0.086	-3	6
429	0	0	0	0	-1	6
430	510	511	5	0.0665	-3	6
431	0	0	0	0	-1	6
432	0	0	0	0	-1	6
433	0	0	0	0	-1	6
434	0	0	0	0	-1	6
435	512	513	7	32.5	-3	5.07317073170732
436	514	515	8	0.99624	-3	5.33333333333333
437	516	517	9	3.325	-3	5.94736842105263
438	0	0	0	0	-1	5
439	0	0	0	0	-1	5
440	518	519	4	2.5	-3	5
441	0	0	0	0	-1	5
442	0	0	0	0	-1	5.8
443	0	0	0	0	-1	5
444	0	0	0	0	-1	6
445	520	521	8	0.9984	-3	6
446	522	523	5	0.147	-3	7
447	0	0	0	0	-1	7
448	0	0	0	0	-1	7
449	0	0	0	0	-1	7
450	524	525	1	11	-3	6.08823529411765
451	0	0	0	0	-1	6.75
452	526	527	10	0.725	-3	6.125
453	528	529	4	3.05	-3	6.65
454	530	531	8	0.99544	-3	6.83333333333333
455	532	533	10	0.765	-3	6.14285714285714
456	0	0	0	0	-1	6
457	534	535	6	20	-3	6
458	536	537	7	0	-3	5
459	0	0	0	0	-1	5
460	538	539	4	2.15	-3	6
461	0	0	0	0	-1	6
462	0	0	0	0	-1	6
463	0	0	0	0	-1	6
464	0	0	0	0	-1	5
465	540	541	7	14	-3	6
466	0	0	0	0	-1	6
467	542	543	11	11.75	-3	6.44444444444444
468	0	0	0	0	-1	7
469	0	0	0	0	-1	7
470	544	545	6	26	-3	5.03333333333333
471	0	0	0	0	-1	5.25
472	0	0	0	0	-1	6
473	0	0	0	0	-1	6
474	546	547	2	0.595	-3	5.71428571428571
475	548	549	2	0.525	-3	5.11458333333333
476	550	551	4	4.5	-3	5.85714285714286
477	552	553	1	9.95	-3	5.36486486486487
478	554	555	1	7.35	-3	4.875
479	0	0	0	0	-1	3
480	556	557	5	0.0795	-3	5.09195402298851
481	0	0	0	0	-1	4
482	0	0	0	0	-1	6
483	0	0	0	0	-1	5
484	558	559	7	17.5	-3	5.07692307692308
485	560	561	10	0.65	-3	5.53846153846154
486	562	563	10	0.38	-3	4.9375
487	0	0	0	0	-1	4
488	564	565	4	1.65	-3	5.83116883116883
489	0	0	0	0	-1	5
490	566	567	6	13.5	-3	5.5
491	568	569	10	1.005	-3	5
492	570	571	6	39	-3	6.14285714285714
493	572	573	2	0.6225	-3	5.5
494	0	0	0	0	-1	6
495	574	575	3	3.55	-3	5
496	0	0	0	0	-1	5
497	0	0	0	0	-1	4
498	576	577	1	0	-3	5
499	0	0	0	0	-1	5
500	0	0	0	0	-1	5
501	578	579	2	0.45	-3	6
502	0	0	0	0	-1	5
503	580	581	1	8.85	-3	6
504	0	0	0	0	-1	4
505	582	583	5	0.0835	-3	6
506	0	0	0	0	-1	6
507	0	0	0	0	-1	6
508	584	585	6	22	-3	6
509	0	0	0	0	-1	6
510	0	0	0	0	-1	6
511	0	0	0	0	-1	6
512	586	587	11	0	-3	5
513	588	589	7	40	-3	5.1304347826087
514	0	0	0	0	-1	6
515	0	0	0	0	-1	5
516	0	0	0	0	-1	5
517	590	591	8	0.99713	-3	6
518	0	0	0	0	-1	5
519	592	593	2	0	-3	5
520	0	0	0	0	-1	6
521	0	0	0	0	-1	6
522	594	595	8	0.99525	-3	7
523	0	0	0	0	-1	7
524	596	597	3	0.535	-3	6.03125
525	0	0	0	0	-1	7
526	0	0	0	0	-1	6.66666666666667
527	598	599	4	2.15	-3	6
528	600	601	2	0.355	-3	6.8125
529	0	0	0	0	-1	6
530	0	0	0	0	-1	6
531	0	0	0	0	-1	7
532	0	0	0	0	-1	6
533	0	0	0	0	-1	6.33333333333333
534	0	0	0	0	-1	6
535	0	0	0	0	-1	6
536	0	0	0	0	-1	5
537	0	0	0	0	-1	5
538	0	0	0	0	-1	6
539	0	0	0	0	-1	6
540	0	0	0	0	-1	6
541	0	0	0	0	-1	6
542	0	0	0	0	-1	7
543	0	0	0	0	-1	6
544	602	603	5	0.1185	-3	5
545	0	0	0	0	-1	5.2
546	0	0	0	0	-1	6
547	0	0	0	0	-1	5
548	604	605	8	0.9977	-3	4.91304347826087
549	606	607	1	7.65	-3	5.17808219178082
550	608	609	6	4.5	-3	5.76923076923077
551	0	0	0	0	-1	7
552	610	611	1	8.35	-3	5.33333333333333
553	612	613	8	0.99875	-3	5.8
554	614	615	6	3.5	-3	5.16666666666667
555	0	0	0	0	-1	4
556	616	617	10	0.55	-3	5.21052631578947
557	618	619	10	0.89	-3	5
558	0	0	0	0	-1	6
559	620	621	6	12.5	-3	5.04
560	622	623	2	0.7575	-3	5.14285714285714
561	624	625	11	9.24166666666667	-3	6
562	0	0	0	0	-1	4
563	626	627	3	0.22	-3	5
564	0	0	0	0	-1	5.4
565	628	629	6	5.25	-3	5.86111111111111
566	630	631	3	0.275	-3	5.33333333333333
567	0	0	0	0	-1	6
568	632	633	8	0.99681	-3	4.94736842105263
569	0	0	0	0	-1	6
570	634	635	1	7.45	-3	6.33333333333333
571	0	0	0	0	-1	5
572	636	637	2	0.6	-3	5.61538461538461
573	638	639	10	0.62	-3	5
574	0	0	0	0	-1	5
575	0	0	0	0	-1	5
576	0	0	0	0	-1	5
577	640	641	7	129.5	-3	5
578	0	0	0	0	-1	6
579	0	0	0	0	-1	6
580	0	0	0	0	-1	6
581	0	0	0	0	-1	6
582	0	0	0	0	-1	6
583	0	0	0	0	-1	6
584	642	643	4	0	-3	6
585	0	0	0	0	-1	6
586	0	0	0	0	-1	5
587	644	645	1	6.9	-3	5
588	0	0	0	0	-1	6
589	646	647	10	0.67	-3	5.09090909090909
590	0	0	0	0	-1	6
591	0	0	0	0	-1	6
592	0	0	0	0	-1	6
593	0	0	0	0	-1	5
594	0	0	0	0	-1	7
595	0	0	0	0	-1	7
596	648	649	3	0.385	-3	6.06896551724138
597	0	0	0	0	-1	5.66666666666667
598	0	0	0	0	-1	6
599	650	651	7	44.5	-3	6
600	652	653	4	1.95	-3	6.92857142857143
601	0	0	0	0	-1	6
602	0	0	0	0	-1	5
603	654	655	10	0	-3	5
604	656	657	6	11.5	-3	5.05
605	0	0	0	0	-1	4
606	658	659	7	91	-3	5.07692307692308
607	660	661	2	0.54	-3	5.29411764705882
608	0	0	0	0	-1	5
609	662	663	10	0.58	-3	5.83333333333333
610	664	665	7	94.5	-3	5.4367816091954
611	666	667	2	0.435	-3	5.15686274509804
612	0	0	0	0	-1	5
613	668	669	4	6.85	-3	6
614	0	0	0	0	-1	6
615	0	0	0	0	-1	5
616	670	671	1	7.75	-3	5.33333333333333
617	672	673	6	12.5	-3	5.05882352941176
618	674	675	3	0.175	-3	4.97916666666667
619	0	0	0	0	-1	6
620	676	677	11	9.55	-3	5.125
621	678	679	1	6.85	-3	5
622	0	0	0	0	-1	6
623	680	681	4	2.55	-3	5
624	0	0	0	0	-1	6
625	0	0	0	0	-1	6
626	682	683	1	14.5	-3	5
627	0	0	0	0	-1	5
628	0	0	0	0	-1	5
629	684	685	11	10.25	-3	5.87323943661972
630	686	687	10	0	-3	5
631	0	0	0	0	-1	6
632	0	0	0	0	-1	4.8
633	688	689	2	0.465	-3	5
634	0	0	0	0	-1	7
635	690	691	5	0.089	-3	6.2
636	692	693	5	0.0765	-3	5.54545454545455
637	694	695	4	2.55	-3	6
638	696	697	7	52	-3	4.71428571428571
639	0	0	0	0	-1	6
640	0	0	0	0	-1	5
641	0	0	0	0	-1	5
642	0	0	0	0	-1	6
643	698	699	7	18.5	-3	6
644	0	0	0	0	-1	5
645	700	701	3	0.42	-3	5
646	702	703	4	2.35	-3	5.04761904761905
647	0	0	0	0	-1	6
648	704	705	6	8.5	-3	6.18181818181818
649	0	0	0	0	-1	6
650	706	707	2	0.4025	-3	6
651	0	0	0	0	-1	6
652	0	0	0	0	-1	6.75
653	0	0	0	0	-1	7
654	0	0	0	0	-1	5
655	708	709	4	2.25	-3	5
656	710	711	1	7.05	-3	4.90909090909091
657	712	713	8	0.9959	-3	5.22222222222222
658	714	715	8	0.99586	-3	4.95833333333333
659	716	717	1	7.2	-3	5.26666666666667
660	718	719	7	29	-3	5.85714285714286
661	720	721	9	3.35	-3	5.14814814814815
662	0	0	0	0	-1	7
663	722	723	5	0.1005	-3	5.8
664	724	725	7	86.5	-3	5.52054794520548
665	726	727	7	0	-3	5
666	0	0	0	0	-1	5.8
667	728	729	5	0.0855	-3	5.08695652173913
668	0	0	0	0	-1	6
669	0	0	0	0	-1	6
670	730	731	7	0	-3	5
671	732	733	9	3.22	-3	5.58333333333333
672	734	735	9	3.495	-3	5.16666666666667
673	736	737	5	0	-3	5
674	738	739	6	21.5	-3	5.02702702702703
675	740	741	2	0.68	-3	4.81818181818182
676	0	0	0	0	-1	5.5
677	742	743	11	0.6875	-3	5
678	0	0	0	0	-1	5
679	744	745	3	0.405	-3	5
680	0	0	0	0	-1	5
681	0	0	0	0	-1	5
682	746	747	8	0.99591	-3	5
683	0	0	0	0	-1	5
684	0	0	0	0	-1	5.4
685	748	749	7	42	-3	5.90909090909091
686	0	0	0	0	-1	5
687	0	0	0	0	-1	5
688	750	751	5	0	-3	5
689	752	753	7	0	-3	5
690	0	0	0	0	-1	6
691	0	0	0	0	-1	6.6
692	0	0	0	0	-1	5
693	754	755	8	0.99819	-3	5.6
694	0	0	0	0	-1	6
695	0	0	0	0	-1	6
696	0	0	0	0	-1	5
697	0	0	0	0	-1	4
698	0	0	0	0	-1	6
699	0	0	0	0	-1	6
700	756	757	2	0	-3	5
701	758	759	1	0	-3	5
702	760	761	4	0	-3	5
703	0	0	0	0	-1	5.33333333333333
704	762	763	8	0.99588	-3	6
705	0	0	0	0	-1	7
706	764	765	2	0.35	-3	6
707	0	0	0	0	-1	6
708	0	0	0	0	-1	5
709	0	0	0	0	-1	5
710	0	0	0	0	-1	4
711	766	767	10	0.5	-3	5
712	0	0	0	0	-1	6
713	768	769	5	0.0725	-3	5.125
714	0	0	0	0	-1	4.5
715	770	771	4	2.45	-3	5
716	0	0	0	0	-1	6
717	772	773	8	0.99542	-3	5
718	0	0	0	0	-1	5
719	0	0	0	0	-1	6
720	774	775	6	6.5	-3	5.08
721	0	0	0	0	-1	6
722	776	777	7	17.5	-3	5.89655172413793
723	778	779	5	0.1465	-3	5.33333333333333
724	780	781	9	3.53	-3	5.44444444444444
725	0	0	0	0	-1	6
726	0	0	0	0	-1	7
727	0	0	0	0	-1	5
728	782	783	7	91.5	-3	5
729	784	785	2	0.51	-3	5.22222222222222
730	0	0	0	0	-1	5
731	786	787	2	0.685	-3	5
732	0	0	0	0	-1	5
733	788	789	4	0	-3	6
734	0	0	0	0	-1	5
735	0	0	0	0	-1	5.5
736	0	0	0	0	-1	6
737	790	791	11	9.4	-3	5
738	792	793	4	2.15	-3	4.96969696969697
739	0	0	0	0	-1	5.5
740	0	0	0	0	-1	4.33333333333333
741	794	795	7	87.5	-3	5
742	0	0	0	0	-1	5
743	0	0	0	0	-1	5
744	796	797	5	0.0885	-3	5
745	0	0	0	0	-1	5
746	798	799	6	0	-3	5
747	800	801	6	0	-3	5
748	802	803	9	3.325	-3	5.97959183673469
749	804	805	11	10.8	-3	5.70588235294118
750	0	0	0	0	-1	6
751	0	0	0	0	-1	5
752	0	0	0	0	-1	5
753	0	0	0	0	-1	5
754	806	807	9	3.235	-3	5.35294117647059
755	808	809	4	2.45	-3	5.92307692307692
756	0	0	0	0	-1	6
757	810	811	6	8.5	-3	5
758	0	0	0	0	-1	7
759	812	813	8	0	-3	5
760	0	0	0	0	-1	5
761	814	815	7	42.5	-3	5
762	0	0	0	0	-1	6
763	816	817	8	0	-3	6
764	0	0	0	0	-1	6
765	0	0	0	0	-1	6
766	0	0	0	0	-1	5
767	0	0	0	0	-1	5
768	0	0	0	0	-1	6
769	818	819	10	0	-3	5
770	820	821	10	0	-3	5
771	822	823	9	3.52	-3	5
772	0	0	0	0	-1	5
773	824	825	6	0	-3	5
774	0	0	0	0	-1	6
775	826	827	11	9.35	-3	5
776	828	829	5	0	-3	6
777	830	831	5	0.078	-3	5.85
778	0	0	0	0	-1	5
779	0	0	0	0	-1	6
780	832	833	7	38.5	-3	5.54
781	834	835	11	9.4	-3	5.07692307692308
782	836	837	1	9.7	-3	5
783	838	839	9	3.22	-3	5
784	840	841	8	1.00053	-3	5.66666666666667
785	842	843	4	3.05	-3	5
786	0	0	0	0	-1	5
787	0	0	0	0	-1	5
788	0	0	0	0	-1	6
789	844	845	7	77.5	-3	6
790	0	0	0	0	-1	5
791	0	0	0	0	-1	5
792	846	847	1	6.8	-3	5
793	848	849	9	3.36	-3	4.92307692307692
794	0	0	0	0	-1	5
795	850	851	6	0	-3	5
796	852	853	5	0.08	-3	5
797	0	0	0	0	-1	5
798	0	0	0	0	-1	5
799	854	855	3	0.99561	-3	5
800	0	0	0	0	-1	7
801	0	0	0	0	-1	5
802	0	0	0	0	-1	6.4
803	856	857	6	9.5	-3	5.93181818181818
804	858	859	1	6.85	-3	5.83333333333333
805	0	0	0	0	-1	5.4
806	860	861	1	10.05	-3	5.55555555555556
807	862	863	4	1.75	-3	5.125
808	0	0	0	0	-1	5.75
809	0	0	0	0	-1	6
810	0	0	0	0	-1	5
811	0	0	0	0	-1	5
812	0	0	0	0	-1	7
813	0	0	0	0	-1	5
814	0	0	0	0	-1	5
815	864	865	10	1.55	-3	5
816	0	0	0	0	-1	5
817	0	0	0	0	-1	6
818	0	0	0	0	-1	7
819	866	867	7	64	-3	5
820	0	0	0	0	-1	6
821	868	869	11	9.75	-3	5
822	0	0	0	0	-1	5
823	0	0	0	0	-1	5
824	0	0	0	0	-1	5
825	870	871	4	3.7	-3	5
826	0	0	0	0	-1	4.66666666666667
827	872	873	4	3.65	-3	5.05
828	0	0	0	0	-1	6
829	0	0	0	0	-1	6
830	874	875	1	0.0705	-3	6
831	876	877	3	0.095	-3	5.76923076923077
832	878	879	3	0.05	-3	5.9
833	880	881	9	3.465	-3	5.3
834	0	0	0	0	-1	5.5
835	0	0	0	0	-1	5
836	0	0	0	0	-1	5
837	0	0	0	0	-1	5
838	0	0	0	0	-1	5
839	0	0	0	0	-1	5
840	0	0	0	0	-1	6.33333333333333
841	0	0	0	0	-1	5
842	0	0	0	0	-1	5
843	882	883	10	0	-3	5
844	0	0	0	0	-1	6
845	0	0	0	0	-1	6
846	0	0	0	0	-1	5
847	884	885	8	0.996015	-3	5
848	886	887	9	3.215	-3	5
849	0	0	0	0	-1	4.75
850	0	0	0	0	-1	5
851	0	0	0	0	-1	5
852	0	0	0	0	-1	5
853	888	889	10	0	-3	5
854	0	0	0	0	-1	5
855	0	0	0	0	-1	5
856	890	891	7	22.5	-3	5.72727272727273
857	892	893	9	3.37	-3	6
858	894	895	9	3.525	-3	5.66666666666667
859	0	0	0	0	-1	6
860	896	897	10	0.62	-3	5.33333333333333
861	0	0	0	0	-1	6
862	0	0	0	0	-1	6
863	0	0	0	0	-1	5
864	898	899	3	0.31	-3	5
865	0	0	0	0	-1	5
866	0	0	0	0	-1	5
867	0	0	0	0	-1	5
868	0	0	0	0	-1	5
869	900	901	1	0	-3	5
870	0	0	0	0	-1	5
871	0	0	0	0	-1	5
872	902	903	10	0.535	-3	5
873	0	0	0	0	-1	6
874	0	0	0	0	-1	5
875	904	905	8	0.998	-3	6
876	0	0	0	0	-1	5
877	906	907	11	9.25	-3	5.90909090909091
878	908	909	5	0.0755	-3	5.57142857142857
879	910	911	3	0.17	-3	6.07692307692308
880	912	913	4	2.45	-3	5.19230769230769
881	0	0	0	0	-1	6
882	0	0	0	0	-1	5
883	914	915	8	0.999975	-3	5
884	0	0	0	0	-1	5
885	916	917	2	53	-3	5
886	0	0	0	0	-1	5
887	0	0	0	0	-1	5
888	0	0	0	0	-1	6
889	918	919	8	3.325	-3	5
890	920	921	7	13	-3	5.88888888888889
891	0	0	0	0	-1	5
892	922	923	1	7.15	-3	6
893	924	925	6	14	-3	6
894	0	0	0	0	-1	5.33333333333333
895	0	0	0	0	-1	6
896	0	0	0	0	-1	6
897	0	0	0	0	-1	5.2
898	0	0	0	0	-1	5
899	0	0	0	0	-1	5
900	0	0	0	0	-1	6
901	926	927	5	0.535	-3	5
902	928	929	11	0.996145	-3	5
903	930	931	3	0.175	-3	5
904	0	0	0	0	-1	6
905	0	0	0	0	-1	6
906	0	0	0	0	-1	6
907	0	0	0	0	-1	5.75
908	0	0	0	0	-1	5
909	0	0	0	0	-1	6
910	0	0	0	0	-1	6.33333333333333
911	932	933	4	2.05	-3	6
912	934	935	11	9.25	-3	5.13636363636364
913	0	0	0	0	-1	5.5
914	0	0	0	0	-1	5
915	0	0	0	0	-1	5
916	936	937	2	0.74	-3	5
917	0	0	0	0	-1	5
918	0	0	0	0	-1	5
919	0	0	0	0	-1	5
920	0	0	0	0	-1	5
921	938	939	5	0.0775	-3	6
922	0	0	0	0	-1	6
923	0	0	0	0	-1	6
924	0	0	0	0	-1	6
925	940	941	8	0	-3	6
926	0	0	0	0	-1	5
927	0	0	0	0	-1	5
928	0	0	0	0	-1	6
929	942	943	1	7.8	-3	5
930	0	0	0	0	-1	5
931	944	945	5	0	-3	5
932	0	0	0	0	-1	6
933	0	0	0	0	-1	6
934	946	947	9	3.365	-3	5.33333333333333
935	948	949	3	0.3	-3	5.0625
936	0	0	0	0	-1	5
937	0	0	0	0	-1	5
938	0	0	0	0	-1	6
939	0	0	0	0	-1	6
940	0	0	0	0	-1	5
941	950	951	3	0.065	-3	6
942	0	0	0	0	-1	5
943	952	953	2	0	-3	5
944	0	0	0	0	-1	7
945	954	955	1	9.4	-3	5
946	0	0	0	0	-1	5
947	0	0	0	0	-1	5.66666666666667
948	956	957	10	0.585	-3	5
949	0	0	0	0	-1	6
950	0	0	0	0	-1	6
951	958	959	5	0.0725	-3	6
952	0	0	0	0	-1	5
953	960	961	7	30	-3	5
954	0	0	0	0	-1	5
955	0	0	0	0	-1	5
956	0	0	0	0	-1	5
957	0	0	0	0	-1	5
958	0	0	0	0	-1	6
959	0	0	0	0	-1	6
960	0	0	0	0	-1	5
961	0	0	0	0	-1	5
