1	2	3	7	62.5	-3	5.65165728580363
2	4	5	10	0.585	-3	5.73644703919933
3	6	7	8	0.99328	-3	5.3975
4	8	9	3	0.295	-3	5.36255924170616
5	10	11	10	0.685	-3	5.93951093951094
6	12	13	5	0.0465	-3	6.57692307692308
7	14	15	11	10.15	-3	5.31550802139037
8	16	17	2	1.01	-3	5.24183006535948
9	18	19	2	0.385	-3	5.68103448275862
10	20	21	2	0.605	-3	5.78552278820375
11	22	23	2	0.425	-3	6.08168316831683
12	24	25	2	0.455	-3	7.1
13	26	27	8	0.99253	-3	6.25
14	28	29	2	0.365	-3	5.1602787456446
15	30	31	2	0.285	-3	5.82758620689655
16	32	33	3	0.025	-3	5.27272727272727
17	34	35	5	0.09	-3	4.22222222222222
18	36	37	8	0.996045	-3	6.16
19	38	39	1	7.1	-3	5.31818181818182
20	40	41	7	18.5	-3	5.87912087912088
21	42	43	11	8.7	-3	5.53
22	44	45	11	11.15	-3	6.35849056603773
23	46	47	4	1.65	-3	5.77604166666667
24	48	49	10	0.56	-3	7
25	0	0	0	0	-1	7.25
26	50	51	6	0	-3	6
27	52	53	6	18	-3	6.57142857142857
28	54	55	10	0.67	-3	5.42307692307692
29	56	57	7	109.5	-3	5.13409961685824
30	58	59	5	0.0635	-3	6.64285714285714
31	60	61	1	10.25	-3	5.67123287671233
32	62	63	2	0.655	-3	5.53932584269663
33	64	65	10	0.555	-3	5.15865384615384
34	66	67	1	7.45	-3	4.375
35	0	0	0	0	-1	3
36	68	69	3	0.415	-3	6.45454545454546
37	70	71	3	0.56	-3	5.58823529411765
38	72	73	11	9.35	-3	5.85714285714286
39	74	75	4	6.25	-3	5.17307692307692
40	76	77	8	0.99691	-3	6.14705882352941
41	78	79	11	11.05	-3	5.79024390243903
42	0	0	0	0	-1	3
43	80	81	2	0.6325	-3	5.58163265306122
44	82	83	5	0.061	-3	6.10526315789474
45	84	85	6	17.5	-3	6.78481012658228
46	86	87	8	0.99786	-3	5
47	88	89	10	1.125	-3	5.85142857142857
48	0	0	0	0	-1	7
49	0	0	0	0	-1	7
50	0	0	0	0	-1	6
51	90	91	9	3.07	-3	6
52	0	0	0	0	-1	6
53	0	0	0	0	-1	7
54	92	93	7	69.5	-3	5.28571428571429
55	0	0	0	0	-1	6
56	94	95	6	6.5	-3	5.17085427135678
57	96	97	2	0.495	-3	5.01612903225807
58	0	0	0	0	-1	5.33333333333333
59	98	99	9	3.315	-3	7
60	100	101	10	0.51	-3	5.50877192982456
61	102	103	6	34.5	-3	6.25
62	104	105	6	7.5	-3	5.84782608695652
63	106	107	2	0.85	-3	5.2093023255814
64	108	109	2	0.455	-3	5.05594405594406
65	110	111	8	0.995475	-3	5.38461538461538
66	0	0	0	0	-1	4
67	0	0	0	0	-1	5
68	112	113	5	0.0605	-3	6.76190476190476
69	114	115	11	11.6	-3	5.91666666666667
70	116	117	7	53	-3	5
71	118	119	10	0.545	-3	6
72	0	0	0	0	-1	5.4
73	120	121	2	0.405	-3	6.11111111111111
74	122	123	5	0.0825	-3	5.24489795918367
75	0	0	0	0	-1	4
76	124	125	5	0.0875	-3	6.37837837837838
77	126	127	7	9.5	-3	5.87096774193548
78	128	129	5	0.0975	-3	5.66225165562914
79	130	131	2	0.325	-3	6.14814814814815
80	132	133	4	1.45	-3	5.09090909090909
81	134	135	1	5.85	-3	5.72368421052632
82	136	137	2	0.38	-3	6.6
83	138	139	5	0.0655	-3	6.01769911504425
84	140	141	1	9.75	-3	6.86153846153846
85	142	143	11	12.25	-3	6.42857142857143
86	144	145	6	6.5	-3	5.2
87	0	0	0	0	-1	3.5
88	146	147	11	10.55	-3	5.89221556886228
89	148	149	10	1.24	-3	5
90	0	0	0	0	-1	6
91	0	0	0	0	-1	6
92	150	151	10	0.505	-3	5.71428571428571
93	152	153	4	1.85	-3	5.07142857142857
94	0	0	0	0	-1	6
95	154	155	9	3.545	-3	5.15816326530612
96	156	157	2	0.485	-3	5.21428571428571
97	158	159	10	1.07	-3	4.95833333333333
98	0	0	0	0	-1	7
99	160	161	10	0	-3	7
100	0	0	0	0	-1	4
101	162	163	8	1.0006	-3	5.53571428571429
102	164	165	5	0.083	-3	5.90909090909091
103	0	0	0	0	-1	7
104	166	167	1	7.25	-3	4.83333333333333
105	168	169	7	23	-3	6
106	170	171	6	21.5	-3	5.08333333333333
107	172	173	5	0.092	-3	5.85714285714286
108	174	175	9	3.405	-3	5.55555555555556
109	176	177	3	0.055	-3	4.984
110	178	179	5	0.0525	-3	5.85714285714286
111	180	181	11	9.95	-3	5.25490196078431
112	0	0	0	0	-1	6
113	182	183	6	10	-3	6.88888888888889
114	0	0	0	0	-1	5.75
115	184	185	10	0.545	-3	6
116	0	0	0	0	-1	4.8
117	0	0	0	0	-1	5.5
118	186	187	6	6	-3	6
119	0	0	0	0	-1	6
120	0	0	0	0	-1	7
121	0	0	0	0	-1	6
122	188	189	9	3.295	-3	5.42857142857143
123	190	191	6	14	-3	4.78571428571429
124	192	193	10	0.635	-3	6.14285714285714
125	194	195	4	3.2	-3	6.6875
126	0	0	0	0	-1	7
127	196	197	7	11.5	-3	5.79310344827586
128	198	199	2	0.565	-3	5.7578125
129	200	201	10	0.615	-3	5.1304347826087
130	202	203	1	11.05	-3	7
131	204	205	6	21.5	-3	6.04166666666667
132	0	0	0	0	-1	4
133	206	207	3	0.26	-3	5.2
134	0	0	0	0	-1	7
135	208	209	7	25.5	-3	5.65277777777778
136	210	211	11	10.1	-3	6.72222222222222
137	0	0	0	0	-1	5.5
138	212	213	11	10.75	-3	5.55555555555556
139	214	215	11	9.65	-3	6.05769230769231
140	216	217	5	0.0665	-3	6.94230769230769
141	218	219	3	0.455	-3	6.53846153846154
142	220	221	3	0.31	-3	6.1
143	0	0	0	0	-1	7.25
144	0	0	0	0	-1	6
145	222	223	3	0.125	-3	5
146	224	225	4	2.5	-3	5.62121212121212
147	226	227	9	3.435	-3	6.06930693069307
148	228	229	1	0	-3	5
149	0	0	0	0	-1	5
150	0	0	0	0	-1	5
151	0	0	0	0	-1	6
152	0	0	0	0	-1	5.2
153	0	0	0	0	-1	5
154	230	231	11	9.45	-3	5.13829787234042
155	232	233	4	2.4	-3	5.625
156	234	235	3	0.165	-3	5
157	0	0	0	0	-1	5.75
158	236	237	1	8.25	-3	5
159	0	0	0	0	-1	4
160	0	0	0	0	-1	5
161	238	239	8	0.99564	-3	7
162	240	241	1	7.55	-3	5.59259259259259
163	0	0	0	0	-1	4
164	0	0	0	0	-1	5
165	242	243	7	84.5	-3	6
166	0	0	0	0	-1	4
167	0	0	0	0	-1	5.66666666666667
168	244	245	5	0.064	-3	6.88888888888889
169	246	247	5	0.0595	-3	5.74193548387097
170	248	249	10	0.425	-3	4.96666666666667
171	250	251	9	3.45	-3	5.66666666666667
172	252	253	4	1.95	-3	6
173	0	0	0	0	-1	5
174	254	255	3	0.245	-3	5.64705882352941
175	0	0	0	0	-1	4
176	256	257	7	13	-3	4.64285714285714
177	258	259	8	0.997395	-3	5.08247422680413
178	0	0	0	0	-1	5
179	260	261	2	0.79	-3	6
180	262	263	7	60	-3	5.03846153846154
181	264	265	10	0.565	-3	5.48
182	266	267	7	0	-3	7
183	0	0	0	0	-1	6
184	0	0	0	0	-1	6
185	0	0	0	0	-1	6
186	0	0	0	0	-1	6
187	0	0	0	0	-1	6
188	268	269	10	0.475	-3	5.57142857142857
189	270	271	8	0.99835	-3	4.85714285714286
190	272	273	6	4	-3	4.91666666666667
191	0	0	0	0	-1	4
192	274	275	5	0.0625	-3	5.88888888888889
193	276	277	1	7.2	-3	6.33333333333333
194	278	279	9	3.285	-3	6.5
195	280	281	1	9.15	-3	7
196	282	283	10	0.61	-3	5.16666666666667
197	284	285	5	0.1035	-3	5.95652173913043
198	286	287	5	0.083	-3	5.6734693877551
199	288	289	7	31.5	-3	6.03333333333333
200	290	291	9	3.185	-3	5.85714285714286
201	292	293	1	6.45	-3	4.8125
202	0	0	0	0	-1	7
203	0	0	0	0	-1	7
204	294	295	11	12.9	-3	6.06521739130435
205	0	0	0	0	-1	5.5
206	296	297	1	7.5	-3	5.11764705882353
207	0	0	0	0	-1	5.66666666666667
208	298	299	9	3.215	-3	5.91176470588235
209	300	301	10	0.635	-3	5.42105263157895
210	0	0	0	0	-1	6
211	302	303	2	0.32	-3	6.92857142857143
212	0	0	0	0	-1	5
213	304	305	2	0.21	-3	5.83333333333333
214	306	307	7	18.5	-3	5.76923076923077
215	308	309	3	0.655	-3	6.15384615384616
216	310	311	7	49.5	-3	6.75
217	312	313	11	11.75	-3	7.10714285714286
218	0	0	0	0	-1	8
219	314	315	4	2.5	-3	6.41666666666667
220	0	0	0	0	-1	7
221	316	317	5	0.0615	-3	6
222	0	0	0	0	-1	5
223	0	0	0	0	-1	5
224	318	319	6	10.5	-3	5.5
225	320	321	5	0.1165	-3	5.86363636363636
226	322	323	6	6.5	-3	6
227	324	325	9	3.48	-3	6.30434782608696
228	0	0	0	0	-1	5
229	326	327	3	0	-3	5
230	328	329	6	51.5	-3	5.04
231	330	331	11	9.58333333333334	-3	5.20353982300885
232	332	333	8	0.99767	-3	5.83333333333333
233	0	0	0	0	-1	5
234	0	0	0	0	-1	5
235	334	335	11	0	-3	5
236	336	337	2	0.515	-3	5
237	338	339	10	0.52	-3	5
238	0	0	0	0	-1	7
239	0	0	0	0	-1	7
240	340	341	4	2.55	-3	5.45
241	342	343	2	0.33	-3	6
242	344	345	6	10.55	-3	6
243	0	0	0	0	-1	6
244	0	0	0	0	-1	6
245	0	0	0	0	-1	7
246	0	0	0	0	-1	5
247	346	347	4	2.35	-3	5.82142857142857
248	0	0	0	0	-1	6
249	348	349	1	8.55	-3	4.93103448275862
250	0	0	0	0	-1	6
251	0	0	0	0	-1	5
252	0	0	0	0	-1	6
253	0	0	0	0	-1	6
254	350	351	5	0.079	-3	5.84615384615385
255	0	0	0	0	-1	5
256	352	353	5	0.0585	-3	5
257	354	355	5	0.083	-3	4.44444444444444
258	356	357	8	0.996475	-3	5.15942028985507
259	358	359	9	3.35	-3	4.89285714285714
260	360	361	7	35	-3	5.8
261	0	0	0	0	-1	7
262	362	363	1	7.2	-3	5
263	0	0	0	0	-1	6
264	364	365	9	3.36	-3	5.77777777777778
265	366	367	11	10.15	-3	5.3125
266	0	0	0	0	-1	6
267	0	0	0	0	-1	7
268	0	0	0	0	-1	5
269	368	369	1	11.3	-3	5.84210526315789
270	0	0	0	0	-1	5.2
271	0	0	0	0	-1	4
272	0	0	0	0	-1	4
273	0	0	0	0	-1	5
274	0	0	0	0	-1	7
275	370	371	2	0.435	-3	5.75
276	0	0	0	0	-1	6
277	372	373	5	0.064	-3	6.5
278	0	0	0	0	-1	7
279	0	0	0	0	-1	6
280	0	0	0	0	-1	7
281	0	0	0	0	-1	7
282	0	0	0	0	-1	6
283	0	0	0	0	-1	5
284	374	375	3	0.66	-3	5.78571428571429
285	376	377	11	10.65	-3	6.22222222222222
286	378	379	11	10.525	-3	5.5
287	380	381	8	0.9998	-3	6
288	0	0	0	0	-1	6.4
289	382	383	6	30	-3	5.96
290	0	0	0	0	-1	5
291	384	385	8	0	-3	6
292	0	0	0	0	-1	4
293	386	387	3	0.19	-3	5
294	388	389	2	0.5525	-3	6.04651162790698
295	0	0	0	0	-1	6.33333333333333
296	0	0	0	0	-1	5
297	390	391	11	9.85	-3	5.25
298	0	0	0	0	-1	5
299	392	393	8	0.99685	-3	5.93939393939394
300	394	395	8	0.996255	-3	5.625
301	396	397	11	10.9	-3	5.07142857142857
302	398	399	2	0.305	-3	7
303	0	0	0	0	-1	6.8
304	0	0	0	0	-1	5
305	0	0	0	0	-1	6
306	400	401	2	0.3175	-3	5.16666666666667
307	402	403	1	7.8	-3	5.95
308	404	405	8	0.99765	-3	6.13157894736842
309	0	0	0	0	-1	7
310	406	407	9	3.39	-3	6.81818181818182
311	0	0	0	0	-1	6
312	408	409	7	20.5	-3	7.42857142857143
313	410	411	5	0.1365	-3	7
314	0	0	0	0	-1	6
315	412	413	4	3.175	-3	6.71428571428571
316	0	0	0	0	-1	6
317	0	0	0	0	-1	6
318	414	415	11	9.75	-3	5.30769230769231
319	416	417	8	0.99716	-3	5.77777777777778
320	418	419	3	0.485	-3	6
321	0	0	0	0	-1	5
322	420	421	7	13.5	-3	5.76190476190476
323	422	423	4	3.2	-3	6.08771929824561
324	0	0	0	0	-1	7
325	424	425	8	0.99683	-3	6.2
326	0	0	0	0	-1	6
327	0	0	0	0	-1	5
328	426	427	6	12.5	-3	5.01369863013699
329	0	0	0	0	-1	6
330	428	429	2	0.595	-3	5.38095238095238
331	430	431	8	0.99623	-3	5.09859154929577
332	0	0	0	0	-1	6
333	0	0	0	0	-1	5
334	0	0	0	0	-1	5
335	432	433	8	0.998205	-3	5
336	0	0	0	0	-1	5
337	434	435	3	0.425	-3	5
338	0	0	0	0	-1	5
339	436	437	6	51.5	-3	5
340	438	439	9	3.37	-3	5.61538461538461
341	440	441	6	50	-3	5.14285714285714
342	0	0	0	0	-1	5
343	442	443	5	0.0875	-3	6.07692307692308
344	0	0	0	0	-1	5
345	444	445	9	0.4	-3	6
346	446	447	11	12.05	-3	6
347	0	0	0	0	-1	5
348	448	449	11	10.5	-3	4.85185185185185
349	0	0	0	0	-1	6
350	450	451	2	0.42	-3	6
351	0	0	0	0	-1	5.33333333333333
352	0	0	0	0	-1	5
353	0	0	0	0	-1	5
354	452	453	6	3.5	-3	4.16666666666667
355	454	455	5	9.95	-3	5
356	456	457	8	0.99532	-3	5.08928571428572
357	458	459	5	0.1065	-3	5.46153846153846
358	460	461	9	3.3	-3	4.76923076923077
359	462	463	2	0.7125	-3	5
360	464	465	4	1.8	-3	6
361	0	0	0	0	-1	5.33333333333333
362	0	0	0	0	-1	5
363	0	0	0	0	-1	5
364	466	467	5	0.081	-3	6
365	0	0	0	0	-1	5
366	468	469	8	0.995755	-3	5
367	470	471	4	2.15	-3	5.71428571428571
368	472	473	4	5.4	-3	6.08333333333333
369	474	475	5	0.073	-3	5.42857142857143
370	0	0	0	0	-1	5.33333333333333
371	0	0	0	0	-1	6
372	0	0	0	0	-1	7
373	0	0	0	0	-1	6.2
374	476	477	5	0.0645	-3	5.84615384615385
375	0	0	0	0	-1	5
376	478	479	7	0	-3	6
377	0	0	0	0	-1	7
378	480	481	6	30	-3	5.35294117647059
379	482	483	2	0.53	-3	6.07692307692308
380	484	485	2	0.335	-3	6.06451612903226
381	0	0	0	0	-1	5.33333333333333
382	486	487	4	2.55	-3	6
383	0	0	0	0	-1	5
384	0	0	0	0	-1	6
385	0	0	0	0	-1	6
386	0	0	0	0	-1	5
387	488	489	2	0.485	-3	5
388	490	491	10	0.665	-3	6.025
389	0	0	0	0	-1	6.33333333333333
390	492	493	10	0.6	-3	5
391	0	0	0	0	-1	6
392	494	495	11	10.25	-3	6.05263157894737
393	496	497	7	11.5	-3	5.78571428571429
394	498	499	7	26.5	-3	5.76470588235294
395	500	501	9	3.12	-3	5.28571428571429
396	502	503	10	0.665	-3	5
397	0	0	0	0	-1	6
398	0	0	0	0	-1	7
399	0	0	0	0	-1	7
400	0	0	0	0	-1	6
401	0	0	0	0	-1	5
402	0	0	0	0	-1	5
403	504	505	3	0.405	-3	6
404	506	507	11	9.95	-3	6.24324324324324
405	508	509	3	0.35	-3	6.02564102564103
406	510	511	3	0.325	-3	6.94444444444444
407	0	0	0	0	-1	6.25
408	0	0	0	0	-1	8
409	0	0	0	0	-1	7.2
410	512	513	1	8.05	-3	7.05
411	0	0	0	0	-1	6
412	0	0	0	0	-1	7
413	0	0	0	0	-1	6.33333333333333
414	514	515	1	10.1	-3	5.07142857142857
415	516	517	9	3.65	-3	5.58333333333333
416	518	519	6	23	-3	5.5
417	520	521	3	35.5	-3	6
418	522	523	10	0.725	-3	5.94444444444444
419	0	0	0	0	-1	7
420	524	525	11	11.45	-3	5.5
421	526	527	3	0.325	-3	5.86666666666667
422	528	529	10	0.715	-3	6.05454545454546
423	0	0	0	0	-1	7
424	530	531	6	5.5	-3	6.0625
425	0	0	0	0	-1	6.75
426	532	533	8	0.99733	-3	4.83333333333333
427	534	535	5	0.073	-3	5.07272727272727
428	536	537	10	0.56	-3	5.66666666666667
429	538	539	9	3.26	-3	5.16666666666667
430	540	541	3	0.09	-3	5.38888888888889
431	542	543	3	0.455	-3	5
432	544	545	1	0	-3	5
433	0	0	0	0	-1	5
434	546	547	9	0.665	-3	5
435	0	0	0	0	-1	5
436	548	549	5	0.0845	-3	5
437	0	0	0	0	-1	5
438	550	551	3	0.125	-3	5.33333333333333
439	552	553	8	0.9945	-3	5.76470588235294
440	554	555	11	11.4	-3	5
441	0	0	0	0	-1	6
442	556	557	3	0	-3	6
443	0	0	0	0	-1	6.5
444	0	0	0	0	-1	7
445	558	559	4	2.95	-3	6
446	560	561	9	0.09	-3	6
447	0	0	0	0	-1	6
448	562	563	5	0.086	-3	4.95652173913043
449	0	0	0	0	-1	4.25
450	564	565	6	9	-3	6
451	0	0	0	0	-1	6
452	0	0	0	0	-1	3
453	566	567	2	0.685	-3	4.27272727272727
454	0	0	0	0	-1	5
455	0	0	0	0	-1	5
456	568	569	10	0.545	-3	5.28
457	570	571	10	0.435	-3	4.93548387096774
458	572	573	11	9.95	-3	5.36363636363636
459	0	0	0	0	-1	6
460	574	575	3	0.16	-3	5
461	0	0	0	0	-1	4
462	576	577	10	0.51	-3	5
463	578	579	6	0	-3	5
464	0	0	0	0	-1	6
465	0	0	0	0	-1	6
466	0	0	0	0	-1	6
467	0	0	0	0	-1	6
468	0	0	0	0	-1	5
469	580	581	2	0	-3	5
470	0	0	0	0	-1	5.33333333333333
471	0	0	0	0	-1	6
472	582	583	4	10.25	-3	6
473	0	0	0	0	-1	7
474	0	0	0	0	-1	6
475	0	0	0	0	-1	5
476	0	0	0	0	-1	5
477	584	585	4	2.1	-3	5.91666666666667
478	0	0	0	0	-1	6
479	586	587	10	0.61	-3	6
480	588	589	1	7.15	-3	5.32
481	0	0	0	0	-1	7
482	590	591	7	21.5	-3	6
483	0	0	0	0	-1	7
484	0	0	0	0	-1	5.6
485	592	593	1	9.25	-3	6.15384615384615
486	594	595	11	9.7	-3	6
487	596	597	3	0.54	-3	6
488	0	0	0	0	-1	5
489	0	0	0	0	-1	5
490	598	599	10	0.64	-3	6
491	0	0	0	0	-1	6.33333333333333
492	0	0	0	0	-1	5
493	0	0	0	0	-1	5
494	0	0	0	0	-1	6.4
495	600	601	3	0.19	-3	5.92857142857143
496	0	0	0	0	-1	5
497	602	603	2	0.6775	-3	5.84615384615385
498	0	0	0	0	-1	5
499	604	605	9	3.3	-3	5.86666666666667
500	0	0	0	0	-1	6
501	0	0	0	0	-1	5
502	606	607	11	0	-3	5
503	608	609	3	0	-3	5
504	610	611	11	4.5	-3	6
505	612	613	3	0.465	-3	6
506	0	0	0	0	-1	7
507	614	615	8	0.99757	-3	6.15151515151515
508	0	0	0	0	-1	6.4
509	616	617	6	28.5	-3	5.97058823529412
510	0	0	0	0	-1	6
511	618	619	4	0	-3	7
512	0	0	0	0	-1	8
513	620	621	2	0	-3	7
514	622	623	9	3.265	-3	5
515	0	0	0	0	-1	6
516	624	625	7	16	-3	5.77777777777778
517	0	0	0	0	-1	5
518	0	0	0	0	-1	5
519	0	0	0	0	-1	6
520	0	0	0	0	-1	6
521	0	0	0	0	-1	6
522	0	0	0	0	-1	5.5
523	626	627	5	0.0815	-3	6
524	0	0	0	0	-1	6
525	0	0	0	0	-1	5
526	0	0	0	0	-1	5
527	628	629	4	2.5	-3	5.92857142857143
528	630	631	11	11.1	-3	5.66666666666667
529	632	633	7	17.5	-3	6.1304347826087
530	0	0	0	0	-1	7
531	634	635	6	39.5	-3	6
532	636	637	1	7.05	-3	4.93333333333333
533	0	0	0	0	-1	4.33333333333333
534	0	0	0	0	-1	5.5
535	638	639	10	1.305	-3	5.05660377358491
536	0	0	0	0	-1	5
537	640	641	6	22	-3	5.75
538	642	643	8	0.99664	-3	5.28571428571429
539	644	645	1	7.45	-3	5
540	0	0	0	0	-1	5
541	646	647	1	7.35	-3	5.58333333333333
542	648	649	10	0.51	-3	5.04444444444445
543	650	651	1	8.25	-3	4.75
544	0	0	0	0	-1	5
545	652	653	4	9.6	-3	5
546	0	0	0	0	-1	5
547	654	655	7	119.5	-3	5
548	656	657	1	0	-3	5
549	658	659	3	0	-3	5
550	0	0	0	0	-1	6
551	660	661	5	0.075	-3	5.25
552	662	663	7	92	-3	5.6
553	664	665	4	0	-3	6
554	666	667	8	0.9956	-3	5.09090909090909
555	0	0	0	0	-1	4
556	0	0	0	0	-1	5
557	668	669	10	0.795	-3	6
558	0	0	0	0	-1	6
559	0	0	0	0	-1	6
560	0	0	0	0	-1	6
561	670	671	11	9.35	-3	6
562	672	673	10	0	-3	5
563	674	675	10	0.49	-3	4.88888888888889
564	0	0	0	0	-1	6
565	0	0	0	0	-1	6
566	676	677	5	0.0725	-3	4.66666666666667
567	0	0	0	0	-1	3.8
568	678	679	4	3.825	-3	5.18181818181818
569	0	0	0	0	-1	6
570	0	0	0	0	-1	4
571	680	681	9	3.465	-3	5
572	682	683	8	0.996625	-3	5.66666666666667
573	0	0	0	0	-1	5
574	0	0	0	0	-1	5
575	684	685	2	0	-3	5
576	686	687	7	0	-3	5
577	0	0	0	0	-1	5
578	0	0	0	0	-1	6
579	688	689	1	8	-3	5
580	0	0	0	0	-1	6
581	0	0	0	0	-1	5
582	0	0	0	0	-1	6
583	0	0	0	0	-1	6
584	690	691	11	9.6	-3	6
585	0	0	0	0	-1	5.75
586	0	0	0	0	-1	6
587	0	0	0	0	-1	6
588	692	693	9	3.395	-3	5.53333333333333
589	694	695	3	0.5	-3	5.22857142857143
590	0	0	0	0	-1	6
591	696	697	3	0.315	-3	6
592	698	699	7	46.5	-3	5.94117647058824
593	700	701	1	10.85	-3	6.55555555555556
594	0	0	0	0	-1	6
595	702	703	8	0.998185	-3	6
596	704	705	2	0	-3	6
597	0	0	0	0	-1	6
598	706	707	1	7.6	-3	6
599	708	709	3	0.53	-3	6
600	710	711	7	15.5	-3	6
601	0	0	0	0	-1	5.5
602	0	0	0	0	-1	5.6
603	712	713	1	9.275	-3	6
604	0	0	0	0	-1	5
605	0	0	0	0	-1	6
606	0	0	0	0	-1	6
607	714	715	6	11	-3	5
608	0	0	0	0	-1	5
609	0	0	0	0	-1	5
610	0	0	0	0	-1	5
611	716	717	3	0.33	-3	6
612	0	0	0	0	-1	6
613	718	719	8	0.9985	-3	6
614	720	721	1	10.5	-3	6.09677419354839
615	0	0	0	0	-1	7
616	722	723	11	9.75	-3	6
617	0	0	0	0	-1	5
618	0	0	0	0	-1	6
619	724	725	2	0	-3	7
620	0	0	0	0	-1	6
621	0	0	0	0	-1	7
622	726	727	11	0	-3	5
623	728	729	4	0	-3	5
624	0	0	0	0	-1	5
625	730	731	9	0.99697	-3	6
626	0	0	0	0	-1	6
627	732	733	7	44.5	-3	6
628	0	0	0	0	-1	5.66666666666667
629	0	0	0	0	-1	6
630	0	0	0	0	-1	5
631	734	735	11	11.35	-3	6
632	0	0	0	0	-1	8
633	736	737	11	11.5	-3	6.08888888888889
634	738	739	9	3.515	-3	6
635	0	0	0	0	-1	6
636	0	0	0	0	-1	4.5
637	740	741	7	0.996265	-3	5
638	742	743	9	3.495	-3	5.03846153846154
639	0	0	0	0	-1	6
640	744	745	8	0.996975	-3	5.33333333333333
641	746	747	9	3.435	-3	6
642	748	749	8	0.99589	-3	5.16666666666667
643	0	0	0	0	-1	6
644	750	751	4	0	-3	5
645	0	0	0	0	-1	5
646	0	0	0	0	-1	5
647	752	753	9	3.295	-3	5.77777777777778
648	0	0	0	0	-1	6
649	754	755	10	0.525	-3	5.02272727272727
650	0	0	0	0	-1	4
651	756	757	10	88	-3	5
652	0	0	0	0	-1	5
653	0	0	0	0	-1	5
654	0	0	0	0	-1	5
655	758	759	6	0.0785	-3	5
656	0	0	0	0	-1	5
657	760	761	3	0.265	-3	5
658	0	0	0	0	-1	6
659	762	763	1	8.6	-3	5
660	0	0	0	0	-1	6
661	764	765	10	0.985	-3	5.14285714285714
662	766	767	7	67	-3	6
663	0	0	0	0	-1	5
664	0	0	0	0	-1	6
665	768	769	3	0.375	-3	6
666	0	0	0	0	-1	6
667	770	771	6	14.5	-3	5
668	0	0	0	0	-1	6
669	0	0	0	0	-1	6
670	772	773	7	0	-3	6
671	774	775	10	0.55	-3	6
672	0	0	0	0	-1	6
673	776	777	11	0	-3	5
674	0	0	0	0	-1	4
675	778	779	10	0.555	-3	5
676	0	0	0	0	-1	4
677	0	0	0	0	-1	5
678	780	781	6	16	-3	5.23809523809524
679	0	0	0	0	-1	4
680	782	783	4	2.05	-3	5
681	0	0	0	0	-1	5
682	0	0	0	0	-1	5
683	0	0	0	0	-1	5.8
684	0	0	0	0	-1	5
685	0	0	0	0	-1	5
686	0	0	0	0	-1	5
687	0	0	0	0	-1	5
688	0	0	0	0	-1	5
689	0	0	0	0	-1	5
690	0	0	0	0	-1	6
691	0	0	0	0	-1	6
692	784	785	1	6.7	-3	5.7
693	0	0	0	0	-1	5.2
694	786	787	1	7.75	-3	5.15625
695	0	0	0	0	-1	6
696	0	0	0	0	-1	6
697	788	789	6	0	-3	6
698	790	791	6	19	-3	6
699	0	0	0	0	-1	5.75
700	0	0	0	0	-1	7
701	792	793	8	0.9995	-3	6.33333333333333
702	0	0	0	0	-1	6
703	0	0	0	0	-1	6
704	0	0	0	0	-1	5
705	794	795	8	0.997485	-3	6
706	796	797	2	0.37	-3	6
707	798	799	11	11.35	-3	6
708	800	801	5	0.0845	-3	6
709	802	803	3	0.665	-3	6
710	0	0	0	0	-1	6
711	804	805	7	20	-3	6
712	806	807	6	0	-3	6
713	0	0	0	0	-1	6
714	0	0	0	0	-1	5
715	0	0	0	0	-1	5
716	0	0	0	0	-1	6
717	0	0	0	0	-1	6
718	808	809	11	9.3	-3	6
719	0	0	0	0	-1	6
720	810	811	3	0.105	-3	6.06666666666667
721	0	0	0	0	-1	7
722	0	0	0	0	-1	5.33333333333333
723	812	813	8	0.999625	-3	6.06666666666667
724	0	0	0	0	-1	6
725	814	815	2	0	-3	7
726	0	0	0	0	-1	6
727	0	0	0	0	-1	5
728	0	0	0	0	-1	5
729	816	817	2	0.6575	-3	5
730	0	0	0	0	-1	5
731	818	819	9	3.3	-3	6
732	820	821	7	0	-3	6
733	0	0	0	0	-1	6
734	0	0	0	0	-1	6
735	0	0	0	0	-1	6
736	822	823	5	0.0565	-3	6
737	824	825	4	2.1	-3	6.5
738	0	0	0	0	-1	6
739	0	0	0	0	-1	6
740	0	0	0	0	-1	5
741	826	827	9	3.14	-3	5
742	828	829	6	14.5	-3	5.01960784313726
743	0	0	0	0	-1	6
744	0	0	0	0	-1	6
745	0	0	0	0	-1	5.2
746	0	0	0	0	-1	6
747	0	0	0	0	-1	6
748	0	0	0	0	-1	5.5
749	830	831	2	0.6675	-3	5
750	0	0	0	0	-1	6
751	832	833	9	3.42	-3	5
752	834	835	7	0	-3	6
753	0	0	0	0	-1	5
754	0	0	0	0	-1	5.33333333333333
755	836	837	2	0.675	-3	5
756	0	0	0	0	-1	5
757	0	0	0	0	-1	5
758	0	0	0	0	-1	7
759	0	0	0	0	-1	5
760	0	0	0	0	-1	5
761	0	0	0	0	-1	5
762	0	0	0	0	-1	5
763	0	0	0	0	-1	5
764	0	0	0	0	-1	5
765	0	0	0	0	-1	6
766	0	0	0	0	-1	6
767	0	0	0	0	-1	6
768	0	0	0	0	-1	6
769	0	0	0	0	-1	6
770	0	0	0	0	-1	5
771	0	0	0	0	-1	5
772	0	0	0	0	-1	6
773	838	839	6	9.1	-3	6
774	840	841	10	7.35	-3	6
775	0	0	0	0	-1	6
776	0	0	0	0	-1	6
777	842	843	2	0.76	-3	5
778	844	845	9	0	-3	5
779	0	0	0	0	-1	5
780	846	847	7	10	-3	5.06666666666667
781	848	849	3	0.145	-3	5.66666666666667
782	850	851	11	11	-3	5
783	852	853	3	0.12	-3	5
784	0	0	0	0	-1	5
785	854	855	8	0.996095	-3	5.875
786	856	857	1	7.3	-3	5
787	858	859	11	9.1	-3	5.22727272727273
788	0	0	0	0	-1	6
789	0	0	0	0	-1	6
790	0	0	0	0	-1	6
791	0	0	0	0	-1	6
792	0	0	0	0	-1	6
793	0	0	0	0	-1	7
794	0	0	0	0	-1	6
795	0	0	0	0	-1	6
796	0	0	0	0	-1	6
797	860	861	11	0	-3	6
798	0	0	0	0	-1	6
799	0	0	0	0	-1	6
800	0	0	0	0	-1	6
801	0	0	0	0	-1	6
802	862	863	9	0	-3	6
803	0	0	0	0	-1	6
804	864	865	7	17	-3	6
805	0	0	0	0	-1	6
806	0	0	0	0	-1	5
807	866	867	9	0	-3	6
808	0	0	0	0	-1	6
809	0	0	0	0	-1	6
810	0	0	0	0	-1	7
811	868	869	7	57.5	-3	6.03448275862069
812	870	871	9	3.13	-3	6.03571428571429
813	0	0	0	0	-1	6.5
814	0	0	0	0	-1	5
815	0	0	0	0	-1	7
816	0	0	0	0	-1	5
817	0	0	0	0	-1	5
818	0	0	0	0	-1	6
819	0	0	0	0	-1	6
820	0	0	0	0	-1	5
821	0	0	0	0	-1	6
822	0	0	0	0	-1	5
823	872	873	6	8.5	-3	6.02777777777778
824	0	0	0	0	-1	6
825	0	0	0	0	-1	6.8
826	0	0	0	0	-1	5
827	874	875	6	0	-3	5
828	876	877	8	0.998	-3	5.14285714285714
829	878	879	8	0.998215	-3	5
830	0	0	0	0	-1	5
831	880	881	5	0	-3	5
832	0	0	0	0	-1	5
833	0	0	0	0	-1	5
834	0	0	0	0	-1	6
835	882	883	7	100	-3	6
836	884	885	11	9.75	-3	5
837	0	0	0	0	-1	5
838	0	0	0	0	-1	5
839	0	0	0	0	-1	6
840	886	887	6	11.5	-3	6
841	0	0	0	0	-1	6
842	888	889	10	0	-3	5
843	0	0	0	0	-1	5
844	0	0	0	0	-1	5
845	890	891	10	0	-3	5
846	0	0	0	0	-1	5.25
847	892	893	9	3.59	-3	5
848	0	0	0	0	-1	6
849	0	0	0	0	-1	5
850	0	0	0	0	-1	5
851	0	0	0	0	-1	5
852	0	0	0	0	-1	5
853	894	895	5	0	-3	5
854	896	897	1	0	-3	6
855	0	0	0	0	-1	5
856	0	0	0	0	-1	5
857	0	0	0	0	-1	5
858	0	0	0	0	-1	6
859	898	899	5	0.063	-3	5.10526315789474
860	0	0	0	0	-1	7
861	900	901	7	0	-3	6
862	0	0	0	0	-1	6
863	902	903	8	0.9975	-3	6
864	0	0	0	0	-1	6
865	0	0	0	0	-1	6
866	0	0	0	0	-1	6
867	0	0	0	0	-1	6
868	904	905	6	23.5	-3	6.07142857142857
869	0	0	0	0	-1	5
870	0	0	0	0	-1	6.25
871	906	907	5	0.0705	-3	6
872	0	0	0	0	-1	7
873	908	909	11	11.35	-3	6
874	0	0	0	0	-1	6
875	910	911	4	0.8775	-3	5
876	0	0	0	0	-1	5
877	0	0	0	0	-1	6
878	912	913	5	0.079	-3	5
879	914	915	6	25	-3	5
880	0	0	0	0	-1	6
881	916	917	4	1.85	-3	5
882	0	0	0	0	-1	6
883	0	0	0	0	-1	6
884	0	0	0	0	-1	5
885	918	919	4	0	-3	5
886	0	0	0	0	-1	6
887	0	0	0	0	-1	6
888	0	0	0	0	-1	5
889	920	921	4	2.425	-3	5
890	0	0	0	0	-1	4
891	0	0	0	0	-1	5
892	922	923	9	3.245	-3	5
893	0	0	0	0	-1	5
894	0	0	0	0	-1	4
895	0	0	0	0	-1	5
896	0	0	0	0	-1	5
897	924	925	4	1.8	-3	6
898	0	0	0	0	-1	6
899	926	927	1	10	-3	5.05555555555556
900	0	0	0	0	-1	6
901	0	0	0	0	-1	6
902	0	0	0	0	-1	6
903	0	0	0	0	-1	6
904	928	929	4	1.75	-3	6
905	930	931	11	10.95	-3	6.22222222222222
906	0	0	0	0	-1	6
907	932	933	3	0.425	-3	6
908	934	935	2	0.665	-3	6
909	0	0	0	0	-1	6
910	0	0	0	0	-1	5
911	0	0	0	0	-1	5
912	936	937	4	0	-3	5
913	938	939	3	0.27	-3	5
914	0	0	0	0	-1	5
915	940	941	4	0.48	-3	5
916	0	0	0	0	-1	5
917	0	0	0	0	-1	5
918	0	0	0	0	-1	6
919	942	943	7	80.5	-3	5
920	944	945	1	0	-3	5
921	0	0	0	0	-1	5
922	0	0	0	0	-1	5
923	946	947	9	0	-3	5
924	0	0	0	0	-1	6
925	0	0	0	0	-1	6
926	948	949	6	0	-3	5
927	0	0	0	0	-1	5.2
928	0	0	0	0	-1	6
929	950	951	10	0.785	-3	6
930	952	953	3	0.37	-3	6
931	0	0	0	0	-1	7
932	0	0	0	0	-1	6
933	954	955	7	24.5	-3	6
934	956	957	9	0.06	-3	6
935	0	0	0	0	-1	6
936	0	0	0	0	-1	7
937	958	959	1	0	-3	5
938	960	961	3	0	-3	5
939	0	0	0	0	-1	5
940	0	0	0	0	-1	6
941	962	963	7	0.99885	-3	5
942	964	965	1	0	-3	5
943	966	967	11	9.95	-3	5
944	0	0	0	0	-1	5
945	0	0	0	0	-1	5
946	0	0	0	0	-1	5
947	0	0	0	0	-1	5
948	0	0	0	0	-1	7
949	968	969	9	3.295	-3	5
950	970	971	11	0.32	-3	6
951	972	973	11	11.05	-3	6
952	0	0	0	0	-1	6
953	0	0	0	0	-1	6
954	974	975	8	11.55	-3	6
955	0	0	0	0	-1	6
956	0	0	0	0	-1	6
957	976	977	1	6.55	-3	6
958	0	0	0	0	-1	6
959	0	0	0	0	-1	5
960	0	0	0	0	-1	7
961	978	979	6	22.5	-3	5
962	0	0	0	0	-1	5
963	980	981	11	9	-3	5
964	0	0	0	0	-1	5
965	0	0	0	0	-1	5
966	0	0	0	0	-1	5
967	0	0	0	0	-1	5
968	0	0	0	0	-1	5
969	982	983	8	0	-3	5
970	0	0	0	0	-1	5
971	0	0	0	0	-1	6
972	984	985	11	10.75	-3	6
973	0	0	0	0	-1	6
974	986	987	8	0.9979	-3	6
975	0	0	0	0	-1	6
976	0	0	0	0	-1	6
977	0	0	0	0	-1	6
978	988	989	3	0.185	-3	5
979	0	0	0	0	-1	5
980	0	0	0	0	-1	5
981	990	991	2	0	-3	5
982	0	0	0	0	-1	7
983	992	993	10	0	-3	5
984	0	0	0	0	-1	6
985	0	0	0	0	-1	6
986	0	0	0	0	-1	6
987	0	0	0	0	-1	6
988	0	0	0	0	-1	5
989	0	0	0	0	-1	5
990	0	0	0	0	-1	5
991	994	995	2	0.44	-3	5
992	0	0	0	0	-1	5
993	0	0	0	0	-1	5
994	0	0	0	0	-1	5
995	996	997	3	0	-3	5
996	0	0	0	0	-1	5
997	998	999	6	29	-3	5
998	0	0	0	0	-1	5
999	0	0	0	0	-1	5
