1	2	3	2	0.375	-3	5.66166353971232
2	4	5	8	0.99535	-3	6.17241379310345
3	6	7	10	0.555	-3	5.51958433253397
4	8	9	5	0.0835	-3	6.47169811320755
5	10	11	11	9.75	-3	6.04132231404959
6	12	13	4	1.25	-3	5.10755813953488
7	14	15	8	0.9928	-3	5.67585446527012
8	16	17	10	0.695	-3	6.56179775280899
9	18	19	4	1.95	-3	6
10	20	21	10	0.52	-3	5.59322033898305
11	22	23	10	0.645	-3	6.18579234972677
12	0	0	0	0	-1	3
13	24	25	9	3.615	-3	5.1137026239067
14	26	27	6	7.5	-3	7.07407407407408
15	28	29	11	11.45	-3	5.63295454545455
16	30	31	6	29	-3	6.25641025641026
17	32	33	2	0.19	-3	6.8
18	0	0	0	0	-1	5
19	34	35	7	22.5	-3	6.21428571428571
20	0	0	0	0	-1	5
21	36	37	5	0.0955	-3	5.66037735849057
22	38	39	3	0.71	-3	5.69047619047619
23	40	41	10	0.995	-3	6.33333333333333
24	42	43	8	0.99539	-3	5.12316715542522
25	0	0	0	0	-1	3.5
26	0	0	0	0	-1	5
27	44	45	10	0.69	-3	7.15384615384616
28	46	47	7	49.5	-3	5.51604278074866
29	48	49	1	6.55	-3	6.29545454545454
30	50	51	3	0.395	-3	6.11764705882353
31	0	0	0	0	-1	7.2
32	0	0	0	0	-1	6
33	52	53	9	3.19	-3	6.83333333333333
34	0	0	0	0	-1	6.6
35	54	55	1	7.6	-3	6
36	56	57	8	0.99635	-3	5.75555555555556
37	58	59	5	0.286	-3	5.125
38	60	61	8	0.9977	-3	5.61538461538461
39	0	0	0	0	-1	6.66666666666667
40	62	63	4	5.45	-3	6.25396825396825
41	64	65	3	0.375	-3	7
42	66	67	7	8.5	-3	5.41304347826087
43	68	69	11	10.95	-3	5.07796610169491
44	70	71	4	1.5	-3	6.5
45	72	73	1	5.45	-3	7.35
46	74	75	6	5.25	-3	5.63561076604555
47	76	77	3	0.325	-3	5.29811320754717
48	78	79	5	0.084	-3	5.83333333333333
49	80	81	8	0.9997	-3	6.43137254901961
50	82	83	3	0.31	-3	6.5
51	84	85	11	11.6	-3	5.77777777777778
52	0	0	0	0	-1	6.2
53	86	87	7	56.5	-3	6.90697674418605
54	88	89	11	3.47	-3	6
55	0	0	0	0	-1	6
56	0	0	0	0	-1	5
57	90	91	7	17.5	-3	5.82926829268293
58	92	93	8	0	-3	5
59	0	0	0	0	-1	6
60	94	95	2	0.335	-3	5.74193548387097
61	96	97	5	0.1035	-3	5.125
62	98	99	9	3.175	-3	6.23387096774194
63	0	0	0	0	-1	7.5
64	0	0	0	0	-1	8
65	100	101	9	3.285	-3	6.84615384615385
66	0	0	0	0	-1	4
67	102	103	5	0.116	-3	5.47727272727273
68	104	105	11	9.35	-3	5.1
69	106	107	10	0.51	-3	4.66666666666667
70	0	0	0	0	-1	6
71	0	0	0	0	-1	6.75
72	108	109	2	0.4	-3	6.91666666666667
73	110	111	11	0	-3	8
74	112	113	4	5.575	-3	5.32307692307692
75	114	115	9	3.475	-3	5.68421052631579
76	116	117	11	9.85	-3	5.38636363636364
77	118	119	2	0.425	-3	5.12359550561798
78	120	121	1	4.65	-3	5.57142857142857
79	122	123	11	12.25	-3	6.44444444444444
80	124	125	3	0.515	-3	6.49450549450549
81	126	127	11	12.85	-3	5.90909090909091
82	0	0	0	0	-1	6
83	128	129	7	10.5	-3	6.66666666666667
84	130	131	8	0.99396	-3	5.42857142857143
85	132	133	9	3.325	-3	6
86	134	135	7	34.5	-3	6.95121951219512
87	0	0	0	0	-1	6
88	0	0	0	0	-1	5
89	0	0	0	0	-1	6
90	136	137	9	3.035	-3	5.5
91	138	139	4	3.25	-3	5.93548387096774
92	0	0	0	0	-1	7
93	140	141	5	0.104	-3	5
94	142	143	11	11.5	-3	5.92307692307692
95	144	145	4	1.85	-3	5.61111111111111
96	0	0	0	0	-1	5
97	0	0	0	0	-1	6
98	146	147	8	0.99905	-3	6.66666666666667
99	148	149	7	21.5	-3	6.14563106796117
100	150	151	1	10.45	-3	6.91666666666667
101	0	0	0	0	-1	6
102	152	153	2	1	-3	5.53488372093023
103	0	0	0	0	-1	3
104	154	155	8	0.99575	-3	4.8936170212766
105	156	157	11	10.25	-3	5.14163090128755
106	158	159	3	0.14	-3	4.14285714285714
107	160	161	3	0.525	-3	5.125
108	0	0	0	0	-1	6
109	162	163	6	17	-3	7
110	0	0	0	0	-1	6
111	164	165	1	0	-3	8
112	166	167	11	8.7	-3	5.22413793103448
113	168	169	3	0.295	-3	6.14285714285714
114	170	171	5	0.0975	-3	5.73204419889503
115	172	173	5	0.0725	-3	5.375
116	174	175	3	0.005	-3	5.20952380952381
117	176	177	5	0.1105	-3	5.64788732394366
118	178	179	6	31	-3	5.4375
119	180	181	6	51.5	-3	5.05479452054795
120	0	0	0	0	-1	4
121	182	183	3	0.11	-3	5.65
122	0	0	0	0	-1	6
123	0	0	0	0	-1	7
124	184	185	11	11.55	-3	6.36923076923077
125	186	187	6	5.5	-3	6.80769230769231
126	188	189	11	12.2	-3	6
127	0	0	0	0	-1	5
128	190	191	9	3.23	-3	7
129	0	0	0	0	-1	6
130	0	0	0	0	-1	5
131	0	0	0	0	-1	5.75
132	0	0	0	0	-1	6
133	192	193	3	0.46	-3	6
134	194	195	3	0.31	-3	7.04761904761905
135	196	197	10	0.74	-3	6.85
136	0	0	0	0	-1	6
137	198	199	2	0.255	-3	5.16666666666667
138	200	201	5	0.0905	-3	6
139	0	0	0	0	-1	5.33333333333333
140	0	0	0	0	-1	5
141	0	0	0	0	-1	5
142	202	203	8	0.99549	-3	5.83333333333333
143	0	0	0	0	-1	7
144	0	0	0	0	-1	5
145	204	205	6	26	-3	5.84615384615385
146	206	207	9	3.035	-3	6.77777777777778
147	0	0	0	0	-1	6
148	208	209	6	6.5	-3	6.45833333333333
149	210	211	6	44	-3	6.05063291139241
150	0	0	0	0	-1	6.8
151	212	213	3	0.445	-3	7
152	214	215	6	13.5	-3	5.625
153	0	0	0	0	-1	4.33333333333333
154	0	0	0	0	-1	4.33333333333333
155	216	217	2	0.8775	-3	4.93181818181818
156	218	219	1	7.15	-3	5.11330049261084
157	220	221	9	3.355	-3	5.33333333333333
158	0	0	0	0	-1	3.8
159	0	0	0	0	-1	5
160	0	0	0	0	-1	5
161	0	0	0	0	-1	6
162	222	223	8	0.99211	-3	7
163	0	0	0	0	-1	7
164	0	0	0	0	-1	7
165	224	225	8	0.991575	-3	8
166	0	0	0	0	-1	3
167	226	227	10	0.745	-3	5.30357142857143
168	0	0	0	0	-1	7
169	0	0	0	0	-1	6
170	228	229	10	0.645	-3	5.79715302491103
171	230	231	4	1.55	-3	5.50617283950617
172	232	233	11	9.45	-3	5.875
173	234	235	7	27.5	-3	5.175
174	0	0	0	0	-1	4.6
175	236	237	7	96	-3	5.24
176	238	239	9	3.285	-3	5.71428571428571
177	240	241	7	57	-3	5.125
178	242	243	2	0.405	-3	5.18181818181818
179	0	0	0	0	-1	6
180	244	245	11	11.15	-3	5.02816901408451
181	0	0	0	0	-1	6
182	246	247	8	0.99466	-3	5.41666666666667
183	248	249	6	14.5	-3	6
184	250	251	2	0.47	-3	5.91666666666667
185	252	253	7	47	-3	6.47169811320755
186	0	0	0	0	-1	6.2
187	254	255	2	0.5	-3	6.95238095238095
188	0	0	0	0	-1	6
189	0	0	0	0	-1	6
190	0	0	0	0	-1	7
191	256	257	5	0.0575	-3	7
192	0	0	0	0	-1	6
193	0	0	0	0	-1	6
194	0	0	0	0	-1	7.25
195	258	259	2	0	-3	7
196	0	0	0	0	-1	6
197	260	261	4	0	-3	7
198	0	0	0	0	-1	6
199	0	0	0	0	-1	5
200	262	263	3	0.235	-3	6
201	0	0	0	0	-1	6
202	0	0	0	0	-1	5
203	264	265	1	8.65	-3	5.90909090909091
204	266	267	3	0.495	-3	6
205	0	0	0	0	-1	5
206	0	0	0	0	-1	6.25
207	268	269	5	0.052	-3	6.92857142857143
208	270	271	1	11.2	-3	6
209	272	273	1	7.9	-3	6.91666666666667
210	274	275	6	36.5	-3	6.01333333333333
211	0	0	0	0	-1	6.75
212	0	0	0	0	-1	7
213	0	0	0	0	-1	7
214	276	277	1	8.75	-3	5.84
215	278	279	11	11.15	-3	5.26666666666667
216	280	281	10	0.495	-3	4.95348837209302
217	0	0	0	0	-1	4
218	282	283	2	0.6175	-3	5.42105263157895
219	284	285	3	0.045	-3	5.08152173913043
220	286	287	10	0.48	-3	5.83333333333333
221	288	289	11	0	-3	5
222	0	0	0	0	-1	7
223	0	0	0	0	-1	7
224	0	0	0	0	-1	8
225	0	0	0	0	-1	8
226	290	291	2	0.6825	-3	5.19047619047619
227	292	293	2	0.525	-3	5.64285714285714
228	294	295	3	0.075	-3	5.6258064516129
229	296	297	7	38.5	-3	6.00793650793651
230	0	0	0	0	-1	4
231	298	299	5	0.1165	-3	5.54430379746835
232	0	0	0	0	-1	5
233	300	301	11	10.4	-3	6
234	302	303	11	10.2	-3	5.83333333333333
235	304	305	3	0.39	-3	5.05882352941177
236	306	307	9	3.405	-3	5.29268292682927
237	308	309	9	0	-3	5
238	310	311	8	0.99675	-3	5.94736842105263
239	312	313	8	0.998895	-3	5.61363636363636
240	0	0	0	0	-1	6
241	314	315	11	0	-3	5
242	316	317	6	20.5	-3	4.85714285714286
243	0	0	0	0	-1	5.75
244	318	319	1	11.2	-3	5.01428571428572
245	0	0	0	0	-1	6
246	320	321	3	0.045	-3	5.66666666666667
247	0	0	0	0	-1	4.66666666666667
248	0	0	0	0	-1	6
249	0	0	0	0	-1	6
250	0	0	0	0	-1	5
251	322	323	9	0	-3	6
252	324	325	4	2.3	-3	6.35135135135135
253	326	327	7	56.5	-3	6.75
254	328	329	6	8	-3	6.77777777777778
255	330	331	5	0.0895	-3	7.08333333333333
256	0	0	0	0	-1	7
257	0	0	0	0	-1	7
258	0	0	0	0	-1	6
259	0	0	0	0	-1	7
260	0	0	0	0	-1	4
261	332	333	3	0	-3	7
262	0	0	0	0	-1	6
263	334	335	4	2.45	-3	6
264	0	0	0	0	-1	5.75
265	336	337	11	0.595	-3	6
266	0	0	0	0	-1	6
267	0	0	0	0	-1	6
268	0	0	0	0	-1	6
269	338	339	10	0.91	-3	7
270	340	341	11	10.65	-3	5.90909090909091
271	0	0	0	0	-1	7
272	0	0	0	0	-1	6
273	342	343	5	9.95	-3	7
274	344	345	10	0.695	-3	6.05633802816901
275	0	0	0	0	-1	5.25
276	346	347	10	0.52	-3	5.875
277	0	0	0	0	-1	5
278	348	349	11	11.05	-3	5
279	0	0	0	0	-1	5.8
280	350	351	9	3.275	-3	5.0625
281	352	353	8	0.9973	-3	4.88888888888889
282	354	355	3	0.11	-3	6
283	0	0	0	0	-1	5
284	356	357	9	3.38	-3	4.85185185185185
285	358	359	4	3.65	-3	5.12101910828025
286	0	0	0	0	-1	5
287	360	361	7	11.5	-3	5.90909090909091
288	0	0	0	0	-1	5
289	362	363	11	10.6	-3	5
290	364	365	9	3.3	-3	5.11764705882353
291	366	367	5	0.081	-3	5.5
292	368	369	7	17.5	-3	5.9
293	0	0	0	0	-1	5
294	370	371	2	0.485	-3	5.86792452830189
295	372	373	4	1.5	-3	5.5
296	374	375	4	3.7	-3	5.85897435897436
297	376	377	1	8.4	-3	6.25
298	378	379	1	12.25	-3	5.36
299	380	381	1	6.6	-3	5.86206896551724
300	0	0	0	0	-1	6
301	382	383	3	0.045	-3	6
302	0	0	0	0	-1	6
303	0	0	0	0	-1	5.5
304	384	385	5	0.1185	-3	4.96428571428571
305	386	387	3	0.54	-3	5.5
306	388	389	5	0.0965	-3	5.20967741935484
307	390	391	6	16.5	-3	5.55
308	0	0	0	0	-1	6
309	392	393	6	41.5	-3	5
310	394	395	6	18	-3	5.83333333333333
311	396	397	2	0.61	-3	6
312	398	399	4	2.05	-3	5.68292682926829
313	0	0	0	0	-1	4.66666666666667
314	0	0	0	0	-1	6
315	400	401	1	6.05	-3	5
316	0	0	0	0	-1	5
317	0	0	0	0	-1	4.66666666666667
318	402	403	7	58.5	-3	5.02898550724638
319	0	0	0	0	-1	4
320	404	405	1	6.1	-3	6
321	0	0	0	0	-1	5
322	0	0	0	0	-1	6
323	406	407	6	17	-3	6
324	408	409	1	10.15	-3	6.1
325	410	411	6	27	-3	6.64705882352941
326	412	413	8	0	-3	7
327	0	0	0	0	-1	6.2
328	0	0	0	0	-1	6
329	414	415	7	27.5	-3	7
330	0	0	0	0	-1	8
331	416	417	5	0.1225	-3	7
332	0	0	0	0	-1	7
333	418	419	1	0	-3	7
334	0	0	0	0	-1	6
335	0	0	0	0	-1	6
336	0	0	0	0	-1	7
337	420	421	5	0	-3	6
338	422	423	1	9.45	-3	6.91666666666667
339	0	0	0	0	-1	8
340	0	0	0	0	-1	5.5
341	424	425	1	2.3	-3	6
342	426	427	10	0.775	-3	7
343	0	0	0	0	-1	7
344	428	429	1	9.55	-3	5.58333333333333
345	430	431	10	0.865	-3	6.15254237288136
346	432	433	3	0.035	-3	5.42857142857143
347	434	435	3	0.01	-3	6.05882352941176
348	436	437	8	0.995125	-3	5.11111111111111
349	0	0	0	0	-1	4
350	438	439	8	0.99666	-3	5
351	0	0	0	0	-1	5.33333333333333
352	440	441	1	7.4	-3	5
353	442	443	8	0.99765	-3	4.75
354	0	0	0	0	-1	6
355	0	0	0	0	-1	6
356	444	445	6	6.5	-3	4.6875
357	446	447	4	4.25	-3	5.09090909090909
358	448	449	5	0.0795	-3	5.07692307692308
359	450	451	5	0.0885	-3	5.57142857142857
360	0	0	0	0	-1	5
361	452	453	2	0.49	-3	6
362	0	0	0	0	-1	5
363	454	455	6	0	-3	5
364	456	457	3	0.23	-3	5.27777777777778
365	458	459	4	1.95	-3	4.9375
366	0	0	0	0	-1	5
367	0	0	0	0	-1	6
368	0	0	0	0	-1	5.5
369	0	0	0	0	-1	6
370	0	0	0	0	-1	4
371	460	461	5	0.0575	-3	5.94117647058824
372	0	0	0	0	-1	4.5
373	462	463	2	0.545	-3	5.52
374	464	465	3	0.035	-3	5.89333333333333
375	0	0	0	0	-1	5
376	466	467	5	0.078	-3	5.86666666666667
377	468	469	1	10.55	-3	6.42424242424242
378	470	471	11	11.2	-3	5.24444444444444
379	0	0	0	0	-1	6.4
380	0	0	0	0	-1	7
381	472	473	3	0.245	-3	5.77777777777778
382	0	0	0	0	-1	6
383	0	0	0	0	-1	6
384	474	475	10	0.69	-3	5.03846153846154
385	0	0	0	0	-1	4
386	0	0	0	0	-1	6
387	0	0	0	0	-1	5
388	476	477	3	0.19	-3	5.30555555555556
389	478	479	8	0.99604	-3	5.07692307692308
390	480	481	5	0.0755	-3	5.16666666666667
391	482	483	8	0.996065	-3	5.71428571428571
392	484	485	7	116	-3	5
393	0	0	0	0	-1	5
394	0	0	0	0	-1	5
395	0	0	0	0	-1	6
396	486	487	8	0.99925	-3	6
397	0	0	0	0	-1	6
398	488	489	5	0.0765	-3	5.16666666666667
399	490	491	6	20.5	-3	5.77142857142857
400	0	0	0	0	-1	5
401	0	0	0	0	-1	5
402	492	493	9	3.33	-3	4.77777777777778
403	494	495	1	10.25	-3	5.06666666666667
404	0	0	0	0	-1	6
405	0	0	0	0	-1	6
406	496	497	10	0.605	-3	6
407	0	0	0	0	-1	6
408	498	499	1	8.45	-3	6.05263157894737
409	0	0	0	0	-1	7
410	500	501	5	0.0695	-3	6.6875
411	0	0	0	0	-1	6
412	0	0	0	0	-1	5
413	502	503	2	0.71	-3	7
414	0	0	0	0	-1	7
415	0	0	0	0	-1	7
416	0	0	0	0	-1	7
417	504	505	3	0	-3	7
418	0	0	0	0	-1	6
419	506	507	11	0	-3	7
420	0	0	0	0	-1	6
421	0	0	0	0	-1	6
422	0	0	0	0	-1	6.5
423	508	509	6	11.15	-3	7
424	0	0	0	0	-1	5
425	510	511	11	3.225	-3	6
426	0	0	0	0	-1	7
427	0	0	0	0	-1	7
428	512	513	8	0.995555	-3	5.28571428571429
429	0	0	0	0	-1	6
430	514	515	3	0.365	-3	6.26190476190476
431	516	517	11	10.45	-3	5.88235294117647
432	0	0	0	0	-1	6
433	0	0	0	0	-1	5
434	0	0	0	0	-1	6.25
435	518	519	8	0.99494	-3	6
436	520	521	6	14.5	-3	5
437	0	0	0	0	-1	6
438	0	0	0	0	-1	5
439	522	523	7	32.5	-3	5
440	0	0	0	0	-1	5
441	524	525	3	0.16	-3	5
442	0	0	0	0	-1	4
443	0	0	0	0	-1	5
444	0	0	0	0	-1	4
445	526	527	5	0.0865	-3	4.91666666666667
446	528	529	3	0.015	-3	5
447	0	0	0	0	-1	6
448	530	531	9	3.275	-3	5.24137931034483
449	532	533	7	15	-3	4.96470588235294
450	0	0	0	0	-1	5
451	534	535	6	31.5	-3	5.88888888888889
452	0	0	0	0	-1	6
453	0	0	0	0	-1	6
454	0	0	0	0	-1	5
455	536	537	8	0.025	-3	5
456	0	0	0	0	-1	6
457	538	539	5	0.168	-3	5.07142857142857
458	0	0	0	0	-1	5
459	540	541	1	7.45	-3	4.83333333333333
460	0	0	0	0	-1	5
461	542	543	8	0.997185	-3	5.97959183673469
462	544	545	7	46.5	-3	5.68852459016393
463	546	547	8	0.99832	-3	5.25641025641026
464	548	549	1	6.95	-3	5.6875
465	550	551	1	6.3	-3	5.94915254237288
466	0	0	0	0	-1	6
467	0	0	0	0	-1	5.6
468	552	553	4	2.35	-3	6.66666666666667
469	554	555	10	0.78	-3	6.22222222222222
470	556	557	9	3.29	-3	5.19047619047619
471	0	0	0	0	-1	6
472	558	559	8	0.996335	-3	6.07142857142857
473	560	561	1	10.1	-3	5.46153846153846
474	562	563	8	0.99825	-3	5
475	564	565	5	0.079	-3	5.125
476	566	567	4	2.6	-3	5.04347826086957
477	568	569	2	0.44	-3	5.76923076923077
478	0	0	0	0	-1	5.5
479	570	571	3	0.295	-3	5
480	0	0	0	0	-1	6
481	0	0	0	0	-1	5
482	0	0	0	0	-1	5
483	572	573	7	90	-3	5.76923076923077
484	574	575	3	0.095	-3	5
485	0	0	0	0	-1	5
486	576	577	2	0.525	-3	6
487	0	0	0	0	-1	6
488	0	0	0	0	-1	5
489	0	0	0	0	-1	6
490	578	579	1	7.9	-3	5.125
491	580	581	10	0.74	-3	5.96296296296296
492	0	0	0	0	-1	4.6
493	0	0	0	0	-1	5
494	582	583	8	0.99855	-3	5.01754385964912
495	0	0	0	0	-1	6
496	0	0	0	0	-1	6
497	584	585	10	0	-3	6
498	586	587	8	0.993655	-3	6
499	588	589	9	3.245	-3	6.125
500	590	591	8	0.993715	-3	6.33333333333333
501	592	593	2	0.3875	-3	6.9
502	0	0	0	0	-1	7
503	0	0	0	0	-1	7
504	0	0	0	0	-1	5
505	594	595	8	0.9988	-3	7
506	0	0	0	0	-1	6
507	596	597	4	0	-3	7
508	0	0	0	0	-1	7
509	0	0	0	0	-1	7
510	0	0	0	0	-1	5
511	598	599	4	0	-3	6
512	0	0	0	0	-1	6
513	600	601	5	0.093	-3	5.16666666666667
514	602	603	6	25.5	-3	6.7
515	604	605	8	0.9995	-3	6.125
516	606	607	8	0.9986	-3	6
517	0	0	0	0	-1	5.5
518	0	0	0	0	-1	6
519	608	609	5	0.0865	-3	6
520	0	0	0	0	-1	5
521	0	0	0	0	-1	5
522	0	0	0	0	-1	5
523	610	611	9	3.095	-3	5
524	0	0	0	0	-1	5
525	612	613	8	0.99685	-3	5
526	614	615	1	8.75	-3	5.1
527	0	0	0	0	-1	4
528	0	0	0	0	-1	5
529	616	617	10	0	-3	5
530	618	619	3	0.375	-3	5.44827586206897
531	620	621	5	0.0775	-3	5.03448275862069
532	622	623	11	9.8	-3	4.5
533	624	625	10	0.485	-3	5
534	626	627	7	83.5	-3	6
535	0	0	0	0	-1	5
536	0	0	0	0	-1	7
537	628	629	7	48.5	-3	5
538	630	631	9	3.135	-3	5
539	0	0	0	0	-1	6
540	0	0	0	0	-1	4.5
541	0	0	0	0	-1	5
542	632	633	7	13.5	-3	6.02127659574468
543	0	0	0	0	-1	5
544	634	635	7	16.5	-3	5.73684210526316
545	0	0	0	0	-1	5
546	636	637	5	0.081	-3	5.12903225806452
547	638	639	1	9.3	-3	5.75
548	0	0	0	0	-1	5
549	640	641	6	8.5	-3	5.91666666666667
550	0	0	0	0	-1	7
551	642	643	9	3.265	-3	5.93103448275862
552	0	0	0	0	-1	6
553	644	645	7	46	-3	6.83333333333333
554	646	647	9	3.085	-3	6.4
555	648	649	7	45	-3	6
556	650	651	10	0.565	-3	5.4
557	652	653	6	7.5	-3	5
558	654	655	3	0.06	-3	5.88888888888889
559	0	0	0	0	-1	6.4
560	656	657	4	0	-3	5
561	658	659	11	10.1	-3	6
562	0	0	0	0	-1	5
563	0	0	0	0	-1	5
564	0	0	0	0	-1	6
565	660	661	10	0	-3	5
566	662	663	8	0.996815	-3	5
567	664	665	5	0.092	-3	5.16666666666667
568	0	0	0	0	-1	5
569	666	667	10	0.6	-3	6
570	668	669	6	12.5	-3	5
571	0	0	0	0	-1	5
572	670	671	3	0.305	-3	5.83333333333333
573	0	0	0	0	-1	5
574	0	0	0	0	-1	5
575	672	673	1	0	-3	5
576	0	0	0	0	-1	6
577	0	0	0	0	-1	6
578	0	0	0	0	-1	5
579	0	0	0	0	-1	6
580	674	675	3	30.5	-3	6
581	0	0	0	0	-1	5.8
582	676	677	1	7.9	-3	5
583	678	679	4	2.55	-3	5.08333333333333
584	0	0	0	0	-1	7
585	680	681	2	0.62	-3	6
586	0	0	0	0	-1	6
587	682	683	6	0	-3	6
588	684	685	6	12.5	-3	6
589	0	0	0	0	-1	6.5
590	0	0	0	0	-1	7
591	0	0	0	0	-1	6
592	0	0	0	0	-1	6.5
593	0	0	0	0	-1	7
594	0	0	0	0	-1	7
595	0	0	0	0	-1	7
596	0	0	0	0	-1	5
597	686	687	3	0.45	-3	7
598	0	0	0	0	-1	7
599	688	689	2	0.355	-3	6
600	0	0	0	0	-1	5
601	0	0	0	0	-1	5.5
602	690	691	7	27	-3	6.875
603	0	0	0	0	-1	6
604	692	693	2	0.365	-3	6.06666666666667
605	0	0	0	0	-1	7
606	0	0	0	0	-1	6
607	694	695	7	0	-3	6
608	0	0	0	0	-1	6
609	0	0	0	0	-1	6
610	0	0	0	0	-1	5
611	0	0	0	0	-1	5
612	0	0	0	0	-1	5
613	0	0	0	0	-1	5
614	0	0	0	0	-1	5
615	0	0	0	0	-1	6
616	0	0	0	0	-1	7
617	696	697	9	3.465	-3	5
618	698	699	4	1.75	-3	5.54166666666667
619	0	0	0	0	-1	5
620	700	701	1	7.95	-3	5
621	702	703	7	43	-3	5.11111111111111
622	0	0	0	0	-1	5
623	0	0	0	0	-1	4
624	704	705	8	0.99615	-3	4.82352941176471
625	706	707	4	2.95	-3	5.04838709677419
626	0	0	0	0	-1	6
627	0	0	0	0	-1	6
628	708	709	1	0	-3	5
629	0	0	0	0	-1	5
630	710	711	6	4.5	-3	5
631	712	713	4	0	-3	5
632	0	0	0	0	-1	5.5
633	714	715	7	19	-3	6.06976744186047
634	0	0	0	0	-1	5
635	716	717	8	0.99478	-3	5.76363636363636
636	718	719	5	0.0755	-3	5.04347826086957
637	720	721	5	0.0835	-3	5.375
638	0	0	0	0	-1	5.33333333333333
639	0	0	0	0	-1	6
640	0	0	0	0	-1	5.5
641	722	723	7	24	-3	6
642	724	725	1	9.35	-3	5.81481481481481
643	726	727	11	11.15	-3	6.03225806451613
644	0	0	0	0	-1	6.6
645	728	729	2	0.39	-3	7
646	0	0	0	0	-1	7
647	730	731	11	10.05	-3	6
648	0	0	0	0	-1	6
649	0	0	0	0	-1	6
650	0	0	0	0	-1	6
651	732	733	4	2.9	-3	5.29411764705882
652	734	735	4	0	-3	5
653	736	737	7	22.5	-3	5
654	0	0	0	0	-1	5.66666666666667
655	738	739	5	0.148	-3	6
656	0	0	0	0	-1	5
657	740	741	2	0.425	-3	5
658	0	0	0	0	-1	6
659	0	0	0	0	-1	6
660	0	0	0	0	-1	6
661	742	743	10	0.725	-3	5
662	744	745	10	0.695	-3	5
663	0	0	0	0	-1	5
664	0	0	0	0	-1	5
665	0	0	0	0	-1	6
666	0	0	0	0	-1	6
667	746	747	1	0	-3	6
668	0	0	0	0	-1	5
669	748	749	2	0	-3	5
670	750	751	7	55	-3	5.90909090909091
671	0	0	0	0	-1	5
672	0	0	0	0	-1	6
673	0	0	0	0	-1	5
674	752	753	3	0	-3	6
675	0	0	0	0	-1	6
676	754	755	2	0.855	-3	5
677	756	757	9	3.28	-3	5
678	0	0	0	0	-1	5.33333333333333
679	758	759	10	0.59	-3	5
680	0	0	0	0	-1	6
681	0	0	0	0	-1	6
682	0	0	0	0	-1	6
683	760	761	7	20.5	-3	6
684	0	0	0	0	-1	6
685	0	0	0	0	-1	6
686	762	763	2	0.315	-3	7
687	0	0	0	0	-1	7
688	0	0	0	0	-1	6
689	0	0	0	0	-1	6
690	0	0	0	0	-1	6
691	764	765	4	1.9	-3	7
692	766	767	11	10.7	-3	6.10344827586207
693	0	0	0	0	-1	5
694	0	0	0	0	-1	6
695	0	0	0	0	-1	6
696	0	0	0	0	-1	5
697	0	0	0	0	-1	5
698	0	0	0	0	-1	5.2
699	768	769	7	112.5	-3	5.63157894736842
700	770	771	7	86.5	-3	5
701	0	0	0	0	-1	5
702	0	0	0	0	-1	6
703	772	773	11	10	-3	5
704	774	775	1	0.595	-3	5
705	776	777	9	3.305	-3	4.5
706	778	779	2	1.0025	-3	5.03389830508475
707	0	0	0	0	-1	5.33333333333333
708	0	0	0	0	-1	7
709	780	781	10	0.44	-3	5
710	0	0	0	0	-1	5
711	0	0	0	0	-1	5
712	0	0	0	0	-1	6
713	782	783	10	0.245	-3	5
714	784	785	10	0.585	-3	6.33333333333333
715	786	787	9	3.25	-3	5.88
716	0	0	0	0	-1	5
717	788	789	6	28	-3	5.77777777777778
718	790	791	3	0.135	-3	5.16666666666667
719	0	0	0	0	-1	5
720	0	0	0	0	-1	6
721	792	793	4	2.65	-3	5.16666666666667
722	0	0	0	0	-1	6
723	0	0	0	0	-1	6
724	794	795	6	16	-3	5.33333333333333
725	796	797	3	0.585	-3	5.95238095238095
726	798	799	8	0.996775	-3	6
727	800	801	1	7.8	-3	6.14285714285714
728	0	0	0	0	-1	7
729	0	0	0	0	-1	7
730	0	0	0	0	-1	6
731	0	0	0	0	-1	6
732	802	803	3	0.085	-3	5.1875
733	0	0	0	0	-1	7
734	0	0	0	0	-1	5
735	804	805	5	0.1105	-3	5
736	0	0	0	0	-1	5
737	806	807	7	0.035	-3	5
738	0	0	0	0	-1	6
739	0	0	0	0	-1	6
740	0	0	0	0	-1	5
741	0	0	0	0	-1	5
742	0	0	0	0	-1	5
743	0	0	0	0	-1	5
744	808	809	11	9.25	-3	5
745	0	0	0	0	-1	5
746	0	0	0	0	-1	6
747	810	811	8	0.99957	-3	6
748	0	0	0	0	-1	6
749	812	813	1	7.2	-3	5
750	0	0	0	0	-1	5.66666666666667
751	814	815	10	2.05	-3	6
752	0	0	0	0	-1	6
753	0	0	0	0	-1	6
754	816	817	2	0.44	-3	5
755	0	0	0	0	-1	5
756	818	819	8	0	-3	5
757	0	0	0	0	-1	5
758	0	0	0	0	-1	5
759	820	821	3	0	-3	5
760	0	0	0	0	-1	6
761	0	0	0	0	-1	6
762	0	0	0	0	-1	7
763	0	0	0	0	-1	7
764	0	0	0	0	-1	7
765	0	0	0	0	-1	7
766	822	823	7	90.5	-3	6.21428571428571
767	824	825	2	0.33	-3	6
768	826	827	4	2.9	-3	5.8
769	0	0	0	0	-1	5
770	828	829	5	0	-3	5
771	0	0	0	0	-1	5
772	830	831	8	0	-3	5
773	0	0	0	0	-1	5
774	0	0	0	0	-1	6
775	832	833	3	0.16	-3	5
776	0	0	0	0	-1	4
777	0	0	0	0	-1	5
778	834	835	5	0.0845	-3	5
779	0	0	0	0	-1	6
780	0	0	0	0	-1	5
781	0	0	0	0	-1	5
782	0	0	0	0	-1	6
783	0	0	0	0	-1	5
784	0	0	0	0	-1	7
785	836	837	3	0.05	-3	6.07692307692308
786	0	0	0	0	-1	5
787	838	839	9	3.365	-3	5.91666666666667
788	840	841	5	0.0725	-3	5.80769230769231
789	0	0	0	0	-1	5
790	0	0	0	0	-1	6
791	0	0	0	0	-1	5
792	0	0	0	0	-1	5
793	0	0	0	0	-1	6
794	0	0	0	0	-1	5
795	0	0	0	0	-1	6
796	842	843	8	0.99739	-3	6
797	0	0	0	0	-1	5.75
798	844	845	5	10.95	-3	6
799	0	0	0	0	-1	6
800	846	847	5	0.0725	-3	6
801	0	0	0	0	-1	7
802	0	0	0	0	-1	6
803	848	849	9	3.275	-3	5.07142857142857
804	0	0	0	0	-1	5
805	0	0	0	0	-1	5
806	0	0	0	0	-1	5
807	850	851	9	3.445	-3	5
808	0	0	0	0	-1	5
809	0	0	0	0	-1	5
810	0	0	0	0	-1	6
811	0	0	0	0	-1	6
812	0	0	0	0	-1	5
813	852	853	9	3.18	-3	5
814	854	855	11	68	-3	6
815	0	0	0	0	-1	6
816	856	857	8	0.715	-3	5
817	858	859	1	7.75	-3	5
818	0	0	0	0	-1	5
819	0	0	0	0	-1	5
820	0	0	0	0	-1	6
821	860	861	1	8.7	-3	5
822	862	863	2	0.345	-3	6.08333333333333
823	0	0	0	0	-1	7
824	864	865	1	7.85	-3	6
825	0	0	0	0	-1	6
826	866	867	4	2.25	-3	5.92307692307692
827	0	0	0	0	-1	5
828	0	0	0	0	-1	5
829	868	869	11	9.9	-3	5
830	0	0	0	0	-1	8
831	0	0	0	0	-1	5
832	0	0	0	0	-1	5
833	870	871	6	0	-3	5
834	872	873	10	0.545	-3	5
835	874	875	3	0.605	-3	5
836	876	877	5	0.074	-3	6
837	0	0	0	0	-1	7
838	878	879	10	0.565	-3	5.71428571428571
839	0	0	0	0	-1	6
840	880	881	9	3.255	-3	5.5
841	882	883	8	0.9999	-3	5.9
842	0	0	0	0	-1	6
843	0	0	0	0	-1	6
844	884	885	10	0.705	-3	6
845	0	0	0	0	-1	6
846	0	0	0	0	-1	6
847	0	0	0	0	-1	6
848	886	887	6	0.475	-3	5
849	0	0	0	0	-1	6
850	888	889	11	0	-3	5
851	0	0	0	0	-1	5
852	0	0	0	0	-1	5
853	890	891	1	0	-3	5
854	892	893	6	30	-3	6
855	0	0	0	0	-1	6
856	0	0	0	0	-1	6
857	894	895	6	0	-3	5
858	896	897	7	0	-3	5
859	0	0	0	0	-1	5
860	0	0	0	0	-1	5
861	0	0	0	0	-1	5
862	898	899	6	0	-3	6
863	0	0	0	0	-1	7
864	0	0	0	0	-1	6
865	0	0	0	0	-1	6
866	900	901	10	0.49	-3	6
867	0	0	0	0	-1	5.8
868	0	0	0	0	-1	5
869	0	0	0	0	-1	5
870	0	0	0	0	-1	5
871	902	903	3	0.19	-3	5
872	904	905	8	0.995985	-3	5
873	0	0	0	0	-1	5
874	906	907	8	0.997965	-3	5
875	0	0	0	0	-1	5
876	908	909	3	0	-3	6
877	0	0	0	0	-1	6
878	0	0	0	0	-1	6
879	0	0	0	0	-1	5.5
880	910	911	5	0.061	-3	6
881	0	0	0	0	-1	5
882	912	913	11	9.1	-3	5.92307692307692
883	0	0	0	0	-1	5
884	914	915	2	0.425	-3	6
885	0	0	0	0	-1	6
886	0	0	0	0	-1	5
887	916	917	6	11	-3	5
888	0	0	0	0	-1	7
889	0	0	0	0	-1	5
890	0	0	0	0	-1	6
891	918	919	5	0.1	-3	5
892	0	0	0	0	-1	6
893	0	0	0	0	-1	6
894	0	0	0	0	-1	5
895	0	0	0	0	-1	5
896	0	0	0	0	-1	5
897	0	0	0	0	-1	5
898	0	0	0	0	-1	5
899	920	921	7	33.5	-3	6
900	0	0	0	0	-1	6
901	0	0	0	0	-1	6
902	0	0	0	0	-1	5
903	922	923	7	0	-3	5
904	0	0	0	0	-1	5
905	924	925	4	0.99797	-3	5
906	0	0	0	0	-1	5
907	926	927	5	0.0955	-3	5
908	0	0	0	0	-1	6
909	0	0	0	0	-1	6
910	0	0	0	0	-1	6
911	0	0	0	0	-1	6
912	0	0	0	0	-1	5
913	928	929	1	12.15	-3	5.94736842105263
914	0	0	0	0	-1	6
915	0	0	0	0	-1	6
916	0	0	0	0	-1	5
917	0	0	0	0	-1	5
918	0	0	0	0	-1	5
919	0	0	0	0	-1	5
920	0	0	0	0	-1	6
921	930	931	11	10.1	-3	6
922	0	0	0	0	-1	6
923	0	0	0	0	-1	5
924	0	0	0	0	-1	5
925	932	933	2	0.525	-3	5
926	934	935	9	0	-3	5
927	0	0	0	0	-1	5
928	936	937	11	10.45	-3	5.97297297297297
929	0	0	0	0	-1	5
930	0	0	0	0	-1	6
931	938	939	11	10.35	-3	6
932	0	0	0	0	-1	5
933	940	941	3	0.18	-3	5
934	0	0	0	0	-1	5
935	942	943	9	3.145	-3	5
936	944	945	3	0.325	-3	6.04347826086957
937	946	947	3	0.38	-3	5.85714285714286
938	0	0	0	0	-1	6
939	0	0	0	0	-1	6
940	0	0	0	0	-1	5
941	948	949	6	0	-3	5
942	0	0	0	0	-1	5
943	0	0	0	0	-1	5
944	0	0	0	0	-1	6
945	0	0	0	0	-1	6.33333333333333
946	950	951	3	0.27	-3	5.71428571428571
947	0	0	0	0	-1	6
948	0	0	0	0	-1	5
949	952	953	7	143	-3	5
950	0	0	0	0	-1	6
951	0	0	0	0	-1	5
952	954	955	2	0	-3	5
953	0	0	0	0	-1	5
954	0	0	0	0	-1	5
955	956	957	7	79.5	-3	5
956	0	0	0	0	-1	5
957	958	959	11	0	-3	5
958	0	0	0	0	-1	6
959	960	961	11	9.7	-3	5
960	0	0	0	0	-1	5
961	0	0	0	0	-1	5
