1	2	3	10	0.645	-3	5.64165103189493
2	4	5	11	11.25	-3	5.38012958963283
3	6	7	11	11.25	-3	6.00148588410104
4	8	9	10	0.525	-3	5.26041666666667
5	10	11	11	12.85	-3	5.9620253164557
6	12	13	9	3.555	-3	5.80555555555556
7	14	15	11	12.45	-3	6.58579881656804
8	16	17	4	1.25	-3	4.97222222222222
9	18	19	7	105.5	-3	5.3731884057971
10	20	21	5	0.0535	-3	6.02941176470588
11	22	23	5	0.0545	-3	5.54545454545455
12	24	25	7	50.5	-3	5.84076433121019
13	26	27	2	0.56	-3	5.3030303030303
14	28	29	1	5.75	-3	6.44628099173554
15	30	31	3	0.47	-3	6.9375
16	0	0	0	0	-1	3
17	32	33	3	0.095	-3	4.99065420560747
18	34	35	8	0.99689	-3	5.40674603174603
19	36	37	2	0.575	-3	5.02083333333333
20	38	39	9	3.465	-3	5.65217391304348
21	40	41	9	3.305	-3	6.10619469026549
22	42	43	10	0.595	-3	4.85714285714286
23	44	45	4	3.4	-3	5.86666666666667
24	46	47	5	0.0875	-3	6.0404984423676
25	48	49	7	82.5	-3	5.41333333333333
26	50	51	5	0.0955	-3	5.83333333333333
27	52	53	1	7.25	-3	5.18518518518519
28	0	0	0	0	-1	5
29	54	55	9	3.365	-3	6.47058823529412
30	56	57	9	3.235	-3	7.14285714285714
31	58	59	11	13.35	-3	6.38461538461539
32	60	61	8	0.9977	-3	4.75806451612903
33	62	63	5	0.0785	-3	5.08552631578947
34	64	65	1	6.35	-3	5.55514705882353
35	66	67	9	3.235	-3	5.23275862068965
36	68	69	8	0.996555	-3	5
37	70	71	2	0.585	-3	5.07142857142857
38	72	73	4	2.1	-3	6.375
39	74	75	9	3.875	-3	5.26666666666667
40	76	77	6	4	-3	6.26666666666667
41	78	79	6	8.5	-3	6
42	0	0	0	0	-1	4
43	0	0	0	0	-1	5
44	80	81	4	2.35	-3	5.69230769230769
45	0	0	0	0	-1	7
46	82	83	2	0.405	-3	6.1625
47	84	85	10	0.745	-3	5.67901234567901
48	86	87	5	0.097	-3	5.60606060606061
49	88	89	9	3.025	-3	5.03921568627451
50	0	0	0	0	-1	6
51	0	0	0	0	-1	5
52	90	91	1	6.85	-3	5
53	92	93	8	0.99746	-3	5.71428571428571
54	94	95	8	0.99532	-3	6.625
55	96	97	5	0.0725	-3	6.15384615384615
56	0	0	0	0	-1	7.8
57	98	99	8	0.99082	-3	7.03333333333333
58	100	101	4	2.7	-3	6.25
59	0	0	0	0	-1	8
60	102	103	11	9.15	-3	4.89285714285714
61	104	105	3	0.01	-3	3.5
62	106	107	10	0.485	-3	5.23076923076923
63	108	109	2	0.585	-3	5.01
64	110	111	2	0.61	-3	4.93333333333333
65	112	113	2	1.0775	-3	5.59143968871595
66	114	115	4	2.15	-3	5.38157894736842
67	116	117	3	0.655	-3	5.16025641025641
68	118	119	5	0	-3	5
69	0	0	0	0	-1	5
70	0	0	0	0	-1	6
71	120	121	2	0.8075	-3	5
72	0	0	0	0	-1	6
73	0	0	0	0	-1	7
74	0	0	0	0	-1	5
75	0	0	0	0	-1	6
76	122	123	11	11.7	-3	6.57142857142857
77	124	125	9	3.2	-3	6.21052631578947
78	126	127	3	0.26	-3	5.80952380952381
79	128	129	7	90	-3	6.08510638297872
80	0	0	0	0	-1	6
81	0	0	0	0	-1	5
82	130	131	5	0.0845	-3	6.39393939393939
83	132	133	9	3.075	-3	5.87962962962963
84	134	135	1	8	-3	5.43243243243243
85	136	137	11	9.75	-3	5.88636363636364
86	138	139	2	0.565	-3	5.78378378378378
87	140	141	10	1.805	-3	5.08
88	0	0	0	0	-1	5.75
89	142	143	6	53.5	-3	4.97872340425532
90	144	145	11	0	-3	5
91	0	0	0	0	-1	5
92	0	0	0	0	-1	7
93	0	0	0	0	-1	5.2
94	146	147	8	0.994135	-3	6.93103448275862
95	148	149	10	0.895	-3	6.45098039215686
96	150	151	10	0.7	-3	5.86666666666667
97	152	153	3	0.325	-3	6.33333333333333
98	0	0	0	0	-1	8
99	154	155	3	0.035	-3	6.92592592592593
100	0	0	0	0	-1	7.5
101	156	157	5	0.0785	-3	6
102	0	0	0	0	-1	4
103	158	159	2	1.01	-3	4.9433962264151
104	0	0	0	0	-1	4
105	0	0	0	0	-1	3
106	160	161	8	0.99719	-3	5.375
107	162	163	4	1.6	-3	5
108	164	165	7	11.5	-3	5.09803921568628
109	166	167	5	0.091	-3	4.91836734693878
110	168	169	9	3.435	-3	5.18181818181818
111	0	0	0	0	-1	4.25
112	170	171	2	0.655	-3	5.62450592885375
113	0	0	0	0	-1	3.5
114	172	173	6	13	-3	5.75
115	174	175	7	64.5	-3	5.25
116	176	177	5	0.0625	-3	5.1741935483871
117	0	0	0	0	-1	3
118	0	0	0	0	-1	5
119	178	179	7	0	-3	5
120	0	0	0	0	-1	5
121	0	0	0	0	-1	5
122	0	0	0	0	-1	7
123	0	0	0	0	-1	6.25
124	180	181	7	26	-3	5.91666666666667
125	182	183	4	2.05	-3	6.34615384615385
126	184	185	3	0.02	-3	5.54545454545455
127	186	187	4	1.9	-3	6.1
128	188	189	8	0.993995	-3	6.04444444444444
129	0	0	0	0	-1	7
130	190	191	1	11.65	-3	6.33333333333333
131	192	193	7	40	-3	7
132	194	195	6	9	-3	6.71428571428571
133	196	197	4	1.35	-3	5.82178217821782
134	198	199	5	0.1285	-3	6
135	200	201	7	39	-3	5.3
136	202	203	6	3.5	-3	5.3125
137	204	205	10	0.855	-3	6.21428571428571
138	206	207	6	23.5	-3	5.90566037735849
139	208	209	4	2	-3	5.47619047619048
140	210	211	10	1.46	-3	5.125
141	0	0	0	0	-1	4
142	212	213	2	0.405	-3	4.95652173913044
143	0	0	0	0	-1	6
144	0	0	0	0	-1	6
145	0	0	0	0	-1	5
146	0	0	0	0	-1	6.25
147	214	215	10	0.715	-3	7.04
148	216	217	8	0.996565	-3	6.37777777777778
149	218	219	11	11.75	-3	7
150	0	0	0	0	-1	5.33333333333333
151	220	221	1	8.65	-3	6
152	222	223	1	6.45	-3	6.07142857142857
153	224	225	3	0.47	-3	6.7
154	226	227	8	0.99212	-3	6.44444444444444
155	228	229	9	3.55	-3	7.16666666666667
156	0	0	0	0	-1	7
157	230	231	9	3.205	-3	5.88888888888889
158	232	233	2	0.8975	-3	5.02040816326531
159	0	0	0	0	-1	4
160	234	235	8	0.996695	-3	5.48
161	236	237	2	0	-3	5
162	0	0	0	0	-1	5.5
163	238	239	8	0.99619	-3	4.94444444444444
164	0	0	0	0	-1	6
165	240	241	2	0.54	-3	5.08
166	242	243	3	0.265	-3	4.83870967741935
167	244	245	5	0.095	-3	5.05555555555556
168	246	247	1	5.65	-3	5
169	0	0	0	0	-1	5.66666666666667
170	248	249	5	0.0815	-3	5.75268817204301
171	250	251	11	9.975	-3	5.26865671641791
172	252	253	5	0.0695	-3	6
173	0	0	0	0	-1	5
174	254	255	6	11	-3	5.35714285714286
175	256	257	9	3.19	-3	4.92857142857143
176	0	0	0	0	-1	3
177	258	259	2	0.6325	-3	5.18831168831169
178	0	0	0	0	-1	6
179	260	261	7	0	-3	5
180	0	0	0	0	-1	5
181	262	263	2	0.285	-3	6.1
182	264	265	3	0.415	-3	6
183	266	267	3	0.53	-3	6.6
184	0	0	0	0	-1	6.2
185	268	269	1	6.65	-3	5
186	0	0	0	0	-1	7
187	270	271	9	3.315	-3	6
188	272	273	9	3.415	-3	6.11764705882353
189	274	275	8	0.99449	-3	6
190	276	277	10	0.805	-3	6.20618556701031
191	278	279	8	0.99895	-3	6.8695652173913
192	280	281	11	10.55	-3	7
193	0	0	0	0	-1	7
194	0	0	0	0	-1	7
195	0	0	0	0	-1	6.33333333333333
196	0	0	0	0	-1	4
197	282	283	11	10.35	-3	5.84
198	284	285	7	28.5	-3	5.83333333333333
199	0	0	0	0	-1	7
200	286	287	6	16	-3	5.125
201	288	289	11	9.7	-3	6
202	0	0	0	0	-1	6
203	290	291	1	8.25	-3	5.21428571428571
204	292	293	7	15.5	-3	6.53846153846154
205	294	295	5	0.126	-3	5.93333333333333
206	296	297	6	22.5	-3	5.58823529411765
207	298	299	10	0.655	-3	6.05555555555556
208	300	301	7	59	-3	5
209	302	303	8	0.9977	-3	5.90909090909091
210	304	305	1	10.5	-3	5.08695652173913
211	0	0	0	0	-1	6
212	306	307	4	2.55	-3	4.75
213	308	309	1	8.2	-3	5
214	0	0	0	0	-1	8
215	310	311	9	3.335	-3	6.95652173913044
216	312	313	1	8.15	-3	6.0625
217	314	315	9	3.205	-3	6.55172413793103
218	0	0	0	0	-1	8
219	0	0	0	0	-1	6.8
220	316	317	3	0.33	-3	6
221	0	0	0	0	-1	6
222	0	0	0	0	-1	7
223	318	319	11	11.35	-3	6
224	320	321	10	0.77	-3	7
225	0	0	0	0	-1	6
226	0	0	0	0	-1	6
227	0	0	0	0	-1	6.8
228	322	323	7	101.5	-3	6.92857142857143
229	0	0	0	0	-1	8
230	0	0	0	0	-1	5.5
231	324	325	3	0.565	-3	6
232	326	327	2	0.44	-3	4.97826086956522
233	0	0	0	0	-1	5.66666666666667
234	328	329	9	3.345	-3	5.35
235	0	0	0	0	-1	6
236	0	0	0	0	-1	5
237	330	331	8	0	-3	5
238	0	0	0	0	-1	4.33333333333333
239	332	333	11	9.65	-3	5.06666666666667
240	334	335	11	10.15	-3	5.04444444444445
241	0	0	0	0	-1	5.4
242	336	337	6	21.5	-3	5
243	338	339	1	7.8	-3	4.5
244	0	0	0	0	-1	6
245	340	341	9	3.32	-3	5
246	0	0	0	0	-1	5
247	342	343	8	0	-3	5
248	344	345	4	4.45	-3	5.63492063492064
249	346	347	9	3.305	-3	6
250	348	349	2	1.0075	-3	5
251	350	351	2	0.7075	-3	5.54545454545455
252	0	0	0	0	-1	6
253	0	0	0	0	-1	6
254	352	353	5	0.065	-3	5.14285714285714
255	354	355	9	3.165	-3	5.78571428571429
256	356	357	3	0.32	-3	5
257	0	0	0	0	-1	4.75
258	358	359	1	9.1	-3	5.29807692307692
259	360	361	8	0.998125	-3	4.96
260	0	0	0	0	-1	6
261	0	0	0	0	-1	5
262	0	0	0	0	-1	7
263	362	363	9	0.36	-3	6
264	364	365	8	0.992255	-3	6
265	0	0	0	0	-1	6
266	366	367	1	7.55	-3	6.81818181818182
267	0	0	0	0	-1	6
268	0	0	0	0	-1	5
269	0	0	0	0	-1	5
270	0	0	0	0	-1	6
271	368	369	10	0.585	-3	6
272	370	371	10	7.15	-3	6
273	372	373	8	0.993965	-3	6.33333333333333
274	0	0	0	0	-1	6
275	0	0	0	0	-1	6
276	374	375	4	2.45	-3	6
277	376	377	4	2.35	-3	6.45454545454546
278	378	379	4	2	-3	7.4
279	380	381	9	3.095	-3	6.46153846153846
280	0	0	0	0	-1	7
281	0	0	0	0	-1	7
282	382	383	2	0.495	-3	5.70833333333333
283	384	385	9	3.455	-3	5.96153846153846
284	0	0	0	0	-1	5
285	0	0	0	0	-1	6
286	386	387	11	9.625	-3	5.04545454545455
287	0	0	0	0	-1	6
288	0	0	0	0	-1	5
289	0	0	0	0	-1	6.5
290	388	389	6	0.495	-3	5
291	390	391	7	47	-3	5.375
292	0	0	0	0	-1	6
293	392	393	4	1.75	-3	6.63636363636364
294	394	395	10	0.88	-3	6.18181818181818
295	0	0	0	0	-1	5.25
296	396	397	1	10.75	-3	5.75
297	0	0	0	0	-1	5.2
298	0	0	0	0	-1	6.75
299	398	399	4	2.7	-3	5.96875
300	400	401	7	0	-3	5
301	0	0	0	0	-1	5
302	0	0	0	0	-1	5.75
303	0	0	0	0	-1	6
304	402	403	7	52.5	-3	5
305	0	0	0	0	-1	5.66666666666667
306	0	0	0	0	-1	5
307	0	0	0	0	-1	4
308	404	405	4	4.8	-3	5
309	0	0	0	0	-1	5
310	406	407	1	0	-3	7
311	0	0	0	0	-1	6.66666666666667
312	0	0	0	0	-1	7
313	408	409	9	3.2	-3	6
314	410	411	3	0.44	-3	6.86666666666667
315	412	413	1	10.1	-3	6.21428571428571
316	0	0	0	0	-1	6
317	414	415	3	0	-3	6
318	0	0	0	0	-1	6
319	416	417	3	0.28	-3	6
320	0	0	0	0	-1	7
321	0	0	0	0	-1	7
322	418	419	2	0.545	-3	7
323	0	0	0	0	-1	6
324	0	0	0	0	-1	6
325	0	0	0	0	-1	6
326	0	0	0	0	-1	6
327	420	421	5	0.0845	-3	4.95555555555556
328	422	423	7	12	-3	5.23529411764706
329	0	0	0	0	-1	6
330	0	0	0	0	-1	5
331	0	0	0	0	-1	5
332	424	425	4	1.8	-3	5
333	0	0	0	0	-1	5.2
334	426	427	7	14.5	-3	4.97435897435898
335	428	429	7	33	-3	5.5
336	430	431	1	7.95	-3	5
337	432	433	9	0	-3	5
338	0	0	0	0	-1	5
339	434	435	6	21.5	-3	4.28571428571429
340	436	437	8	0.99666	-3	5
341	0	0	0	0	-1	5
342	0	0	0	0	-1	4
343	0	0	0	0	-1	5
344	438	439	8	0.99567	-3	5.60162601626016
345	0	0	0	0	-1	7
346	440	441	11	10.1	-3	5.65217391304348
347	442	443	7	36	-3	6.21621621621622
348	444	445	9	3.54	-3	4.9375
349	0	0	0	0	-1	6
350	446	447	6	21.5	-3	5.2
351	448	449	10	0.545	-3	5.83333333333333
352	0	0	0	0	-1	6
353	450	451	9	3.185	-3	5.04
354	452	453	3	0.505	-3	5.5
355	454	455	2	0.475	-3	6.16666666666667
356	456	457	5	0	-3	5
357	0	0	0	0	-1	5
358	458	459	3	0.315	-3	5.36585365853659
359	460	461	1	10.8	-3	5.04545454545455
360	462	463	4	4.15	-3	4.80555555555556
361	464	465	7	40.5	-3	5.35714285714286
362	0	0	0	0	-1	5
363	466	467	9	89	-3	6
364	0	0	0	0	-1	6
365	0	0	0	0	-1	6
366	0	0	0	0	-1	6.33333333333333
367	468	469	2	0.295	-3	7
368	0	0	0	0	-1	6
369	0	0	0	0	-1	6
370	0	0	0	0	-1	6
371	0	0	0	0	-1	6
372	0	0	0	0	-1	6
373	0	0	0	0	-1	7
374	470	471	9	3.305	-3	5.90909090909091
375	472	473	7	22.5	-3	6.44444444444444
376	474	475	7	14.5	-3	6.6
377	476	477	8	0.997995	-3	6.14285714285714
378	478	479	1	11.75	-3	7
379	0	0	0	0	-1	8
380	480	481	11	9.75	-3	6.75
381	0	0	0	0	-1	6
382	482	483	9	3.235	-3	5.94444444444444
383	484	485	7	46.5	-3	5.56666666666667
384	486	487	6	4	-3	6.02173913043478
385	488	489	9	3.5	-3	5.5
386	0	0	0	0	-1	5.5
387	490	491	8	0.99884	-3	5
388	0	0	0	0	-1	6
389	0	0	0	0	-1	5
390	492	493	1	8.45	-3	5.28571428571429
391	0	0	0	0	-1	6
392	0	0	0	0	-1	7
393	494	495	2	0.465	-3	6.5
394	0	0	0	0	-1	7
395	0	0	0	0	-1	6
396	0	0	0	0	-1	6
397	0	0	0	0	-1	5.25
398	496	497	8	0.99955	-3	5.88461538461539
399	498	499	8	0.99835	-3	6.33333333333333
400	0	0	0	0	-1	6
401	500	501	7	53.5	-3	5
402	0	0	0	0	-1	5
403	0	0	0	0	-1	5
404	0	0	0	0	-1	5
405	502	503	9	3.4	-3	5
406	0	0	0	0	-1	5
407	0	0	0	0	-1	7
408	0	0	0	0	-1	6
409	0	0	0	0	-1	6
410	0	0	0	0	-1	6
411	504	505	3	0.575	-3	6.92857142857143
412	0	0	0	0	-1	7
413	506	507	11	12	-3	6.08333333333333
414	0	0	0	0	-1	6
415	508	509	5	0.049	-3	6
416	510	511	6	0.72	-3	6
417	0	0	0	0	-1	6
418	512	513	1	8.75	-3	6.91666666666667
419	0	0	0	0	-1	8
420	514	515	9	3.53	-3	4.85714285714286
421	516	517	5	0.0855	-3	5.11764705882353
422	0	0	0	0	-1	6
423	518	519	9	3.095	-3	5.13333333333333
424	0	0	0	0	-1	5
425	520	521	8	0.0695	-3	5
426	0	0	0	0	-1	4.75
427	522	523	1	10.35	-3	5
428	0	0	0	0	-1	5.75
429	0	0	0	0	-1	5
430	524	525	4	0	-3	5
431	526	527	1	0	-3	5
432	0	0	0	0	-1	5
433	528	529	5	0.081	-3	5
434	0	0	0	0	-1	4
435	0	0	0	0	-1	5
436	530	531	8	0	-3	5
437	532	533	1	0	-3	5
438	534	535	7	8.5	-3	5.82222222222222
439	536	537	6	7.5	-3	5.47435897435897
440	538	539	7	81.5	-3	5.125
441	540	541	10	0.575	-3	5.93333333333333
442	542	543	1	6.95	-3	6.58823529411765
443	544	545	7	87	-3	5.9
444	546	547	9	3.345	-3	5
445	0	0	0	0	-1	3
446	548	549	1	6.65	-3	5
447	0	0	0	0	-1	6
448	0	0	0	0	-1	5
449	550	551	9	3.225	-3	5.88235294117647
450	552	553	2	0.4	-3	5
451	0	0	0	0	-1	5.5
452	0	0	0	0	-1	5
453	554	555	9	3.075	-3	5.66666666666667
454	0	0	0	0	-1	7
455	0	0	0	0	-1	6
456	0	0	0	0	-1	6
457	556	557	9	0.205	-3	5
458	558	559	6	20.5	-3	5.47368421052632
459	560	561	7	85.5	-3	5.12
460	562	563	1	10.45	-3	4.95
461	0	0	0	0	-1	6
462	564	565	8	0.99744	-3	4.85294117647059
463	0	0	0	0	-1	4
464	566	567	7	19	-3	5.125
465	568	569	10	0.545	-3	5.66666666666667
466	570	571	2	0.36	-3	6
467	0	0	0	0	-1	6
468	0	0	0	0	-1	7
469	572	573	5	0.0795	-3	7
470	574	575	8	0.996445	-3	5.78125
471	576	577	6	16	-3	6.25
472	0	0	0	0	-1	7.5
473	0	0	0	0	-1	5.6
474	0	0	0	0	-1	6
475	578	579	8	0.9981	-3	6.75
476	580	581	6	0.995765	-3	6
477	0	0	0	0	-1	6.5
478	0	0	0	0	-1	7
479	0	0	0	0	-1	7
480	582	583	11	8.8	-3	6.85714285714286
481	0	0	0	0	-1	6
482	0	0	0	0	-1	6
483	0	0	0	0	-1	5.8
484	584	585	2	0.655	-3	5.70833333333333
485	0	0	0	0	-1	5
486	0	0	0	0	-1	6.75
487	586	587	4	2.25	-3	5.95238095238095
488	0	0	0	0	-1	5
489	0	0	0	0	-1	6
490	588	589	2	0.99814	-3	5
491	590	591	2	0	-3	5
492	0	0	0	0	-1	6
493	592	593	5	0.097	-3	5.16666666666667
494	594	595	4	2.35	-3	6.66666666666667
495	0	0	0	0	-1	6
496	596	597	4	1.95	-3	5.92
497	0	0	0	0	-1	5
498	0	0	0	0	-1	6
499	0	0	0	0	-1	7
500	0	0	0	0	-1	5
501	0	0	0	0	-1	5
502	598	599	11	0	-3	5
503	0	0	0	0	-1	5
504	600	601	9	3.195	-3	7
505	0	0	0	0	-1	6.75
506	602	603	1	10.35	-3	5.9
507	0	0	0	0	-1	7
508	0	0	0	0	-1	6
509	0	0	0	0	-1	6
510	0	0	0	0	-1	5
511	604	605	10	0.9	-3	6
512	0	0	0	0	-1	7
513	0	0	0	0	-1	6
514	606	607	5	0.0685	-3	4.88888888888889
515	0	0	0	0	-1	4
516	0	0	0	0	-1	6
517	608	609	3	0.085	-3	5.0625
518	0	0	0	0	-1	6
519	610	611	2	0.34	-3	5.07142857142857
520	0	0	0	0	-1	5
521	612	613	4	2.05	-3	5
522	614	615	5	0.0825	-3	5
523	616	617	5	0	-3	5
524	0	0	0	0	-1	6
525	618	619	1	7.5	-3	5
526	0	0	0	0	-1	6
527	620	621	10	0.49	-3	5
528	0	0	0	0	-1	5
529	0	0	0	0	-1	5
530	0	0	0	0	-1	5
531	0	0	0	0	-1	5
532	0	0	0	0	-1	6
533	622	623	5	0.108	-3	5
534	0	0	0	0	-1	7
535	624	625	2	0.44	-3	5.73809523809524
536	626	627	3	0.455	-3	5.11764705882353
537	628	629	10	0.595	-3	5.57377049180328
538	0	0	0	0	-1	5
539	0	0	0	0	-1	6
540	0	0	0	0	-1	5.5
541	630	631	1	7.6	-3	6
542	0	0	0	0	-1	6
543	632	633	2	0.515	-3	6.76923076923077
544	634	635	7	61.5	-3	6
545	0	0	0	0	-1	5
546	636	637	9	3.315	-3	5.125
547	638	639	9	3.355	-3	4.86666666666667
548	0	0	0	0	-1	5
549	0	0	0	0	-1	5
550	0	0	0	0	-1	5
551	640	641	3	0.01	-3	5.9375
552	642	643	5	0	-3	5
553	644	645	9	0	-3	5
554	0	0	0	0	-1	5
555	0	0	0	0	-1	6
556	0	0	0	0	-1	6
557	0	0	0	0	-1	5
558	646	647	1	7.65	-3	5.39583333333333
559	648	649	5	0.0895	-3	5.88888888888889
560	650	651	7	47.5	-3	5.08333333333333
561	0	0	0	0	-1	6
562	652	653	10	0.56	-3	5
563	0	0	0	0	-1	4
564	654	655	11	9.55	-3	5
565	656	657	11	9.3	-3	4.72222222222222
566	0	0	0	0	-1	6
567	658	659	3	0	-3	5
568	0	0	0	0	-1	5.33333333333333
569	0	0	0	0	-1	6
570	0	0	0	0	-1	6
571	0	0	0	0	-1	6
572	0	0	0	0	-1	7
573	0	0	0	0	-1	7
574	660	661	11	10.4	-3	5.44444444444444
575	662	663	3	0.545	-3	5.91304347826087
576	664	665	8	0.994865	-3	6.5
577	666	667	10	0.745	-3	6
578	668	669	6	25	-3	6.85714285714286
579	0	0	0	0	-1	6
580	0	0	0	0	-1	5
581	0	0	0	0	-1	6
582	0	0	0	0	-1	6
583	0	0	0	0	-1	7
584	670	671	8	0.9992	-3	5.88235294117647
585	672	673	6	7.5	-3	5.28571428571429
586	674	675	3	0.39	-3	6.06666666666667
587	676	677	7	30	-3	5.66666666666667
588	678	679	7	29.5	-3	5
589	0	0	0	0	-1	5
590	0	0	0	0	-1	7
591	680	681	4	0	-3	5
592	0	0	0	0	-1	5.5
593	0	0	0	0	-1	5
594	0	0	0	0	-1	6
595	0	0	0	0	-1	6.8
596	0	0	0	0	-1	5.6
597	682	683	6	46.5	-3	6
598	0	0	0	0	-1	5
599	684	685	4	0	-3	5
600	686	687	3	0	-3	7
601	0	0	0	0	-1	7
602	0	0	0	0	-1	5
603	688	689	10	0.82	-3	6
604	0	0	0	0	-1	6
605	0	0	0	0	-1	6
606	690	691	7	27.5	-3	4.66666666666667
607	692	693	2	0.7425	-3	4.95238095238095
608	694	695	9	3.38	-3	5
609	0	0	0	0	-1	6
610	0	0	0	0	-1	5.33333333333333
611	696	697	6	0.99595	-3	5
612	0	0	0	0	-1	5
613	0	0	0	0	-1	5
614	698	699	11	0	-3	5
615	700	701	7	82.5	-3	5
616	0	0	0	0	-1	6
617	0	0	0	0	-1	5
618	0	0	0	0	-1	5
619	0	0	0	0	-1	5
620	0	0	0	0	-1	5
621	0	0	0	0	-1	5
622	0	0	0	0	-1	5
623	0	0	0	0	-1	5
624	702	703	2	0.22	-3	5.22222222222222
625	704	705	3	0.005	-3	5.87878787878788
626	706	707	10	0.635	-3	5.0625
627	0	0	0	0	-1	6
628	708	709	5	0.0765	-3	5.70833333333333
629	710	711	3	0.065	-3	5.07692307692308
630	0	0	0	0	-1	6
631	712	713	8	0	-3	6
632	0	0	0	0	-1	6
633	714	715	1	7.75	-3	6.90909090909091
634	716	717	8	0.996755	-3	6
635	718	719	10	0.535	-3	6
636	720	721	8	0.99679	-3	5.06666666666667
637	0	0	0	0	-1	6
638	0	0	0	0	-1	4.6
639	722	723	2	0.7225	-3	5
640	0	0	0	0	-1	5.75
641	724	725	2	0.875	-3	6
642	0	0	0	0	-1	5
643	726	727	4	2.9	-3	5
644	0	0	0	0	-1	6
645	728	729	8	0.99866	-3	5
646	730	731	3	0.035	-3	5.18181818181818
647	732	733	8	0.997345	-3	5.57692307692308
648	734	735	2	0.385	-3	6
649	0	0	0	0	-1	5
650	736	737	3	0.465	-3	5.28571428571429
651	738	739	7	55	-3	5
652	0	0	0	0	-1	5
653	740	741	1	9.55	-3	5
654	742	743	3	0.19	-3	5
655	744	745	1	0	-3	5
656	0	0	0	0	-1	4
657	746	747	4	2.15	-3	4.8125
658	0	0	0	0	-1	5
659	0	0	0	0	-1	5
660	0	0	0	0	-1	5
661	0	0	0	0	-1	5.8
662	748	749	6	12	-3	6.05263157894737
663	0	0	0	0	-1	5.25
664	0	0	0	0	-1	7
665	0	0	0	0	-1	6.25
666	0	0	0	0	-1	6
667	0	0	0	0	-1	6
668	0	0	0	0	-1	7
669	0	0	0	0	-1	6.25
670	750	751	8	0.9971	-3	5.9375
671	0	0	0	0	-1	5
672	0	0	0	0	-1	6
673	0	0	0	0	-1	5
674	752	753	9	3.405	-3	6
675	0	0	0	0	-1	7
676	0	0	0	0	-1	5.2
677	754	755	4	2.45	-3	6
678	756	757	4	0	-3	5
679	0	0	0	0	-1	5
680	0	0	0	0	-1	5
681	0	0	0	0	-1	5
682	0	0	0	0	-1	6
683	0	0	0	0	-1	6
684	0	0	0	0	-1	6
685	758	759	5	14.5	-3	5
686	0	0	0	0	-1	6
687	760	761	8	0.99687	-3	7
688	762	763	9	3.255	-3	6
689	0	0	0	0	-1	6
690	0	0	0	0	-1	5
691	0	0	0	0	-1	4
692	0	0	0	0	-1	5
693	0	0	0	0	-1	4.66666666666667
694	764	765	8	0	-3	5
695	766	767	10	0.515	-3	5
696	0	0	0	0	-1	5
697	768	769	9	3.15	-3	5
698	0	0	0	0	-1	6
699	770	771	10	0	-3	5
700	772	773	7	0	-3	5
701	0	0	0	0	-1	5
702	0	0	0	0	-1	7
703	774	775	4	1.55	-3	5
704	0	0	0	0	-1	5
705	776	777	11	9.65	-3	5.93548387096774
706	0	0	0	0	-1	5
707	0	0	0	0	-1	6
708	778	779	7	20	-3	5.90322580645161
709	780	781	9	3.445	-3	5.35294117647059
710	0	0	0	0	-1	5.5
711	0	0	0	0	-1	5
712	0	0	0	0	-1	5
713	782	783	7	8.4	-3	6
714	784	785	6	10.5	-3	7
715	0	0	0	0	-1	6
716	786	787	9	0.035	-3	6
717	0	0	0	0	-1	6
718	0	0	0	0	-1	6
719	0	0	0	0	-1	6
720	788	789	8	0	-3	5
721	0	0	0	0	-1	6
722	0	0	0	0	-1	5
723	790	791	10	0	-3	5
724	792	793	1	7.45	-3	6
725	0	0	0	0	-1	6
726	0	0	0	0	-1	5
727	0	0	0	0	-1	5
728	794	795	10	3.135	-3	5
729	796	797	9	0	-3	5
730	0	0	0	0	-1	5.75
731	798	799	11	9.4	-3	5.05555555555556
732	800	801	8	0.175	-3	6
733	802	803	4	3.1	-3	5.35294117647059
734	0	0	0	0	-1	6
735	0	0	0	0	-1	6
736	0	0	0	0	-1	5.66666666666667
737	0	0	0	0	-1	5
738	0	0	0	0	-1	5
739	804	805	5	0.99715	-3	5
740	0	0	0	0	-1	5
741	0	0	0	0	-1	5
742	806	807	9	0	-3	5
743	0	0	0	0	-1	5
744	0	0	0	0	-1	6
745	808	809	6	14.5	-3	5
746	810	811	9	3.41	-3	4.57142857142857
747	812	813	3	0.99754	-3	5
748	814	815	10	0.665	-3	6
749	0	0	0	0	-1	6.5
750	0	0	0	0	-1	5.8
751	0	0	0	0	-1	6
752	816	817	6	0	-3	6
753	0	0	0	0	-1	6
754	0	0	0	0	-1	6
755	0	0	0	0	-1	6
756	0	0	0	0	-1	5
757	818	819	1	0	-3	5
758	820	821	3	7.15	-3	5
759	0	0	0	0	-1	5
760	0	0	0	0	-1	7
761	0	0	0	0	-1	7
762	822	823	4	2.4	-3	6
763	0	0	0	0	-1	6
764	0	0	0	0	-1	6
765	824	825	7	0	-3	5
766	826	827	7	0	-3	5
767	0	0	0	0	-1	5
768	0	0	0	0	-1	5
769	0	0	0	0	-1	5
770	0	0	0	0	-1	5
771	0	0	0	0	-1	5
772	0	0	0	0	-1	5
773	828	829	9	3.33	-3	5
774	0	0	0	0	-1	5
775	830	831	8	0	-3	5
776	832	833	2	0.565	-3	5.71428571428571
777	834	835	6	9.5	-3	6
778	0	0	0	0	-1	7
779	836	837	9	3.43	-3	5.86666666666667
780	838	839	6	19.5	-3	5
781	840	841	8	0.99658	-3	6
782	0	0	0	0	-1	6
783	842	843	9	0	-3	6
784	0	0	0	0	-1	7
785	844	845	1	0.55	-3	7
786	0	0	0	0	-1	5
787	0	0	0	0	-1	6
788	0	0	0	0	-1	5
789	846	847	11	6.95	-3	5
790	0	0	0	0	-1	6
791	848	849	4	2.35	-3	5
792	0	0	0	0	-1	6
793	0	0	0	0	-1	6
794	0	0	0	0	-1	5
795	0	0	0	0	-1	5
796	0	0	0	0	-1	6
797	0	0	0	0	-1	5
798	0	0	0	0	-1	5.25
799	850	851	10	0	-3	5
800	0	0	0	0	-1	5
801	852	853	9	3.34	-3	6
802	854	855	3	0.23	-3	5.6
803	0	0	0	0	-1	5
804	856	857	1	0	-3	5
805	0	0	0	0	-1	5
806	0	0	0	0	-1	5
807	858	859	8	0	-3	5
808	0	0	0	0	-1	5
809	0	0	0	0	-1	5
810	0	0	0	0	-1	4
811	0	0	0	0	-1	5
812	860	861	8	0.99754	-3	5
813	0	0	0	0	-1	5
814	0	0	0	0	-1	6
815	0	0	0	0	-1	6
816	0	0	0	0	-1	6
817	862	863	7	26	-3	6
818	0	0	0	0	-1	6
819	0	0	0	0	-1	5
820	864	865	7	106	-3	5
821	0	0	0	0	-1	5
822	0	0	0	0	-1	6
823	0	0	0	0	-1	6
824	0	0	0	0	-1	6
825	0	0	0	0	-1	5
826	0	0	0	0	-1	5
827	866	867	6	5	-3	5
828	868	869	1	0	-3	5
829	0	0	0	0	-1	5
830	0	0	0	0	-1	5
831	870	871	4	1.95	-3	5
832	0	0	0	0	-1	6
833	0	0	0	0	-1	5
834	0	0	0	0	-1	6
835	872	873	1	7	-3	6
836	874	875	8	0.995775	-3	5.92857142857143
837	0	0	0	0	-1	5
838	876	877	7	54.5	-3	5
839	0	0	0	0	-1	5
840	0	0	0	0	-1	6
841	0	0	0	0	-1	6
842	0	0	0	0	-1	5
843	878	879	9	3.14	-3	6
844	0	0	0	0	-1	6
845	880	881	10	0.59	-3	7
846	0	0	0	0	-1	5
847	882	883	3	0.19	-3	5
848	0	0	0	0	-1	5
849	0	0	0	0	-1	5
850	0	0	0	0	-1	5
851	0	0	0	0	-1	5
852	0	0	0	0	-1	6
853	0	0	0	0	-1	6
854	884	885	3	0.16	-3	5.42857142857143
855	0	0	0	0	-1	6
856	0	0	0	0	-1	6
857	886	887	6	23.5	-3	5
858	0	0	0	0	-1	5
859	0	0	0	0	-1	5
860	0	0	0	0	-1	5
861	0	0	0	0	-1	5
862	888	889	9	3.335	-3	6
863	0	0	0	0	-1	6
864	0	0	0	0	-1	5
865	0	0	0	0	-1	5
866	0	0	0	0	-1	5
867	0	0	0	0	-1	5
868	0	0	0	0	-1	6
869	890	891	4	2	-3	5
870	0	0	0	0	-1	5
871	0	0	0	0	-1	5
872	892	893	11	0	-3	6
873	0	0	0	0	-1	6
874	0	0	0	0	-1	5
875	894	895	11	10.05	-3	5.96296296296296
876	0	0	0	0	-1	5
877	0	0	0	0	-1	5
878	0	0	0	0	-1	6
879	0	0	0	0	-1	6
880	0	0	0	0	-1	7
881	0	0	0	0	-1	7
882	0	0	0	0	-1	5
883	896	897	8	0	-3	5
884	0	0	0	0	-1	5.75
885	0	0	0	0	-1	5
886	0	0	0	0	-1	5
887	898	899	1	0	-3	5
888	900	901	11	10.65	-3	6
889	902	903	3	0.135	-3	6
890	0	0	0	0	-1	5
891	904	905	3	0	-3	5
892	0	0	0	0	-1	5
893	0	0	0	0	-1	6
894	906	907	6	0.345	-3	6
895	908	909	3	0.195	-3	5.83333333333333
896	0	0	0	0	-1	6
897	910	911	11	9.35	-3	5
898	0	0	0	0	-1	5
899	912	913	1	7.7	-3	5
900	0	0	0	0	-1	6
901	914	915	8	0	-3	6
902	0	0	0	0	-1	6
903	916	917	6	9	-3	6
904	0	0	0	0	-1	5
905	918	919	11	9.45	-3	5
906	0	0	0	0	-1	7
907	0	0	0	0	-1	6
908	0	0	0	0	-1	5
909	0	0	0	0	-1	6
910	0	0	0	0	-1	5
911	0	0	0	0	-1	5
912	0	0	0	0	-1	5
913	0	0	0	0	-1	5
914	0	0	0	0	-1	5
915	920	921	10	0.67	-3	6
916	0	0	0	0	-1	6
917	0	0	0	0	-1	6
918	922	923	10	0	-3	5
919	0	0	0	0	-1	5
920	0	0	0	0	-1	6
921	0	0	0	0	-1	6
922	0	0	0	0	-1	7
923	0	0	0	0	-1	5
