1	2	3	3	0.295	-3	5.66103814884303
2	4	5	11	11.55	-3	5.44804469273743
3	6	7	5	0.0785	-3	5.93181818181818
4	8	9	10	0.575	-3	5.36704119850187
5	10	11	7	75	-3	6.13829787234043
6	12	13	10	0.645	-3	6.16190476190476
7	14	15	4	3.55	-3	5.74550128534704
8	16	17	6	8.5	-3	5.12430939226519
9	18	19	9	3.585	-3	5.56719817767654
10	20	21	4	2.55	-3	5.96103896103896
11	22	23	8	0.99295	-3	6.94117647058824
12	24	25	3	0.67	-3	5.66037735849057
13	26	27	1	7.15	-3	6.41626794258373
14	28	29	11	10.55	-3	5.67484662576687
15	30	31	7	68	-3	6.11111111111111
16	32	33	7	14.5	-3	4.96774193548387
17	34	35	2	1.0125	-3	5.17843866171004
18	36	37	9	3.295	-3	5.60880195599022
19	38	39	7	18	-3	5
20	40	41	4	2.25	-3	6.12068965517241
21	42	43	7	23	-3	5.47368421052632
22	44	45	1	5.45	-3	7.14285714285714
23	0	0	0	0	-1	6
24	46	47	5	0.0695	-3	5.6078431372549
25	0	0	0	0	-1	7
26	48	49	6	25	-3	5.875
27	50	51	7	82	-3	6.48648648648648
28	52	53	7	59.5	-3	5.45205479452055
29	54	55	8	0.994635	-3	6.13084112149533
30	56	57	1	14.75	-3	6.33333333333333
31	58	59	4	14.6	-3	5.16666666666667
32	60	61	9	3.595	-3	4.73684210526316
33	62	63	1	8.3	-3	5.12727272727273
34	64	65	4	1.3	-3	5.20384615384615
35	66	67	3	0.115	-3	4.44444444444444
36	68	69	1	9.95	-3	5.3671875
37	70	71	11	10.525	-3	5.71886120996441
38	72	73	2	0.56	-3	4.28571428571429
39	74	75	10	0.86	-3	5.21739130434783
40	76	77	10	0.525	-3	6.02272727272727
41	78	79	4	2.35	-3	6.42857142857143
42	80	81	10	0.54	-3	4.85714285714286
43	82	83	1	6.15	-3	5.83333333333333
44	84	85	5	0	-3	7
45	0	0	0	0	-1	7.66666666666667
46	86	87	6	3.5	-3	5.85454545454545
47	88	89	11	11.45	-3	5.31914893617021
48	90	91	11	11.4	-3	6.23529411764706
49	92	93	8	0	-3	5
50	94	95	9	3.13	-3	6.53072625698324
51	96	97	10	0.79	-3	5.16666666666667
52	98	99	9	3.085	-3	5.63636363636364
53	100	101	3	0.315	-3	5.22448979591837
54	102	103	9	3.295	-3	7
55	104	105	1	11.05	-3	6.03125
56	106	107	8	0.99935	-3	6.46666666666667
57	108	109	5	0.0975	-3	5.33333333333333
58	110	111	3	0.375	-3	5
59	0	0	0	0	-1	6
60	112	113	4	3.35	-3	4.78378378378378
61	0	0	0	0	-1	3
62	114	115	7	36	-3	4.93939393939394
63	116	117	11	9.65	-3	5.40909090909091
64	0	0	0	0	-1	7
65	118	119	7	18	-3	5.18992248062015
66	0	0	0	0	-1	4
67	0	0	0	0	-1	5
68	120	121	11	9.75	-3	5.33606557377049
69	122	123	5	0.078	-3	6
70	124	125	5	0.1335	-3	5.60355029585799
71	126	127	9	3.57	-3	5.89285714285714
72	0	0	0	0	-1	5
73	0	0	0	0	-1	4
74	128	129	6	44	-3	5.05263157894737
75	0	0	0	0	-1	6
76	130	131	6	11.5	-3	5.33333333333333
77	132	133	6	6	-3	6.13157894736842
78	0	0	0	0	-1	7
79	134	135	9	3.485	-3	6.2
80	0	0	0	0	-1	5
81	0	0	0	0	-1	4
82	0	0	0	0	-1	5
83	0	0	0	0	-1	6
84	0	0	0	0	-1	5
85	136	137	1	0.86	-3	7
86	0	0	0	0	-1	6.5
87	138	139	1	6.05	-3	5.80392156862745
88	140	141	2	0.3025	-3	5.16666666666667
89	0	0	0	0	-1	6.6
90	142	143	2	0.425	-3	6
91	0	0	0	0	-1	7
92	0	0	0	0	-1	4
93	144	145	1	0	-3	5
94	146	147	8	0.99576	-3	6.08333333333333
95	148	149	11	10.75	-3	6.6
96	0	0	0	0	-1	6
97	0	0	0	0	-1	5
98	150	151	8	0.997625	-3	6.05263157894737
99	152	153	7	23.5	-3	5.55882352941176
100	154	155	11	9.45	-3	5.55
101	156	157	9	3.295	-3	5.14102564102564
102	158	159	6	24	-3	7.22222222222222
103	0	0	0	0	-1	6
104	160	161	2	0.285	-3	5.95180722891566
105	162	163	4	2.625	-3	6.53846153846154
106	164	165	5	0.085	-3	6.625
107	166	167	11	10.05	-3	6.07692307692308
108	0	0	0	0	-1	5
109	0	0	0	0	-1	7
110	0	0	0	0	-1	5
111	168	169	5	0.1635	-3	5
112	170	171	1	8.65	-3	4.87878787878788
113	0	0	0	0	-1	4
114	172	173	4	4.95	-3	4.90625
115	0	0	0	0	-1	6
116	174	175	8	0.99739	-3	5
117	176	177	5	0.0715	-3	5.9
118	0	0	0	0	-1	6.4
119	178	179	8	0.99492	-3	5.16600790513834
120	180	181	4	1.55	-3	5.07352941176471
121	182	183	8	0.99727	-3	5.66666666666667
122	0	0	0	0	-1	6
123	0	0	0	0	-1	6
124	184	185	1	6.75	-3	5.5625
125	186	187	1	7.35	-3	6.33333333333333
126	188	189	2	0.9175	-3	5.86238532110092
127	0	0	0	0	-1	7
128	190	191	5	0.0895	-3	4.94117647058824
129	0	0	0	0	-1	6
130	0	0	0	0	-1	6
131	0	0	0	0	-1	5
132	192	193	7	19	-3	6.375
133	194	195	7	49.5	-3	6.06666666666667
134	0	0	0	0	-1	6.75
135	196	197	10	0.58	-3	5.83333333333333
136	0	0	0	0	-1	6
137	198	199	3	0.095	-3	7
138	0	0	0	0	-1	4.66666666666667
139	200	201	4	3.45	-3	5.875
140	202	203	10	0.6	-3	5.66666666666667
141	204	205	5	0.0705	-3	5.08333333333333
142	206	207	1	0.0715	-3	6
143	0	0	0	0	-1	6
144	0	0	0	0	-1	6
145	0	0	0	0	-1	5
146	0	0	0	0	-1	7
147	208	209	6	6.5	-3	5.95238095238095
148	210	211	4	1.55	-3	6.09375
149	212	213	9	3.275	-3	6.73170731707317
150	214	215	8	0.997195	-3	6.33333333333333
151	216	217	10	0.99	-3	5.92307692307692
152	218	219	7	14.5	-3	5.23684210526316
153	220	221	10	0.585	-3	5.75
154	0	0	0	0	-1	5
155	222	223	4	2.25	-3	5.73333333333333
156	224	225	5	0.5385	-3	5.046875
157	226	227	11	10.3	-3	5.57142857142857
158	228	229	6	5.5	-3	7
159	0	0	0	0	-1	8
160	230	231	6	10.5	-3	5.33333333333333
161	232	233	10	0.745	-3	6.02702702702703
162	234	235	2	0.31	-3	6
163	236	237	8	0.9999	-3	7
164	238	239	7	11	-3	6
165	240	241	4	5.9	-3	6.8695652173913
166	0	0	0	0	-1	7
167	242	243	10	0.775	-3	6
168	244	245	1	0	-3	5
169	0	0	0	0	-1	5
170	246	247	3	0.01	-3	4.93548387096774
171	0	0	0	0	-1	4
172	248	249	1	8.15	-3	4.87096774193548
173	0	0	0	0	-1	6
174	0	0	0	0	-1	5
175	0	0	0	0	-1	5
176	0	0	0	0	-1	5
177	250	251	3	0.2	-3	6
178	252	253	3	0.04	-3	5.78571428571429
179	254	255	10	0.525	-3	5.12970711297071
180	0	0	0	0	-1	4
181	256	257	6	7.5	-3	5.12307692307692
182	258	259	4	2.25	-3	5.55263157894737
183	260	261	8	0.9986	-3	5.9375
184	262	263	2	0.73	-3	5.24
185	264	265	9	3.515	-3	5.62222222222222
186	0	0	0	0	-1	6
187	0	0	0	0	-1	6.6
188	266	267	5	0.098	-3	5.89719626168224
189	0	0	0	0	-1	4
190	268	269	1	6.65	-3	5
191	0	0	0	0	-1	4
192	0	0	0	0	-1	6
193	0	0	0	0	-1	7
194	270	271	1	5.1	-3	6
195	0	0	0	0	-1	6.4
196	0	0	0	0	-1	5
197	0	0	0	0	-1	6
198	0	0	0	0	-1	7
199	0	0	0	0	-1	7
200	272	273	7	13.5	-3	5.85106382978723
201	0	0	0	0	-1	7
202	0	0	0	0	-1	6
203	0	0	0	0	-1	5
204	0	0	0	0	-1	4.8
205	274	275	3	0.505	-3	5.12903225806452
206	0	0	0	0	-1	5
207	276	277	2	0.285	-3	6
208	278	279	11	10.55	-3	5.57142857142857
209	280	281	2	0.255	-3	6.14285714285714
210	0	0	0	0	-1	6.6
211	282	283	6	43	-3	6
212	284	285	10	0.725	-3	6.9375
213	286	287	2	0.5	-3	6.6
214	0	0	0	0	-1	6
215	0	0	0	0	-1	7
216	288	289	6	10.5	-3	6
217	0	0	0	0	-1	5.66666666666667
218	290	291	3	0.48	-3	5.7
219	292	293	4	2.55	-3	5.07142857142857
220	294	295	3	0.455	-3	5.3125
221	296	297	9	3.44	-3	5.89583333333333
222	298	299	2	0.555	-3	6
223	0	0	0	0	-1	5.2
224	300	301	4	3.1	-3	5.06349206349206
225	0	0	0	0	-1	4
226	302	303	6	17	-3	5.46153846153846
227	0	0	0	0	-1	7
228	0	0	0	0	-1	7
229	0	0	0	0	-1	7
230	304	305	1	9.6	-3	5
231	0	0	0	0	-1	6
232	306	307	3	0.365	-3	5.875
233	308	309	2	0.3425	-3	6.30769230769231
234	0	0	0	0	-1	7
235	0	0	0	0	-1	5.8
236	0	0	0	0	-1	7
237	0	0	0	0	-1	7
238	0	0	0	0	-1	5
239	310	311	8	0.99568	-3	6.125
240	312	313	5	0.0865	-3	7
241	0	0	0	0	-1	6
242	314	315	5	0.105	-3	6
243	0	0	0	0	-1	6
244	0	0	0	0	-1	5
245	0	0	0	0	-1	5
246	316	317	6	3.5	-3	4.8
247	318	319	9	3.165	-3	5.0625
248	320	321	9	3.49	-3	4.93103448275862
249	0	0	0	0	-1	4
250	0	0	0	0	-1	6
251	0	0	0	0	-1	6
252	0	0	0	0	-1	5.33333333333333
253	322	323	10	0.465	-3	5.90909090909091
254	324	325	11	11.05	-3	5.03174603174603
255	326	327	8	0.99883	-3	5.23893805309735
256	328	329	8	0.9979	-3	5.72727272727273
257	330	331	5	0.0765	-3	5
258	332	333	6	23.5	-3	5.66666666666667
259	334	335	5	0.097	-3	5.27272727272727
260	336	337	8	0.99755	-3	6
261	0	0	0	0	-1	5
262	338	339	11	10.1	-3	5.33333333333333
263	0	0	0	0	-1	3
264	340	341	6	5.5	-3	5.5655737704918
265	342	343	3	0.02	-3	6.15384615384615
266	344	345	5	0.0895	-3	5.97849462365591
267	346	347	7	32	-3	5.35714285714286
268	0	0	0	0	-1	5
269	0	0	0	0	-1	5
270	0	0	0	0	-1	6
271	0	0	0	0	-1	6
272	348	349	2	0.425	-3	5.42857142857143
273	350	351	11	11.65	-3	5.925
274	352	353	6	9	-3	5.03703703703704
275	0	0	0	0	-1	5.75
276	354	355	2	0.19	-3	6
277	0	0	0	0	-1	6
278	0	0	0	0	-1	5.8
279	0	0	0	0	-1	5
280	0	0	0	0	-1	7
281	356	357	4	1.7	-3	6.07692307692308
282	358	359	7	57	-3	5.92
283	0	0	0	0	-1	7
284	360	361	9	3.175	-3	7.5
285	362	363	10	0.745	-3	6.825
286	364	365	6	18.5	-3	6.64285714285714
287	0	0	0	0	-1	6
288	0	0	0	0	-1	6
289	0	0	0	0	-1	6
290	366	367	1	10.25	-3	6
291	0	0	0	0	-1	5.25
292	368	369	11	8.8	-3	5
293	0	0	0	0	-1	6
294	370	371	8	0.996125	-3	5.71428571428571
295	372	373	2	0.445	-3	5
296	374	375	2	0.54	-3	5.95555555555556
297	0	0	0	0	-1	5
298	376	377	10	0.915	-3	6
299	0	0	0	0	-1	6
300	378	379	10	1.46	-3	5.04918032786885
301	0	0	0	0	-1	5.5
302	0	0	0	0	-1	5
303	380	381	10	0.605	-3	5.6
304	0	0	0	0	-1	5
305	0	0	0	0	-1	5
306	382	383	5	0.0855	-3	5.5625
307	384	385	8	0.9987	-3	6.03125
308	386	387	4	2	-3	6.7
309	388	389	1	7.4	-3	6.0625
310	0	0	0	0	-1	7
311	390	391	5	0.081	-3	6
312	0	0	0	0	-1	8
313	392	393	3	0.67	-3	6.88888888888889
314	0	0	0	0	-1	6
315	0	0	0	0	-1	6
316	394	395	10	0	-3	5
317	396	397	4	2.1	-3	4.5
318	0	0	0	0	-1	6
319	398	399	11	9.45	-3	5
320	400	401	11	9.1	-3	4.96428571428571
321	0	0	0	0	-1	4
322	0	0	0	0	-1	5
323	402	403	3	0.07	-3	6
324	404	405	4	4.75	-3	5.05691056910569
325	0	0	0	0	-1	4
326	406	407	2	0.345	-3	5.20388349514563
327	408	409	3	0.26	-3	5.6
328	410	411	4	1.8	-3	5.88888888888889
329	0	0	0	0	-1	5
330	412	413	10	0.585	-3	5.125
331	414	415	3	0.195	-3	4.97826086956522
332	416	417	8	0.996995	-3	5.75
333	0	0	0	0	-1	5
334	418	419	3	0.21	-3	5.11111111111111
335	0	0	0	0	-1	6
336	0	0	0	0	-1	6
337	420	421	5	0.0875	-3	6
338	422	423	5	0.0675	-3	5.5
339	424	425	1	5.65	-3	5.1
340	426	427	11	9.575	-3	5.90909090909091
341	428	429	2	0.655	-3	5.53153153153153
342	0	0	0	0	-1	5
343	430	431	8	0.997025	-3	6.25
344	432	433	2	0.635	-3	5.88607594936709
345	434	435	1	7.2	-3	6.5
346	436	437	3	0.045	-3	4.57142857142857
347	438	439	11	11.25	-3	6.14285714285714
348	0	0	0	0	-1	5
349	0	0	0	0	-1	6
350	440	441	5	0.0585	-3	5.83333333333333
351	442	443	8	0.99354	-3	6
352	444	445	9	3.265	-3	5.09090909090909
353	446	447	8	0.9979	-3	5
354	0	0	0	0	-1	6
355	0	0	0	0	-1	6
356	0	0	0	0	-1	7
357	448	449	3	0.525	-3	6
358	450	451	1	7.6	-3	6.04545454545455
359	0	0	0	0	-1	5
360	0	0	0	0	-1	8
361	452	453	10	0.67	-3	7.33333333333333
362	454	455	11	11.35	-3	6.57142857142857
363	456	457	7	20.5	-3	6.87878787878788
364	458	459	11	11.25	-3	6.74509803921569
365	460	461	10	0.845	-3	6.36842105263158
366	0	0	0	0	-1	6
367	0	0	0	0	-1	6
368	0	0	0	0	-1	3
369	462	463	11	9.25	-3	5.08
370	0	0	0	0	-1	5
371	0	0	0	0	-1	6
372	464	465	1	0	-3	5
373	0	0	0	0	-1	5
374	466	467	6	28.5	-3	6.05405405405405
375	468	469	9	3.14	-3	5.5
376	0	0	0	0	-1	6
377	0	0	0	0	-1	6
378	470	471	9	3.265	-3	5.03333333333333
379	0	0	0	0	-1	6
380	0	0	0	0	-1	5
381	472	473	4	2.75	-3	5.85714285714286
382	0	0	0	0	-1	6.25
383	474	475	8	0.99919	-3	5.33333333333333
384	476	477	11	10.75	-3	6
385	0	0	0	0	-1	7
386	0	0	0	0	-1	6
387	478	479	2	0.315	-3	7
388	0	0	0	0	-1	5
389	480	481	6	28.5	-3	6.21428571428571
390	0	0	0	0	-1	6
391	0	0	0	0	-1	6
392	482	483	5	0.1265	-3	6.9375
393	0	0	0	0	-1	6.5
394	0	0	0	0	-1	5
395	484	485	2	0	-3	5
396	0	0	0	0	-1	4
397	0	0	0	0	-1	5
398	0	0	0	0	-1	5
399	486	487	2	0	-3	5
400	0	0	0	0	-1	4.66666666666667
401	488	489	3	0.105	-3	5
402	0	0	0	0	-1	6
403	490	491	6	16	-3	6
404	492	493	7	68.5	-3	5.04132231404959
405	0	0	0	0	-1	6
406	0	0	0	0	-1	5.6
407	494	495	11	10.35	-3	5.18367346938776
408	496	497	1	9.15	-3	5.75
409	0	0	0	0	-1	5
410	0	0	0	0	-1	5
411	498	499	10	0.615	-3	6
412	0	0	0	0	-1	6
413	500	501	10	0	-3	5
414	502	503	6	13	-3	4.93333333333333
415	504	505	1	8	-3	5
416	506	507	10	0.67	-3	5.89473684210526
417	0	0	0	0	-1	5.2
418	0	0	0	0	-1	5.33333333333333
419	0	0	0	0	-1	5
420	508	509	1	0	-3	6
421	0	0	0	0	-1	6
422	0	0	0	0	-1	5
423	510	511	2	0.625	-3	5.7
424	0	0	0	0	-1	6
425	512	513	5	0	-3	5
426	0	0	0	0	-1	5.33333333333333
427	514	515	1	7.5	-3	6.125
428	516	517	3	0.005	-3	5.63414634146341
429	518	519	2	0.9025	-3	5.24137931034483
430	0	0	0	0	-1	7
431	520	521	11	9.65	-3	6
432	522	523	10	0.95	-3	6
433	524	525	2	0.655	-3	5.71875
434	526	527	9	0	-3	6
435	528	529	2	0.535	-3	7
436	0	0	0	0	-1	5
437	0	0	0	0	-1	4
438	0	0	0	0	-1	5
439	530	531	3	0.065	-3	6.33333333333333
440	0	0	0	0	-1	5
441	532	533	3	0.465	-3	5.88235294117647
442	534	535	5	0.067	-3	6
443	536	537	5	0.0615	-3	6
444	538	539	5	0.0745	-3	5
445	0	0	0	0	-1	6
446	540	541	7	1.95	-3	5
447	542	543	1	0	-3	5
448	0	0	0	0	-1	6
449	544	545	6	0	-3	6
450	0	0	0	0	-1	7
451	546	547	8	0.9998	-3	5.95
452	0	0	0	0	-1	6
453	0	0	0	0	-1	7.6
454	0	0	0	0	-1	7
455	0	0	0	0	-1	6
456	0	0	0	0	-1	6.6
457	548	549	8	0.99588	-3	6.92857142857143
458	550	551	3	0.31	-3	6.25
459	552	553	5	0.0765	-3	6.8974358974359
460	554	555	6	21.5	-3	6.09090909090909
461	556	557	9	3.37	-3	6.75
462	0	0	0	0	-1	5.33333333333333
463	558	559	9	3.19	-3	5.04545454545455
464	0	0	0	0	-1	5
465	560	561	10	0.555	-3	5
466	562	563	5	0.097	-3	6.11764705882353
467	0	0	0	0	-1	5.33333333333333
468	0	0	0	0	-1	6
469	0	0	0	0	-1	5.2
470	564	565	7	89.5	-3	5
471	566	567	8	0.9987	-3	5.16666666666667
472	568	569	10	0.615	-3	6
473	0	0	0	0	-1	5
474	570	571	8	0.99721	-3	5.2
475	0	0	0	0	-1	6
476	0	0	0	0	-1	5.66666666666667
477	572	573	9	3.16	-3	6.03571428571429
478	0	0	0	0	-1	7
479	0	0	0	0	-1	7
480	574	575	10	0.755	-3	6.08333333333333
481	0	0	0	0	-1	7
482	576	577	6	0	-3	7
483	0	0	0	0	-1	6
484	0	0	0	0	-1	6
485	578	579	11	0	-3	5
486	0	0	0	0	-1	5
487	580	581	11	12.5	-3	5
488	582	583	2	0	-3	5
489	584	585	7	30	-3	5
490	0	0	0	0	-1	6
491	586	587	11	11.35	-3	6
492	588	589	2	0.43	-3	4.975
493	590	591	7	71	-3	5.17073170731707
494	592	593	1	7.15	-3	5.14444444444445
495	594	595	9	3.525	-3	5.625
496	0	0	0	0	-1	5.33333333333333
497	0	0	0	0	-1	6
498	596	597	4	0.085	-3	6
499	0	0	0	0	-1	6
500	0	0	0	0	-1	6
501	0	0	0	0	-1	5
502	0	0	0	0	-1	4.8
503	598	599	9	3.225	-3	5
504	600	601	11	3.165	-3	5
505	602	603	11	9.65	-3	5
506	604	605	9	3.18	-3	5.75
507	606	607	9	3.015	-3	6
508	0	0	0	0	-1	5
509	608	609	2	0.555	-3	6
510	610	611	9	0	-3	6
511	0	0	0	0	-1	5
512	0	0	0	0	-1	5
513	612	613	4	2.95	-3	5
514	614	615	6	0	-3	6
515	0	0	0	0	-1	7
516	0	0	0	0	-1	6
517	616	617	6	16.5	-3	5.56521739130435
518	618	619	1	7.35	-3	5.28571428571429
519	0	0	0	0	-1	4
520	620	621	8	0	-3	6
521	0	0	0	0	-1	6
522	622	623	4	5.4	-3	6.02173913043478
523	0	0	0	0	-1	5
524	624	625	8	0.99579	-3	5
525	626	627	10	0.59	-3	5.88461538461539
526	0	0	0	0	-1	5
527	628	629	7	37	-3	6
528	0	0	0	0	-1	7
529	0	0	0	0	-1	7
530	0	0	0	0	-1	6
531	0	0	0	0	-1	7
532	630	631	3	0.39	-3	5.71428571428571
533	632	633	6	6.5	-3	6
534	634	635	8	0.99207	-3	6
535	0	0	0	0	-1	6
536	0	0	0	0	-1	6
537	636	637	2	0.29	-3	6
538	0	0	0	0	-1	5
539	638	639	11	0	-3	5
540	0	0	0	0	-1	6
541	640	641	10	0.615	-3	5
542	0	0	0	0	-1	6
543	642	643	11	0	-3	5
544	0	0	0	0	-1	6
545	644	645	11	12.05	-3	6
546	646	647	1	10.9	-3	6
547	0	0	0	0	-1	5
548	648	649	6	0	-3	7
549	650	651	3	0.345	-3	6.85714285714286
550	0	0	0	0	-1	7
551	652	653	7	38	-3	6.1
552	654	655	2	0.455	-3	6.86111111111111
553	0	0	0	0	-1	7.33333333333333
554	0	0	0	0	-1	6.33333333333333
555	0	0	0	0	-1	6
556	0	0	0	0	-1	6
557	656	657	5	0.41	-3	7
558	658	659	1	8.85	-3	5.14285714285714
559	660	661	10	0.54	-3	5
560	0	0	0	0	-1	5
561	0	0	0	0	-1	5
562	662	663	11	9.95	-3	6.19230769230769
563	664	665	11	9.9	-3	5.875
564	666	667	4	2.55	-3	5
565	668	669	6	36	-3	5
566	670	671	8	0.99723	-3	5.09090909090909
567	0	0	0	0	-1	6
568	0	0	0	0	-1	6
569	0	0	0	0	-1	6
570	0	0	0	0	-1	5.4
571	0	0	0	0	-1	5
572	0	0	0	0	-1	6.33333333333333
573	672	673	7	11.5	-3	6
574	0	0	0	0	-1	7
575	0	0	0	0	-1	6
576	0	0	0	0	-1	5
577	0	0	0	0	-1	7
578	0	0	0	0	-1	6
579	674	675	8	0.9972	-3	5
580	676	677	11	9.65	-3	5
581	0	0	0	0	-1	5
582	0	0	0	0	-1	6
583	678	679	9	0	-3	5
584	680	681	5	20	-3	5
585	0	0	0	0	-1	5
586	0	0	0	0	-1	6
587	0	0	0	0	-1	6
588	682	683	11	9.65	-3	5.28571428571429
589	684	685	5	0.0635	-3	4.94520547945206
590	0	0	0	0	-1	6
591	686	687	7	88.5	-3	5.12820512820513
592	688	689	9	3.54	-3	5.375
593	690	691	9	3.355	-3	5.0945945945946
594	0	0	0	0	-1	6
595	0	0	0	0	-1	5
596	0	0	0	0	-1	6
597	0	0	0	0	-1	6
598	692	693	4	0	-3	5
599	0	0	0	0	-1	5
600	0	0	0	0	-1	5
601	694	695	2	0.515	-3	5
602	0	0	0	0	-1	5
603	0	0	0	0	-1	5
604	0	0	0	0	-1	5
605	696	697	11	10.3	-3	6
606	0	0	0	0	-1	6
607	698	699	5	0.118	-3	6
608	0	0	0	0	-1	6
609	0	0	0	0	-1	6
610	0	0	0	0	-1	7
611	700	701	8	0.996665	-3	6
612	0	0	0	0	-1	5
613	0	0	0	0	-1	5
614	0	0	0	0	-1	6
615	702	703	5	0.106	-3	6
616	704	705	5	0.0815	-3	5.75862068965517
617	706	707	1	6.85	-3	5.425
618	708	709	7	39.5	-3	5.07692307692308
619	710	711	11	9.7	-3	5.46666666666667
620	0	0	0	0	-1	6
621	0	0	0	0	-1	6
622	712	713	7	73.5	-3	5.97727272727273
623	0	0	0	0	-1	7
624	0	0	0	0	-1	5
625	0	0	0	0	-1	5
626	0	0	0	0	-1	5.5
627	714	715	1	7.7	-3	5.91666666666667
628	0	0	0	0	-1	6
629	0	0	0	0	-1	6
630	0	0	0	0	-1	6
631	0	0	0	0	-1	5
632	716	717	10	0.595	-3	6
633	0	0	0	0	-1	6
634	0	0	0	0	-1	6
635	0	0	0	0	-1	6
636	0	0	0	0	-1	6
637	718	719	9	3.385	-3	6
638	0	0	0	0	-1	5
639	720	721	2	0.525	-3	5
640	722	723	2	0	-3	5
641	0	0	0	0	-1	5
642	0	0	0	0	-1	6
643	0	0	0	0	-1	5
644	0	0	0	0	-1	6
645	0	0	0	0	-1	6
646	724	725	7	32	-3	5.88235294117647
647	0	0	0	0	-1	7
648	0	0	0	0	-1	6
649	0	0	0	0	-1	7
650	0	0	0	0	-1	6
651	726	727	10	1.035	-3	7
652	728	729	3	0.41	-3	5.875
653	0	0	0	0	-1	7
654	730	731	7	38.5	-3	6.88571428571429
655	0	0	0	0	-1	6
656	0	0	0	0	-1	7
657	0	0	0	0	-1	7
658	0	0	0	0	-1	6
659	0	0	0	0	-1	5
660	0	0	0	0	-1	5
661	0	0	0	0	-1	5
662	732	733	5	0.091	-3	6.05
663	734	735	2	0.3	-3	6.66666666666667
664	736	737	8	0.996915	-3	6
665	0	0	0	0	-1	5
666	738	739	2	0	-3	5
667	740	741	3	0	-3	5
668	742	743	1	0	-3	5
669	0	0	0	0	-1	5
670	0	0	0	0	-1	5.33333333333333
671	744	745	4	2.7	-3	5
672	0	0	0	0	-1	6
673	746	747	10	0.65	-3	6
674	0	0	0	0	-1	5
675	0	0	0	0	-1	5
676	748	749	8	0.062	-3	5
677	0	0	0	0	-1	5
678	0	0	0	0	-1	6
679	0	0	0	0	-1	5
680	750	751	5	17	-3	5
681	0	0	0	0	-1	5
682	752	753	5	0.079	-3	5.16666666666667
683	0	0	0	0	-1	6
684	0	0	0	0	-1	5.33333333333333
685	754	755	10	0.485	-3	4.92857142857143
686	756	757	2	0.44	-3	5
687	758	759	7	91.5	-3	5.20833333333333
688	760	761	2	0.375	-3	5.09090909090909
689	0	0	0	0	-1	6
690	762	763	9	3.305	-3	5.16
691	764	765	2	0.42	-3	4.95833333333333
692	0	0	0	0	-1	6
693	766	767	1	0.185	-3	5
694	0	0	0	0	-1	5
695	768	769	3	0	-3	5
696	0	0	0	0	-1	6
697	0	0	0	0	-1	6
698	0	0	0	0	-1	6
699	0	0	0	0	-1	6
700	0	0	0	0	-1	6
701	0	0	0	0	-1	6
702	0	0	0	0	-1	6
703	0	0	0	0	-1	6
704	770	771	9	3.475	-3	5.90909090909091
705	772	773	8	0.99601	-3	5.28571428571429
706	0	0	0	0	-1	6
707	774	775	5	0.0765	-3	5.34285714285714
708	0	0	0	0	-1	5
709	0	0	0	0	-1	5.25
710	0	0	0	0	-1	5
711	776	777	4	2.45	-3	5.7
712	778	779	11	10.575	-3	6
713	0	0	0	0	-1	5
714	0	0	0	0	-1	6
715	780	781	6	19	-3	5.71428571428571
716	0	0	0	0	-1	6
717	0	0	0	0	-1	6
718	0	0	0	0	-1	6
719	0	0	0	0	-1	6
720	0	0	0	0	-1	5
721	0	0	0	0	-1	5
722	0	0	0	0	-1	5
723	782	783	3	0.585	-3	5
724	784	785	10	0.66	-3	5.75
725	786	787	5	0.072	-3	6
726	788	789	11	11.1	-3	7
727	0	0	0	0	-1	7
728	0	0	0	0	-1	5.5
729	790	791	8	0.99562	-3	6
730	792	793	10	0.71	-3	6.96666666666667
731	0	0	0	0	-1	6.4
732	794	795	7	34	-3	6
733	0	0	0	0	-1	7
734	0	0	0	0	-1	6
735	0	0	0	0	-1	7
736	0	0	0	0	-1	6
737	0	0	0	0	-1	6
738	0	0	0	0	-1	7
739	0	0	0	0	-1	5
740	0	0	0	0	-1	5
741	796	797	11	9.65	-3	5
742	0	0	0	0	-1	5
743	798	799	7	123.5	-3	5
744	0	0	0	0	-1	5
745	0	0	0	0	-1	5
746	0	0	0	0	-1	6
747	800	801	9	3.295	-3	6
748	0	0	0	0	-1	7
749	802	803	10	0.505	-3	5
750	804	805	8	0.99593	-3	5
751	0	0	0	0	-1	5
752	0	0	0	0	-1	6
753	0	0	0	0	-1	5
754	806	807	11	9.125	-3	4.82857142857143
755	808	809	6	16.5	-3	5.02857142857143
756	0	0	0	0	-1	5
757	810	811	4	0	-3	5
758	0	0	0	0	-1	6
759	812	813	9	3.085	-3	5.09523809523809
760	0	0	0	0	-1	6
761	814	815	9	3.19	-3	5
762	816	817	9	3.235	-3	5.0952380952381
763	818	819	8	0.99639	-3	5.5
764	0	0	0	0	-1	4
765	0	0	0	0	-1	5
766	0	0	0	0	-1	5
767	0	0	0	0	-1	5
768	0	0	0	0	-1	7
769	820	821	9	3.18	-3	5
770	822	823	7	33	-3	5.95238095238095
771	0	0	0	0	-1	5
772	0	0	0	0	-1	6
773	824	825	2	0.61	-3	5.16666666666667
774	826	827	1	7.65	-3	5.1
775	828	829	10	0.685	-3	5.44
776	830	831	1	7.45	-3	6
777	0	0	0	0	-1	5.25
778	0	0	0	0	-1	7
779	832	833	4	1.75	-3	5.97619047619048
780	0	0	0	0	-1	6
781	0	0	0	0	-1	5
782	0	0	0	0	-1	5
783	0	0	0	0	-1	5
784	0	0	0	0	-1	5
785	834	835	11	10.55	-3	5.85714285714286
786	0	0	0	0	-1	6
787	0	0	0	0	-1	6
788	0	0	0	0	-1	7
789	0	0	0	0	-1	7
790	0	0	0	0	-1	6
791	0	0	0	0	-1	6
792	836	837	3	0.425	-3	6.85714285714286
793	838	839	10	11.4	-3	7
794	840	841	7	0	-3	6
795	842	843	8	0.9973	-3	6
796	0	0	0	0	-1	5
797	0	0	0	0	-1	5
798	844	845	2	2.05	-3	5
799	0	0	0	0	-1	5
800	846	847	5	0.1165	-3	6
801	848	849	11	10.85	-3	6
802	0	0	0	0	-1	5
803	0	0	0	0	-1	5
804	0	0	0	0	-1	5
805	850	851	11	0	-3	5
806	0	0	0	0	-1	4
807	852	853	2	0.815	-3	4.90625
808	854	855	7	24	-3	5
809	0	0	0	0	-1	5.25
810	0	0	0	0	-1	6
811	856	857	6	16	-3	5
812	0	0	0	0	-1	6
813	858	859	3	0.1	-3	5
814	0	0	0	0	-1	5
815	0	0	0	0	-1	5
816	860	861	2	0.555	-3	5
817	862	863	10	0.555	-3	5.21052631578947
818	0	0	0	0	-1	5
819	0	0	0	0	-1	6
820	0	0	0	0	-1	5
821	864	865	5	0	-3	5
822	866	867	1	7.45	-3	5.9
823	868	869	1	0	-3	6
824	0	0	0	0	-1	5
825	0	0	0	0	-1	5.5
826	870	871	8	0.997315	-3	5
827	0	0	0	0	-1	5.5
828	872	873	11	9.45	-3	5.66666666666667
829	874	875	2	0.48	-3	5.1
830	0	0	0	0	-1	6
831	0	0	0	0	-1	6
832	0	0	0	0	-1	5.8
833	876	877	10	0	-3	6
834	0	0	0	0	-1	6
835	0	0	0	0	-1	5.5
836	878	879	7	0	-3	7
837	0	0	0	0	-1	6
838	880	881	4	0	-3	7
839	0	0	0	0	-1	7
840	0	0	0	0	-1	5
841	0	0	0	0	-1	6
842	0	0	0	0	-1	6
843	0	0	0	0	-1	6
844	882	883	10	1.045	-3	5
845	0	0	0	0	-1	5
846	0	0	0	0	-1	6
847	0	0	0	0	-1	6
848	0	0	0	0	-1	6
849	884	885	1	0	-3	6
850	0	0	0	0	-1	5
851	886	887	1	7.3	-3	5
852	888	889	5	0.0885	-3	4.96428571428571
853	0	0	0	0	-1	4.5
854	0	0	0	0	-1	5
855	890	891	2	0.475	-3	5
856	0	0	0	0	-1	5
857	0	0	0	0	-1	5
858	0	0	0	0	-1	5
859	892	893	2	0.635	-3	5
860	894	895	7	0	-3	5
861	896	897	3	0	-3	5
862	898	899	6	15	-3	5.11764705882353
863	0	0	0	0	-1	6
864	0	0	0	0	-1	5
865	900	901	10	0.585	-3	5
866	0	0	0	0	-1	6
867	0	0	0	0	-1	5
868	0	0	0	0	-1	6
869	902	903	7	62	-3	6
870	904	905	8	0	-3	5
871	0	0	0	0	-1	5
872	0	0	0	0	-1	5
873	906	907	10	0.635	-3	5.83333333333333
874	0	0	0	0	-1	6
875	908	909	1	0	-3	5
876	0	0	0	0	-1	5
877	0	0	0	0	-1	6
878	0	0	0	0	-1	5
879	0	0	0	0	-1	7
880	0	0	0	0	-1	6
881	0	0	0	0	-1	7
882	910	911	5	0	-3	5
883	0	0	0	0	-1	5
884	0	0	0	0	-1	5
885	0	0	0	0	-1	6
886	0	0	0	0	-1	5
887	912	913	9	0	-3	5
888	914	915	7	32	-3	5
889	0	0	0	0	-1	4.8
890	0	0	0	0	-1	5
891	916	917	7	49.5	-3	5
892	918	919	2	0.57	-3	5
893	920	921	11	0	-3	5
894	0	0	0	0	-1	7
895	922	923	5	0.0975	-3	5
896	0	0	0	0	-1	5
897	924	925	7	90	-3	5
898	926	927	5	0.0755	-3	5.33333333333333
899	928	929	9	3.295	-3	5
900	0	0	0	0	-1	5
901	0	0	0	0	-1	5
902	930	931	10	0	-3	6
903	0	0	0	0	-1	6
904	0	0	0	0	-1	6
905	932	933	4	1.9	-3	5
906	934	935	3	0.04	-3	6
907	0	0	0	0	-1	5.6
908	0	0	0	0	-1	6
909	936	937	7	74	-3	5
910	0	0	0	0	-1	7
911	938	939	11	9.25	-3	5
912	0	0	0	0	-1	6
913	940	941	4	0	-3	5
914	942	943	2	0.6225	-3	5
915	944	945	11	0	-3	5
916	946	947	10	0.495	-3	5
917	948	949	9	0	-3	5
918	0	0	0	0	-1	5
919	950	951	1	0	-3	5
920	0	0	0	0	-1	6
921	0	0	0	0	-1	5
922	0	0	0	0	-1	5
923	0	0	0	0	-1	5
924	952	953	7	0	-3	5
925	0	0	0	0	-1	5
926	0	0	0	0	-1	6
927	0	0	0	0	-1	5
928	954	955	9	0	-3	5
929	0	0	0	0	-1	5
930	0	0	0	0	-1	7
931	956	957	7	37	-3	6
932	0	0	0	0	-1	5
933	0	0	0	0	-1	5
934	0	0	0	0	-1	6
935	0	0	0	0	-1	6
936	0	0	0	0	-1	5
937	0	0	0	0	-1	5
938	0	0	0	0	-1	5
939	0	0	0	0	-1	5
940	0	0	0	0	-1	5
941	0	0	0	0	-1	5
942	0	0	0	0	-1	5
943	0	0	0	0	-1	5
944	0	0	0	0	-1	4
945	958	959	6	17	-3	5
946	0	0	0	0	-1	5
947	960	961	6	0.997225	-3	5
948	0	0	0	0	-1	5
949	962	963	10	0	-3	5
950	0	0	0	0	-1	5
951	964	965	9	3.15	-3	5
952	0	0	0	0	-1	6
953	966	967	7	40	-3	5
954	0	0	0	0	-1	5
955	968	969	9	3.27	-3	5
956	0	0	0	0	-1	6
957	0	0	0	0	-1	6
958	0	0	0	0	-1	5
959	970	971	5	0	-3	5
960	0	0	0	0	-1	5
961	972	973	9	3.245	-3	5
962	0	0	0	0	-1	5
963	0	0	0	0	-1	5
964	0	0	0	0	-1	5
965	0	0	0	0	-1	5
966	0	0	0	0	-1	5
967	0	0	0	0	-1	5
968	0	0	0	0	-1	5
969	0	0	0	0	-1	5
970	0	0	0	0	-1	6
971	974	975	6	24	-3	5
972	0	0	0	0	-1	5
973	976	977	2	0	-3	5
974	0	0	0	0	-1	5
975	0	0	0	0	-1	5
976	0	0	0	0	-1	5
977	0	0	0	0	-1	5
