1	2	3	11	10.55	-3	5.62038774233896
2	4	5	2	0.335	-3	5.35282258064516
3	6	7	3	0.275	-3	6.05766062602965
4	8	9	10	0.64	-3	6.04597701149425
5	10	11	11	9.85	-3	5.28618784530387
6	12	13	2	0.9125	-3	5.72222222222222
7	14	15	5	0.0765	-3	6.29577464788732
8	16	17	11	9.75	-3	5.44
9	18	19	6	3.5	-3	6.29032258064516
10	20	21	2	0.585	-3	5.21116928446771
11	22	23	4	1.55	-3	5.41566265060241
12	24	25	11	11.45	-3	5.82127659574468
13	26	27	6	13.5	-3	4.35294117647059
14	28	29	11	12.75	-3	6.42788461538461
15	30	31	10	0.855	-3	6.10884353741497
16	32	33	9	3.395	-3	5.09090909090909
17	34	35	9	3.36	-3	5.71428571428571
18	0	0	0	0	-1	7.5
19	36	37	11	9.75	-3	6.20689655172414
20	38	39	7	59.5	-3	5.32971014492754
21	40	41	11	8.7	-3	5.1010101010101
22	42	43	9	2.995	-3	4.78571428571429
23	44	45	9	3.425	-3	5.4433962264151
24	46	47	7	16	-3	5.65277777777778
25	48	49	10	0.69	-3	6.08791208791209
26	50	51	5	0.121	-3	4
27	52	53	7	32.5	-3	4.66666666666667
28	54	55	10	0.645	-3	6.38043478260869
29	56	57	6	26	-3	6.79166666666667
30	58	59	9	2.995	-3	6.01526717557252
31	60	61	1	7.7	-3	6.875
32	62	63	10	0.565	-3	5
33	0	0	0	0	-1	6
34	64	65	10	0.595	-3	5.9
35	0	0	0	0	-1	5.25
36	66	67	11	9.25	-3	5.95
37	68	69	1	12.4	-3	6.3421052631579
38	70	71	3	0.535	-3	5.46296296296296
39	72	73	4	2.05	-3	5.14035087719298
40	0	0	0	0	-1	3
41	74	75	10	0.535	-3	5.10810810810811
42	0	0	0	0	-1	7
43	76	77	10	0.755	-3	4.41666666666667
44	78	79	2	0.595	-3	5.51953125
45	80	81	6	20.5	-3	5.12903225806452
46	82	83	10	0.595	-3	5.2
47	84	85	5	0.121	-3	5.7719298245614
48	86	87	9	3.875	-3	5.90277777777778
49	88	89	6	4	-3	6.78947368421053
50	90	91	4	1.95	-3	4.33333333333333
51	0	0	0	0	-1	3
52	0	0	0	0	-1	4
53	0	0	0	0	-1	5.2
54	92	93	3	0.395	-3	6.14285714285714
55	94	95	7	50	-3	6.484375
56	96	97	2	0.5	-3	6.95
57	0	0	0	0	-1	6
58	0	0	0	0	-1	5
59	98	99	3	0.335	-3	6.04724409448819
60	0	0	0	0	-1	6
61	100	101	1	9.7	-3	7.07692307692308
62	102	103	8	0.994555	-3	5
63	0	0	0	0	-1	5
64	0	0	0	0	-1	6
65	0	0	0	0	-1	5.5
66	0	0	0	0	-1	5.75
67	104	105	7	21	-3	6
68	106	107	7	22	-3	6.25714285714286
69	0	0	0	0	-1	7.33333333333333
70	108	109	10	0.585	-3	5.5
71	110	111	5	0.123	-3	5
72	112	113	4	1.65	-3	5.34285714285714
73	114	115	5	0.412	-3	5.05063291139241
74	116	117	8	0.99485	-3	4.93939393939394
75	118	119	11	9.05	-3	5.19289340101523
76	120	121	10	0.625	-3	4.7
77	0	0	0	0	-1	3
78	122	123	3	0.325	-3	5.62420382165605
79	124	125	8	0.99942	-3	5.35353535353535
80	126	127	1	6.75	-3	5.21951219512195
81	128	129	9	3.435	-3	4.95238095238095
82	130	131	9	3.355	-3	4.95652173913043
83	132	133	1	7.35	-3	6
84	134	135	3	0.245	-3	5.80357142857143
85	0	0	0	0	-1	4
86	136	137	5	0.0955	-3	5.95522388059702
87	0	0	0	0	-1	5.2
88	0	0	0	0	-1	6
89	138	139	5	0.0715	-3	6.9375
90	0	0	0	0	-1	5
91	0	0	0	0	-1	4
92	140	141	11	11.8	-3	6.46153846153846
93	142	143	7	221.5	-3	5.86666666666667
94	144	145	8	0.99418	-3	6.57547169811321
95	146	147	5	0.053	-3	6.04545454545455
96	148	149	11	13.8	-3	6.89473684210526
97	0	0	0	0	-1	8
98	150	151	11	11.4	-3	5.68181818181818
99	152	153	8	0.996045	-3	6.12380952380953
100	154	155	8	0.996275	-3	7.66666666666667
101	156	157	2	0.37	-3	6.57142857142857
102	0	0	0	0	-1	5
103	158	159	10	0	-3	5
104	0	0	0	0	-1	6
105	160	161	6	20	-3	6
106	162	163	10	0.715	-3	6.66666666666667
107	164	165	11	10.45	-3	6.11538461538462
108	166	167	1	12.75	-3	5.27868852459016
109	168	169	2	0.555	-3	5.65168539325843
110	0	0	0	0	-1	5
111	0	0	0	0	-1	5
112	170	171	8	0	-3	5
113	172	173	3	0.315	-3	5.46153846153846
114	174	175	2	0.5775	-3	5.07792207792208
115	0	0	0	0	-1	4
116	0	0	0	0	-1	3.33333333333333
117	176	177	8	0.997395	-3	4.98958333333333
118	178	179	10	0.565	-3	6
119	180	181	8	0.99613	-3	5.16753926701571
120	0	0	0	0	-1	4.2
121	0	0	0	0	-1	5.2
122	182	183	10	0.62	-3	5.81
123	184	185	10	0.74	-3	5.29824561403509
124	186	187	7	14.5	-3	5.29787234042553
125	0	0	0	0	-1	6.4
126	188	189	5	0.0595	-3	5
127	190	191	2	0.595	-3	5.375
128	0	0	0	0	-1	4
129	192	193	10	0.7	-3	5
130	0	0	0	0	-1	6.5
131	194	195	1	6.75	-3	4.80952380952381
132	0	0	0	0	-1	6
133	0	0	0	0	-1	6
134	196	197	7	78.5	-3	5.90425531914894
135	198	199	3	0.26	-3	5.27777777777778
136	200	201	10	0.525	-3	5.98484848484849
137	0	0	0	0	-1	4
138	202	203	1	7.7	-3	7.07142857142857
139	0	0	0	0	-1	6
140	204	205	9	3.165	-3	7
141	206	207	3	0	-3	6
142	208	209	6	3.5	-3	5.69230769230769
143	0	0	0	0	-1	7
144	210	211	6	5	-3	6
145	212	213	2	0.385	-3	6.63541666666667
146	0	0	0	0	-1	5.5
147	214	215	9	3.205	-3	6.16666666666667
148	216	217	3	0	-3	7
149	0	0	0	0	-1	6
150	218	219	5	0.089	-3	5.4
151	220	221	6	29	-3	6.28571428571429
152	222	223	4	2.35	-3	6.58823529411765
153	224	225	11	11.55	-3	6.03409090909091
154	0	0	0	0	-1	7
155	0	0	0	0	-1	8
156	0	0	0	0	-1	7
157	0	0	0	0	-1	6
158	0	0	0	0	-1	6
159	226	227	8	1.9	-3	5
160	228	229	9	3.315	-3	6
161	0	0	0	0	-1	6
162	0	0	0	0	-1	6
163	230	231	1	10.15	-3	6.85714285714286
164	232	233	2	0.305	-3	6.04166666666667
165	0	0	0	0	-1	7
166	234	235	7	55	-3	5.21428571428572
167	0	0	0	0	-1	6
168	236	237	11	9.25	-3	5.71794871794872
169	238	239	11	9.55	-3	5.18181818181818
170	0	0	0	0	-1	6
171	240	241	11	9.45	-3	5
172	242	243	8	0.996585	-3	5.6
173	0	0	0	0	-1	5
174	244	245	10	0.48	-3	5.04166666666667
175	0	0	0	0	-1	5.6
176	246	247	11	9.65	-3	5.05970149253731
177	248	249	5	0.083	-3	4.82758620689655
178	0	0	0	0	-1	6
179	0	0	0	0	-1	6
180	250	251	2	0.9625	-3	4.91666666666667
181	252	253	1	7.05	-3	5.20359281437126
182	254	255	5	0.0845	-3	5.55737704918033
183	256	257	7	57	-3	6.20512820512821
184	258	259	2	0.365	-3	5.12820512820513
185	260	261	7	85.5	-3	5.66666666666667
186	0	0	0	0	-1	4.6
187	262	263	5	0.125	-3	5.33707865168539
188	0	0	0	0	-1	6
189	264	265	6	6.5	-3	4.9375
190	266	267	5	0.083	-3	5.14285714285714
191	268	269	5	0.086	-3	5.7
192	270	271	6	33	-3	5
193	272	273	4	0	-3	5
194	274	275	2	0.89	-3	5.16666666666667
195	276	277	1	7.15	-3	4.66666666666667
196	278	279	10	0.535	-3	5.93258426966292
197	0	0	0	0	-1	5.4
198	280	281	1	6.5	-3	5
199	282	283	5	0.0565	-3	5.71428571428571
200	284	285	5	0.0575	-3	5.57142857142857
201	286	287	7	14.5	-3	6.03389830508475
202	288	289	6	0	-3	7
203	0	0	0	0	-1	8
204	0	0	0	0	-1	7
205	290	291	8	0.9924	-3	7
206	0	0	0	0	-1	5
207	292	293	8	0.99417	-3	6
208	0	0	0	0	-1	4
209	294	295	11	11.45	-3	5.76
210	0	0	0	0	-1	7
211	296	297	10	0.705	-3	5.88888888888889
212	298	299	3	0.54	-3	6.75
213	300	301	4	2.75	-3	6.29166666666667
214	0	0	0	0	-1	6.6
215	302	303	2	0.415	-3	6
216	0	0	0	0	-1	6
217	0	0	0	0	-1	7
218	304	305	6	7	-3	5.75
219	306	307	2	0	-3	5
220	0	0	0	0	-1	6
221	0	0	0	0	-1	7
222	308	309	3	0.47	-3	6.14285714285714
223	310	311	1	7.25	-3	6.9
224	312	313	5	0.0795	-3	5.88333333333333
225	314	315	10	0.685	-3	6.35714285714286
226	0	0	0	0	-1	5
227	0	0	0	0	-1	5
228	316	317	10	0	-3	6
229	0	0	0	0	-1	6
230	0	0	0	0	-1	6.5
231	0	0	0	0	-1	7
232	318	319	4	1.95	-3	6
233	320	321	6	14.5	-3	6.16666666666667
234	322	323	5	0.0765	-3	5.17647058823529
235	0	0	0	0	-1	5.6
236	324	325	9	3.415	-3	5.42105263157895
237	326	327	11	9.75	-3	5.8135593220339
238	328	329	3	0	-3	5
239	0	0	0	0	-1	6
240	330	331	5	0	-3	5
241	0	0	0	0	-1	5
242	332	333	9	3.115	-3	5.22222222222222
243	334	335	2	0.345	-3	5.90909090909091
244	0	0	0	0	-1	5.33333333333333
245	336	337	6	51.5	-3	5.02898550724638
246	338	339	4	4.75	-3	5
247	340	341	7	68.5	-3	5.25
248	342	343	2	0.595	-3	5.14285714285714
249	344	345	8	0.9977	-3	4.53333333333333
250	346	347	5	0.091	-3	5
251	0	0	0	0	-1	4
252	348	349	9	3.535	-3	5.40625
253	350	351	7	91.5	-3	5.15555555555556
254	352	353	11	9.95	-3	5.3695652173913
255	354	355	8	0.995785	-3	6.13333333333333
256	356	357	9	3.405	-3	6.33333333333333
257	358	359	7	61	-3	5.77777777777778
258	360	361	9	3.18	-3	5.83333333333333
259	362	363	2	0.53	-3	5
260	364	365	9	3.025	-3	5.92307692307692
261	0	0	0	0	-1	5
262	366	367	7	89.5	-3	5.27710843373494
263	368	369	3	0.15	-3	6.16666666666667
264	0	0	0	0	-1	4
265	370	371	2	0.7475	-3	5.07142857142857
266	372	373	8	0.996675	-3	5
267	0	0	0	0	-1	5.66666666666667
268	374	375	4	2.1	-3	6.16666666666667
269	0	0	0	0	-1	5
270	376	377	6	3.47	-3	5
271	0	0	0	0	-1	5
272	0	0	0	0	-1	6
273	378	379	3	0.17	-3	5
274	0	0	0	0	-1	5
275	0	0	0	0	-1	6
276	0	0	0	0	-1	4
277	380	381	4	2.55	-3	4.90909090909091
278	382	383	2	0.575	-3	5.33333333333333
279	384	385	8	0.99672	-3	6
280	0	0	0	0	-1	5
281	0	0	0	0	-1	5
282	0	0	0	0	-1	5
283	0	0	0	0	-1	6
284	0	0	0	0	-1	5
285	0	0	0	0	-1	5.8
286	386	387	5	0.083	-3	6.55555555555556
287	388	389	11	12.85	-3	5.94
288	0	0	0	0	-1	5
289	390	391	9	3.625	-3	7
290	0	0	0	0	-1	7
291	392	393	3	0.345	-3	7
292	394	395	6	25	-3	6
293	0	0	0	0	-1	6
294	396	397	3	0.52	-3	5.3
295	398	399	8	0.99688	-3	6.06666666666667
296	0	0	0	0	-1	5.66666666666667
297	400	401	2	0.745	-3	6
298	402	403	6	5.5	-3	6.84615384615385
299	404	405	11	10.85	-3	5.85714285714286
300	406	407	11	11.25	-3	6.11764705882353
301	408	409	2	0.625	-3	6.71428571428571
302	410	411	10	0.715	-3	6
303	0	0	0	0	-1	6
304	0	0	0	0	-1	5
305	412	413	2	0.37	-3	6
306	0	0	0	0	-1	6
307	0	0	0	0	-1	5
308	0	0	0	0	-1	6
309	0	0	0	0	-1	6.5
310	0	0	0	0	-1	6
311	414	415	4	3.7	-3	7
312	0	0	0	0	-1	5
313	416	417	4	4.15	-3	5.96363636363636
314	418	419	10	0.62	-3	6.17391304347826
315	0	0	0	0	-1	7.2
316	0	0	0	0	-1	5
317	0	0	0	0	-1	6
318	0	0	0	0	-1	6
319	420	421	2	0.19	-3	6
320	0	0	0	0	-1	6
321	0	0	0	0	-1	7
322	422	423	8	0.9963	-3	5.36
323	424	425	11	9.45	-3	5
324	426	427	7	14	-3	5.8
325	428	429	1	0	-3	5
326	430	431	3	0.365	-3	5.88235294117647
327	432	433	10	0.63	-3	5.375
328	0	0	0	0	-1	5
329	0	0	0	0	-1	5
330	0	0	0	0	-1	6
331	434	435	10	8.55	-3	5
332	0	0	0	0	-1	6
333	436	437	10	0.555	-3	5.125
334	0	0	0	0	-1	5
335	0	0	0	0	-1	6
336	438	439	2	0.385	-3	5.01470588235294
337	0	0	0	0	-1	6
338	440	441	5	0.0755	-3	4.97959183673469
339	0	0	0	0	-1	5.5
340	442	443	5	0.0785	-3	5
341	0	0	0	0	-1	5.8
342	0	0	0	0	-1	5.5
343	444	445	1	7.25	-3	5
344	446	447	11	9.5	-3	4.14285714285714
345	448	449	2	0.75	-3	4.875
346	450	451	9	0	-3	5
347	452	453	10	0.61	-3	5
348	454	455	9	3.41	-3	5.59090909090909
349	456	457	2	0.655	-3	5
350	458	459	5	0.0625	-3	5.2
351	460	461	11	9.15	-3	4.96
352	462	463	2	0.54	-3	5.85714285714286
353	464	465	8	0.997875	-3	5.28205128205128
354	0	0	0	0	-1	6.6
355	466	467	2	0.58	-3	5.9
356	468	469	3	0.305	-3	6.23076923076923
357	0	0	0	0	-1	7
358	0	0	0	0	-1	5
359	470	471	2	0.305	-3	6
360	0	0	0	0	-1	5
361	0	0	0	0	-1	6
362	472	473	2	0.435	-3	5.06896551724138
363	0	0	0	0	-1	4.5
364	0	0	0	0	-1	5
365	474	475	2	0.4225	-3	6.09090909090909
366	476	477	3	0.025	-3	5.35384615384615
367	0	0	0	0	-1	5
368	0	0	0	0	-1	7
369	0	0	0	0	-1	6
370	478	479	8	0.99656	-3	5
371	0	0	0	0	-1	5.5
372	0	0	0	0	-1	5
373	480	481	8	0	-3	5
374	0	0	0	0	-1	6
375	0	0	0	0	-1	7
376	0	0	0	0	-1	5
377	0	0	0	0	-1	5
378	0	0	0	0	-1	5
379	0	0	0	0	-1	5
380	0	0	0	0	-1	4.5
381	0	0	0	0	-1	5
382	0	0	0	0	-1	5
383	0	0	0	0	-1	6
384	482	483	6	10	-3	5.91428571428571
385	484	485	9	3.335	-3	6.6
386	0	0	0	0	-1	6
387	0	0	0	0	-1	7
388	486	487	4	2.45	-3	6
389	488	489	1	5.15	-3	5.57142857142857
390	0	0	0	0	-1	7
391	0	0	0	0	-1	7
392	0	0	0	0	-1	7
393	0	0	0	0	-1	7
394	490	491	9	0	-3	6
395	0	0	0	0	-1	6
396	492	493	7	0	-3	5
397	0	0	0	0	-1	6
398	494	495	11	12.3	-3	6
399	0	0	0	0	-1	7
400	0	0	0	0	-1	6
401	0	0	0	0	-1	6
402	496	497	5	0.068	-3	7.36363636363636
403	498	499	3	0.465	-3	6.74074074074074
404	0	0	0	0	-1	5
405	0	0	0	0	-1	6
406	0	0	0	0	-1	6.4
407	500	501	1	9.3	-3	6
408	0	0	0	0	-1	7
409	0	0	0	0	-1	6
410	0	0	0	0	-1	6
411	502	503	3	0.345	-3	6
412	0	0	0	0	-1	6
413	0	0	0	0	-1	6
414	0	0	0	0	-1	7
415	0	0	0	0	-1	7
416	504	505	1	7.8	-3	6.03921568627451
417	0	0	0	0	-1	5
418	506	507	10	0.59	-3	5.75
419	508	509	11	11.65	-3	6.4
420	0	0	0	0	-1	6
421	510	511	7	48.5	-3	6
422	512	513	8	0.99552	-3	5.52941176470588
423	514	515	3	0.285	-3	5
424	516	517	9	0	-3	5
425	518	519	9	3.175	-3	5
426	0	0	0	0	-1	5
427	520	521	8	0.99675	-3	5.88888888888889
428	0	0	0	0	-1	5
429	522	523	6	14.5	-3	5
430	524	525	8	0.996395	-3	6
431	526	527	2	0.445	-3	5.72727272727273
432	0	0	0	0	-1	6
433	528	529	8	0.9961	-3	5.28571428571429
434	0	0	0	0	-1	5
435	0	0	0	0	-1	5
436	0	0	0	0	-1	5.33333333333333
437	0	0	0	0	-1	5
438	530	531	5	0.076	-3	4.85714285714286
439	532	533	10	0.615	-3	5.0327868852459
440	534	535	2	0.835	-3	4.92307692307692
441	536	537	11	9.45	-3	5
442	0	0	0	0	-1	6
443	538	539	9	3.27	-3	4.9
444	0	0	0	0	-1	5
445	540	541	4	2.25	-3	5
446	0	0	0	0	-1	4
447	0	0	0	0	-1	5
448	542	543	8	0	-3	5
449	0	0	0	0	-1	4
450	0	0	0	0	-1	5
451	544	545	6	0	-3	5
452	546	547	7	0	-3	5
453	0	0	0	0	-1	5
454	548	549	8	0.996685	-3	5.14285714285714
455	550	551	3	0.01	-3	5.8
456	552	553	9	0	-3	5
457	0	0	0	0	-1	5
458	0	0	0	0	-1	3
459	554	555	8	0.996195	-3	5.22018348623853
460	0	0	0	0	-1	4
461	556	557	8	0.99876	-3	5
462	558	559	7	23	-3	6
463	0	0	0	0	-1	5
464	560	561	7	63	-3	5.22222222222222
465	0	0	0	0	-1	6
466	0	0	0	0	-1	6
467	0	0	0	0	-1	5
468	562	563	5	0.07	-3	6
469	564	565	4	2.65	-3	6.75
470	0	0	0	0	-1	6
471	566	567	3	0.215	-3	6
472	568	569	2	0.39	-3	5
473	0	0	0	0	-1	5.66666666666667
474	570	571	3	0.5	-3	6
475	0	0	0	0	-1	7
476	572	573	2	0	-3	6
477	574	575	7	25.5	-3	5.27586206896552
478	0	0	0	0	-1	5
479	576	577	11	0	-3	5
480	0	0	0	0	-1	5
481	578	579	7	2.35	-3	5
482	0	0	0	0	-1	5.33333333333333
483	580	581	9	3.315	-3	5.94029850746269
484	0	0	0	0	-1	6
485	582	583	1	7.3	-3	7
486	584	585	2	0.79	-3	6.09677419354839
487	586	587	2	0.61	-3	5.75
488	0	0	0	0	-1	6
489	0	0	0	0	-1	5.4
490	0	0	0	0	-1	6
491	588	589	8	0	-3	6
492	0	0	0	0	-1	6
493	590	591	8	0.99435	-3	5
494	592	593	6	0.992385	-3	6
495	0	0	0	0	-1	6
496	594	595	10	0.76	-3	7
497	0	0	0	0	-1	8
498	596	597	2	0.305	-3	6.89189189189189
499	598	599	9	3.165	-3	6.41176470588235
500	0	0	0	0	-1	6
501	600	601	11	0.47	-3	6
502	0	0	0	0	-1	6
503	602	603	6	38.5	-3	6
504	0	0	0	0	-1	5.25
505	604	605	7	74	-3	6.1063829787234
506	606	607	11	11.8	-3	6
507	0	0	0	0	-1	5
508	0	0	0	0	-1	7
509	608	609	3	0.475	-3	6.25
510	610	611	9	3.155	-3	6
511	0	0	0	0	-1	6
512	612	613	3	0.205	-3	5.125
513	614	615	1	7.25	-3	5.88888888888889
514	0	0	0	0	-1	5
515	0	0	0	0	-1	5
516	0	0	0	0	-1	5
517	616	617	4	0.455	-3	5
518	0	0	0	0	-1	5
519	0	0	0	0	-1	5
520	0	0	0	0	-1	5
521	618	619	4	6.5	-3	6
522	0	0	0	0	-1	5
523	620	621	10	0	-3	5
524	622	623	1	6.85	-3	5.75
525	624	625	7	33	-3	6.09523809523809
526	626	627	5	0.1095	-3	6
527	628	629	10	0.615	-3	5.4
528	0	0	0	0	-1	6
529	0	0	0	0	-1	5
530	0	0	0	0	-1	4
531	0	0	0	0	-1	5.2
532	630	631	5	0.0765	-3	5
533	632	633	10	0.635	-3	5.07692307692308
534	634	635	6	18.5	-3	5
535	0	0	0	0	-1	4
536	636	637	5	0.0975	-3	5
537	638	639	5	0	-3	5
538	640	641	6	0	-3	5
539	0	0	0	0	-1	4
540	0	0	0	0	-1	5
541	642	643	4	0	-3	5
542	0	0	0	0	-1	6
543	644	645	5	0.0915	-3	5
544	0	0	0	0	-1	5
545	646	647	10	0.57	-3	5
546	0	0	0	0	-1	6
547	0	0	0	0	-1	5
548	0	0	0	0	-1	6
549	648	649	11	0	-3	5
550	0	0	0	0	-1	5
551	650	651	5	0.067	-3	6
552	0	0	0	0	-1	6
553	652	653	6	11.5	-3	5
554	654	655	2	0	-3	6
555	656	657	7	24.5	-3	5.1747572815534
556	658	659	11	0.555	-3	5
557	660	661	1	9.6	-3	5
558	0	0	0	0	-1	6
559	0	0	0	0	-1	6
560	662	663	5	0.073	-3	5.17647058823529
561	0	0	0	0	-1	6
562	0	0	0	0	-1	6
563	0	0	0	0	-1	6
564	0	0	0	0	-1	7
565	0	0	0	0	-1	6.33333333333333
566	0	0	0	0	-1	6
567	0	0	0	0	-1	6
568	664	665	8	0.99847	-3	5
569	666	667	2	12.5	-3	5
570	0	0	0	0	-1	6
571	0	0	0	0	-1	6
572	0	0	0	0	-1	6
573	668	669	4	1.65	-3	6
574	670	671	4	2.3	-3	5
575	672	673	6	23.5	-3	5.44444444444444
576	0	0	0	0	-1	6
577	674	675	9	3.575	-3	5
578	0	0	0	0	-1	5
579	0	0	0	0	-1	5
580	0	0	0	0	-1	5.75
581	676	677	8	0.9942	-3	5.95238095238095
582	0	0	0	0	-1	7
583	0	0	0	0	-1	7
584	678	679	4	1.65	-3	6.06666666666667
585	0	0	0	0	-1	7
586	680	681	8	0.9956	-3	6
587	0	0	0	0	-1	5.25
588	0	0	0	0	-1	6
589	0	0	0	0	-1	6
590	0	0	0	0	-1	5
591	0	0	0	0	-1	5
592	0	0	0	0	-1	6
593	682	683	4	2.1	-3	6
594	0	0	0	0	-1	7
595	0	0	0	0	-1	7
596	684	685	8	0.99571	-3	6.5
597	686	687	3	0.315	-3	7
598	0	0	0	0	-1	7
599	688	689	8	0.99629	-3	6.23076923076923
600	0	0	0	0	-1	5
601	690	691	7	23	-3	6
602	692	693	1	8.15	-3	6
603	0	0	0	0	-1	6
604	694	695	3	0.655	-3	6.06666666666667
605	0	0	0	0	-1	7
606	0	0	0	0	-1	6
607	0	0	0	0	-1	6
608	0	0	0	0	-1	7
609	696	697	7	17.5	-3	6.1
610	0	0	0	0	-1	6
611	0	0	0	0	-1	6
612	0	0	0	0	-1	5
613	0	0	0	0	-1	6
614	0	0	0	0	-1	5.66666666666667
615	698	699	3	0.205	-3	6
616	0	0	0	0	-1	5
617	0	0	0	0	-1	5
618	700	701	1	7.9	-3	6
619	0	0	0	0	-1	6
620	0	0	0	0	-1	5
621	0	0	0	0	-1	5
622	0	0	0	0	-1	6
623	0	0	0	0	-1	5.33333333333333
624	0	0	0	0	-1	6
625	702	703	8	0.99832	-3	6.28571428571429
626	704	705	9	3.065	-3	6
627	0	0	0	0	-1	6
628	0	0	0	0	-1	6
629	706	707	9	0.455	-3	5
630	708	709	4	0	-3	5
631	710	711	8	0.99804	-3	5
632	712	713	1	8.65	-3	5.25
633	714	715	4	0	-3	5
634	716	717	7	16.5	-3	5
635	0	0	0	0	-1	5
636	718	719	11	0	-3	5
637	0	0	0	0	-1	5
638	0	0	0	0	-1	5
639	720	721	11	14.5	-3	5
640	0	0	0	0	-1	6
641	722	723	3	0.165	-3	5
642	0	0	0	0	-1	5
643	724	725	6	0.0795	-3	5
644	0	0	0	0	-1	5
645	0	0	0	0	-1	5
646	0	0	0	0	-1	5
647	726	727	9	1.65	-3	5
648	0	0	0	0	-1	6
649	0	0	0	0	-1	5
650	0	0	0	0	-1	6
651	728	729	6	0	-3	6
652	0	0	0	0	-1	5
653	0	0	0	0	-1	5
654	0	0	0	0	-1	4
655	0	0	0	0	-1	6
656	730	731	5	0.0785	-3	4.92857142857143
657	732	733	10	0.545	-3	5.21348314606742
658	0	0	0	0	-1	5
659	734	735	10	0	-3	5
660	0	0	0	0	-1	5
661	0	0	0	0	-1	5
662	0	0	0	0	-1	5
663	736	737	8	0.995965	-3	5.28571428571429
664	0	0	0	0	-1	5
665	738	739	11	0	-3	5
666	740	741	6	12.5	-3	5
667	0	0	0	0	-1	5
668	0	0	0	0	-1	6
669	0	0	0	0	-1	6
670	742	743	5	0.083	-3	4.94736842105263
671	0	0	0	0	-1	5.33333333333333
672	744	745	10	0.545	-3	5.22727272727273
673	746	747	4	2.75	-3	5.78571428571429
674	0	0	0	0	-1	5
675	0	0	0	0	-1	5
676	0	0	0	0	-1	5.66666666666667
677	748	749	2	0.425	-3	5.96666666666667
678	0	0	0	0	-1	6.25
679	750	751	3	0.135	-3	6.03846153846154
680	0	0	0	0	-1	6
681	0	0	0	0	-1	6
682	0	0	0	0	-1	6
683	752	753	2	0.345	-3	6
684	0	0	0	0	-1	7
685	0	0	0	0	-1	6.2
686	0	0	0	0	-1	8
687	754	755	4	2.35	-3	6.96428571428572
688	0	0	0	0	-1	6.75
689	756	757	9	3.29	-3	6
690	0	0	0	0	-1	6
691	0	0	0	0	-1	6
692	0	0	0	0	-1	6
693	0	0	0	0	-1	6
694	758	759	3	0.35	-3	6
695	760	761	10	0.62	-3	6.5
696	0	0	0	0	-1	7
697	762	763	4	3.14	-3	6
698	0	0	0	0	-1	6
699	0	0	0	0	-1	6
700	0	0	0	0	-1	6
701	0	0	0	0	-1	6
702	764	765	8	0.99705	-3	6.16666666666667
703	0	0	0	0	-1	7
704	0	0	0	0	-1	6
705	0	0	0	0	-1	6
706	0	0	0	0	-1	5
707	0	0	0	0	-1	5
708	0	0	0	0	-1	5
709	766	767	9	3.4	-3	5
710	768	769	9	3.26	-3	5
711	770	771	4	0	-3	5
712	0	0	0	0	-1	5
713	0	0	0	0	-1	5.5
714	0	0	0	0	-1	6
715	0	0	0	0	-1	5
716	0	0	0	0	-1	5
717	772	773	3	0	-3	5
718	0	0	0	0	-1	5
719	0	0	0	0	-1	5
720	774	775	4	1.65	-3	5
721	0	0	0	0	-1	5
722	776	777	3	0	-3	5
723	0	0	0	0	-1	5
724	0	0	0	0	-1	5
725	0	0	0	0	-1	5
726	0	0	0	0	-1	5
727	778	779	6	11.5	-3	5
728	0	0	0	0	-1	7
729	780	781	11	9.24166666666667	-3	6
730	0	0	0	0	-1	4
731	782	783	5	0.0855	-3	5.08333333333333
732	784	785	3	0.075	-3	5.55555555555556
733	786	787	3	0.005	-3	5.175
734	0	0	0	0	-1	5
735	0	0	0	0	-1	5
736	788	789	2	0.485	-3	5.54545454545455
737	790	791	9	3.23	-3	5
738	0	0	0	0	-1	6
739	792	793	10	0.67	-3	5
740	0	0	0	0	-1	5
741	794	795	1	0	-3	5
742	0	0	0	0	-1	5
743	0	0	0	0	-1	4
744	796	797	4	1.8	-3	5
745	798	799	8	0.996985	-3	5.41666666666667
746	800	801	5	0.066	-3	5.57142857142857
747	802	803	7	71.5	-3	6
748	0	0	0	0	-1	5
749	804	805	4	1.95	-3	5.98305084745763
750	806	807	5	0.0845	-3	6
751	808	809	6	13.5	-3	6.14285714285714
752	0	0	0	0	-1	6
753	0	0	0	0	-1	6
754	810	811	11	0	-3	7
755	812	813	6	16	-3	6.83333333333333
756	0	0	0	0	-1	6
757	0	0	0	0	-1	6
758	0	0	0	0	-1	6.66666666666667
759	814	815	3	0.64	-3	5.94444444444444
760	0	0	0	0	-1	6
761	0	0	0	0	-1	7
762	0	0	0	0	-1	6
763	0	0	0	0	-1	6
764	0	0	0	0	-1	7
765	0	0	0	0	-1	6
766	816	817	3	0	-3	5
767	0	0	0	0	-1	5
768	0	0	0	0	-1	5
769	0	0	0	0	-1	5
770	0	0	0	0	-1	5
771	0	0	0	0	-1	5
772	0	0	0	0	-1	5
773	0	0	0	0	-1	5
774	0	0	0	0	-1	5
775	818	819	6	14.5	-3	5
776	0	0	0	0	-1	5
777	0	0	0	0	-1	5
778	0	0	0	0	-1	5
779	820	821	3	0	-3	5
780	0	0	0	0	-1	6
781	0	0	0	0	-1	6
782	0	0	0	0	-1	5.33333333333333
783	822	823	10	0.595	-3	5
784	0	0	0	0	-1	5
785	824	825	9	3.295	-3	5.83333333333333
786	826	827	9	3.42	-3	5.42857142857143
787	828	829	5	0.0795	-3	5.12121212121212
788	0	0	0	0	-1	5
789	830	831	7	29	-3	5.85714285714286
790	0	0	0	0	-1	5
791	832	833	5	0.0765	-3	5
792	0	0	0	0	-1	5
793	0	0	0	0	-1	5
794	0	0	0	0	-1	6
795	834	835	9	3.32	-3	5
796	0	0	0	0	-1	5
797	836	837	5	0	-3	5
798	0	0	0	0	-1	6
799	838	839	10	0.61	-3	5.22222222222222
800	0	0	0	0	-1	6
801	0	0	0	0	-1	5
802	0	0	0	0	-1	6
803	0	0	0	0	-1	6
804	840	841	4	1.85	-3	5.92857142857143
805	0	0	0	0	-1	6
806	842	843	1	6.75	-3	6
807	0	0	0	0	-1	6
808	0	0	0	0	-1	7
809	844	845	8	0.993555	-3	6
810	0	0	0	0	-1	5
811	846	847	8	0.335	-3	7
812	0	0	0	0	-1	6.5
813	0	0	0	0	-1	7
814	848	849	9	3.15	-3	5.97142857142857
815	0	0	0	0	-1	5
816	0	0	0	0	-1	5
817	850	851	4	2.6	-3	5
818	852	853	7	0	-3	5
819	854	855	2	0	-3	5
820	0	0	0	0	-1	6
821	856	857	3	0	-3	5
822	0	0	0	0	-1	5
823	858	859	3	0	-3	5
824	0	0	0	0	-1	5.66666666666667
825	0	0	0	0	-1	6
826	0	0	0	0	-1	6
827	860	861	8	1.000225	-3	5
828	862	863	9	3.285	-3	5
829	864	865	9	3.3	-3	5.19512195121951
830	0	0	0	0	-1	5.5
831	0	0	0	0	-1	6
832	0	0	0	0	-1	5
833	866	867	2	0	-3	5
834	868	869	9	3.065	-3	5
835	0	0	0	0	-1	5
836	0	0	0	0	-1	5
837	870	871	7	0	-3	5
838	0	0	0	0	-1	5.66666666666667
839	872	873	10	0.65	-3	5
840	874	875	7	26	-3	6
841	0	0	0	0	-1	5.66666666666667
842	876	877	1	5.55	-3	6
843	0	0	0	0	-1	6
844	0	0	0	0	-1	6
845	0	0	0	0	-1	6
846	0	0	0	0	-1	6
847	0	0	0	0	-1	7
848	878	879	1	10.65	-3	6.11111111111111
849	880	881	1	10.3	-3	5.92307692307692
850	0	0	0	0	-1	5
851	0	0	0	0	-1	5
852	0	0	0	0	-1	6
853	0	0	0	0	-1	5
854	0	0	0	0	-1	5
855	882	883	6	35.5	-3	5
856	0	0	0	0	-1	7
857	0	0	0	0	-1	5
858	0	0	0	0	-1	5
859	0	0	0	0	-1	5
860	884	885	2	0.625	-3	5.14285714285714
861	0	0	0	0	-1	4
862	886	887	10	0	-3	5
863	0	0	0	0	-1	5
864	888	889	11	9.15	-3	5.1
865	890	891	7	79.5	-3	5.45454545454545
866	0	0	0	0	-1	5
867	892	893	9	3.31	-3	5
868	0	0	0	0	-1	5
869	0	0	0	0	-1	5
870	0	0	0	0	-1	5
871	0	0	0	0	-1	5
872	0	0	0	0	-1	5
873	0	0	0	0	-1	5
874	894	895	6	14	-3	6
875	0	0	0	0	-1	6
876	0	0	0	0	-1	6
877	896	897	6	18	-3	6
878	0	0	0	0	-1	7
879	0	0	0	0	-1	6
880	898	899	9	3.225	-3	5.86666666666667
881	900	901	2	0.555	-3	6
882	0	0	0	0	-1	5
883	0	0	0	0	-1	5
884	0	0	0	0	-1	6
885	902	903	10	0.555	-3	5
886	0	0	0	0	-1	5
887	904	905	1	8.75	-3	5
888	0	0	0	0	-1	5.75
889	906	907	3	0.09	-3	5
890	908	909	8	0.99909	-3	5.25
891	0	0	0	0	-1	6
892	0	0	0	0	-1	5
893	0	0	0	0	-1	5
894	0	0	0	0	-1	6
895	0	0	0	0	-1	6
896	910	911	4	0	-3	6
897	0	0	0	0	-1	6
898	0	0	0	0	-1	5
899	912	913	7	18.5	-3	6
900	0	0	0	0	-1	6
901	0	0	0	0	-1	6
902	0	0	0	0	-1	5
903	0	0	0	0	-1	5
904	0	0	0	0	-1	5
905	0	0	0	0	-1	5
906	914	915	7	47.5	-3	5.16666666666667
907	916	917	11	9.25	-3	4.95
908	0	0	0	0	-1	6
909	0	0	0	0	-1	5
910	0	0	0	0	-1	6
911	918	919	11	12.45	-3	6
912	0	0	0	0	-1	6
913	0	0	0	0	-1	6
914	0	0	0	0	-1	6
915	0	0	0	0	-1	5
916	0	0	0	0	-1	4.5
917	920	921	8	0.997665	-3	5
918	0	0	0	0	-1	6
919	0	0	0	0	-1	6
920	922	923	5	0.2505	-3	5
921	924	925	2	0	-3	5
922	926	927	4	0	-3	5
923	0	0	0	0	-1	5
924	0	0	0	0	-1	4
925	928	929	4	3.2	-3	5
926	0	0	0	0	-1	5
927	930	931	7	0	-3	5
928	932	933	3	0	-3	5
929	0	0	0	0	-1	5
930	0	0	0	0	-1	5
931	0	0	0	0	-1	5
932	0	0	0	0	-1	6
933	934	935	3	39	-3	5
934	0	0	0	0	-1	5
935	0	0	0	0	-1	5
