1	2	3	11	10.95	-3	5.62539086929331
2	4	5	11	9.85	-3	5.40689655172414
3	6	7	11	11.55	-3	6.20273348519362
4	8	9	10	0.575	-3	5.25621118012422
5	10	11	2	0.315	-3	5.59496124031008
6	12	13	2	0.77	-3	5.91666666666667
7	14	15	9	3.365	-3	6.4251012145749
8	16	17	3	0.645	-3	5.09756097560975
9	18	19	1	10.75	-3	5.38375350140056
10	20	21	5	0.0775	-3	6.21052631578947
11	22	23	2	1.1825	-3	5.51851851851852
12	24	25	1	7.05	-3	6.00555555555556
13	26	27	11	11.45	-3	4.58333333333333
14	28	29	10	0.685	-3	6.6554054054054
15	30	31	10	0.7	-3	6.08080808080808
16	32	33	3	0.055	-3	5.11228070175438
17	0	0	0	0	-1	3
18	34	35	9	3.205	-3	5.32424242424242
19	36	37	10	0.815	-3	6.11111111111111
20	38	39	9	3.215	-3	6.39024390243902
21	40	41	1	8.8	-3	5.75
22	42	43	7	79	-3	5.54424778761062
23	44	45	1	7.85	-3	3.85714285714286
24	46	47	6	6.5	-3	5.625
25	48	49	6	25.5	-3	6.14393939393939
26	50	51	7	23.5	-3	4.33333333333333
27	0	0	0	0	-1	5.33333333333333
28	52	53	6	3.5	-3	6.37142857142857
29	54	55	1	10.45	-3	6.91025641025641
30	56	57	7	11.5	-3	5.85507246376812
31	58	59	6	18.5	-3	6.6
32	60	61	2	0.8975	-3	4.96666666666667
33	62	63	7	11	-3	5.15111111111111
34	64	65	8	0.9997	-3	5.12087912087912
35	66	67	7	95	-3	5.40167364016737
36	68	69	4	2.4	-3	5.88888888888889
37	70	71	9	3.115	-3	6.55555555555556
38	72	73	6	18	-3	6.66666666666667
39	74	75	3	0.295	-3	6.17391304347826
40	0	0	0	0	-1	5
41	76	77	8	0.99845	-3	6
42	78	79	2	0.845	-3	5.61012658227848
43	80	81	1	6.3	-3	5.08771929824561
44	0	0	0	0	-1	3
45	0	0	0	0	-1	5
46	0	0	0	0	-1	4
47	82	83	10	0.685	-3	5.69565217391304
48	84	85	1	7.35	-3	6.21008403361345
49	86	87	5	0.084	-3	5.53846153846154
50	0	0	0	0	-1	4.6
51	0	0	0	0	-1	4
52	88	89	5	0.0675	-3	5.55555555555556
53	90	91	7	16	-3	6.49180327868853
54	92	93	9	3.345	-3	6.98591549295775
55	94	95	3	0.685	-3	6.14285714285714
56	96	97	6	4.5	-3	6.66666666666667
57	98	99	6	13.5	-3	5.77777777777778
58	100	101	11	11.85	-3	7
59	102	103	2	0.265	-3	6
60	104	105	9	3.54	-3	5.01724137931035
61	0	0	0	0	-1	3.5
62	106	107	6	4.5	-3	5.71428571428571
63	108	109	2	0.305	-3	5.13302752293578
64	110	111	7	17	-3	5.0609756097561
65	112	113	6	14	-3	5.66666666666667
66	114	115	9	3.535	-3	5.46341463414634
67	116	117	1	8.95	-3	5.02941176470588
68	118	119	9	2.96	-3	6
69	0	0	0	0	-1	5.33333333333333
70	120	121	8	0.99845	-3	6.85714285714286
71	0	0	0	0	-1	5.5
72	122	123	8	0.99564	-3	6.85714285714286
73	0	0	0	0	-1	6
74	0	0	0	0	-1	7
75	124	125	8	0.9977	-3	6.05
76	0	0	0	0	-1	5
77	126	127	2	0.29	-3	6.09090909090909
78	128	129	10	0.625	-3	5.64577656675749
79	130	131	9	3.355	-3	5.14285714285714
80	0	0	0	0	-1	6
81	132	133	10	1.175	-3	5.07142857142857
82	134	135	10	0.665	-3	5.45161290322581
83	136	137	10	0.845	-3	6.2
84	138	139	5	0.07	-3	6.75
85	140	141	8	0.997985	-3	6.12621359223301
86	142	143	3	0.38	-3	5.875
87	0	0	0	0	-1	5
88	0	0	0	0	-1	5
89	0	0	0	0	-1	6.25
90	144	145	2	0.435	-3	6.94736842105263
91	146	147	2	0.32	-3	6.28571428571429
92	148	149	3	0.325	-3	6.90625
93	150	151	9	3.355	-3	7.71428571428571
94	152	153	4	6.85	-3	6
95	0	0	0	0	-1	7
96	0	0	0	0	-1	6.8
97	0	0	0	0	-1	6
98	154	155	11	13	-3	5.36842105263158
99	156	157	8	0.994655	-3	5.95454545454545
100	0	0	0	0	-1	6.33333333333333
101	158	159	7	64.5	-3	7.13333333333333
102	0	0	0	0	-1	6
103	160	161	3	40	-3	6
104	162	163	4	4.9	-3	4.96363636363636
105	0	0	0	0	-1	6
106	0	0	0	0	-1	6
107	0	0	0	0	-1	5
108	164	165	11	9.35	-3	5.5
109	166	167	4	9.25	-3	5.11538461538461
110	168	169	5	0.1385	-3	4.75
111	170	171	3	0.88	-3	5.11428571428571
112	0	0	0	0	-1	6
113	0	0	0	0	-1	5.25
114	172	173	7	72	-3	5.51351351351351
115	174	175	3	0.01	-3	5
116	176	177	11	9.45	-3	5
117	178	179	2	0.465	-3	5.08333333333333
118	0	0	0	0	-1	6
119	180	181	10	0.73	-3	6
120	0	0	0	0	-1	6
121	0	0	0	0	-1	7.2
122	0	0	0	0	-1	6
123	182	183	5	0.052	-3	6.92307692307692
124	184	185	11	10.65	-3	6
125	186	187	1	10.8	-3	6.16666666666667
126	0	0	0	0	-1	6
127	0	0	0	0	-1	7
128	188	189	7	14.5	-3	5.47643979057592
129	190	191	6	3.5	-3	5.82954545454546
130	192	193	5	0.1375	-3	5.58333333333333
131	194	195	4	4.1	-3	4.8125
132	196	197	2	0.62	-3	5
133	0	0	0	0	-1	6
134	198	199	11	11.15	-3	5.5
135	0	0	0	0	-1	4
136	200	201	11	11.25	-3	6.07692307692308
137	0	0	0	0	-1	7
138	0	0	0	0	-1	6
139	202	203	8	0.99577	-3	6.92307692307692
140	204	205	4	2.45	-3	6.22666666666667
141	206	207	2	0.6525	-3	5.85714285714286
142	208	209	6	42.5	-3	6.16666666666667
143	0	0	0	0	-1	5
144	210	211	1	0	-3	7
145	212	213	6	5	-3	6.83333333333333
146	214	215	1	10.05	-3	6.83333333333333
147	216	217	4	5.2	-3	6.06666666666667
148	0	0	0	0	-1	6
149	218	219	1	7.7	-3	6.95081967213115
150	0	0	0	0	-1	8
151	0	0	0	0	-1	7
152	0	0	0	0	-1	6.2
153	0	0	0	0	-1	5
154	220	221	8	0.99249	-3	5.52941176470588
155	0	0	0	0	-1	4
156	222	223	4	2.15	-3	5.90476190476191
157	0	0	0	0	-1	7
158	224	225	8	0.994955	-3	7
159	0	0	0	0	-1	7.4
160	226	227	7	52.5	-3	6
161	0	0	0	0	-1	6
162	228	229	11	9.1	-3	4.94444444444445
163	0	0	0	0	-1	6
164	0	0	0	0	-1	4.66666666666667
165	230	231	11	9.55	-3	5.85714285714286
166	232	233	10	0.435	-3	5.10243902439024
167	0	0	0	0	-1	6
168	234	235	4	1.9	-3	5.1
169	0	0	0	0	-1	3
170	236	237	6	5.5	-3	5.1304347826087
171	0	0	0	0	-1	4
172	238	239	3	0.27	-3	5.47133757961783
173	240	241	9	3.305	-3	5.75
174	0	0	0	0	-1	4.66666666666667
175	242	243	5	0.075	-3	5.05882352941176
176	244	245	3	0.4	-3	5
177	246	247	10	0.615	-3	5
178	0	0	0	0	-1	5.25
179	248	249	6	18	-3	5
180	250	251	8	0.9982	-3	6
181	0	0	0	0	-1	6
182	0	0	0	0	-1	6
183	252	253	3	0.525	-3	7
184	0	0	0	0	-1	6
185	0	0	0	0	-1	6
186	0	0	0	0	-1	6
187	0	0	0	0	-1	7
188	254	255	1	10.05	-3	4.68421052631579
189	256	257	6	7.5	-3	5.56395348837209
190	0	0	0	0	-1	7
191	258	259	3	0.415	-3	5.80232558139535
192	260	261	11	9.95	-3	5.45454545454545
193	0	0	0	0	-1	7
194	262	263	6	5	-3	4.92857142857143
195	0	0	0	0	-1	4
196	264	265	7	90.5	-3	5
197	266	267	5	0.087	-3	5
198	268	269	3	0.435	-3	5
199	270	271	9	3.495	-3	5.75
200	272	273	5	0.075	-3	6
201	0	0	0	0	-1	6.33333333333333
202	274	275	2	0.57	-3	7
203	0	0	0	0	-1	6
204	276	277	2	0.6225	-3	6.03333333333333
205	278	279	6	5.5	-3	7
206	280	281	4	3.75	-3	5.55
207	282	283	8	0.9991	-3	6.625
208	0	0	0	0	-1	6
209	0	0	0	0	-1	7
210	0	0	0	0	-1	5
211	284	285	7	13	-3	7
212	0	0	0	0	-1	6
213	0	0	0	0	-1	7
214	286	287	1	9.95	-3	7
215	0	0	0	0	-1	6
216	288	289	7	19.5	-3	6.03448275862069
217	0	0	0	0	-1	7
218	0	0	0	0	-1	6.6
219	290	291	11	13.55	-3	6.98214285714286
220	0	0	0	0	-1	6
221	292	293	4	2.05	-3	5.33333333333333
222	294	295	10	0.61	-3	6.04761904761905
223	296	297	11	12.95	-3	5.76190476190476
224	298	299	4	2.1	-3	7
225	0	0	0	0	-1	7
226	0	0	0	0	-1	6
227	300	301	7	61.5	-3	6
228	0	0	0	0	-1	4
229	302	303	11	9.55	-3	4.9622641509434
230	304	305	4	1.75	-3	6
231	0	0	0	0	-1	5
232	306	307	3	0.225	-3	4.75
233	308	309	11	9.05	-3	5.11675126903553
234	0	0	0	0	-1	6
235	310	311	1	0	-3	5
236	0	0	0	0	-1	5.75
237	312	313	2	0.595	-3	5.09230769230769
238	314	315	6	22	-3	5.55454545454545
239	316	317	4	2.05	-3	5.27659574468085
240	318	319	8	0.996685	-3	5.92307692307692
241	320	321	7	83	-3	5.6
242	0	0	0	0	-1	6
243	322	323	9	3.675	-3	5
244	324	325	7	0	-3	5
245	0	0	0	0	-1	5
246	326	327	2	0.395	-3	5
247	0	0	0	0	-1	5
248	0	0	0	0	-1	5
249	0	0	0	0	-1	5
250	0	0	0	0	-1	6
251	328	329	1	11.3	-3	6
252	0	0	0	0	-1	7
253	0	0	0	0	-1	7
254	330	331	4	2.55	-3	4.52941176470588
255	0	0	0	0	-1	6
256	332	333	3	0.23	-3	5.26666666666667
257	334	335	4	5.75	-3	5.62676056338028
258	336	337	1	6.9	-3	5.86153846153846
259	338	339	3	0.425	-3	5.61904761904762
260	0	0	0	0	-1	6
261	340	341	2	0.8575	-3	5.14285714285714
262	0	0	0	0	-1	4
263	342	343	7	16.5	-3	5.08333333333333
264	0	0	0	0	-1	5
265	0	0	0	0	-1	5
266	344	345	6	39	-3	5
267	0	0	0	0	-1	5
268	346	347	6	14.5	-3	4.88888888888889
269	0	0	0	0	-1	6
270	348	349	1	18.5	-3	6
271	350	351	6	28.5	-3	5.16666666666667
272	352	353	11	0.99503	-3	6
273	0	0	0	0	-1	6
274	354	355	3	0.235	-3	7
275	0	0	0	0	-1	7
276	356	357	5	0.0735	-3	6.12727272727273
277	0	0	0	0	-1	5
278	0	0	0	0	-1	8
279	358	359	4	3.675	-3	6.84615384615385
280	360	361	7	21	-3	5.91666666666667
281	0	0	0	0	-1	5
282	0	0	0	0	-1	7
283	0	0	0	0	-1	6.4
284	0	0	0	0	-1	7
285	0	0	0	0	-1	7
286	362	363	8	0.990355	-3	6.88888888888889
287	0	0	0	0	-1	8
288	364	365	5	0.0975	-3	6.16666666666667
289	366	367	6	15.5	-3	6
290	368	369	2	0.535	-3	7
291	0	0	0	0	-1	6
292	0	0	0	0	-1	6
293	370	371	7	13.5	-3	5
294	372	373	1	7.95	-3	6
295	0	0	0	0	-1	6.33333333333333
296	374	375	10	0.56	-3	5.88888888888889
297	0	0	0	0	-1	5
298	0	0	0	0	-1	7
299	0	0	0	0	-1	7
300	0	0	0	0	-1	6
301	0	0	0	0	-1	6
302	376	377	6	10	-3	5.05405405405405
303	378	379	7	14.5	-3	4.75
304	0	0	0	0	-1	6
305	0	0	0	0	-1	6
306	0	0	0	0	-1	4
307	380	381	5	0.0795	-3	5
308	382	383	7	32	-3	5.5
309	384	385	3	0.37	-3	5.1005291005291
310	0	0	0	0	-1	5
311	386	387	4	0	-3	5
312	388	389	2	0.57	-3	5.20588235294118
313	390	391	8	0.99705	-3	4.96774193548387
314	392	393	8	0.99754	-3	5.6195652173913
315	394	395	3	0.245	-3	5.22222222222222
316	396	397	9	3.225	-3	5.44827586206897
317	398	399	9	0	-3	5
318	0	0	0	0	-1	5.66666666666667
319	0	0	0	0	-1	6
320	400	401	10	0.615	-3	6
321	402	403	3	0.41	-3	5.14285714285714
322	404	405	7	0.996995	-3	5
323	0	0	0	0	-1	5
324	0	0	0	0	-1	6
325	406	407	6	19.5	-3	5
326	0	0	0	0	-1	5
327	408	409	8	0	-3	5
328	0	0	0	0	-1	6
329	0	0	0	0	-1	6
330	410	411	2	0.4	-3	4.33333333333333
331	0	0	0	0	-1	5
332	412	413	10	0.605	-3	5.77777777777778
333	414	415	6	4.5	-3	5.04761904761905
334	416	417	4	1.4	-3	5.60714285714286
335	0	0	0	0	-1	7
336	418	419	5	0.0705	-3	5.59375
337	420	421	2	0.405	-3	5.94897959183674
338	0	0	0	0	-1	3
339	422	423	4	2.75	-3	5.68292682926829
340	0	0	0	0	-1	6
341	424	425	1	8.1	-3	5
342	0	0	0	0	-1	5.33333333333333
343	426	427	10	0.9968	-3	5
344	428	429	3	0	-3	5
345	0	0	0	0	-1	5
346	0	0	0	0	-1	5
347	0	0	0	0	-1	4.66666666666667
348	430	431	1	6.55	-3	6
349	0	0	0	0	-1	6
350	0	0	0	0	-1	5
351	0	0	0	0	-1	6
352	0	0	0	0	-1	6
353	432	433	5	0.0725	-3	6
354	0	0	0	0	-1	7
355	0	0	0	0	-1	7
356	434	435	8	0.99394	-3	6.47368421052632
357	436	437	5	0.1035	-3	5.94444444444444
358	0	0	0	0	-1	7
359	0	0	0	0	-1	6
360	0	0	0	0	-1	5
361	438	439	2	0.34	-3	6.1
362	0	0	0	0	-1	6
363	440	441	3	0.31	-3	7
364	0	0	0	0	-1	7
365	0	0	0	0	-1	6
366	442	443	7	29.5	-3	6
367	0	0	0	0	-1	6
368	444	445	9	3.155	-3	6.98148148148148
369	0	0	0	0	-1	8
370	0	0	0	0	-1	5
371	0	0	0	0	-1	5
372	446	447	5	0.045	-3	6
373	0	0	0	0	-1	6
374	0	0	0	0	-1	5
375	448	449	7	56	-3	6
376	450	451	1	7.75	-3	5.15384615384615
377	452	453	2	0.645	-3	5
378	0	0	0	0	-1	4.25
379	454	455	1	7.8	-3	4.91666666666667
380	0	0	0	0	-1	5
381	0	0	0	0	-1	5
382	0	0	0	0	-1	4.5
383	456	457	3	0.55	-3	5.83333333333333
384	458	459	8	0.9941	-3	5.1437908496732
385	460	461	11	9.55	-3	4.91666666666667
386	0	0	0	0	-1	6
387	0	0	0	0	-1	5
388	462	463	5	0.4145	-3	5.06896551724138
389	0	0	0	0	-1	6
390	464	465	11	9.7	-3	5
391	466	467	11	9.15	-3	4.91666666666667
392	468	469	1	6.55	-3	5.53030303030303
393	470	471	6	19.5	-3	5.84615384615385
394	472	473	10	0.75	-3	5.125
395	0	0	0	0	-1	6
396	0	0	0	0	-1	6
397	474	475	5	0.164	-3	5.36
398	0	0	0	0	-1	6
399	0	0	0	0	-1	5
400	0	0	0	0	-1	6
401	476	477	2	0	-3	6
402	478	479	10	0.59	-3	5.33333333333333
403	0	0	0	0	-1	4
404	0	0	0	0	-1	3
405	480	481	2	0.455	-3	5
406	0	0	0	0	-1	5
407	0	0	0	0	-1	5
408	0	0	0	0	-1	5
409	0	0	0	0	-1	5
410	0	0	0	0	-1	5
411	482	483	6	4.5	-3	4.2
412	0	0	0	0	-1	6
413	0	0	0	0	-1	5
414	0	0	0	0	-1	5.25
415	484	485	8	0.99721	-3	5
416	0	0	0	0	-1	7
417	486	487	7	34.5	-3	5.58695652173913
418	488	489	5	0.0675	-3	5.9375
419	490	491	2	0.515	-3	5.25
420	492	493	4	4.3	-3	6.26315789473684
421	494	495	4	5.55	-3	5.87341772151899
422	496	497	10	0.845	-3	5.46428571428571
423	498	499	9	3.12	-3	6.15384615384615
424	0	0	0	0	-1	5
425	0	0	0	0	-1	5
426	500	501	3	0.09	-3	5
427	0	0	0	0	-1	5
428	0	0	0	0	-1	6
429	502	503	2	0.665	-3	5
430	0	0	0	0	-1	6
431	504	505	5	0.107	-3	6
432	0	0	0	0	-1	6
433	0	0	0	0	-1	6
434	0	0	0	0	-1	5
435	506	507	1	8.8	-3	6.64705882352941
436	508	509	9	3.145	-3	6.03703703703704
437	510	511	2	0.43	-3	5.66666666666667
438	0	0	0	0	-1	7
439	512	513	11	11.4	-3	6
440	0	0	0	0	-1	7
441	0	0	0	0	-1	7
442	514	515	2	0.405	-3	6
443	516	517	8	0.9932	-3	6
444	0	0	0	0	-1	7.5
445	518	519	5	0.04	-3	6.94
446	0	0	0	0	-1	6
447	0	0	0	0	-1	6
448	520	521	8	0.993745	-3	6
449	0	0	0	0	-1	6
450	522	523	2	0.6825	-3	5
451	0	0	0	0	-1	7
452	524	525	7	0	-3	5
453	0	0	0	0	-1	5
454	0	0	0	0	-1	5
455	0	0	0	0	-1	4.66666666666667
456	0	0	0	0	-1	6
457	0	0	0	0	-1	5
458	0	0	0	0	-1	4
459	526	527	2	0.7875	-3	5.15131578947368
460	528	529	11	9.45	-3	5
461	530	531	5	0.0745	-3	4.75
462	532	533	8	0.99655	-3	5
463	0	0	0	0	-1	5.5
464	534	535	3	0.53	-3	5
465	536	537	3	0.01	-3	5
466	0	0	0	0	-1	4
467	538	539	4	0	-3	5
468	0	0	0	0	-1	5
469	540	541	10	0.715	-3	5.56451612903226
470	542	543	10	0.63	-3	5.88
471	0	0	0	0	-1	5
472	544	545	11	0	-3	5
473	0	0	0	0	-1	6
474	546	547	11	9.45	-3	5.30434782608696
475	0	0	0	0	-1	6
476	0	0	0	0	-1	6
477	548	549	3	0.365	-3	6
478	0	0	0	0	-1	6
479	0	0	0	0	-1	5.2
480	0	0	0	0	-1	5
481	0	0	0	0	-1	5
482	0	0	0	0	-1	4.66666666666667
483	550	551	3	0.015	-3	4
484	0	0	0	0	-1	5
485	0	0	0	0	-1	5
486	552	553	10	0.485	-3	5.80434782608696
487	554	555	11	10.05	-3	5.47826086956522
488	556	557	9	3.585	-3	5.85714285714286
489	0	0	0	0	-1	6.5
490	558	559	2	0.365	-3	5.57142857142857
491	560	561	1	4.3	-3	5
492	562	563	1	9.45	-3	6.06666666666667
493	0	0	0	0	-1	7
494	564	565	10	1.09	-3	5.85897435897436
495	0	0	0	0	-1	7
496	566	567	4	2.1	-3	5.65
497	568	569	2	0.51	-3	5
498	570	571	9	3.075	-3	6
499	0	0	0	0	-1	6.4
500	0	0	0	0	-1	5
501	0	0	0	0	-1	5
502	0	0	0	0	-1	5
503	572	573	2	0.8875	-3	5
504	574	575	1	0	-3	6
505	0	0	0	0	-1	6
506	576	577	5	0.053	-3	6.28571428571429
507	578	579	2	0.365	-3	6.9
508	0	0	0	0	-1	6.5
509	580	581	1	0	-3	6
510	0	0	0	0	-1	6
511	0	0	0	0	-1	5.25
512	582	583	8	0.999095	-3	6
513	0	0	0	0	-1	6
514	0	0	0	0	-1	6
515	0	0	0	0	-1	6
516	0	0	0	0	-1	6
517	584	585	5	0.0675	-3	6
518	0	0	0	0	-1	6
519	586	587	8	0.99629	-3	6.95918367346939
520	0	0	0	0	-1	6
521	588	589	2	0.47	-3	6
522	590	591	9	3.37	-3	5
523	0	0	0	0	-1	5
524	0	0	0	0	-1	5
525	592	593	6	39	-3	5
526	594	595	2	0.7825	-3	5.17391304347826
527	596	597	4	2.05	-3	4.92857142857143
528	598	599	1	7.9	-3	5
529	600	601	7	0	-3	5
530	0	0	0	0	-1	4
531	602	603	1	9.3	-3	5
532	604	605	4	0	-3	5
533	606	607	3	31.5	-3	5
534	608	609	5	0	-3	5
535	0	0	0	0	-1	5
536	0	0	0	0	-1	5
537	610	611	1	0	-3	5
538	0	0	0	0	-1	6
539	612	613	4	2.9	-3	5
540	614	615	4	2.6	-3	5.62745098039216
541	616	617	6	7	-3	5.27272727272727
542	618	619	6	12.5	-3	5.57142857142857
543	0	0	0	0	-1	6
544	0	0	0	0	-1	5
545	620	621	8	0.99615	-3	5
546	622	623	6	11	-3	5
547	624	625	7	19.5	-3	5.63636363636364
548	0	0	0	0	-1	6
549	0	0	0	0	-1	6
550	0	0	0	0	-1	4
551	0	0	0	0	-1	4
552	0	0	0	0	-1	5
553	626	627	7	18.5	-3	5.88095238095238
554	628	629	8	0.996825	-3	5.125
555	630	631	5	0.072	-3	5.55263157894737
556	632	633	5	0.065	-3	5.92307692307692
557	0	0	0	0	-1	5
558	0	0	0	0	-1	5
559	0	0	0	0	-1	6
560	0	0	0	0	-1	5
561	634	635	7	26.5	-3	5
562	636	637	1	7.35	-3	5.91666666666667
563	0	0	0	0	-1	6.66666666666667
564	638	639	4	2.05	-3	5.88157894736842
565	0	0	0	0	-1	5
566	640	641	11	9.95	-3	6.25
567	642	643	10	0.755	-3	5.25
568	0	0	0	0	-1	5
569	644	645	5	0	-3	5
570	646	647	11	10.4	-3	6
571	0	0	0	0	-1	6
572	0	0	0	0	-1	5
573	0	0	0	0	-1	5
574	0	0	0	0	-1	5
575	648	649	5	0.071	-3	6
576	0	0	0	0	-1	7
577	650	651	3	0.335	-3	6.16666666666667
578	652	653	3	0.38	-3	7
579	0	0	0	0	-1	6.5
580	0	0	0	0	-1	5
581	654	655	6	14.5	-3	6
582	0	0	0	0	-1	6
583	0	0	0	0	-1	6
584	0	0	0	0	-1	6
585	656	657	3	0.21	-3	6
586	658	659	6	40	-3	7
587	660	661	4	2.3	-3	6.85714285714286
588	0	0	0	0	-1	6
589	0	0	0	0	-1	6
590	0	0	0	0	-1	5
591	0	0	0	0	-1	5
592	662	663	4	0	-3	5
593	0	0	0	0	-1	5
594	664	665	6	22.5	-3	5.15555555555556
595	0	0	0	0	-1	6
596	0	0	0	0	-1	4.66666666666667
597	666	667	9	7.75	-3	5
598	0	0	0	0	-1	5
599	668	669	9	0	-3	5
600	0	0	0	0	-1	6
601	670	671	10	0.475	-3	5
602	0	0	0	0	-1	5
603	672	673	1	0	-3	5
604	0	0	0	0	-1	6
605	674	675	5	0.105	-3	5
606	676	677	4	3.15	-3	5
607	0	0	0	0	-1	5
608	0	0	0	0	-1	6
609	678	679	3	0.25	-3	5
610	0	0	0	0	-1	6
611	680	681	7	112	-3	5
612	0	0	0	0	-1	5
613	682	683	7	0	-3	5
614	684	685	2	0.59	-3	5.66666666666667
615	0	0	0	0	-1	5
616	0	0	0	0	-1	6
617	686	687	11	9.4	-3	5
618	0	0	0	0	-1	5.8
619	0	0	0	0	-1	5
620	0	0	0	0	-1	5
621	688	689	8	0	-3	5
622	0	0	0	0	-1	5
623	0	0	0	0	-1	5
624	0	0	0	0	-1	5
625	690	691	1	8.5	-3	5.875
626	692	693	9	3.335	-3	6.28571428571429
627	694	695	7	27.5	-3	5.8
628	696	697	6	22	-3	4.92307692307692
629	0	0	0	0	-1	6
630	698	699	2	0.63	-3	5.1
631	700	701	2	0.545	-3	5.62121212121212
632	702	703	3	0.085	-3	6
633	0	0	0	0	-1	5.66666666666667
634	0	0	0	0	-1	5
635	704	705	5	0	-3	5
636	0	0	0	0	-1	5
637	706	707	11	10.25	-3	6
638	708	709	8	0.99624	-3	5.75757575757576
639	710	711	5	0.0965	-3	5.97674418604651
640	0	0	0	0	-1	7
641	712	713	3	0.565	-3	6
642	714	715	6	10	-3	5
643	0	0	0	0	-1	6
644	0	0	0	0	-1	5
645	716	717	3	0.52	-3	5
646	0	0	0	0	-1	6
647	0	0	0	0	-1	6
648	0	0	0	0	-1	6
649	0	0	0	0	-1	6
650	0	0	0	0	-1	6
651	0	0	0	0	-1	6.5
652	0	0	0	0	-1	7
653	718	719	8	0.994825	-3	7
654	720	721	5	0.083	-3	6
655	722	723	10	0.77	-3	6
656	0	0	0	0	-1	6
657	724	725	10	0.9978	-3	6
658	726	727	4	4.9	-3	7
659	0	0	0	0	-1	7
660	0	0	0	0	-1	6
661	728	729	1	9.65	-3	7
662	0	0	0	0	-1	6
663	730	731	4	1.95	-3	5
664	732	733	6	20.5	-3	5.21348314606742
665	734	735	7	47.5	-3	5.04347826086957
666	736	737	10	0.45	-3	5
667	0	0	0	0	-1	5
668	0	0	0	0	-1	6
669	738	739	7	43	-3	5
670	0	0	0	0	-1	5
671	740	741	10	0.505	-3	5
672	0	0	0	0	-1	5
673	742	743	8	0.99915	-3	5
674	0	0	0	0	-1	5
675	0	0	0	0	-1	5
676	744	745	5	0.3775	-3	5
677	0	0	0	0	-1	5
678	0	0	0	0	-1	5
679	0	0	0	0	-1	5
680	746	747	3	0	-3	5
681	0	0	0	0	-1	5
682	0	0	0	0	-1	5
683	748	749	2	0	-3	5
684	750	751	7	34.5	-3	5.86363636363636
685	752	753	7	24	-3	5.5
686	0	0	0	0	-1	5
687	0	0	0	0	-1	5
688	0	0	0	0	-1	6
689	754	755	3	0.07	-3	5
690	756	757	4	1.55	-3	6
691	0	0	0	0	-1	5
692	0	0	0	0	-1	7
693	0	0	0	0	-1	6
694	758	759	7	22.5	-3	5.53846153846154
695	760	761	2	0.565	-3	5.95454545454545
696	762	763	4	0	-3	5
697	0	0	0	0	-1	4.5
698	764	765	10	0.99589	-3	5
699	0	0	0	0	-1	6
700	766	767	7	60	-3	5.42105263157895
701	768	769	6	27.5	-3	5.89285714285714
702	0	0	0	0	-1	6
703	0	0	0	0	-1	6
704	0	0	0	0	-1	6
705	770	771	9	6	-3	5
706	0	0	0	0	-1	6
707	772	773	2	0.375	-3	6
708	774	775	2	0.545	-3	6.07692307692308
709	776	777	8	0.99698	-3	5.55
710	778	779	3	0.395	-3	6.14814814814815
711	780	781	7	60	-3	5.6875
712	0	0	0	0	-1	6
713	0	0	0	0	-1	6
714	782	783	7	0	-3	5
715	0	0	0	0	-1	5
716	0	0	0	0	-1	5
717	0	0	0	0	-1	5
718	0	0	0	0	-1	7
719	0	0	0	0	-1	7
720	0	0	0	0	-1	6
721	784	785	1	7.75	-3	6
722	786	787	9	3.235	-3	6
723	0	0	0	0	-1	6
724	788	789	2	0.395	-3	6
725	0	0	0	0	-1	6
726	790	791	11	0	-3	7
727	0	0	0	0	-1	7
728	0	0	0	0	-1	7
729	792	793	5	0.073	-3	7
730	0	0	0	0	-1	5
731	0	0	0	0	-1	5
732	794	795	3	0.065	-3	5.16049382716049
733	796	797	2	0.565	-3	5.75
734	0	0	0	0	-1	6
735	798	799	11	9.55	-3	5.02222222222222
736	0	0	0	0	-1	5
737	800	801	1	8.5	-3	5
738	0	0	0	0	-1	5
739	0	0	0	0	-1	5
740	0	0	0	0	-1	5
741	802	803	8	0	-3	5
742	0	0	0	0	-1	5
743	0	0	0	0	-1	5
744	804	805	9	2.15	-3	5
745	0	0	0	0	-1	5
746	0	0	0	0	-1	6
747	0	0	0	0	-1	5
748	0	0	0	0	-1	5
749	0	0	0	0	-1	5
750	806	807	1	7.75	-3	5.69230769230769
751	808	809	4	2.05	-3	6.11111111111111
752	810	811	1	7.05	-3	5.22222222222222
753	812	813	4	2.2	-3	5.64705882352941
754	0	0	0	0	-1	5
755	0	0	0	0	-1	5
756	0	0	0	0	-1	6
757	0	0	0	0	-1	6
758	814	815	8	0.99558	-3	5.85714285714286
759	816	817	7	26.5	-3	5.16666666666667
760	0	0	0	0	-1	6
761	818	819	10	0.605	-3	5.875
762	0	0	0	0	-1	5
763	820	821	8	0.99466	-3	5
764	822	823	11	0.495	-3	5
765	0	0	0	0	-1	5
766	824	825	10	0.585	-3	5.25
767	826	827	9	3.355	-3	5.9
768	828	829	8	0.9952	-3	5.92307692307692
769	0	0	0	0	-1	5.5
770	0	0	0	0	-1	5
771	0	0	0	0	-1	5
772	0	0	0	0	-1	6
773	0	0	0	0	-1	6
774	0	0	0	0	-1	6
775	830	831	4	1.8	-3	6.16666666666667
776	832	833	2	0.49	-3	5
777	834	835	7	49.5	-3	5.91666666666667
778	836	837	5	0.063	-3	6.08
779	0	0	0	0	-1	7
780	838	839	2	0.495	-3	5.5
781	840	841	6	22	-3	6
782	0	0	0	0	-1	7
783	842	843	11	0.68	-3	5
784	0	0	0	0	-1	6
785	0	0	0	0	-1	6
786	844	845	8	0.99584	-3	6
787	0	0	0	0	-1	6
788	0	0	0	0	-1	6
789	0	0	0	0	-1	6
790	0	0	0	0	-1	6
791	846	847	7	9.5	-3	7
792	0	0	0	0	-1	7
793	848	849	11	11.85	-3	7
794	850	851	8	0.996805	-3	5.42857142857143
795	852	853	10	0.565	-3	5.13513513513514
796	0	0	0	0	-1	5.33333333333333
797	0	0	0	0	-1	6
798	854	855	6	34.5	-3	5
799	856	857	9	3.245	-3	5.14285714285714
800	858	859	4	0	-3	5
801	0	0	0	0	-1	5
802	0	0	0	0	-1	6
803	0	0	0	0	-1	5
804	0	0	0	0	-1	5
805	860	861	11	9.45	-3	5
806	862	863	3	0.22	-3	5.42857142857143
807	864	865	4	7.9	-3	6
808	0	0	0	0	-1	7
809	866	867	7	0	-3	6
810	0	0	0	0	-1	6
811	868	869	6	3.5	-3	5.125
812	870	871	8	0.99734	-3	5.73333333333333
813	0	0	0	0	-1	5
814	0	0	0	0	-1	5
815	872	873	10	0.565	-3	6
816	0	0	0	0	-1	5
817	0	0	0	0	-1	5.5
818	874	875	7	0	-3	6
819	0	0	0	0	-1	5
820	0	0	0	0	-1	5
821	876	877	8	0	-3	5
822	0	0	0	0	-1	6
823	878	879	1	0	-3	5
824	880	881	4	3.15	-3	5.11111111111111
825	882	883	2	0.385	-3	5.5
826	0	0	0	0	-1	5
827	884	885	10	0	-3	6
828	0	0	0	0	-1	5
829	886	887	7	56.5	-3	5.96
830	0	0	0	0	-1	7
831	0	0	0	0	-1	6
832	0	0	0	0	-1	5
833	888	889	9	0	-3	5
834	890	891	10	0.64	-3	6
835	0	0	0	0	-1	5
836	0	0	0	0	-1	7
837	892	893	9	3.475	-3	6.04166666666667
838	0	0	0	0	-1	5.75
839	894	895	9	3.26	-3	5.33333333333333
840	0	0	0	0	-1	6
841	0	0	0	0	-1	6
842	0	0	0	0	-1	5
843	0	0	0	0	-1	5
844	0	0	0	0	-1	6
845	0	0	0	0	-1	6
846	0	0	0	0	-1	7
847	896	897	9	0	-3	7
848	0	0	0	0	-1	7
849	0	0	0	0	-1	7
850	0	0	0	0	-1	5.75
851	0	0	0	0	-1	5
852	898	899	2	0.71	-3	5.15625
853	900	901	1	6.85	-3	5
854	902	903	2	0.5	-3	5
855	904	905	4	1.9	-3	5
856	0	0	0	0	-1	5
857	0	0	0	0	-1	5.33333333333333
858	0	0	0	0	-1	5
859	0	0	0	0	-1	5
860	0	0	0	0	-1	5
861	0	0	0	0	-1	5
862	0	0	0	0	-1	5.75
863	0	0	0	0	-1	5
864	0	0	0	0	-1	6
865	0	0	0	0	-1	6
866	0	0	0	0	-1	5
867	906	907	2	0	-3	6
868	0	0	0	0	-1	6
869	908	909	9	0	-3	5
870	910	911	6	15.5	-3	5.84615384615385
871	0	0	0	0	-1	5
872	0	0	0	0	-1	6
873	0	0	0	0	-1	6
874	0	0	0	0	-1	6
875	912	913	2	0.7475	-3	6
876	0	0	0	0	-1	5
877	914	915	5	0.0745	-3	5
878	0	0	0	0	-1	7
879	916	917	1	7.35	-3	5
880	918	919	8	0.9965	-3	5.05882352941176
881	0	0	0	0	-1	6
882	0	0	0	0	-1	5
883	0	0	0	0	-1	6
884	0	0	0	0	-1	5
885	920	921	4	2.35	-3	6
886	0	0	0	0	-1	6
887	0	0	0	0	-1	5.8
888	0	0	0	0	-1	7
889	0	0	0	0	-1	5
890	0	0	0	0	-1	6
891	922	923	6	10	-3	6
892	924	925	10	0.815	-3	6
893	0	0	0	0	-1	7
894	0	0	0	0	-1	5
895	0	0	0	0	-1	5.66666666666667
896	0	0	0	0	-1	7
897	926	927	1	0	-3	7
898	928	929	9	3.285	-3	5.10909090909091
899	930	931	3	0.165	-3	5.44444444444444
900	0	0	0	0	-1	5
901	932	933	11	0	-3	5
902	934	935	11	9.15	-3	5
903	936	937	10	0.545	-3	5
904	0	0	0	0	-1	5
905	938	939	8	0	-3	5
906	0	0	0	0	-1	5
907	940	941	4	2.45	-3	6
908	0	0	0	0	-1	4
909	942	943	9	3.38	-3	5
910	944	945	5	0.0745	-3	5.91666666666667
911	0	0	0	0	-1	5
912	0	0	0	0	-1	6
913	0	0	0	0	-1	6
914	0	0	0	0	-1	5
915	0	0	0	0	-1	5
916	0	0	0	0	-1	5
917	0	0	0	0	-1	5
918	946	947	10	0.555	-3	5.16666666666667
919	948	949	10	0.565	-3	5
920	0	0	0	0	-1	6
921	950	951	5	0.082	-3	6
922	0	0	0	0	-1	6
923	0	0	0	0	-1	6
924	952	953	2	0.415	-3	5.94736842105263
925	0	0	0	0	-1	6.25
926	0	0	0	0	-1	6
927	0	0	0	0	-1	7
928	954	955	3	0.23	-3	5
929	956	957	8	0.998455	-3	5.16666666666667
930	0	0	0	0	-1	5
931	958	959	11	9.45	-3	5.66666666666667
932	0	0	0	0	-1	5
933	960	961	11	9.55	-3	5
934	0	0	0	0	-1	5
935	962	963	7	0	-3	5
936	964	965	8	0	-3	5
937	966	967	8	0	-3	5
938	0	0	0	0	-1	6
939	968	969	11	9.45	-3	5
940	0	0	0	0	-1	6
941	0	0	0	0	-1	6
942	0	0	0	0	-1	5
943	0	0	0	0	-1	5
944	970	971	7	32.5	-3	5.83333333333333
945	972	973	5	0.088	-3	6
946	0	0	0	0	-1	5
947	0	0	0	0	-1	6
948	974	975	6	0	-3	5
949	0	0	0	0	-1	5
950	0	0	0	0	-1	6
951	0	0	0	0	-1	6
952	0	0	0	0	-1	5
953	976	977	1	8.65	-3	6
954	978	979	11	9.35	-3	5
955	980	981	5	0	-3	5
956	982	983	8	0.996125	-3	5.14285714285714
957	0	0	0	0	-1	6
958	0	0	0	0	-1	5
959	0	0	0	0	-1	6
960	984	985	1	0	-3	5
961	0	0	0	0	-1	5
962	0	0	0	0	-1	6
963	986	987	11	0.087	-3	5
964	0	0	0	0	-1	4
965	988	989	2	0.695	-3	5
966	0	0	0	0	-1	6
967	0	0	0	0	-1	5
968	0	0	0	0	-1	5
969	0	0	0	0	-1	5
970	0	0	0	0	-1	6
971	0	0	0	0	-1	5
972	0	0	0	0	-1	6
973	0	0	0	0	-1	6
974	0	0	0	0	-1	5
975	0	0	0	0	-1	5
976	0	0	0	0	-1	6
977	990	991	4	2.85	-3	6
978	0	0	0	0	-1	5
979	0	0	0	0	-1	5
980	0	0	0	0	-1	5
981	0	0	0	0	-1	5
982	992	993	11	3.335	-3	5
983	994	995	2	0.525	-3	5.19230769230769
984	0	0	0	0	-1	7
985	996	997	1	0.6	-3	5
986	0	0	0	0	-1	6
987	0	0	0	0	-1	5
988	998	999	1	0	-3	5
989	0	0	0	0	-1	5
990	1000	1001	2	0	-3	6
991	0	0	0	0	-1	6
992	0	0	0	0	-1	6
993	1002	1003	5	0.0955	-3	5
994	0	0	0	0	-1	5.66666666666667
995	1004	1005	10	0.555	-3	5.1304347826087
996	0	0	0	0	-1	7
997	0	0	0	0	-1	5
998	0	0	0	0	-1	6
999	1006	1007	3	0.12	-3	5
1000	0	0	0	0	-1	6
1001	1008	1009	8	0.99818	-3	6
1002	1010	1011	1	0	-3	5
1003	0	0	0	0	-1	5
1004	1012	1013	7	34	-3	5.09090909090909
1005	0	0	0	0	-1	6
1006	0	0	0	0	-1	5
1007	0	0	0	0	-1	5
1008	0	0	0	0	-1	6
1009	0	0	0	0	-1	6
1010	0	0	0	0	-1	5
1011	1014	1015	6	3.325	-3	5
1012	0	0	0	0	-1	5.4
1013	0	0	0	0	-1	5
1014	0	0	0	0	-1	5
1015	0	0	0	0	-1	5
