1	2	3	10	0.585	-3	5.62914321450907
2	4	5	5	0.0675	-3	5.28456591639871
3	6	7	11	10.45	-3	5.84851586489253
4	8	9	2	0.455	-3	5.71910112359551
5	10	11	2	0.6475	-3	5.21200750469043
6	12	13	2	0.5475	-3	5.5098814229249
7	14	15	11	11.55	-3	6.21231422505308
8	16	17	7	10.5	-3	6.29032258064516
9	18	19	2	0.945	-3	5.41379310344828
10	20	21	8	0.99681	-3	5.3342776203966
11	22	23	4	1.3	-3	4.97222222222222
12	24	25	1	11.45	-3	5.69964664310954
13	26	27	7	51	-3	5.26905829596413
14	28	29	1	8.45	-3	5.99667774086379
15	30	31	6	8.5	-3	6.59411764705882
16	32	33	1	1.85	-3	7
17	34	35	8	0.993235	-3	6.08333333333333
18	36	37	1	6.65	-3	5.45614035087719
19	0	0	0	0	-1	3
20	38	39	2	0.335	-3	5.53170731707317
21	40	41	9	3.055	-3	5.06081081081081
22	0	0	0	0	-1	3
23	42	43	4	3.35	-3	4.99438202247191
24	44	45	11	9.95	-3	5.6234309623431
25	46	47	2	0.3125	-3	6.11363636363636
26	48	49	8	0.99825	-3	5.42105263157895
27	50	51	10	1.305	-3	5.11009174311927
28	52	53	5	0.1035	-3	5.81879194630873
29	54	55	3	0.655	-3	6.17105263157895
30	56	57	1	9.55	-3	6.8135593220339
31	58	59	10	0.725	-3	6.47747747747748
32	0	0	0	0	-1	5
33	60	61	5	0.066	-3	7
34	62	63	10	0.52	-3	6.83333333333333
35	64	65	5	0.0585	-3	5.83333333333333
36	66	67	8	0.99469	-3	5.73684210526316
37	68	69	6	10	-3	5.31578947368421
38	70	71	8	0.99486	-3	6.18181818181818
39	72	73	6	23.5	-3	5.49484536082474
40	74	75	7	43	-3	4.54545454545454
41	76	77	11	9.75	-3	5.1021897810219
42	78	79	10	0.465	-3	5.04166666666667
43	80	81	2	0.825	-3	4.79411764705882
44	82	83	1	8.75	-3	5.5
45	84	85	3	0.495	-3	5.94029850746269
46	86	87	1	11.8	-3	6.41176470588235
47	88	89	7	41.5	-3	5.92592592592593
48	90	91	1	6.75	-3	5.31395348837209
49	92	93	7	13	-3	5.75
50	94	95	11	10.3	-3	5.08653846153846
51	0	0	0	0	-1	5.6
52	96	97	11	10.525	-3	5.86428571428571
53	98	99	11	11.15	-3	5.11111111111111
54	100	101	5	0.0925	-3	6.12230215827338
55	102	103	1	11.4	-3	6.69230769230769
56	104	105	8	0.99466	-3	7
57	106	107	11	13.35	-3	6.54166666666667
58	108	109	1	5.7	-3	6.24074074074074
59	110	111	9	3.135	-3	6.70175438596491
60	0	0	0	0	-1	7
61	0	0	0	0	-1	7
62	0	0	0	0	-1	7
63	0	0	0	0	-1	6
64	112	113	9	3.34	-3	5.42857142857143
65	114	115	11	12.15	-3	6.09090909090909
66	116	117	5	0.0565	-3	5.46153846153846
67	118	119	11	11.85	-3	6.33333333333333
68	120	121	7	12.5	-3	5.1
69	122	123	8	0.995325	-3	5.55555555555556
70	0	0	0	0	-1	6.66666666666667
71	0	0	0	0	-1	6
72	124	125	9	3.215	-3	5.5985401459854
73	126	127	11	10.65	-3	5.24561403508772
74	128	129	7	2.6	-3	5
75	0	0	0	0	-1	4
76	130	131	3	0.645	-3	4.96590909090909
77	132	133	9	3.32	-3	5.3469387755102
78	134	135	10	0.455	-3	4.76470588235294
79	136	137	3	0.225	-3	5.07874015748032
80	138	139	2	0.7025	-3	5.07692307692308
81	140	141	3	0.09	-3	3.875
82	142	143	7	35.5	-3	5.63461538461539
83	144	145	4	1.55	-3	5.29411764705882
84	146	147	6	30	-3	5.984375
85	0	0	0	0	-1	5
86	148	149	7	27.5	-3	6
87	150	151	10	0.805	-3	6.77777777777778
88	152	153	7	22	-3	6.11764705882353
89	154	155	6	16	-3	5.6
90	156	157	11	9.875	-3	4.76923076923077
91	158	159	5	0.0805	-3	5.41095890410959
92	0	0	0	0	-1	7
93	160	161	11	8.7	-3	5.7037037037037
94	162	163	2	0.855	-3	5.04040404040404
95	0	0	0	0	-1	6
96	164	165	3	0.23	-3	5.41176470588235
97	166	167	2	0.8825	-3	5.92682926829268
98	168	169	6	12	-3	4.66666666666667
99	0	0	0	0	-1	6
100	170	171	8	0.99985	-3	6.24786324786325
101	172	173	6	12.5	-3	5.45454545454545
102	0	0	0	0	-1	5.66666666666667
103	174	175	2	0	-3	7
104	176	177	7	15.5	-3	7.22222222222222
105	178	179	11	12.35	-3	6.76470588235294
106	180	181	2	0.41	-3	6.47826086956522
107	0	0	0	0	-1	8
108	182	183	6	21	-3	6.88888888888889
109	184	185	6	35.5	-3	6.11111111111111
110	0	0	0	0	-1	5.66666666666667
111	186	187	9	3.715	-3	6.75925925925926
112	0	0	0	0	-1	4.66666666666667
113	0	0	0	0	-1	6
114	188	189	7	8.5	-3	6
115	0	0	0	0	-1	7
116	190	191	8	0.99408	-3	5.83333333333333
117	192	193	7	27	-3	5.14285714285714
118	0	0	0	0	-1	6
119	0	0	0	0	-1	7
120	194	195	11	12.15	-3	5.66666666666667
121	196	197	3	0.04	-3	4.85714285714286
122	198	199	2	0.6825	-3	6.14285714285714
123	200	201	6	32.5	-3	5.18181818181818
124	202	203	5	0.074	-3	5.26086956521739
125	204	205	10	0.525	-3	5.66666666666667
126	206	207	9	3.36	-3	5.125
127	208	209	8	0.99419	-3	5.88888888888889
128	0	0	0	0	-1	6
129	0	0	0	0	-1	5
130	210	211	3	0.03	-3	4.98850574712644
131	0	0	0	0	-1	3
132	212	213	4	3.2	-3	5.5
133	214	215	3	0.465	-3	4.81818181818182
134	216	217	2	0.8375	-3	5.11111111111111
135	218	219	11	9.8	-3	4.375
136	220	221	9	3.585	-3	5.11650485436893
137	222	223	11	9.3	-3	4.91666666666667
138	0	0	0	0	-1	4.66666666666667
139	224	225	8	0.996595	-3	5.1304347826087
140	226	227	8	0.99754	-3	3.5
141	0	0	0	0	-1	5
142	228	229	10	0.98	-3	5.95454545454546
143	230	231	2	0.405	-3	5.4
144	0	0	0	0	-1	3
145	232	233	3	0.315	-3	5.36363636363636
146	234	235	8	0.995505	-3	5.80851063829787
147	236	237	4	2.2	-3	6.47058823529412
148	238	239	5	0	-3	6
149	0	0	0	0	-1	6
150	0	0	0	0	-1	6.25
151	0	0	0	0	-1	7.2
152	240	241	8	0.99745	-3	5.8
153	242	243	11	9.6	-3	6.57142857142857
154	0	0	0	0	-1	5
155	244	245	8	0.9986	-3	5.85714285714286
156	246	247	2	0.6275	-3	5
157	0	0	0	0	-1	4.4
158	248	249	4	1.45	-3	5.2
159	250	251	11	9.65	-3	5.75
160	0	0	0	0	-1	3
161	252	253	4	4.45	-3	5.80769230769231
162	254	255	8	0.99732	-3	5.08888888888889
163	256	257	9	3.3	-3	4.55555555555556
164	0	0	0	0	-1	6.2
165	258	259	6	11.5	-3	5.08333333333333
166	260	261	6	20.5	-3	5.96638655462185
167	0	0	0	0	-1	4.75
168	0	0	0	0	-1	5
169	0	0	0	0	-1	4
170	262	263	9	3.285	-3	6.36734693877551
171	264	265	5	0.067	-3	5.63157894736842
172	266	267	3	0.255	-3	4.9
173	268	269	5	0.0965	-3	5.91666666666667
174	0	0	0	0	-1	5
175	270	271	8	0.9986	-3	7
176	272	273	1	0	-3	7
177	0	0	0	0	-1	7.8
178	0	0	0	0	-1	7
179	0	0	0	0	-1	6.2
180	274	275	11	12.3	-3	7.16666666666667
181	276	277	9	3.1	-3	6.23529411764706
182	0	0	0	0	-1	7
183	0	0	0	0	-1	6.8
184	278	279	5	0.0695	-3	6.06818181818182
185	0	0	0	0	-1	8
186	280	281	3	0.335	-3	6.73584905660377
187	0	0	0	0	-1	8
188	0	0	0	0	-1	7
189	282	283	6	11.5	-3	6
190	0	0	0	0	-1	6
191	0	0	0	0	-1	5
192	0	0	0	0	-1	5
193	0	0	0	0	-1	5.33333333333333
194	0	0	0	0	-1	5.8
195	0	0	0	0	-1	5
196	0	0	0	0	-1	4
197	284	285	3	0.21	-3	5
198	0	0	0	0	-1	7
199	286	287	7	45	-3	6
200	288	289	4	3.1	-3	5.1
201	0	0	0	0	-1	6
202	0	0	0	0	-1	6
203	290	291	11	10.1	-3	5.10526315789474
204	292	293	5	0.0845	-3	5.28125
205	294	295	4	1.65	-3	5.81707317073171
206	296	297	8	0.996735	-3	5.05
207	298	299	9	3.405	-3	5.5
208	0	0	0	0	-1	5
209	300	301	1	6.75	-3	6
210	0	0	0	0	-1	6
211	302	303	6	17.5	-3	4.95238095238095
212	304	305	3	0.26	-3	5.28571428571429
213	306	307	3	0.57	-3	5.76470588235294
214	308	309	9	3.355	-3	4.9
215	0	0	0	0	-1	4
216	310	311	2	0.7025	-3	5
217	0	0	0	0	-1	6
218	0	0	0	0	-1	4
219	0	0	0	0	-1	5
220	312	313	5	0.071	-3	5.0990099009901
221	0	0	0	0	-1	6
222	314	315	7	86	-3	4.33333333333333
223	316	317	10	0.56	-3	5.11111111111111
224	0	0	0	0	-1	5.4
225	318	319	3	0.195	-3	5.05555555555556
226	0	0	0	0	-1	4
227	0	0	0	0	-1	3
228	320	321	5	0.065	-3	5.97674418604651
229	0	0	0	0	-1	5
230	322	323	1	8.1	-3	5.86666666666667
231	324	325	11	9.25	-3	5.24444444444444
232	0	0	0	0	-1	6
233	326	327	11	9.75	-3	5.32258064516129
234	0	0	0	0	-1	6.66666666666667
235	328	329	1	7.85	-3	5.75
236	330	331	8	0.997485	-3	7
237	0	0	0	0	-1	6
238	0	0	0	0	-1	6
239	0	0	0	0	-1	6
240	0	0	0	0	-1	5
241	332	333	10	0.845	-3	5.88888888888889
242	0	0	0	0	-1	6
243	0	0	0	0	-1	6.8
244	0	0	0	0	-1	5
245	334	335	5	0.076	-3	6
246	336	337	7	0	-3	5
247	0	0	0	0	-1	5
248	0	0	0	0	-1	4
249	338	339	10	0.615	-3	5.28571428571429
250	340	341	10	0.605	-3	5.11111111111111
251	342	343	9	3.48	-3	6.05263157894737
252	344	345	9	3.34	-3	5.76
253	0	0	0	0	-1	7
254	346	347	8	0.99715	-3	4.95744680851064
255	348	349	6	19.5	-3	5.23255813953488
256	0	0	0	0	-1	5
257	0	0	0	0	-1	4
258	0	0	0	0	-1	5.33333333333333
259	0	0	0	0	-1	5
260	350	351	9	3.6	-3	6.0945945945946
261	352	353	4	1.95	-3	5.75555555555556
262	354	355	1	10.05	-3	6.23809523809524
263	356	357	4	2.4	-3	6.6
264	0	0	0	0	-1	5
265	358	359	6	24	-3	5.85714285714286
266	0	0	0	0	-1	4
267	360	361	7	11	-3	5.125
268	0	0	0	0	-1	7
269	362	363	9	3.235	-3	5.7
270	0	0	0	0	-1	7
271	364	365	4	2.8	-3	7
272	0	0	0	0	-1	7
273	366	367	10	0.665	-3	7
274	0	0	0	0	-1	7
275	0	0	0	0	-1	8
276	368	369	5	0.1	-3	6.66666666666667
277	370	371	10	0.71	-3	6
278	372	373	11	12.7	-3	5.91304347826087
279	374	375	10	0.695	-3	6.23809523809524
280	376	377	9	3.42	-3	6.52
281	378	379	10	0.74	-3	6.92857142857143
282	380	381	7	37	-3	6
283	0	0	0	0	-1	6
284	0	0	0	0	-1	5
285	382	383	8	0	-3	5
286	0	0	0	0	-1	6
287	0	0	0	0	-1	6
288	384	385	2	0.995975	-3	5
289	0	0	0	0	-1	6
290	0	0	0	0	-1	5
291	0	0	0	0	-1	6
292	386	387	4	3.1	-3	5.15384615384615
293	388	389	11	10.3	-3	5.83333333333333
294	390	391	5	0.0885	-3	5.1
295	392	393	7	19	-3	5.91666666666667
296	394	395	2	0.525	-3	5
297	396	397	8	0.99679	-3	5.33333333333333
298	0	0	0	0	-1	6
299	0	0	0	0	-1	5
300	0	0	0	0	-1	6
301	398	399	5	0.07	-3	6
302	400	401	10	0.495	-3	4.89130434782609
303	402	403	9	3.22	-3	5.02631578947368
304	0	0	0	0	-1	6
305	404	405	6	15.5	-3	5.16666666666667
306	406	407	1	8.7	-3	5.92857142857143
307	0	0	0	0	-1	5
308	0	0	0	0	-1	4.5
309	408	409	5	0.0835	-3	5
310	410	411	9	3.295	-3	5
311	0	0	0	0	-1	5
312	0	0	0	0	-1	5.8
313	412	413	10	0.475	-3	5.0625
314	0	0	0	0	-1	4
315	0	0	0	0	-1	5
316	414	415	10	0.505	-3	5.05882352941176
317	0	0	0	0	-1	6
318	416	417	6	26	-3	5.16666666666667
319	418	419	2	0.76	-3	5
320	0	0	0	0	-1	5.4
321	420	421	6	4.5	-3	6.05263157894737
322	422	423	9	3.295	-3	5.92857142857143
323	0	0	0	0	-1	5
324	424	425	6	13.5	-3	5.71428571428571
325	426	427	11	9.85	-3	5.03225806451613
326	428	429	1	10.1	-3	5.25
327	430	431	3	0.43	-3	5.7
328	432	433	11	10.2	-3	5.57894736842105
329	434	435	2	0.4	-3	5.88
330	0	0	0	0	-1	7
331	0	0	0	0	-1	7
332	0	0	0	0	-1	6
333	0	0	0	0	-1	5.5
334	0	0	0	0	-1	6
335	0	0	0	0	-1	6
336	0	0	0	0	-1	8
337	436	437	11	0	-3	5
338	438	439	3	0.01	-3	5.05
339	440	441	3	0.12	-3	5.5
340	0	0	0	0	-1	6
341	442	443	2	0.64	-3	5
342	444	445	9	3.285	-3	6
343	0	0	0	0	-1	7
344	446	447	8	0.99975	-3	5.94117647058824
345	448	449	10	0.745	-3	5.375
346	450	451	8	0.99675	-3	5
347	452	453	7	114.5	-3	4.66666666666667
348	454	455	11	9.4	-3	5.77777777777778
349	456	457	10	0.705	-3	5.08823529411765
350	458	459	10	0.725	-3	6.12328767123288
351	0	0	0	0	-1	4
352	0	0	0	0	-1	5
353	460	461	7	65	-3	5.82926829268293
354	462	463	5	0.061	-3	6.02941176470588
355	464	465	2	0.365	-3	6.48275862068966
356	466	467	11	10.55	-3	6.39130434782609
357	468	469	5	0.0675	-3	7
358	470	471	7	55.5	-3	6
359	0	0	0	0	-1	5
360	0	0	0	0	-1	6
361	472	473	1	0	-3	5
362	474	475	6	30.5	-3	6
363	0	0	0	0	-1	5
364	0	0	0	0	-1	7
365	0	0	0	0	-1	7
366	0	0	0	0	-1	7
367	0	0	0	0	-1	7
368	0	0	0	0	-1	6
369	0	0	0	0	-1	7
370	0	0	0	0	-1	6
371	476	477	5	0	-3	6
372	478	479	5	0.057	-3	5.95238095238095
373	0	0	0	0	-1	5.5
374	480	481	11	11.65	-3	6.11111111111111
375	0	0	0	0	-1	7
376	482	483	7	56.5	-3	6.1
377	484	485	2	0.4	-3	6.8
378	0	0	0	0	-1	6.5
379	486	487	7	63.5	-3	6.96153846153846
380	0	0	0	0	-1	6
381	0	0	0	0	-1	6
382	0	0	0	0	-1	5
383	0	0	0	0	-1	5
384	488	489	3	0.275	-3	5
385	0	0	0	0	-1	5
386	490	491	3	0.185	-3	5.12
387	0	0	0	0	-1	6
388	0	0	0	0	-1	5
389	0	0	0	0	-1	6
390	492	493	8	0	-3	5
391	0	0	0	0	-1	6
392	494	495	7	15	-3	6.35714285714286
393	496	497	5	0.0715	-3	5.81034482758621
394	0	0	0	0	-1	5
395	498	499	8	0.996175	-3	5
396	0	0	0	0	-1	6
397	0	0	0	0	-1	5
398	0	0	0	0	-1	6
399	0	0	0	0	-1	6
400	500	501	7	52.5	-3	5.04761904761905
401	502	503	5	0.0725	-3	4.76
402	504	505	8	0.99735	-3	5.09090909090909
403	506	507	11	9.35	-3	5
404	508	509	9	3.275	-3	5
405	0	0	0	0	-1	5.75
406	0	0	0	0	-1	5
407	510	511	2	0.49	-3	6
408	0	0	0	0	-1	5
409	512	513	4	0	-3	5
410	0	0	0	0	-1	5
411	0	0	0	0	-1	5
412	0	0	0	0	-1	5.4
413	514	515	9	3.245	-3	5.04395604395604
414	0	0	0	0	-1	5.25
415	516	517	9	3.2	-3	5
416	0	0	0	0	-1	6
417	0	0	0	0	-1	5
418	0	0	0	0	-1	5
419	0	0	0	0	-1	5
420	0	0	0	0	-1	5
421	518	519	5	0.0675	-3	6.11111111111111
422	0	0	0	0	-1	5
423	520	521	8	0.996505	-3	6
424	0	0	0	0	-1	5
425	522	523	5	0.0805	-3	5.76923076923077
426	524	525	3	0.325	-3	5
427	0	0	0	0	-1	6
428	526	527	9	3.275	-3	5.09677419354839
429	528	529	5	0.186	-3	5.47619047619048
430	0	0	0	0	-1	5
431	530	531	2	0.44	-3	5.875
432	532	533	2	0.415	-3	5.85714285714286
433	534	535	2	0.405	-3	5.41666666666667
434	536	537	1	9.65	-3	6.06666666666667
435	538	539	10	0.63	-3	5.6
436	0	0	0	0	-1	8
437	0	0	0	0	-1	5
438	0	0	0	0	-1	5.25
439	540	541	7	15	-3	5
440	542	543	11	9.85	-3	5.73333333333333
441	544	545	11	0	-3	5
442	546	547	1	0	-3	5
443	0	0	0	0	-1	5
444	0	0	0	0	-1	6
445	548	549	9	3.435	-3	6
446	550	551	1	0	-3	6
447	0	0	0	0	-1	5.66666666666667
448	0	0	0	0	-1	5
449	0	0	0	0	-1	6
450	552	553	10	0.605	-3	5
451	554	555	1	6.55	-3	5
452	0	0	0	0	-1	5
453	0	0	0	0	-1	4
454	556	557	8	0.99931	-3	6
455	0	0	0	0	-1	5.33333333333333
456	558	559	3	0.285	-3	5.2
457	560	561	7	55	-3	5
458	562	563	9	3.26	-3	6.02
459	564	565	11	11.25	-3	6.34782608695652
460	566	567	11	10.65	-3	5.96969696969697
461	568	569	9	3.325	-3	5.25
462	570	571	4	2.1	-3	6.38461538461539
463	572	573	8	0.99707	-3	5.80952380952381
464	574	575	9	3.165	-3	6.92307692307692
465	576	577	1	10.3	-3	6.125
466	578	579	9	3.315	-3	6.88888888888889
467	580	581	2	0.24	-3	6.07142857142857
468	0	0	0	0	-1	7
469	582	583	4	2.85	-3	7
470	584	585	10	0.845	-3	6
471	0	0	0	0	-1	6
472	0	0	0	0	-1	5
473	0	0	0	0	-1	5
474	0	0	0	0	-1	6
475	0	0	0	0	-1	6
476	0	0	0	0	-1	5
477	586	587	7	16.5	-3	6
478	0	0	0	0	-1	5.8
479	588	589	3	0.01	-3	6
480	0	0	0	0	-1	6.66666666666667
481	590	591	8	0.99358	-3	6
482	592	593	2	0.43	-3	6
483	0	0	0	0	-1	6.33333333333333
484	0	0	0	0	-1	6
485	594	595	9	3.52	-3	7.09090909090909
486	0	0	0	0	-1	7
487	0	0	0	0	-1	6.5
488	596	597	6	0	-3	5
489	0	0	0	0	-1	5
490	598	599	9	3.295	-3	5.3
491	600	601	6	14	-3	5
492	0	0	0	0	-1	6
493	602	603	2	0.49	-3	5
494	604	605	2	0	-3	6
495	0	0	0	0	-1	7
496	606	607	3	0.26	-3	5.14285714285714
497	608	609	7	26	-3	5.90196078431373
498	610	611	9	0	-3	5
499	0	0	0	0	-1	5
500	0	0	0	0	-1	5
501	0	0	0	0	-1	5.33333333333333
502	0	0	0	0	-1	4
503	612	613	11	9.4	-3	4.86363636363636
504	0	0	0	0	-1	6
505	614	615	3	0.145	-3	5
506	616	617	6	0	-3	5
507	618	619	2	0.595	-3	5
508	620	621	5	0.0725	-3	5.07692307692308
509	0	0	0	0	-1	4
510	0	0	0	0	-1	6
511	622	623	8	0	-3	6
512	0	0	0	0	-1	4
513	624	625	4	2.1	-3	5
514	626	627	9	3.215	-3	5.23076923076923
515	628	629	6	21.5	-3	5.01282051282051
516	0	0	0	0	-1	5
517	0	0	0	0	-1	5
518	0	0	0	0	-1	7
519	630	631	8	0.997	-3	6.05882352941176
520	0	0	0	0	-1	6
521	632	633	6	9.5	-3	6
522	0	0	0	0	-1	5
523	634	635	8	0.99805	-3	5.83333333333333
524	636	637	2	0	-3	5
525	638	639	6	15.5	-3	5
526	640	641	9	3.25	-3	5.15789473684211
527	642	643	9	3.29	-3	5
528	644	645	4	2.25	-3	5.35294117647059
529	0	0	0	0	-1	6
530	646	647	10	0	-3	6
531	0	0	0	0	-1	5
532	648	649	3	0.4	-3	6
533	0	0	0	0	-1	5
534	0	0	0	0	-1	6
535	650	651	8	0.99597	-3	5.22222222222222
536	0	0	0	0	-1	6.25
537	0	0	0	0	-1	6
538	0	0	0	0	-1	6
539	652	653	10	0.71	-3	5.33333333333333
540	0	0	0	0	-1	5
541	654	655	4	0	-3	5
542	0	0	0	0	-1	5.2
543	0	0	0	0	-1	6
544	0	0	0	0	-1	6
545	0	0	0	0	-1	5
546	0	0	0	0	-1	5
547	0	0	0	0	-1	5
548	656	657	6	0	-3	6
549	0	0	0	0	-1	6
550	0	0	0	0	-1	5
551	658	659	5	0.08	-3	6
552	660	661	8	0	-3	5
553	662	663	6	0	-3	5
554	0	0	0	0	-1	5
555	664	665	7	0	-3	5
556	0	0	0	0	-1	6
557	0	0	0	0	-1	6
558	666	667	8	0	-3	5
559	668	669	10	0.665	-3	5.375
560	0	0	0	0	-1	5
561	670	671	9	3.28	-3	5
562	0	0	0	0	-1	7
563	672	673	7	65.5	-3	5.97916666666667
564	674	675	2	0.255	-3	6.15789473684211
565	0	0	0	0	-1	7.25
566	0	0	0	0	-1	5.33333333333333
567	676	677	3	0.45	-3	6.03333333333333
568	0	0	0	0	-1	6
569	678	679	7	98	-3	5
570	680	681	7	37.5	-3	6.63636363636364
571	0	0	0	0	-1	5
572	682	683	2	0.34	-3	5.94117647058824
573	0	0	0	0	-1	5.25
574	684	685	10	0.66	-3	7.28571428571429
575	686	687	5	0.076	-3	6.5
576	0	0	0	0	-1	7
577	688	689	1	10.65	-3	6
578	690	691	4	3.305	-3	7
579	0	0	0	0	-1	6
580	0	0	0	0	-1	7
581	692	693	4	2.15	-3	6
582	0	0	0	0	-1	7
583	694	695	9	3.33	-3	7
584	0	0	0	0	-1	6
585	696	697	3	0.495	-3	6
586	0	0	0	0	-1	6
587	0	0	0	0	-1	6
588	0	0	0	0	-1	6
589	698	699	3	0.07	-3	6
590	0	0	0	0	-1	7
591	700	701	9	3.2	-3	5.92857142857143
592	0	0	0	0	-1	6
593	0	0	0	0	-1	6
594	0	0	0	0	-1	7.5
595	702	703	8	0.99574	-3	6.85714285714286
596	0	0	0	0	-1	6
597	704	705	7	8.15	-3	5
598	0	0	0	0	-1	6
599	706	707	2	0.42	-3	5.125
600	708	709	1	9.45	-3	5
601	0	0	0	0	-1	5
602	710	711	3	0	-3	5
603	0	0	0	0	-1	5
604	0	0	0	0	-1	5
605	712	713	1	11.3	-3	6
606	714	715	7	40.5	-3	5
607	0	0	0	0	-1	6
608	716	717	2	0.5575	-3	5.72727272727273
609	718	719	4	2.35	-3	5.95
610	0	0	0	0	-1	5
611	0	0	0	0	-1	5
612	720	721	8	0.999	-3	4.625
613	722	723	8	0	-3	5
614	0	0	0	0	-1	5
615	724	725	6	3.18	-3	5
616	0	0	0	0	-1	5
617	726	727	4	5.15	-3	5
618	728	729	5	0	-3	5
619	730	731	10	0	-3	5
620	0	0	0	0	-1	5.25
621	732	733	1	0	-3	5
622	0	0	0	0	-1	5
623	734	735	8	9.1	-3	6
624	0	0	0	0	-1	5
625	0	0	0	0	-1	5
626	0	0	0	0	-1	5
627	0	0	0	0	-1	5.75
628	736	737	2	1.1	-3	5
629	738	739	9	3.37	-3	5.14285714285714
630	740	741	3	0.14	-3	6.33333333333333
631	742	743	7	0.53	-3	6
632	0	0	0	0	-1	6
633	744	745	2	0.345	-3	6
634	0	0	0	0	-1	5
635	746	747	5	0.0825	-3	6
636	0	0	0	0	-1	5
637	748	749	10	1.525	-3	5
638	0	0	0	0	-1	5
639	750	751	1	0	-3	5
640	752	753	10	0.6	-3	5.05882352941176
641	0	0	0	0	-1	6
642	0	0	0	0	-1	5
643	0	0	0	0	-1	5
644	754	755	1	10.65	-3	5.71428571428571
645	756	757	10	0.81	-3	5.1
646	0	0	0	0	-1	5
647	758	759	1	0	-3	6
648	0	0	0	0	-1	6
649	0	0	0	0	-1	6
650	0	0	0	0	-1	5.66666666666667
651	760	761	11	0	-3	5
652	0	0	0	0	-1	5
653	0	0	0	0	-1	5.66666666666667
654	0	0	0	0	-1	5
655	762	763	5	0.0755	-3	5
656	0	0	0	0	-1	6
657	764	765	8	0.99633	-3	6
658	0	0	0	0	-1	6
659	766	767	10	0.595	-3	6
660	0	0	0	0	-1	5
661	768	769	1	0	-3	5
662	0	0	0	0	-1	7
663	770	771	3	0.095	-3	5
664	0	0	0	0	-1	5
665	772	773	8	0	-3	5
666	0	0	0	0	-1	6
667	774	775	4	0	-3	5
668	776	777	9	3.235	-3	5.16666666666667
669	0	0	0	0	-1	6
670	0	0	0	0	-1	5
671	778	779	2	0.999925	-3	5
672	780	781	9	3.285	-3	6.06818181818182
673	0	0	0	0	-1	5
674	0	0	0	0	-1	6.66666666666667
675	782	783	9	3.445	-3	6.0625
676	784	785	2	0.7375	-3	6
677	0	0	0	0	-1	6.25
678	0	0	0	0	-1	5
679	0	0	0	0	-1	5
680	786	787	4	1.6	-3	7
681	0	0	0	0	-1	6.2
682	0	0	0	0	-1	5.75
683	788	789	2	0.52	-3	6
684	0	0	0	0	-1	8
685	0	0	0	0	-1	7
686	0	0	0	0	-1	6
687	0	0	0	0	-1	7
688	0	0	0	0	-1	6
689	790	791	6	14.5	-3	6
690	0	0	0	0	-1	7
691	0	0	0	0	-1	7
692	792	793	1	9.85	-3	6
693	0	0	0	0	-1	6
694	0	0	0	0	-1	7
695	0	0	0	0	-1	7
696	0	0	0	0	-1	6
697	0	0	0	0	-1	6
698	0	0	0	0	-1	6
699	0	0	0	0	-1	6
700	0	0	0	0	-1	5.5
701	794	795	11	12.45	-3	6
702	796	797	4	2.45	-3	7
703	0	0	0	0	-1	6
704	0	0	0	0	-1	6
705	0	0	0	0	-1	5
706	0	0	0	0	-1	6
707	798	799	5	0	-3	5
708	0	0	0	0	-1	5
709	0	0	0	0	-1	5
710	0	0	0	0	-1	6
711	800	801	2	0.44	-3	5
712	802	803	3	0	-3	6
713	0	0	0	0	-1	6
714	0	0	0	0	-1	5
715	0	0	0	0	-1	5
716	804	805	5	0.0765	-3	5.88888888888889
717	0	0	0	0	-1	5
718	806	807	8	0.99618	-3	5.97297297297297
719	0	0	0	0	-1	5.66666666666667
720	0	0	0	0	-1	4.25
721	0	0	0	0	-1	5
722	0	0	0	0	-1	6
723	808	809	2	2.75	-3	5
724	0	0	0	0	-1	5
725	810	811	1	9.6	-3	5
726	812	813	10	0	-3	5
727	0	0	0	0	-1	5
728	0	0	0	0	-1	6
729	814	815	2	0.52	-3	5
730	0	0	0	0	-1	5
731	816	817	3	0.125	-3	5
732	0	0	0	0	-1	7
733	818	819	3	0.485	-3	5
734	0	0	0	0	-1	6
735	0	0	0	0	-1	6
736	820	821	7	44	-3	5.01492537313433
737	0	0	0	0	-1	4.75
738	822	823	10	0.52	-3	5
739	0	0	0	0	-1	6
740	0	0	0	0	-1	6
741	0	0	0	0	-1	6.66666666666667
742	0	0	0	0	-1	7
743	824	825	8	0.99835	-3	6
744	0	0	0	0	-1	6
745	826	827	11	32	-3	6
746	0	0	0	0	-1	6
747	828	829	9	0	-3	6
748	830	831	6	0	-3	5
749	0	0	0	0	-1	5
750	0	0	0	0	-1	6
751	832	833	7	0	-3	5
752	0	0	0	0	-1	6
753	834	835	9	3.155	-3	5
754	0	0	0	0	-1	5
755	0	0	0	0	-1	6
756	836	837	1	10.35	-3	5
757	0	0	0	0	-1	6
758	0	0	0	0	-1	6
759	0	0	0	0	-1	6
760	0	0	0	0	-1	6
761	0	0	0	0	-1	5
762	838	839	11	7.4	-3	5
763	0	0	0	0	-1	5
764	0	0	0	0	-1	6
765	840	841	1	8.05	-3	6
766	0	0	0	0	-1	6
767	842	843	5	0.0895	-3	6
768	0	0	0	0	-1	5
769	0	0	0	0	-1	5
770	0	0	0	0	-1	5
771	0	0	0	0	-1	5
772	0	0	0	0	-1	6
773	844	845	9	3.14	-3	5
774	0	0	0	0	-1	5
775	0	0	0	0	-1	5
776	0	0	0	0	-1	6
777	0	0	0	0	-1	5
778	0	0	0	0	-1	5
779	0	0	0	0	-1	5
780	0	0	0	0	-1	5
781	846	847	1	6.95	-3	6.09302325581395
782	848	849	5	0.063	-3	6
783	0	0	0	0	-1	7
784	850	851	6	0	-3	6
785	0	0	0	0	-1	6
786	0	0	0	0	-1	7
787	0	0	0	0	-1	7
788	852	853	11	10.65	-3	6
789	0	0	0	0	-1	6
790	0	0	0	0	-1	6
791	0	0	0	0	-1	6
792	854	855	8	0.99614	-3	6
793	0	0	0	0	-1	6
794	856	857	5	0	-3	6
795	0	0	0	0	-1	6
796	0	0	0	0	-1	7
797	0	0	0	0	-1	7
798	0	0	0	0	-1	6
799	0	0	0	0	-1	5
800	0	0	0	0	-1	5
801	0	0	0	0	-1	5
802	0	0	0	0	-1	6
803	858	859	11	11.8	-3	6
804	0	0	0	0	-1	6
805	0	0	0	0	-1	5.75
806	860	861	5	0.073	-3	6
807	862	863	5	0.08	-3	5.9
808	864	865	9	3.22	-3	5
809	0	0	0	0	-1	5
810	0	0	0	0	-1	5
811	0	0	0	0	-1	5
812	0	0	0	0	-1	5
813	866	867	11	1.95	-3	5
814	868	869	8	0	-3	5
815	0	0	0	0	-1	5
816	0	0	0	0	-1	5
817	870	871	7	0	-3	5
818	872	873	8	0	-3	5
819	0	0	0	0	-1	5
820	874	875	3	0.02	-3	5
821	876	877	8	0.998155	-3	5.05882352941176
822	0	0	0	0	-1	5
823	0	0	0	0	-1	5
824	878	879	2	0.0715	-3	6
825	0	0	0	0	-1	6
826	880	881	6	0	-3	6
827	0	0	0	0	-1	6
828	0	0	0	0	-1	5
829	882	883	7	0.086	-3	6
830	0	0	0	0	-1	7
831	0	0	0	0	-1	5
832	0	0	0	0	-1	6
833	0	0	0	0	-1	5
834	884	885	5	0	-3	5
835	886	887	5	0	-3	5
836	0	0	0	0	-1	5
837	888	889	4	0	-3	5
838	0	0	0	0	-1	5
839	890	891	6	6	-3	5
840	0	0	0	0	-1	6
841	0	0	0	0	-1	6
842	0	0	0	0	-1	6
843	0	0	0	0	-1	6
844	0	0	0	0	-1	5
845	0	0	0	0	-1	5
846	892	893	9	3.48	-3	6
847	894	895	11	10.575	-3	6.14285714285714
848	0	0	0	0	-1	6
849	896	897	1	7.5	-3	6
850	0	0	0	0	-1	7
851	898	899	2	0.615	-3	6
852	0	0	0	0	-1	6
853	0	0	0	0	-1	6
854	0	0	0	0	-1	6
855	900	901	7	1.65	-3	6
856	0	0	0	0	-1	6
857	902	903	10	0.645	-3	6
858	0	0	0	0	-1	6
859	0	0	0	0	-1	6
860	0	0	0	0	-1	6
861	904	905	2	0	-3	6
862	906	907	10	0.565	-3	6
863	0	0	0	0	-1	5.66666666666667
864	0	0	0	0	-1	5
865	908	909	7	15.5	-3	5
866	0	0	0	0	-1	5
867	0	0	0	0	-1	5
868	0	0	0	0	-1	5
869	910	911	4	2.35	-3	5
870	0	0	0	0	-1	5
871	912	913	2	0.6225	-3	5
872	0	0	0	0	-1	6
873	914	915	6	9.5	-3	5
874	916	917	10	0.505	-3	5
875	918	919	4	2.75	-3	5
876	920	921	2	0.8	-3	5
877	0	0	0	0	-1	5.5
878	0	0	0	0	-1	5
879	922	923	5	0.0715	-3	6
880	0	0	0	0	-1	7
881	924	925	4	1.75	-3	6
882	0	0	0	0	-1	8
883	0	0	0	0	-1	6
884	0	0	0	0	-1	5
885	926	927	1	8.9	-3	5
886	0	0	0	0	-1	5
887	0	0	0	0	-1	5
888	0	0	0	0	-1	6
889	0	0	0	0	-1	5
890	0	0	0	0	-1	5
891	928	929	5	0	-3	5
892	0	0	0	0	-1	6
893	0	0	0	0	-1	6
894	0	0	0	0	-1	7
895	930	931	6	4.5	-3	6.07692307692308
896	0	0	0	0	-1	6
897	932	933	4	1.85	-3	6
898	934	935	10	0.895	-3	6
899	0	0	0	0	-1	6
900	0	0	0	0	-1	6
901	0	0	0	0	-1	6
902	0	0	0	0	-1	6
903	0	0	0	0	-1	6
904	0	0	0	0	-1	5
905	936	937	2	0.365	-3	6
906	0	0	0	0	-1	6
907	0	0	0	0	-1	6
908	0	0	0	0	-1	5
909	938	939	5	0.076	-3	5
910	0	0	0	0	-1	5
911	0	0	0	0	-1	5
912	0	0	0	0	-1	5
913	0	0	0	0	-1	5
914	0	0	0	0	-1	5
915	0	0	0	0	-1	5
916	0	0	0	0	-1	5
917	940	941	2	0.675	-3	5
918	942	943	8	1.8	-3	5
919	0	0	0	0	-1	5
920	0	0	0	0	-1	5
921	0	0	0	0	-1	5
922	0	0	0	0	-1	6
923	0	0	0	0	-1	6
924	0	0	0	0	-1	6
925	0	0	0	0	-1	6
926	0	0	0	0	-1	5
927	0	0	0	0	-1	5
928	0	0	0	0	-1	6
929	944	945	10	0.605	-3	5
930	0	0	0	0	-1	6.33333333333333
931	946	947	6	15.5	-3	6.04347826086957
932	0	0	0	0	-1	6
933	0	0	0	0	-1	6
934	0	0	0	0	-1	6
935	0	0	0	0	-1	6
936	0	0	0	0	-1	6
937	0	0	0	0	-1	6
938	0	0	0	0	-1	5
939	948	949	7	0	-3	5
940	0	0	0	0	-1	5
941	950	951	5	0	-3	5
942	952	953	7	34.5	-3	5
943	0	0	0	0	-1	5
944	0	0	0	0	-1	5
945	0	0	0	0	-1	5
946	954	955	5	0	-3	6
947	956	957	3	0.195	-3	6.14285714285714
948	0	0	0	0	-1	6
949	958	959	4	0	-3	5
950	0	0	0	0	-1	7
951	960	961	4	0.1445	-3	5
952	962	963	9	3.33	-3	5
953	0	0	0	0	-1	5
954	0	0	0	0	-1	7
955	964	965	10	0.715	-3	6
956	0	0	0	0	-1	6.33333333333333
957	0	0	0	0	-1	6
958	0	0	0	0	-1	5
959	0	0	0	0	-1	5
960	0	0	0	0	-1	5
961	966	967	7	24.5	-3	5
962	968	969	4	1.75	-3	5
963	0	0	0	0	-1	5
964	0	0	0	0	-1	6
965	0	0	0	0	-1	6
966	970	971	2	0	-3	5
967	0	0	0	0	-1	5
968	0	0	0	0	-1	5
969	972	973	4	0	-3	5
970	0	0	0	0	-1	4
971	974	975	4	2.45	-3	5
972	0	0	0	0	-1	5
973	976	977	11	9.8	-3	5
974	0	0	0	0	-1	5
975	0	0	0	0	-1	5
976	0	0	0	0	-1	5
977	0	0	0	0	-1	5
