1	2	3	3	0.305	-3	5.59474671669794
2	4	5	2	0.865	-3	5.41746538871139
3	6	7	8	0.995305	-3	5.84696969696969
4	8	9	10	0.535	-3	5.47338618346546
5	10	11	6	6.5	-3	4.53571428571429
6	12	13	6	14.5	-3	6.58695652173913
7	14	15	10	0.635	-3	5.72711267605634
8	16	17	2	0.7525	-3	5.12264150943396
9	18	19	5	0.0485	-3	5.58420268256334
10	20	21	3	0.035	-3	3.5
11	22	23	8	0.99695	-3	4.81818181818182
12	24	25	2	0.5	-3	6.77358490566038
13	26	27	11	11.25	-3	6.33333333333333
14	28	29	5	0.0615	-3	5.32727272727273
15	30	31	11	9.75	-3	5.97988505747126
16	32	33	11	9.95	-3	5.18421052631579
17	34	35	4	1.5	-3	4.59090909090909
18	36	37	10	0.795	-3	6.28571428571429
19	38	39	11	10.25	-3	5.56153846153846
20	40	41	7	12.5	-3	3
21	0	0	0	0	-1	4.5
22	42	43	11	9.1	-3	5
23	44	45	4	2.25	-3	4.33333333333333
24	46	47	10	0.475	-3	6.72549019607843
25	0	0	0	0	-1	8
26	48	49	9	3.42	-3	5.88888888888889
27	50	51	8	0.99429	-3	6.46666666666667
28	52	53	11	11.25	-3	4.82352941176471
29	54	55	8	1.0007	-3	5.36945812807882
30	56	57	1	10.75	-3	5.43037974683544
31	58	59	7	104.5	-3	6.14126394052044
32	60	61	9	3.095	-3	5.03875968992248
33	62	63	4	1.3	-3	5.49180327868852
34	0	0	0	0	-1	3
35	64	65	9	3.265	-3	4.75
36	66	67	7	43	-3	6
37	68	69	7	48.5	-3	6.85714285714286
38	70	71	2	0.7525	-3	5.3756345177665
39	72	73	11	11.45	-3	5.84765625
40	0	0	0	0	-1	3
41	0	0	0	0	-1	3
42	0	0	0	0	-1	5.75
43	74	75	1	7.1	-3	4.89285714285714
44	0	0	0	0	-1	3
45	76	77	3	0.23	-3	4.6
46	0	0	0	0	-1	5
47	78	79	3	0.415	-3	6.76
48	80	81	8	0.99496	-3	6.14285714285714
49	0	0	0	0	-1	5
50	82	83	7	58	-3	6.17647058823529
51	84	85	7	56.5	-3	6.84615384615385
52	86	87	4	1.45	-3	5.07692307692308
53	0	0	0	0	-1	4
54	88	89	8	0.99659	-3	5.39303482587065
55	0	0	0	0	-1	3
56	90	91	2	0.375	-3	5.28125
57	92	93	2	0.24	-3	6.06666666666667
58	94	95	3	0.655	-3	6.17624521072797
59	96	97	3	28.5	-3	5
60	98	99	10	0.45	-3	5.375
61	100	101	2	0.455	-3	5.01652892561984
62	0	0	0	0	-1	7
63	102	103	7	16.5	-3	5.44067796610169
64	0	0	0	0	-1	5
65	104	105	4	2.25	-3	4.64285714285714
66	0	0	0	0	-1	7
67	106	107	11	12.65	-3	5.92307692307692
68	0	0	0	0	-1	6
69	0	0	0	0	-1	7.2
70	108	109	9	3.155	-3	5.40159574468085
71	110	111	1	6.75	-3	4.83333333333333
72	112	113	4	5.2	-3	5.74193548387097
73	114	115	7	64	-3	6.12857142857143
74	116	117	10	0.61	-3	4.5
75	118	119	3	0.265	-3	5
76	0	0	0	0	-1	4.2
77	0	0	0	0	-1	5
78	120	121	5	0.05	-3	6.89655172413793
79	122	123	8	0.99464	-3	6.57142857142857
80	124	125	9	3.315	-3	6
81	0	0	0	0	-1	7
82	126	127	4	2.35	-3	6.375
83	128	129	1	1.65	-3	6
84	130	131	4	2.55	-3	6.91666666666667
85	0	0	0	0	-1	6
86	0	0	0	0	-1	6
87	132	133	11	9.45	-3	4.90909090909091
88	134	135	7	19.5	-3	5.825
89	136	137	5	0.068	-3	5.28571428571429
90	138	139	6	7	-3	5.60714285714286
91	140	141	6	46	-3	5.02777777777778
92	0	0	0	0	-1	7
93	142	143	4	3.25	-3	5.92307692307692
94	144	145	2	0.355	-3	6.1025641025641
95	146	147	7	42.5	-3	6.81481481481482
96	0	0	0	0	-1	5
97	0	0	0	0	-1	5
98	0	0	0	0	-1	6
99	0	0	0	0	-1	5
100	148	149	1	6.8	-3	5.21428571428571
101	150	151	6	7.5	-3	4.99065420560748
102	152	153	6	6.5	-3	4.81818181818182
103	154	155	10	0.395	-3	5.58333333333333
104	156	157	6	5	-3	4.375
105	158	159	1	8.35	-3	5
106	0	0	0	0	-1	6
107	0	0	0	0	-1	5.75
108	160	161	7	75.5	-3	5.05882352941177
109	162	163	10	1.025	-3	5.43567251461988
110	0	0	0	0	-1	3.66666666666667
111	164	165	3	0.205	-3	5.06666666666667
112	166	167	7	14.5	-3	5.69491525423729
113	168	169	8	0.996705	-3	6.66666666666667
114	170	171	5	0.058	-3	6.2
115	0	0	0	0	-1	5.2
116	0	0	0	0	-1	4.25
117	0	0	0	0	-1	5
118	172	173	6	12	-3	5.1
119	0	0	0	0	-1	4
120	0	0	0	0	-1	6
121	174	175	5	0.0735	-3	6.96296296296296
122	176	177	5	0.07	-3	6.76923076923077
123	178	179	1	8.55	-3	6.25
124	0	0	0	0	-1	6
125	0	0	0	0	-1	6
126	180	181	8	0.99335	-3	6.16666666666667
127	0	0	0	0	-1	7
128	0	0	0	0	-1	6
129	182	183	10	0	-3	6
130	184	185	4	2.1	-3	7
131	0	0	0	0	-1	6.5
132	0	0	0	0	-1	4
133	186	187	9	3.26	-3	5
134	188	189	8	0.99629	-3	6.3125
135	190	191	1	9.05	-3	5.5
136	192	193	5	0.0655	-3	6
137	194	195	2	0.535	-3	5.24342105263158
138	196	197	3	9.65	-3	5
139	198	199	10	0.66	-3	5.85
140	200	201	3	0.88	-3	4.97058823529412
141	0	0	0	0	-1	6
142	202	203	6	6.5	-3	6
143	0	0	0	0	-1	5
144	204	205	10	0.735	-3	6.35576923076923
145	206	207	11	11.45	-3	5.9
146	208	209	4	2.4	-3	7
147	210	211	3	0.705	-3	6.375
148	0	0	0	0	-1	6
149	212	213	7	31.5	-3	5.08333333333333
150	214	215	4	1.9	-3	5.08333333333333
151	216	217	2	0.485	-3	4.96385542168675
152	218	219	4	2.45	-3	4.66666666666667
153	0	0	0	0	-1	5.5
154	0	0	0	0	-1	7
155	220	221	6	14.5	-3	5.5531914893617
156	0	0	0	0	-1	5
157	222	223	3	0.015	-3	4.16666666666667
158	0	0	0	0	-1	5
159	0	0	0	0	-1	5
160	224	225	1	9.05	-3	5
161	226	227	3	0.265	-3	5.15384615384615
162	228	229	2	0.5475	-3	5.45209580838323
163	230	231	3	0.22	-3	4.75
164	232	233	8	0.9972	-3	5
165	0	0	0	0	-1	5.25
166	234	235	11	10.8	-3	4.94117647058824
167	236	237	3	0.165	-3	5.775
168	0	0	0	0	-1	7
169	0	0	0	0	-1	6
170	238	239	4	3.35	-3	5.63636363636364
171	240	241	4	2.75	-3	6.31481481481481
172	242	243	3	0	-3	5
173	244	245	5	0.0525	-3	5.33333333333333
174	246	247	9	3.355	-3	7
175	0	0	0	0	-1	6
176	0	0	0	0	-1	6.25
177	248	249	8	0.99418	-3	7
178	0	0	0	0	-1	7
179	250	251	4	3.8	-3	6.14285714285714
180	0	0	0	0	-1	7
181	0	0	0	0	-1	6
182	0	0	0	0	-1	7
183	0	0	0	0	-1	6
184	0	0	0	0	-1	7
185	252	253	6	32	-3	7
186	254	255	11	0	-3	5
187	0	0	0	0	-1	5
188	256	257	6	4	-3	6.15384615384615
189	0	0	0	0	-1	7
190	258	259	3	0.38	-3	5.4
191	0	0	0	0	-1	6
192	260	261	1	11.9	-3	5.875
193	0	0	0	0	-1	7
194	262	263	5	0.1125	-3	5.37373737373737
195	264	265	6	4	-3	5
196	266	267	11	0	-3	5
197	0	0	0	0	-1	5
198	0	0	0	0	-1	5
199	268	269	10	0.96	-3	5.94444444444444
200	270	271	9	2.95	-3	5.03125
201	0	0	0	0	-1	4
202	272	273	2	0	-3	6
203	0	0	0	0	-1	6
204	274	275	9	3.06	-3	5.96551724137931
205	276	277	6	3.5	-3	6.50666666666667
206	278	279	10	0.655	-3	5.70833333333333
207	280	281	4	4.55	-3	6.44117647058824
208	0	0	0	0	-1	8
209	282	283	2	0.6175	-3	6.94444444444444
210	0	0	0	0	-1	6
211	0	0	0	0	-1	7
212	0	0	0	0	-1	5.25
213	284	285	7	0	-3	5
214	286	287	3	0	-3	5
215	288	289	2	0.5925	-3	5.2
216	290	291	11	9.125	-3	4.77777777777778
217	292	293	6	32	-3	4.98648648648649
218	0	0	0	0	-1	4
219	0	0	0	0	-1	5
220	294	295	5	0.1045	-3	5.375
221	296	297	7	91.5	-3	5.73913043478261
222	0	0	0	0	-1	4
223	0	0	0	0	-1	5
224	298	299	10	0	-3	5
225	300	301	9	0	-3	5
226	302	303	6	10.5	-3	5
227	0	0	0	0	-1	5.66666666666667
228	304	305	1	8.05	-3	5.57657657657658
229	306	307	1	6.95	-3	5.39013452914798
230	0	0	0	0	-1	4
231	308	309	11	0	-3	5
232	0	0	0	0	-1	5
233	310	311	10	0.73	-3	5
234	0	0	0	0	-1	6
235	312	313	9	3.48	-3	4.61538461538461
236	314	315	9	3.64	-3	5.88888888888889
237	316	317	5	0.0785	-3	5.53846153846154
238	318	319	10	0.555	-3	5.8
239	0	0	0	0	-1	4
240	320	321	11	12.25	-3	6.38636363636364
241	322	323	8	0.99648	-3	6
242	324	325	9	0	-3	5
243	326	327	4	0	-3	5
244	0	0	0	0	-1	5
245	0	0	0	0	-1	5.66666666666667
246	328	329	7	13.5	-3	7.04166666666667
247	0	0	0	0	-1	6.5
248	0	0	0	0	-1	7
249	0	0	0	0	-1	7
250	330	331	6	6.5	-3	6
251	0	0	0	0	-1	7
252	332	333	5	0.076	-3	7
253	0	0	0	0	-1	7
254	0	0	0	0	-1	7
255	334	335	6	10.5	-3	5
256	0	0	0	0	-1	7
257	336	337	2	0.25	-3	6.08333333333333
258	338	339	6	21	-3	5.66666666666667
259	340	341	10	0.595	-3	5
260	0	0	0	0	-1	6
261	0	0	0	0	-1	5
262	342	343	10	0.595	-3	5.32608695652174
263	344	345	5	0.1925	-3	6
264	0	0	0	0	-1	4
265	346	347	9	3.075	-3	5.06
266	0	0	0	0	-1	6
267	348	349	8	0.999	-3	5
268	350	351	5	0	-3	6
269	0	0	0	0	-1	5.75
270	0	0	0	0	-1	6
271	352	353	7	55.5	-3	5
272	0	0	0	0	-1	5
273	354	355	2	0.29	-3	6
274	0	0	0	0	-1	7
275	356	357	1	8.65	-3	5.88888888888889
276	0	0	0	0	-1	7.5
277	358	359	3	0.565	-3	6.45070422535211
278	360	361	11	10.0166666666666	-3	6.14285714285714
279	362	363	5	0.0905	-3	5.63414634146341
280	364	365	2	0.505	-3	6.32142857142857
281	366	367	4	11.95	-3	7
282	368	369	1	13.3	-3	6.88235294117647
283	0	0	0	0	-1	8
284	0	0	0	0	-1	5
285	370	371	2	0	-3	5
286	0	0	0	0	-1	6
287	0	0	0	0	-1	5
288	0	0	0	0	-1	5.4
289	0	0	0	0	-1	5
290	0	0	0	0	-1	4
291	372	373	11	0	-3	5
292	374	375	5	0.0725	-3	4.96666666666667
293	376	377	6	33.5	-3	5.07142857142857
294	378	379	11	12.45	-3	5.25
295	0	0	0	0	-1	6
296	380	381	9	3.17	-3	5.85
297	0	0	0	0	-1	5
298	0	0	0	0	-1	5
299	0	0	0	0	-1	5
300	0	0	0	0	-1	4
301	382	383	9	3.105	-3	5
302	0	0	0	0	-1	5
303	0	0	0	0	-1	5
304	384	385	1	7.35	-3	5.47252747252747
305	386	387	2	0.405	-3	6.05
306	388	389	6	17.5	-3	5.09756097560976
307	390	391	7	12.5	-3	5.45604395604396
308	0	0	0	0	-1	7
309	0	0	0	0	-1	5
310	392	393	5	0	-3	5
311	0	0	0	0	-1	5
312	394	395	6	5.5	-3	4.16666666666667
313	396	397	4	0	-3	5
314	398	399	10	0.675	-3	5.91428571428571
315	0	0	0	0	-1	5
316	400	401	9	3.305	-3	5.70967741935484
317	402	403	1	9.05	-3	5.28571428571429
318	0	0	0	0	-1	5
319	404	405	6	14.5	-3	6
320	406	407	4	2.35	-3	6.14285714285714
321	408	409	9	3.45	-3	6.8125
322	410	411	4	3.05	-3	6
323	0	0	0	0	-1	6
324	0	0	0	0	-1	6
325	0	0	0	0	-1	5
326	0	0	0	0	-1	5
327	412	413	2	0	-3	5
328	0	0	0	0	-1	7.25
329	0	0	0	0	-1	7
330	0	0	0	0	-1	6
331	0	0	0	0	-1	6
332	0	0	0	0	-1	7
333	0	0	0	0	-1	7
334	0	0	0	0	-1	5
335	0	0	0	0	-1	5
336	0	0	0	0	-1	7
337	0	0	0	0	-1	6
338	414	415	4	2.55	-3	5.8
339	0	0	0	0	-1	5
340	0	0	0	0	-1	5
341	416	417	1	0	-3	5
342	418	419	11	11.4	-3	5.17647058823529
343	420	421	3	0.345	-3	5.51219512195122
344	0	0	0	0	-1	6
345	0	0	0	0	-1	6
346	0	0	0	0	-1	4.33333333333333
347	422	423	4	1.95	-3	5.1063829787234
348	0	0	0	0	-1	5
349	0	0	0	0	-1	5
350	0	0	0	0	-1	5
351	424	425	5	0.066	-3	6
352	426	427	11	9.65	-3	5.125
353	428	429	11	9.55	-3	4.95652173913043
354	0	0	0	0	-1	6
355	0	0	0	0	-1	6
356	430	431	2	0.325	-3	5.6
357	432	433	2	0.275	-3	6.05882352941176
358	434	435	11	11.65	-3	6.52307692307692
359	436	437	1	8.65	-3	5.66666666666667
360	0	0	0	0	-1	7
361	438	439	6	21	-3	5.8
362	440	441	11	10.55	-3	5.77049180327869
363	442	443	2	0.39	-3	5.23809523809524
364	444	445	9	3.285	-3	6
365	446	447	7	74	-3	6.75
366	0	0	0	0	-1	7
367	0	0	0	0	-1	7
368	448	449	9	3.065	-3	6.9375
369	0	0	0	0	-1	6
370	0	0	0	0	-1	5
371	450	451	8	0.996965	-3	5
372	0	0	0	0	-1	6
373	0	0	0	0	-1	5
374	452	453	8	0.99596	-3	4.9
375	454	455	5	0.0875	-3	4.98
376	0	0	0	0	-1	5.5
377	456	457	10	0.44	-3	5
378	458	459	3	0.275	-3	5.16666666666667
379	0	0	0	0	-1	6
380	0	0	0	0	-1	5
381	460	461	9	3.495	-3	5.89473684210526
382	0	0	0	0	-1	5
383	462	463	4	0	-3	5
384	464	465	11	9.35	-3	5.7
385	466	467	10	0.645	-3	5.19512195121951
386	0	0	0	0	-1	7
387	468	469	8	0.9974	-3	6
388	470	471	8	0.996745	-3	5
389	472	473	11	9.6	-3	5.26666666666667
390	474	475	11	9.95	-3	6.18181818181818
391	476	477	5	0.0665	-3	5.4093567251462
392	0	0	0	0	-1	5
393	478	479	3	9.5	-3	5
394	0	0	0	0	-1	4
395	0	0	0	0	-1	5
396	0	0	0	0	-1	6
397	0	0	0	0	-1	5
398	480	481	5	0.1205	-3	5.79411764705882
399	482	483	8	0.9973	-3	6.13513513513514
400	484	485	2	0	-3	5
401	486	487	4	2.25	-3	5.91666666666667
402	488	489	6	6.5	-3	5.16666666666667
403	0	0	0	0	-1	6
404	0	0	0	0	-1	6
405	0	0	0	0	-1	6
406	490	491	5	0.0955	-3	6.04347826086957
407	0	0	0	0	-1	6.6
408	0	0	0	0	-1	6
409	492	493	5	0.0685	-3	7.08333333333333
410	0	0	0	0	-1	6
411	0	0	0	0	-1	6
412	0	0	0	0	-1	7
413	0	0	0	0	-1	5
414	494	495	10	0.59	-3	5.88888888888889
415	0	0	0	0	-1	5
416	0	0	0	0	-1	7
417	496	497	2	3.355	-3	5
418	498	499	1	12.85	-3	5.14
419	0	0	0	0	-1	7
420	500	501	8	0.998395	-3	6.18181818181818
421	502	503	9	3.305	-3	5.26666666666667
422	0	0	0	0	-1	6
423	504	505	11	10.15	-3	5.06666666666667
424	0	0	0	0	-1	6
425	506	507	5	0.081	-3	6
426	508	509	6	0	-3	5
427	0	0	0	0	-1	6
428	510	511	2	0.405	-3	5
429	0	0	0	0	-1	4.66666666666667
430	512	513	7	24	-3	5.44444444444444
431	0	0	0	0	-1	7
432	514	515	1	11.7	-3	6.16666666666667
433	516	517	5	0	-3	6
434	518	519	7	73	-3	6.40740740740741
435	520	521	2	0.33	-3	7.09090909090909
436	0	0	0	0	-1	6
437	0	0	0	0	-1	5.33333333333333
438	522	523	2	0.62	-3	6
439	0	0	0	0	-1	5
440	524	525	9	3.235	-3	5.45454545454545
441	526	527	1	11.05	-3	5.94871794871795
442	0	0	0	0	-1	6
443	528	529	6	7	-3	5.11111111111111
444	530	531	11	11.6	-3	5.92307692307692
445	0	0	0	0	-1	6.33333333333333
446	532	533	9	3.215	-3	7
447	0	0	0	0	-1	6
448	0	0	0	0	-1	6.8
449	534	535	2	0.36	-3	7
450	0	0	0	0	-1	5
451	0	0	0	0	-1	5
452	0	0	0	0	-1	4.75
453	536	537	3	0	-3	5
454	538	539	4	1.95	-3	5
455	540	541	3	0.275	-3	4.92307692307692
456	0	0	0	0	-1	5
457	542	543	11	0	-3	5
458	544	545	4	1.8	-3	5.0625
459	0	0	0	0	-1	6
460	546	547	11	10.3	-3	5.94117647058824
461	0	0	0	0	-1	5.5
462	0	0	0	0	-1	5
463	548	549	10	0.595	-3	5
464	0	0	0	0	-1	5
465	550	551	7	32	-3	5.76086956521739
466	552	553	11	9.3	-3	5.07692307692308
467	554	555	8	0.99716	-3	5.4
468	0	0	0	0	-1	6
469	556	557	1	9.7	-3	6
470	558	559	4	2.7	-3	5
471	560	561	1	6.55	-3	5
472	0	0	0	0	-1	6
473	562	563	1	5.65	-3	5.15384615384615
474	564	565	4	1.75	-3	6
475	0	0	0	0	-1	7
476	0	0	0	0	-1	6
477	566	567	1	7.05	-3	5.37654320987654
478	0	0	0	0	-1	5
479	0	0	0	0	-1	5
480	568	569	9	3.535	-3	5.82089552238806
481	0	0	0	0	-1	4
482	570	571	5	0.11	-3	6
483	0	0	0	0	-1	7
484	0	0	0	0	-1	6
485	572	573	9	2.25	-3	5
486	574	575	5	0.0595	-3	6.05263157894737
487	0	0	0	0	-1	5.4
488	0	0	0	0	-1	5.75
489	576	577	11	0	-3	5
490	578	579	11	11.6	-3	6.15789473684211
491	0	0	0	0	-1	5.5
492	0	0	0	0	-1	7.5
493	580	581	4	2.3	-3	6.875
494	0	0	0	0	-1	6
495	0	0	0	0	-1	5
496	0	0	0	0	-1	5
497	0	0	0	0	-1	5
498	582	583	1	12.4	-3	5.10416666666667
499	0	0	0	0	-1	6
500	584	585	10	0.61	-3	5.83333333333333
501	0	0	0	0	-1	6.6
502	586	587	3	0.545	-3	5.125
503	588	589	3	0.37	-3	5.83333333333333
504	590	591	1	10.2	-3	4.97058823529412
505	592	593	10	0.575	-3	5.36363636363636
506	594	595	10	0	-3	6
507	0	0	0	0	-1	6
508	0	0	0	0	-1	5
509	0	0	0	0	-1	5
510	0	0	0	0	-1	5
511	596	597	11	8.3	-3	5
512	0	0	0	0	-1	5
513	0	0	0	0	-1	6
514	0	0	0	0	-1	6
515	0	0	0	0	-1	7
516	0	0	0	0	-1	6
517	598	599	9	3.275	-3	6
518	600	601	6	9.5	-3	6.34693877551021
519	0	0	0	0	-1	7
520	602	603	6	9.05	-3	7
521	0	0	0	0	-1	8
522	604	605	11	0	-3	6
523	0	0	0	0	-1	6
524	606	607	9	3.105	-3	5.61538461538461
525	608	609	5	0.072	-3	5.22222222222222
526	610	611	5	0.0855	-3	6.07142857142857
527	612	613	3	0.495	-3	5.63636363636364
528	0	0	0	0	-1	5.5
529	614	615	1	8.55	-3	5.0625
530	0	0	0	0	-1	5.75
531	616	617	1	9.95	-3	6
532	0	0	0	0	-1	7
533	0	0	0	0	-1	7
534	0	0	0	0	-1	7
535	618	619	10	0.8	-3	7
536	0	0	0	0	-1	5
537	0	0	0	0	-1	5
538	620	621	4	1.55	-3	5
539	622	623	11	9.8	-3	5
540	624	625	2	0.695	-3	5
541	0	0	0	0	-1	4
542	0	0	0	0	-1	5
543	626	627	4	7.6	-3	5
544	0	0	0	0	-1	5.25
545	628	629	2	0.6125	-3	5
546	0	0	0	0	-1	5.8
547	630	631	8	0.99228	-3	6
548	0	0	0	0	-1	5
549	0	0	0	0	-1	5
550	632	633	11	9.95	-3	6.04545454545455
551	634	635	7	46	-3	5.5
552	0	0	0	0	-1	6
553	636	637	11	9.45	-3	5.04
554	0	0	0	0	-1	5
555	638	639	9	3.425	-3	5.75
556	640	641	4	1.95	-3	6
557	0	0	0	0	-1	6
558	642	643	5	22.5	-3	5
559	0	0	0	0	-1	5
560	644	645	11	0	-3	5
561	0	0	0	0	-1	5
562	0	0	0	0	-1	6
563	646	647	11	10.15	-3	5
564	648	649	1	8.15	-3	6
565	0	0	0	0	-1	6
566	650	651	10	0.61	-3	5.90909090909091
567	652	653	5	0.206	-3	5.33774834437086
568	654	655	9	3.215	-3	5.87301587301587
569	0	0	0	0	-1	5
570	656	657	6	5.5	-3	5.96774193548387
571	0	0	0	0	-1	7
572	0	0	0	0	-1	6
573	0	0	0	0	-1	5
574	0	0	0	0	-1	7
575	658	659	1	6.75	-3	6
576	0	0	0	0	-1	6
577	660	661	9	3.44	-3	5
578	662	663	1	7.05	-3	6.375
579	664	665	6	16.5	-3	6
580	666	667	7	33	-3	7
581	0	0	0	0	-1	6.5
582	668	669	3	0.32	-3	5.12765957446809
583	0	0	0	0	-1	4
584	0	0	0	0	-1	5
585	0	0	0	0	-1	6
586	670	671	10	0	-3	5
587	672	673	1	11.3	-3	5.3
588	0	0	0	0	-1	5
589	0	0	0	0	-1	6
590	674	675	8	0.99855	-3	5
591	0	0	0	0	-1	4.5
592	0	0	0	0	-1	4.8
593	676	677	3	0.34	-3	5.83333333333333
594	0	0	0	0	-1	5
595	678	679	5	0.078	-3	6
596	0	0	0	0	-1	6
597	0	0	0	0	-1	5
598	0	0	0	0	-1	6
599	680	681	4	1.95	-3	6
600	682	683	2	0.335	-3	6.55
601	684	685	1	8.05	-3	6.20689655172414
602	0	0	0	0	-1	7
603	686	687	7	26	-3	7
604	0	0	0	0	-1	7
605	688	689	4	1.65	-3	6
606	690	691	8	0.99965	-3	5.28571428571429
607	692	693	10	0.835	-3	6
608	694	695	1	0	-3	5
609	0	0	0	0	-1	6
610	696	697	8	0.998165	-3	6.03703703703704
611	0	0	0	0	-1	7
612	0	0	0	0	-1	5
613	698	699	8	1.00011	-3	5.77777777777778
614	0	0	0	0	-1	6
615	700	701	8	1.001575	-3	5
616	0	0	0	0	-1	6
617	702	703	10	0.845	-3	6
618	0	0	0	0	-1	7
619	0	0	0	0	-1	7
620	0	0	0	0	-1	5
621	0	0	0	0	-1	5
622	704	705	2	0	-3	5
623	706	707	7	118	-3	5
624	708	709	3	0	-3	5
625	0	0	0	0	-1	5
626	710	711	5	0	-3	5
627	0	0	0	0	-1	5
628	712	713	5	0	-3	5
629	0	0	0	0	-1	5
630	0	0	0	0	-1	6
631	714	715	10	0.495	-3	6
632	716	717	6	6.5	-3	5.92857142857143
633	718	719	3	0.205	-3	6.25
634	720	721	10	0.61	-3	5
635	722	723	2	0.44	-3	5.66666666666667
636	0	0	0	0	-1	5.25
637	724	725	10	0.605	-3	5
638	0	0	0	0	-1	5.5
639	0	0	0	0	-1	6
640	0	0	0	0	-1	6
641	0	0	0	0	-1	6
642	726	727	10	0.72	-3	5
643	0	0	0	0	-1	5
644	0	0	0	0	-1	5
645	728	729	8	0.9971	-3	5
646	730	731	5	0	-3	5
647	0	0	0	0	-1	5
648	0	0	0	0	-1	6
649	0	0	0	0	-1	6
650	732	733	8	0.99598	-3	5.8
651	0	0	0	0	-1	7
652	734	735	5	0.0985	-3	5.32432432432433
653	0	0	0	0	-1	6
654	0	0	0	0	-1	5
655	736	737	7	82	-3	5.88709677419355
656	0	0	0	0	-1	7
657	738	739	7	17.5	-3	5.93333333333333
658	0	0	0	0	-1	6
659	740	741	9	3.315	-3	6
660	742	743	5	0.0795	-3	5
661	744	745	10	0	-3	5
662	0	0	0	0	-1	6
663	0	0	0	0	-1	6.6
664	0	0	0	0	-1	6
665	746	747	4	2.15	-3	6
666	0	0	0	0	-1	7
667	0	0	0	0	-1	7
668	0	0	0	0	-1	6
669	748	749	7	60.5	-3	5.10869565217391
670	0	0	0	0	-1	6
671	750	751	2	0.31	-3	5
672	0	0	0	0	-1	5
673	0	0	0	0	-1	6
674	752	753	7	60	-3	5
675	754	755	1	9.75	-3	5
676	0	0	0	0	-1	6
677	0	0	0	0	-1	5.5
678	0	0	0	0	-1	6
679	0	0	0	0	-1	6
680	0	0	0	0	-1	6
681	0	0	0	0	-1	6
682	756	757	8	0.99825	-3	6.63157894736842
683	0	0	0	0	-1	5
684	0	0	0	0	-1	5.5
685	758	759	4	2.65	-3	6.25925925925926
686	0	0	0	0	-1	7
687	0	0	0	0	-1	7
688	0	0	0	0	-1	6
689	0	0	0	0	-1	6
690	760	761	1	12.55	-3	5.16666666666667
691	0	0	0	0	-1	6
692	0	0	0	0	-1	6
693	0	0	0	0	-1	6
694	0	0	0	0	-1	7
695	762	763	10	0	-3	5
696	764	765	6	0	-3	6
697	0	0	0	0	-1	6.5
698	0	0	0	0	-1	5.33333333333333
699	766	767	2	0.535	-3	6
700	0	0	0	0	-1	5
701	0	0	0	0	-1	5
702	0	0	0	0	-1	6
703	0	0	0	0	-1	6
704	0	0	0	0	-1	6
705	0	0	0	0	-1	5
706	0	0	0	0	-1	5
707	0	0	0	0	-1	5
708	0	0	0	0	-1	5
709	768	769	1	8	-3	5
710	0	0	0	0	-1	5
711	770	771	4	4.05	-3	5
712	0	0	0	0	-1	4
713	772	773	4	2.45	-3	5
714	0	0	0	0	-1	6
715	774	775	4	0	-3	6
716	0	0	0	0	-1	5.75
717	0	0	0	0	-1	6
718	0	0	0	0	-1	6.66666666666667
719	0	0	0	0	-1	6
720	0	0	0	0	-1	5
721	0	0	0	0	-1	5
722	776	777	6	34	-3	5.85714285714286
723	0	0	0	0	-1	5
724	778	779	6	0	-3	5
725	780	781	1	0	-3	5
726	782	783	1	0	-3	5
727	0	0	0	0	-1	5
728	0	0	0	0	-1	5
729	0	0	0	0	-1	5
730	0	0	0	0	-1	6
731	0	0	0	0	-1	5
732	784	785	6	0	-3	6
733	0	0	0	0	-1	5.33333333333333
734	786	787	9	3.185	-3	5.36220472440945
735	788	789	4	2.75	-3	5.09523809523809
736	790	791	4	2.95	-3	5.9016393442623
737	0	0	0	0	-1	5
738	0	0	0	0	-1	5
739	792	793	2	0.735	-3	6
740	0	0	0	0	-1	6
741	794	795	8	0.99667	-3	6
742	0	0	0	0	-1	5
743	0	0	0	0	-1	5
744	0	0	0	0	-1	5
745	796	797	6	21	-3	5
746	0	0	0	0	-1	6
747	0	0	0	0	-1	6
748	798	799	9	3.285	-3	5.21739130434783
749	800	801	7	65.5	-3	5
750	0	0	0	0	-1	5
751	802	803	3	4	-3	5
752	0	0	0	0	-1	5
753	0	0	0	0	-1	5
754	804	805	2	0	-3	5
755	0	0	0	0	-1	5
756	806	807	3	0.38	-3	6.70588235294118
757	0	0	0	0	-1	6
758	808	809	5	0.0585	-3	6.15
759	810	811	9	3.16	-3	6.57142857142857
760	0	0	0	0	-1	5
761	0	0	0	0	-1	6
762	0	0	0	0	-1	6
763	0	0	0	0	-1	5
764	0	0	0	0	-1	5
765	812	813	5	0.0835	-3	6
766	0	0	0	0	-1	6
767	0	0	0	0	-1	6
768	0	0	0	0	-1	5
769	0	0	0	0	-1	5
770	0	0	0	0	-1	5
771	0	0	0	0	-1	5
772	0	0	0	0	-1	5
773	814	815	11	0	-3	5
774	0	0	0	0	-1	5
775	816	817	5	60	-3	6
776	818	819	10	0.635	-3	6
777	0	0	0	0	-1	5
778	0	0	0	0	-1	6
779	0	0	0	0	-1	5
780	0	0	0	0	-1	5
781	820	821	5	0.095	-3	5
782	0	0	0	0	-1	6
783	822	823	10	10.15	-3	5
784	0	0	0	0	-1	6
785	824	825	2	0.62	-3	6
786	0	0	0	0	-1	6
787	826	827	11	9.45	-3	5.34146341463415
788	828	829	11	9.85	-3	5.22222222222222
789	830	831	6	24.5	-3	5
790	832	833	1	6.25	-3	5.94444444444444
791	834	835	7	37	-3	5.57142857142857
792	0	0	0	0	-1	6
793	0	0	0	0	-1	6
794	0	0	0	0	-1	6
795	0	0	0	0	-1	6
796	0	0	0	0	-1	5
797	0	0	0	0	-1	5
798	836	837	7	55	-3	5.06666666666667
799	838	839	8	0.99955	-3	5.5
800	0	0	0	0	-1	5
801	0	0	0	0	-1	5
802	840	841	6	7.5	-3	5
803	0	0	0	0	-1	5
804	0	0	0	0	-1	5
805	0	0	0	0	-1	5
806	0	0	0	0	-1	6
807	842	843	11	10.25	-3	6.8
808	0	0	0	0	-1	7
809	844	845	2	0.27	-3	6.10526315789474
810	0	0	0	0	-1	7
811	0	0	0	0	-1	6.25
812	0	0	0	0	-1	6
813	0	0	0	0	-1	6
814	0	0	0	0	-1	5
815	0	0	0	0	-1	5
816	0	0	0	0	-1	6
817	0	0	0	0	-1	6
818	846	847	7	0.0845	-3	6
819	0	0	0	0	-1	6
820	0	0	0	0	-1	5
821	0	0	0	0	-1	5
822	0	0	0	0	-1	5
823	0	0	0	0	-1	5
824	0	0	0	0	-1	6
825	0	0	0	0	-1	6
826	848	849	10	0.585	-3	5.10714285714286
827	850	851	3	0.005	-3	5.41052631578947
828	852	853	7	0	-3	5
829	0	0	0	0	-1	6
830	0	0	0	0	-1	5
831	0	0	0	0	-1	5
832	0	0	0	0	-1	5
833	854	855	4	1.65	-3	5.9622641509434
834	0	0	0	0	-1	5
835	0	0	0	0	-1	6
836	856	857	4	0	-3	5
837	0	0	0	0	-1	6
838	858	859	5	0.076	-3	5.66666666666667
839	0	0	0	0	-1	5
840	0	0	0	0	-1	5
841	0	0	0	0	-1	5
842	0	0	0	0	-1	6
843	860	861	10	1.055	-3	6.85714285714286
844	0	0	0	0	-1	6.5
845	862	863	5	0.1055	-3	6
846	0	0	0	0	-1	7
847	864	865	8	0.997125	-3	6
848	866	867	10	0.575	-3	5.4
849	868	869	5	0.0915	-3	4.94444444444444
850	870	871	7	14.5	-3	5.90909090909091
851	872	873	8	0.99669	-3	5.3452380952381
852	0	0	0	0	-1	5
853	874	875	5	0.102	-3	5
854	0	0	0	0	-1	5.66666666666667
855	876	877	9	3.525	-3	5.98
856	0	0	0	0	-1	6
857	0	0	0	0	-1	5
858	0	0	0	0	-1	5
859	0	0	0	0	-1	5.8
860	878	879	10	0.885	-3	6.92307692307692
861	0	0	0	0	-1	6
862	880	881	9	3.2	-3	6
863	0	0	0	0	-1	6
864	0	0	0	0	-1	6
865	0	0	0	0	-1	6
866	882	883	5	0	-3	5
867	0	0	0	0	-1	6
868	0	0	0	0	-1	5
869	0	0	0	0	-1	4
870	0	0	0	0	-1	5
871	884	885	9	3.39	-3	6
872	886	887	6	6.5	-3	5.08
873	888	889	6	12.5	-3	5.45762711864407
874	0	0	0	0	-1	5
875	0	0	0	0	-1	5
876	890	891	7	17.5	-3	6
877	0	0	0	0	-1	5.5
878	0	0	0	0	-1	6.8
879	892	893	10	1.03	-3	7
880	0	0	0	0	-1	6
881	0	0	0	0	-1	6
882	0	0	0	0	-1	5
883	0	0	0	0	-1	5
884	0	0	0	0	-1	6
885	894	895	4	1.9	-3	6
886	0	0	0	0	-1	6
887	896	897	9	3.27	-3	5.04166666666667
888	898	899	10	0.715	-3	5.64
889	900	901	1	7.55	-3	5.32352941176471
890	0	0	0	0	-1	6.2
891	902	903	9	3.32	-3	5.97674418604651
892	0	0	0	0	-1	7
893	0	0	0	0	-1	7
894	0	0	0	0	-1	6
895	0	0	0	0	-1	6
896	0	0	0	0	-1	5.33333333333333
897	904	905	4	1.95	-3	5
898	906	907	7	22.5	-3	5.78947368421053
899	908	909	6	10.5	-3	5.16666666666667
900	910	911	11	9.75	-3	5
901	912	913	8	0.99767	-3	5.5
902	914	915	3	0.01	-3	5.85714285714286
903	916	917	9	3.43	-3	6
904	0	0	0	0	-1	5
905	0	0	0	0	-1	5
906	0	0	0	0	-1	7
907	918	919	9	3.235	-3	5.72222222222222
908	0	0	0	0	-1	5
909	0	0	0	0	-1	5.5
910	0	0	0	0	-1	5
911	0	0	0	0	-1	5
912	920	921	4	2.5	-3	6
913	0	0	0	0	-1	5
914	0	0	0	0	-1	5
915	922	923	1	8.55	-3	6
916	924	925	7	2.55	-3	6
917	926	927	4	0.0965	-3	6
918	0	0	0	0	-1	5.4
919	928	929	8	0.99932	-3	5.84615384615385
920	930	931	1	7.95	-3	6
921	0	0	0	0	-1	6
922	0	0	0	0	-1	6
923	0	0	0	0	-1	6
924	0	0	0	0	-1	6
925	932	933	5	0.093	-3	6
926	0	0	0	0	-1	7
927	934	935	6	0.1045	-3	6
928	936	937	3	0.055	-3	5.91666666666667
929	0	0	0	0	-1	5
930	938	939	2	0.615	-3	6
931	0	0	0	0	-1	6
932	940	941	8	0.99568	-3	6
933	0	0	0	0	-1	6
934	0	0	0	0	-1	6
935	0	0	0	0	-1	6
936	0	0	0	0	-1	5
937	942	943	8	0	-3	6
938	0	0	0	0	-1	6
939	0	0	0	0	-1	6
940	944	945	2	0.565	-3	6
941	0	0	0	0	-1	6
942	0	0	0	0	-1	6
943	0	0	0	0	-1	6
944	946	947	5	0	-3	6
945	948	949	3	0.605	-3	6
946	0	0	0	0	-1	5
947	950	951	3	0.085	-3	6
948	0	0	0	0	-1	6
949	0	0	0	0	-1	6
950	0	0	0	0	-1	6
951	0	0	0	0	-1	6
