1	2	3	2	0.425	-3	5.62789243277048
2	4	5	8	0.99538	-3	6.03960396039604
3	6	7	2	0.8675	-3	5.43784277879342
4	8	9	2	0.235	-3	6.51145038167939
5	10	11	1	8.85	-3	5.87433155080214
6	12	13	11	9.95	-3	5.4795719844358
7	14	15	7	9.5	-3	4.78787878787879
8	16	17	11	11.45	-3	5.78571428571429
9	18	19	11	10.95	-3	6.5982905982906
10	20	21	2	0.3625	-3	5.66666666666667
11	22	23	7	49.5	-3	6.03827751196172
12	24	25	1	10.35	-3	5.20477137176938
13	26	27	8	0.99241	-3	5.74285714285714
14	28	29	9	3.43	-3	3.57142857142857
15	30	31	10	0.465	-3	4.93220338983051
16	0	0	0	0	-1	5
17	32	33	6	42.75	-3	6.1
18	34	35	10	0.63	-3	5.66666666666667
19	36	37	6	39.75	-3	6.7047619047619
20	38	39	7	11	-3	5.87912087912088
21	40	41	11	10.25	-3	5.40540540540541
22	42	43	11	9.75	-3	6.16
23	44	45	5	0.0785	-3	5.41176470588235
24	46	47	1	10.1	-3	5.23467230443974
25	48	49	11	8.7	-3	4.73333333333333
26	50	51	5	0.0695	-3	6.8
27	52	53	6	5.25	-3	5.71176470588235
28	0	0	0	0	-1	4
29	0	0	0	0	-1	3
30	54	55	9	3.465	-3	5.57142857142857
31	56	57	1	7.55	-3	4.84615384615385
32	58	59	3	0.355	-3	6
33	0	0	0	0	-1	7
34	60	61	7	37	-3	5.14285714285714
35	0	0	0	0	-1	6.4
36	62	63	4	1.675	-3	6.66666666666667
37	0	0	0	0	-1	8
38	0	0	0	0	-1	7
39	64	65	11	10.8	-3	5.82758620689655
40	66	67	11	9.45	-3	5.46774193548387
41	68	69	6	5.5	-3	5.08333333333333
42	70	71	11	9.35	-3	5.56410256410256
43	72	73	1	8.95	-3	6.33088235294118
44	74	75	3	0.53	-3	6
45	76	77	11	10.3	-3	5.1304347826087
46	78	79	6	22.5	-3	5.22483940042826
47	80	81	7	18.5	-3	6
48	0	0	0	0	-1	3
49	82	83	7	43.5	-3	4.85714285714286
50	84	85	7	65.5	-3	6.61538461538461
51	0	0	0	0	-1	8
52	86	87	2	0.8375	-3	5.39705882352941
53	88	89	1	9.95	-3	5.76018099547511
54	0	0	0	0	-1	5
55	0	0	0	0	-1	6
56	90	91	11	9.85	-3	4.47619047619048
57	92	93	5	0.069	-3	5.09677419354839
58	0	0	0	0	-1	6
59	94	95	8	0	-3	6
60	96	97	5	0.0785	-3	5
61	0	0	0	0	-1	6
62	98	99	7	7.5	-3	6.18181818181818
63	100	101	10	0.675	-3	6.72527472527472
64	102	103	3	0.515	-3	5.64912280701754
65	104	105	2	0.205	-3	6.16666666666667
66	106	107	8	0.99787	-3	5.22222222222222
67	108	109	6	29.5	-3	5.65714285714286
68	0	0	0	0	-1	5.25
69	110	111	7	24	-3	5
70	112	113	3	0.425	-3	5.88888888888889
71	114	115	5	0.115	-3	5.28571428571429
72	116	117	4	0	-3	7
73	118	119	10	0.625	-3	6.2890625
74	120	121	9	3.415	-3	6.1
75	0	0	0	0	-1	5
76	122	123	3	0.47	-3	5
77	124	125	1	10.3	-3	5.42857142857143
78	126	127	5	0.0745	-3	5.27565982404692
79	128	129	2	0.6225	-3	5.08730158730159
80	0	0	0	0	-1	6
81	0	0	0	0	-1	6
82	130	131	2	0.545	-3	5.25
83	132	133	6	12	-3	3.875
84	134	135	8	0.99215	-3	6
85	136	137	6	33	-3	7.14285714285714
86	138	139	4	3.05	-3	5.55737704918033
87	140	141	8	0	-3	4
88	142	143	7	81.5	-3	5.70026525198939
89	144	145	9	2.935	-3	6.10769230769231
90	146	147	3	0.07	-3	3.71428571428571
91	148	149	3	0.475	-3	4.85714285714286
92	0	0	0	0	-1	6
93	150	151	1	7.95	-3	5.06666666666667
94	0	0	0	0	-1	6
95	152	153	1	8.1	-3	6
96	0	0	0	0	-1	5
97	0	0	0	0	-1	5
98	0	0	0	0	-1	7
99	154	155	1	8.85	-3	5.875
100	156	157	7	7.5	-3	6.41025641025641
101	158	159	9	3.7	-3	6.96153846153846
102	160	161	9	3.345	-3	5.72
103	162	163	2	0.305	-3	5.14285714285714
104	0	0	0	0	-1	5
105	164	165	7	18	-3	6.20689655172414
106	166	167	5	0.0775	-3	5.09090909090909
107	0	0	0	0	-1	5.8
108	168	169	1	6.25	-3	5.81481481481481
109	170	171	7	69.5	-3	5.125
110	0	0	0	0	-1	5
111	172	173	3	0	-3	5
112	174	175	3	0.4	-3	5.33333333333333
113	176	177	1	14.65	-3	6.16666666666667
114	178	179	1	13.3	-3	5.13333333333333
115	180	181	10	0.93	-3	5.66666666666667
116	0	0	0	0	-1	6
117	182	183	4	3.7	-3	7
118	184	185	1	10.5	-3	5.71428571428571
119	186	187	5	0.1055	-3	6.4018691588785
120	0	0	0	0	-1	6
121	0	0	0	0	-1	6.5
122	0	0	0	0	-1	5
123	188	189	3	0	-3	5
124	0	0	0	0	-1	6
125	0	0	0	0	-1	5.2
126	190	191	2	0.585	-3	5.49411764705882
127	192	193	10	0.555	-3	5.203125
128	194	195	9	3.09	-3	5.12903225806452
129	196	197	8	0.997265	-3	4.96969696969697
130	198	199	7	33.5	-3	5.06666666666667
131	0	0	0	0	-1	5.8
132	0	0	0	0	-1	3
133	200	201	4	2.45	-3	4.16666666666667
134	0	0	0	0	-1	6
135	0	0	0	0	-1	6
136	0	0	0	0	-1	7.6
137	0	0	0	0	-1	6
138	202	203	10	0.59	-3	5.34782608695652
139	204	205	5	0.1005	-3	6.2
140	0	0	0	0	-1	5
141	206	207	9	3.365	-3	4
142	208	209	6	28.5	-3	5.74561403508772
143	210	211	5	0.0465	-3	5.25714285714286
144	0	0	0	0	-1	5.4
145	212	213	2	0.6225	-3	6.16666666666667
146	0	0	0	0	-1	3.25
147	0	0	0	0	-1	4.33333333333333
148	214	215	6	5.5	-3	4.66666666666667
149	0	0	0	0	-1	6
150	216	217	6	12	-3	5.33333333333333
151	218	219	5	0.086	-3	5
152	0	0	0	0	-1	6
153	0	0	0	0	-1	6
154	0	0	0	0	-1	6
155	0	0	0	0	-1	5.66666666666667
156	0	0	0	0	-1	4
157	220	221	3	0.275	-3	6.47368421052632
158	222	223	6	18.5	-3	6.92
159	0	0	0	0	-1	8
160	224	225	6	5.5	-3	5.95238095238095
161	226	227	5	0.0735	-3	5.55172413793103
162	228	229	8	0.99738	-3	5
163	0	0	0	0	-1	6
164	0	0	0	0	-1	7
165	230	231	6	13	-3	6.17857142857143
166	0	0	0	0	-1	5.4
167	0	0	0	0	-1	5
168	0	0	0	0	-1	7
169	232	233	7	68.5	-3	5.76923076923077
170	0	0	0	0	-1	5
171	0	0	0	0	-1	5.33333333333333
172	0	0	0	0	-1	5
173	234	235	7	74	-3	5
174	0	0	0	0	-1	5
175	0	0	0	0	-1	5.5
176	236	237	1	12.3	-3	6
177	0	0	0	0	-1	7
178	238	239	6	21	-3	5.07142857142857
179	0	0	0	0	-1	6
180	0	0	0	0	-1	6
181	0	0	0	0	-1	5
182	0	0	0	0	-1	7
183	0	0	0	0	-1	7
184	240	241	9	3.235	-3	6.2
185	242	243	9	3.13	-3	5.27272727272727
186	244	245	4	2.35	-3	6.52272727272727
187	246	247	10	0.73	-3	5.84210526315789
188	0	0	0	0	-1	4
189	248	249	9	3.24	-3	5
190	250	251	2	0.575	-3	5.70588235294118
191	252	253	10	0.66	-3	5.17647058823529
192	254	255	5	0.2265	-3	4.99099099099099
193	256	257	3	0.235	-3	5.36551724137931
194	258	259	5	0.098	-3	5.5
195	260	261	7	40	-3	5.09411764705882
196	262	263	11	9.2	-3	4.9
197	0	0	0	0	-1	5
198	264	265	2	0.445	-3	5
199	0	0	0	0	-1	5.33333333333333
200	0	0	0	0	-1	4
201	0	0	0	0	-1	5
202	266	267	11	11.6	-3	5.04
203	268	269	5	0.0915	-3	5.71428571428571
204	270	271	6	4.5	-3	5.71428571428571
205	272	273	10	0.76	-3	6.625
206	0	0	0	0	-1	4
207	0	0	0	0	-1	4
208	274	275	11	10.525	-3	5.70860927152318
209	276	277	11	11.55	-3	6.025
210	0	0	0	0	-1	7
211	278	279	4	1.7	-3	5.20588235294118
212	280	281	9	3.175	-3	6.27272727272727
213	0	0	0	0	-1	5
214	0	0	0	0	-1	4
215	282	283	2	1.0025	-3	4.8
216	0	0	0	0	-1	5
217	0	0	0	0	-1	6
218	284	285	4	2.85	-3	5.05
219	0	0	0	0	-1	4.75
220	286	287	10	0.66	-3	6
221	288	289	6	8	-3	6.5625
222	290	291	2	0.345	-3	7.0625
223	292	293	3	0.345	-3	6.66666666666667
224	0	0	0	0	-1	8
225	294	295	7	78	-3	5.85
226	296	297	8	0.99647	-3	5.33333333333333
227	298	299	3	0.435	-3	5.78571428571429
228	0	0	0	0	-1	5
229	0	0	0	0	-1	5
230	300	301	3	0	-3	6
231	302	303	6	19.5	-3	6.29411764705882
232	304	305	7	37.5	-3	5.86363636363636
233	0	0	0	0	-1	5.25
234	0	0	0	0	-1	5
235	0	0	0	0	-1	5
236	306	307	3	0.445	-3	6
237	0	0	0	0	-1	6
238	308	309	11	0	-3	5
239	0	0	0	0	-1	6
240	310	311	6	4.5	-3	6.42857142857143
241	0	0	0	0	-1	5.66666666666667
242	0	0	0	0	-1	6
243	312	313	8	0.9995	-3	5
244	314	315	4	1.55	-3	6.3265306122449
245	316	317	9	3.275	-3	6.76923076923077
246	318	319	4	2.55	-3	5.66666666666667
247	320	321	2	0.385	-3	6
248	322	323	4	0	-3	5
249	0	0	0	0	-1	5
250	324	325	3	0.245	-3	5.6
251	326	327	5	0.0695	-3	6.5
252	328	329	2	0.8225	-3	5.06896551724138
253	0	0	0	0	-1	5.8
254	330	331	10	0.435	-3	5.00909090909091
255	0	0	0	0	-1	3
256	332	333	11	9.85	-3	5.225
257	334	335	4	2.55	-3	5.53846153846154
258	0	0	0	0	-1	5
259	0	0	0	0	-1	6
260	0	0	0	0	-1	6
261	336	337	9	3.425	-3	5.08333333333333
262	0	0	0	0	-1	4.5
263	338	339	1	7.45	-3	5
264	0	0	0	0	-1	5
265	340	341	7	0	-3	5
266	342	343	5	0.0545	-3	4.95652173913043
267	0	0	0	0	-1	6
268	344	345	1	12.05	-3	5.84210526315789
269	0	0	0	0	-1	4.5
270	0	0	0	0	-1	5
271	346	347	8	0.9992	-3	5.83333333333333
272	348	349	10	0.64	-3	7
273	0	0	0	0	-1	5.5
274	350	351	9	3.59	-3	5.50892857142857
275	352	353	10	0.585	-3	5.82631578947369
276	354	355	3	0.31	-3	5.97222222222222
277	0	0	0	0	-1	6.5
278	0	0	0	0	-1	7
279	356	357	6	10.5	-3	5.15151515151515
280	358	359	4	5.2	-3	6.5
281	360	361	5	0.0955	-3	5.95652173913043
282	362	363	10	0.505	-3	4.88888888888889
283	0	0	0	0	-1	4
284	364	365	3	0.24	-3	5
285	0	0	0	0	-1	5.25
286	0	0	0	0	-1	6
287	0	0	0	0	-1	6
288	366	367	8	0.99493	-3	6.90909090909091
289	368	369	10	0.53	-3	6.38095238095238
290	370	371	4	2.95	-3	6.90476190476191
291	372	373	5	0.0555	-3	7.36363636363636
292	0	0	0	0	-1	6
293	374	375	2	0.385	-3	6.8
294	376	377	9	3.125	-3	6
295	0	0	0	0	-1	5.25
296	378	379	7	59.5	-3	5.16666666666667
297	0	0	0	0	-1	6
298	380	381	11	9.45	-3	5.84615384615385
299	0	0	0	0	-1	5
300	0	0	0	0	-1	6
301	382	383	5	0.069	-3	6
302	384	385	5	0.0765	-3	6.55555555555556
303	386	387	8	0.9963	-3	6
304	0	0	0	0	-1	5.4
305	388	389	1	8.25	-3	6
306	0	0	0	0	-1	6
307	390	391	6	8	-3	6
308	0	0	0	0	-1	5
309	392	393	5	0.065	-3	5
310	0	0	0	0	-1	6
311	0	0	0	0	-1	6.75
312	394	395	3	0	-3	5
313	0	0	0	0	-1	5
314	396	397	6	8	-3	6.83333333333333
315	398	399	5	0.061	-3	6.25581395348837
316	400	401	7	16.5	-3	6.90625
317	402	403	11	11.6	-3	6.14285714285714
318	0	0	0	0	-1	5
319	404	405	9	3.21	-3	6
320	0	0	0	0	-1	6
321	406	407	6	0	-3	6
322	0	0	0	0	-1	5
323	408	409	5	0.9989	-3	5
324	410	411	1	6.5	-3	5.71052631578947
325	412	413	1	0	-3	5
326	0	0	0	0	-1	6
327	0	0	0	0	-1	7
328	414	415	9	3.135	-3	5
329	0	0	0	0	-1	6
330	0	0	0	0	-1	4.33333333333333
331	416	417	8	0.997165	-3	5.02803738317757
332	418	419	5	0.1715	-3	5.20512820512821
333	0	0	0	0	-1	6
334	420	421	3	0.365	-3	5.68627450980392
335	0	0	0	0	-1	5
336	422	423	10	0.47	-3	5.05063291139241
337	0	0	0	0	-1	5.6
338	0	0	0	0	-1	5
339	424	425	5	0	-3	5
340	0	0	0	0	-1	6
341	0	0	0	0	-1	5
342	0	0	0	0	-1	6
343	426	427	3	0.515	-3	4.90909090909091
344	428	429	11	12.6	-3	6
345	0	0	0	0	-1	5
346	0	0	0	0	-1	6
347	0	0	0	0	-1	5.5
348	0	0	0	0	-1	7
349	0	0	0	0	-1	7
350	430	431	10	0.55	-3	5.54205607476636
351	0	0	0	0	-1	4.8
352	432	433	8	0.993905	-3	5.46875
353	434	435	1	6.35	-3	6.00793650793651
354	436	437	4	2.05	-3	5.94285714285714
355	0	0	0	0	-1	7
356	0	0	0	0	-1	6
357	438	439	5	0.073	-3	5.03448275862069
358	440	441	9	3.13	-3	6.33333333333333
359	442	443	11	0	-3	7
360	444	445	4	2.65	-3	6.05263157894737
361	0	0	0	0	-1	5.5
362	0	0	0	0	-1	4
363	446	447	9	3.63	-3	5
364	0	0	0	0	-1	5
365	448	449	2	0	-3	5
366	450	451	6	3.5	-3	7
367	0	0	0	0	-1	6.66666666666667
368	452	453	8	0.9919	-3	7
369	454	455	1	9.05	-3	6.13333333333333
370	0	0	0	0	-1	7
371	0	0	0	0	-1	6.33333333333333
372	0	0	0	0	-1	7
373	456	457	9	3.255	-3	7.57142857142857
374	458	459	3	0.495	-3	6.85714285714286
375	0	0	0	0	-1	6
376	0	0	0	0	-1	6
377	460	461	5	0.078	-3	6
378	0	0	0	0	-1	5
379	0	0	0	0	-1	5.66666666666667
380	0	0	0	0	-1	5
381	462	463	1	0.0825	-3	6
382	464	465	10	0.88	-3	6
383	0	0	0	0	-1	6
384	466	467	10	0.74	-3	6.375
385	0	0	0	0	-1	8
386	0	0	0	0	-1	6
387	0	0	0	0	-1	6
388	468	469	2	0.375	-3	6
389	0	0	0	0	-1	6
390	0	0	0	0	-1	6
391	0	0	0	0	-1	6
392	0	0	0	0	-1	5
393	470	471	4	0	-3	5
394	0	0	0	0	-1	7
395	0	0	0	0	-1	5
396	0	0	0	0	-1	6
397	0	0	0	0	-1	7
398	0	0	0	0	-1	7
399	472	473	4	2	-3	6.15789473684211
400	474	475	1	10.45	-3	7.5
401	476	477	11	10.75	-3	6.76923076923077
402	478	479	6	12.5	-3	6
403	0	0	0	0	-1	7
404	0	0	0	0	-1	6
405	0	0	0	0	-1	6
406	0	0	0	0	-1	6
407	480	481	2	0	-3	6
408	0	0	0	0	-1	5
409	0	0	0	0	-1	5
410	0	0	0	0	-1	5
411	482	483	10	0.51	-3	5.81818181818182
412	0	0	0	0	-1	5
413	484	485	1	3.32	-3	5
414	0	0	0	0	-1	5
415	486	487	8	0.99734	-3	5
416	488	489	2	0.81	-3	5.13725490196078
417	490	491	4	1.75	-3	4.92857142857143
418	492	493	3	0.185	-3	5.18421052631579
419	0	0	0	0	-1	6
420	494	495	8	0.99852	-3	5.86111111111111
421	496	497	2	0.54	-3	5.26666666666667
422	0	0	0	0	-1	6
423	498	499	2	0.435	-3	5.03846153846154
424	0	0	0	0	-1	7
425	500	501	4	2.05	-3	5
426	502	503	7	7.5	-3	5
427	0	0	0	0	-1	4
428	504	505	11	10.3	-3	5.93333333333333
429	0	0	0	0	-1	7
430	506	507	8	0.99481	-3	5.30555555555556
431	508	509	10	0.95	-3	5.66197183098592
432	510	511	11	13	-3	5.20833333333333
433	512	513	6	15.5	-3	5.625
434	514	515	8	0.99363	-3	5.68
435	516	517	1	7.7	-3	6.08910891089109
436	518	519	9	3.33	-3	5.71428571428571
437	520	521	9	3.565	-3	6
438	522	523	6	30	-3	5.16666666666667
439	524	525	7	109	-3	5
440	526	527	9	3	-3	6.125
441	528	529	5	0.14	-3	6.75
442	0	0	0	0	-1	6
443	530	531	6	22.5	-3	7
444	532	533	5	0.0885	-3	6
445	534	535	4	2.85	-3	6.14285714285714
446	536	537	9	0	-3	5
447	0	0	0	0	-1	5
448	0	0	0	0	-1	7
449	538	539	9	3.245	-3	5
450	0	0	0	0	-1	7
451	540	541	3	0.08	-3	7
452	0	0	0	0	-1	7
453	0	0	0	0	-1	7
454	542	543	3	0.385	-3	6.21428571428571
455	0	0	0	0	-1	5
456	0	0	0	0	-1	8
457	0	0	0	0	-1	7
458	544	545	1	8.3	-3	6.92307692307692
459	0	0	0	0	-1	6
460	0	0	0	0	-1	6
461	0	0	0	0	-1	6
462	0	0	0	0	-1	6
463	546	547	2	0	-3	6
464	0	0	0	0	-1	6
465	0	0	0	0	-1	6
466	0	0	0	0	-1	6
467	0	0	0	0	-1	7
468	0	0	0	0	-1	6
469	548	549	9	3.44	-3	6
470	0	0	0	0	-1	5
471	550	551	8	0.99755	-3	5
472	552	553	10	0.945	-3	6.26923076923077
473	554	555	9	3.245	-3	5.91666666666667
474	0	0	0	0	-1	7
475	0	0	0	0	-1	8
476	556	557	8	0.99845	-3	6.42857142857143
477	558	559	8	0.996025	-3	6.89473684210526
478	0	0	0	0	-1	6
479	0	0	0	0	-1	6
480	0	0	0	0	-1	7
481	0	0	0	0	-1	6
482	0	0	0	0	-1	5.33333333333333
483	560	561	9	3.375	-3	5.86666666666667
484	0	0	0	0	-1	7
485	0	0	0	0	-1	5
486	0	0	0	0	-1	5
487	0	0	0	0	-1	5
488	562	563	5	0.0755	-3	5.16326530612245
489	0	0	0	0	-1	4.5
490	0	0	0	0	-1	4
491	564	565	8	0.99884	-3	4.96296296296296
492	566	567	4	2.35	-3	5.26415094339623
493	568	569	2	0.655	-3	5
494	570	571	3	0.285	-3	5.78787878787879
495	0	0	0	0	-1	6.66666666666667
496	572	573	6	15	-3	5.44444444444444
497	0	0	0	0	-1	5
498	0	0	0	0	-1	5.5
499	574	575	6	23.5	-3	5.02631578947368
500	0	0	0	0	-1	5
501	0	0	0	0	-1	5
502	0	0	0	0	-1	6
503	576	577	10	0.42	-3	4.94736842105263
504	0	0	0	0	-1	5.66666666666667
505	578	579	11	11.95	-3	6
506	0	0	0	0	-1	7
507	580	581	2	0.515	-3	5.25714285714286
508	582	583	1	8.5	-3	5.70149253731343
509	0	0	0	0	-1	5
510	584	585	4	2.3	-3	5.26086956521739
511	0	0	0	0	-1	4
512	586	587	4	2.15	-3	5.38095238095238
513	588	589	9	3.415	-3	5.89473684210526
514	590	591	5	15.5	-3	6
515	592	593	1	6.05	-3	5.52941176470588
516	594	595	2	0.515	-3	6.24193548387097
517	596	597	5	0.102	-3	5.84615384615385
518	0	0	0	0	-1	6
519	0	0	0	0	-1	5.33333333333333
520	598	599	1	0	-3	6
521	0	0	0	0	-1	6
522	0	0	0	0	-1	5
523	0	0	0	0	-1	6
524	600	601	5	0.0985	-3	5
525	0	0	0	0	-1	5
526	0	0	0	0	-1	5
527	602	603	7	16	-3	6.2
528	604	605	7	33.5	-3	6.85714285714286
529	0	0	0	0	-1	6
530	0	0	0	0	-1	7
531	0	0	0	0	-1	7
532	0	0	0	0	-1	6
533	0	0	0	0	-1	6
534	0	0	0	0	-1	6.5
535	0	0	0	0	-1	6
536	0	0	0	0	-1	4
537	606	607	8	0.996065	-3	5
538	0	0	0	0	-1	5
539	0	0	0	0	-1	5
540	0	0	0	0	-1	5
541	0	0	0	0	-1	7
542	0	0	0	0	-1	6.6
543	608	609	2	1.85	-3	6
544	610	611	3	0.385	-3	7
545	0	0	0	0	-1	6
546	0	0	0	0	-1	7
547	612	613	9	3.405	-3	6
548	614	615	1	7.95	-3	6
549	0	0	0	0	-1	6
550	0	0	0	0	-1	5
551	616	617	2	0	-3	5
552	618	619	3	0.485	-3	6.15
553	620	621	3	0.47	-3	6.66666666666667
554	622	623	10	0.8	-3	6
555	0	0	0	0	-1	5.75
556	0	0	0	0	-1	7
557	0	0	0	0	-1	6
558	0	0	0	0	-1	6
559	624	625	1	9.65	-3	6.94444444444444
560	626	627	5	0.0715	-3	5.77777777777778
561	628	629	11	9.7	-3	6
562	0	0	0	0	-1	5.66666666666667
563	630	631	5	0.0775	-3	5.1304347826087
564	632	633	6	13.5	-3	4.94
565	0	0	0	0	-1	5.25
566	634	635	1	8.5	-3	5.13888888888889
567	636	637	11	9.75	-3	5.52941176470588
568	638	639	5	0.079	-3	5.05
569	0	0	0	0	-1	4.66666666666667
570	640	641	4	1.85	-3	5.92
571	642	643	6	14.5	-3	5.375
572	0	0	0	0	-1	6
573	0	0	0	0	-1	5
574	644	645	7	51	-3	5.14285714285714
575	646	647	7	83.5	-3	5
576	0	0	0	0	-1	4
577	648	649	11	10.45	-3	5
578	0	0	0	0	-1	6
579	0	0	0	0	-1	6
580	650	651	11	10.1	-3	5.61538461538461
581	652	653	3	0.025	-3	5.04545454545455
582	654	655	7	50.5	-3	5.61702127659574
583	656	657	4	1.8	-3	5.9
584	658	659	2	0.45	-3	5.5
585	0	0	0	0	-1	5
586	660	661	9	3.2	-3	6
587	662	663	8	0.99484	-3	5.07142857142857
588	0	0	0	0	-1	5.5
589	664	665	7	28	-3	6
590	666	667	6	0	-3	6
591	0	0	0	0	-1	6
592	668	669	5	0.1255	-3	5.83333333333333
593	670	671	2	0.54	-3	5.36363636363636
594	672	673	1	7.45	-3	6.04761904761905
595	674	675	9	3.405	-3	6.34146341463415
596	676	677	4	2.35	-3	5.91428571428571
597	0	0	0	0	-1	5.25
598	0	0	0	0	-1	5
599	678	679	4	2.45	-3	6
600	0	0	0	0	-1	5
601	0	0	0	0	-1	5
602	0	0	0	0	-1	7
603	680	681	11	12.55	-3	6
604	0	0	0	0	-1	7
605	0	0	0	0	-1	6.5
606	0	0	0	0	-1	5
607	0	0	0	0	-1	5
608	682	683	3	0.425	-3	6
609	0	0	0	0	-1	6
610	0	0	0	0	-1	7
611	684	685	10	0.825	-3	7
612	0	0	0	0	-1	6
613	686	687	6	15.5	-3	6
614	688	689	8	0.997285	-3	6
615	0	0	0	0	-1	6
616	0	0	0	0	-1	6
617	690	691	5	0.0865	-3	5
618	692	693	1	9.8	-3	6
619	694	695	10	0.71	-3	6.5
620	0	0	0	0	-1	7
621	0	0	0	0	-1	6
622	696	697	10	0.735	-3	6
623	0	0	0	0	-1	6
624	0	0	0	0	-1	8
625	698	699	1	13.65	-3	6.88235294117647
626	700	701	8	0.995965	-3	5.55555555555556
627	0	0	0	0	-1	6
628	702	703	9	3.395	-3	6
629	0	0	0	0	-1	6
630	0	0	0	0	-1	5
631	704	705	2	0.7625	-3	5.17142857142857
632	706	707	1	8.15	-3	4.88
633	708	709	5	0.0925	-3	5
634	710	711	6	3.5	-3	5.11428571428571
635	0	0	0	0	-1	6
636	712	713	4	2.65	-3	5.66666666666667
637	0	0	0	0	-1	5.2
638	714	715	6	17.5	-3	5.16666666666667
639	716	717	3	0	-3	5
640	0	0	0	0	-1	5
641	718	719	1	7.45	-3	5.95833333333333
642	0	0	0	0	-1	5.6
643	0	0	0	0	-1	5
644	0	0	0	0	-1	6
645	720	721	10	0.585	-3	5.07692307692308
646	722	723	8	0.999125	-3	5
647	724	725	11	9.6	-3	5
648	726	727	10	0	-3	5
649	728	729	5	0	-3	5
650	0	0	0	0	-1	5
651	730	731	9	3.365	-3	5.72727272727273
652	0	0	0	0	-1	6
653	732	733	2	0.535	-3	5
654	734	735	7	18.5	-3	5.76315789473684
655	736	737	1	8.1	-3	5
656	0	0	0	0	-1	5.6
657	738	739	8	0.99838	-3	6
658	0	0	0	0	-1	6
659	740	741	11	12.2	-3	5.4
660	0	0	0	0	-1	5
661	742	743	11	11.45	-3	6.16666666666667
662	0	0	0	0	-1	6
663	744	745	6	12.5	-3	5
664	0	0	0	0	-1	6
665	746	747	3	45.5	-3	6
666	0	0	0	0	-1	5
667	748	749	4	2.05	-3	6
668	0	0	0	0	-1	6
669	0	0	0	0	-1	5
670	0	0	0	0	-1	6
671	750	751	11	11.95	-3	5.22222222222222
672	752	753	6	22.5	-3	6
673	0	0	0	0	-1	7
674	754	755	8	0.993725	-3	6.0625
675	756	757	2	0.58	-3	6.52
676	758	759	8	0.99633	-3	5.73684210526316
677	760	761	1	8.1	-3	6.125
678	762	763	1	5.95	-3	6
679	0	0	0	0	-1	6
680	764	765	7	30	-3	6
681	0	0	0	0	-1	6
682	0	0	0	0	-1	6
683	766	767	11	11.6	-3	6
684	0	0	0	0	-1	7
685	768	769	1	7.7	-3	7
686	0	0	0	0	-1	6
687	0	0	0	0	-1	6
688	0	0	0	0	-1	6
689	0	0	0	0	-1	6
690	0	0	0	0	-1	5
691	0	0	0	0	-1	5
692	0	0	0	0	-1	6
693	770	771	6	16.5	-3	6
694	0	0	0	0	-1	6.25
695	0	0	0	0	-1	7
696	0	0	0	0	-1	6
697	0	0	0	0	-1	6
698	772	773	5	0.0655	-3	6.9375
699	0	0	0	0	-1	6
700	0	0	0	0	-1	5.8
701	0	0	0	0	-1	5.25
702	0	0	0	0	-1	6
703	774	775	3	0.515	-3	6
704	776	777	6	21	-3	5.09677419354839
705	0	0	0	0	-1	5.75
706	778	779	5	0	-3	5
707	780	781	6	10.5	-3	4.72727272727273
708	782	783	6	0	-3	5
709	0	0	0	0	-1	5
710	0	0	0	0	-1	6
711	784	785	11	9.1	-3	5.08823529411765
712	786	787	3	0.01	-3	6
713	788	789	6	14.5	-3	5.33333333333333
714	0	0	0	0	-1	5
715	0	0	0	0	-1	6
716	0	0	0	0	-1	5
717	790	791	8	0.996745	-3	5
718	0	0	0	0	-1	5
719	792	793	8	0.99835	-3	6
720	0	0	0	0	-1	5.2
721	794	795	2	0.48	-3	5
722	796	797	3	0.025	-3	5
723	798	799	8	0	-3	5
724	800	801	8	0.99733	-3	5
725	802	803	8	0.996125	-3	5
726	0	0	0	0	-1	6
727	804	805	8	0.99684	-3	5
728	0	0	0	0	-1	5
729	806	807	10	0.575	-3	5
730	808	809	6	14.5	-3	6
731	0	0	0	0	-1	5
732	0	0	0	0	-1	5
733	810	811	1	0	-3	5
734	812	813	2	7.9	-3	6
735	814	815	2	0.485	-3	5.70967741935484
736	816	817	3	0.19	-3	5.125
737	0	0	0	0	-1	4
738	818	819	3	0.17	-3	6
739	0	0	0	0	-1	6
740	820	821	4	2.05	-3	5
741	0	0	0	0	-1	6
742	0	0	0	0	-1	5.66666666666667
743	0	0	0	0	-1	6.66666666666667
744	822	823	10	0.57	-3	4.77777777777778
745	0	0	0	0	-1	5.5
746	824	825	11	10.65	-3	6
747	0	0	0	0	-1	6
748	0	0	0	0	-1	6
749	0	0	0	0	-1	6
750	0	0	0	0	-1	5.4
751	0	0	0	0	-1	5
752	0	0	0	0	-1	6
753	0	0	0	0	-1	6
754	0	0	0	0	-1	6.66666666666667
755	826	827	7	16.5	-3	5.92307692307692
756	0	0	0	0	-1	7
757	828	829	7	19	-3	6.4
758	830	831	8	0.996195	-3	5.58333333333333
759	832	833	7	0	-3	6
760	834	835	9	3.35	-3	6.25
761	836	837	3	0.435	-3	6
762	0	0	0	0	-1	6
763	838	839	6	32	-3	6
764	840	841	5	0.07	-3	6
765	0	0	0	0	-1	6
766	0	0	0	0	-1	6
767	0	0	0	0	-1	6
768	0	0	0	0	-1	7
769	0	0	0	0	-1	7
770	0	0	0	0	-1	6
771	0	0	0	0	-1	6
772	0	0	0	0	-1	6
773	842	843	10	0	-3	7
774	0	0	0	0	-1	6
775	0	0	0	0	-1	6
776	844	845	5	0.083	-3	5.06666666666667
777	0	0	0	0	-1	6
778	0	0	0	0	-1	6
779	846	847	11	9.65	-3	5
780	848	849	8	0.9982	-3	5
781	0	0	0	0	-1	4.4
782	0	0	0	0	-1	6
783	0	0	0	0	-1	5
784	0	0	0	0	-1	6
785	850	851	3	0.17	-3	5.06060606060606
786	0	0	0	0	-1	6
787	0	0	0	0	-1	6
788	0	0	0	0	-1	6
789	0	0	0	0	-1	5
790	852	853	8	0	-3	5
791	854	855	9	3.315	-3	5
792	0	0	0	0	-1	6
793	0	0	0	0	-1	6
794	0	0	0	0	-1	5
795	856	857	9	0	-3	5
796	0	0	0	0	-1	5
797	858	859	8	0.9959	-3	5
798	0	0	0	0	-1	8
799	0	0	0	0	-1	5
800	860	861	4	26.5	-3	5
801	862	863	9	3.125	-3	5
802	0	0	0	0	-1	5
803	864	865	5	0	-3	5
804	0	0	0	0	-1	5
805	866	867	1	0	-3	5
806	0	0	0	0	-1	5
807	0	0	0	0	-1	5
808	0	0	0	0	-1	6
809	0	0	0	0	-1	6
810	0	0	0	0	-1	7
811	868	869	1	7.9	-3	5
812	870	871	8	0.996365	-3	6
813	0	0	0	0	-1	6
814	0	0	0	0	-1	5
815	872	873	10	0.66	-3	5.81481481481481
816	874	875	3	0.51	-3	5
817	0	0	0	0	-1	5.5
818	0	0	0	0	-1	6
819	0	0	0	0	-1	6
820	0	0	0	0	-1	5
821	0	0	0	0	-1	5
822	876	877	1	6.55	-3	4.875
823	0	0	0	0	-1	4
824	0	0	0	0	-1	6
825	878	879	7	0.99446	-3	6
826	0	0	0	0	-1	5
827	880	881	6	13.5	-3	6
828	882	883	4	2.4	-3	6.66666666666667
829	884	885	9	3.56	-3	6.18181818181818
830	886	887	5	0.0565	-3	5.7
831	0	0	0	0	-1	5
832	0	0	0	0	-1	6
833	888	889	1	8.55	-3	6
834	0	0	0	0	-1	6.5
835	0	0	0	0	-1	6
836	0	0	0	0	-1	6
837	0	0	0	0	-1	6
838	890	891	2	0.6125	-3	6
839	0	0	0	0	-1	6
840	0	0	0	0	-1	6
841	0	0	0	0	-1	6
842	0	0	0	0	-1	7
843	892	893	11	0	-3	7
844	894	895	3	0.165	-3	5.2
845	896	897	10	0.51	-3	5
846	898	899	9	3.4	-3	5
847	0	0	0	0	-1	5
848	0	0	0	0	-1	5
849	0	0	0	0	-1	5
850	900	901	7	27.5	-3	5.03125
851	0	0	0	0	-1	6
852	0	0	0	0	-1	5
853	0	0	0	0	-1	5
854	0	0	0	0	-1	5
855	0	0	0	0	-1	5
856	0	0	0	0	-1	5
857	902	903	4	0	-3	5
858	0	0	0	0	-1	5
859	0	0	0	0	-1	5
860	0	0	0	0	-1	5
861	0	0	0	0	-1	5
862	0	0	0	0	-1	5
863	904	905	3	0	-3	5
864	0	0	0	0	-1	6
865	906	907	2	2.75	-3	5
866	0	0	0	0	-1	5
867	0	0	0	0	-1	5
868	908	909	4	0.765	-3	5
869	0	0	0	0	-1	5
870	0	0	0	0	-1	6
871	0	0	0	0	-1	6
872	910	911	8	0.997275	-3	5.88
873	0	0	0	0	-1	5
874	0	0	0	0	-1	5
875	0	0	0	0	-1	5
876	0	0	0	0	-1	4
877	0	0	0	0	-1	5
878	0	0	0	0	-1	5
879	912	913	2	3.435	-3	6
880	0	0	0	0	-1	6
881	914	915	10	0.59	-3	6
882	0	0	0	0	-1	6
883	916	917	5	0	-3	7
884	918	919	3	0.025	-3	6
885	0	0	0	0	-1	6.66666666666667
886	0	0	0	0	-1	5.25
887	920	921	9	3.305	-3	6
888	0	0	0	0	-1	6
889	0	0	0	0	-1	6
890	0	0	0	0	-1	6
891	0	0	0	0	-1	6
892	0	0	0	0	-1	4
893	922	923	3	0	-3	7
894	0	0	0	0	-1	6
895	924	925	1	8.5	-3	5
896	926	927	9	0	-3	5
897	928	929	2	0	-3	5
898	930	931	7	13.5	-3	5
899	0	0	0	0	-1	5
900	932	933	5	0.086	-3	5.125
901	934	935	4	2.15	-3	5
902	0	0	0	0	-1	5
903	0	0	0	0	-1	5
904	0	0	0	0	-1	5
905	0	0	0	0	-1	5
906	0	0	0	0	-1	5
907	0	0	0	0	-1	5
908	0	0	0	0	-1	6
909	936	937	3	0.075	-3	5
910	938	939	5	0.0785	-3	5.91304347826087
911	0	0	0	0	-1	5.5
912	940	941	1	0.02	-3	6
913	0	0	0	0	-1	6
914	0	0	0	0	-1	7
915	942	943	11	0.015	-3	6
916	0	0	0	0	-1	5
917	0	0	0	0	-1	7
918	0	0	0	0	-1	6
919	0	0	0	0	-1	6
920	0	0	0	0	-1	6
921	0	0	0	0	-1	6
922	0	0	0	0	-1	5
923	944	945	11	12.05	-3	7
924	946	947	4	0	-3	5
925	0	0	0	0	-1	5
926	0	0	0	0	-1	6
927	0	0	0	0	-1	5
928	0	0	0	0	-1	6
929	948	949	5	1.55	-3	5
930	0	0	0	0	-1	5
931	950	951	1	0	-3	5
932	0	0	0	0	-1	6
933	952	953	8	0	-3	5
934	0	0	0	0	-1	5
935	954	955	2	0.625	-3	5
936	956	957	6	0	-3	5
937	958	959	8	0	-3	5
938	960	961	9	3.37	-3	5.71428571428571
939	962	963	9	3.48	-3	6
940	0	0	0	0	-1	5
941	964	965	4	2.75	-3	6
942	0	0	0	0	-1	5
943	966	967	8	0.99543	-3	6
944	968	969	9	0.755	-3	7
945	0	0	0	0	-1	7
946	0	0	0	0	-1	5
947	970	971	2	0.5875	-3	5
948	972	973	7	80	-3	5
949	0	0	0	0	-1	5
950	0	0	0	0	-1	5
951	0	0	0	0	-1	5
952	0	0	0	0	-1	5
953	974	975	5	0.0995	-3	5
954	0	0	0	0	-1	5
955	0	0	0	0	-1	5
956	0	0	0	0	-1	6
957	976	977	5	0	-3	5
958	0	0	0	0	-1	5
959	0	0	0	0	-1	5
960	0	0	0	0	-1	6
961	0	0	0	0	-1	5
962	978	979	4	2.5	-3	5.92857142857143
963	0	0	0	0	-1	6.5
964	0	0	0	0	-1	6
965	0	0	0	0	-1	6
966	0	0	0	0	-1	6
967	0	0	0	0	-1	6
968	0	0	0	0	-1	6
969	980	981	1	12.85	-3	7
970	0	0	0	0	-1	5
971	0	0	0	0	-1	5
972	982	983	5	0.0925	-3	5
973	0	0	0	0	-1	5
974	0	0	0	0	-1	5
975	0	0	0	0	-1	5
976	0	0	0	0	-1	7
977	0	0	0	0	-1	5
978	984	985	7	44.5	-3	6
979	0	0	0	0	-1	5.66666666666667
980	0	0	0	0	-1	7
981	0	0	0	0	-1	7
982	0	0	0	0	-1	5
983	986	987	5	0	-3	5
984	988	989	1	0.565	-3	6
985	0	0	0	0	-1	6
986	0	0	0	0	-1	6
987	990	991	11	9.45	-3	5
988	0	0	0	0	-1	6
989	992	993	5	0.08	-3	6
990	0	0	0	0	-1	5
991	0	0	0	0	-1	5
992	0	0	0	0	-1	6
993	0	0	0	0	-1	6
