1	2	3	10	0.645	-3	5.67041901188243
2	4	5	11	11.25	-3	5.38487208008898
3	6	7	5	0.0765	-3	6.03714285714286
4	8	9	1	5.7	-3	5.26541554959785
5	10	11	9	3.275	-3	5.96732026143791
6	12	13	8	0.995405	-3	6.30903790087463
7	14	15	3	0.315	-3	5.77591036414566
8	0	0	0	0	-1	4
9	16	17	10	0.535	-3	5.2722371967655
10	18	19	2	0.565	-3	6.4
11	20	21	3	0.25	-3	5.8141592920354
12	22	23	6	24.5	-3	6.66929133858268
13	24	25	1	9.35	-3	6.09722222222222
14	26	27	4	1.85	-3	5.41721854304636
15	28	29	7	47.5	-3	6.03883495145631
16	30	31	7	9.5	-3	5.06995884773662
17	32	33	8	0.995155	-3	5.37074148296593
18	34	35	6	39.75	-3	6.51351351351351
19	0	0	0	0	-1	5
20	36	37	3	0.045	-3	5.65625
21	38	39	4	6.1	-3	6.02040816326531
22	40	41	9	3.275	-3	6.81818181818182
23	42	43	5	0.046	-3	6.14285714285714
24	44	45	6	3.5	-3	5.74193548387097
25	46	47	8	0.9993	-3	6.57608695652174
26	48	49	7	91	-3	5.05714285714286
27	50	51	11	9.85	-3	5.52586206896552
28	52	53	6	4.5	-3	6.3515625
29	54	55	5	0.104	-3	5.52564102564103
30	0	0	0	0	-1	4
31	56	57	2	0.8725	-3	5.08786610878661
32	58	59	2	0.38	-3	5.9
33	60	61	11	8.7	-3	5.33688699360341
34	62	63	7	15.5	-3	6.47222222222222
35	0	0	0	0	-1	8
36	64	65	10	0.615	-3	5.92857142857143
37	66	67	6	13.5	-3	5.44444444444444
38	68	69	9	3.745	-3	6.15217391304348
39	0	0	0	0	-1	4
40	70	71	3	0.285	-3	7.26086956521739
41	72	73	1	8.1	-3	6.68421052631579
42	0	0	0	0	-1	7
43	74	75	6	44	-3	6.07692307692308
44	0	0	0	0	-1	7.4
45	76	77	11	9.21666666666667	-3	5.67226890756303
46	78	79	11	10.95	-3	6.7012987012987
47	80	81	9	3.075	-3	5.93333333333333
48	82	83	11	10.9	-3	5.08823529411765
49	0	0	0	0	-1	4
50	84	85	6	23.5	-3	5.25
51	86	87	10	0.735	-3	5.82142857142857
52	88	89	8	1.0001	-3	5.66666666666667
53	90	91	8	0.99785	-3	6.40336134453781
54	92	93	9	3.315	-3	6
55	94	95	4	1.55	-3	5.19565217391304
56	96	97	5	0.0535	-3	5.14485981308411
57	98	99	10	0.515	-3	4.6
58	0	0	0	0	-1	7
59	100	101	7	41	-3	5.77777777777778
60	0	0	0	0	-1	3
61	102	103	2	0.6475	-3	5.3519313304721
62	104	105	11	12.05	-3	6.83333333333333
63	106	107	8	1.0003	-3	6.29166666666667
64	108	109	1	6.5	-3	5.81818181818182
65	110	111	4	2.25	-3	6.33333333333333
66	112	113	6	4.5	-3	5
67	114	115	8	0.99289	-3	5.72727272727273
68	116	117	7	9	-3	6.09302325581395
69	0	0	0	0	-1	7
70	0	0	0	0	-1	6
71	118	119	8	0.99479	-3	7.52631578947368
72	120	121	11	12.75	-3	6.55737704918033
73	122	123	7	15.5	-3	7.2
74	124	125	9	3.365	-3	6.04
75	0	0	0	0	-1	7
76	126	127	10	0.91	-3	4.7
77	128	129	7	78	-3	5.76146788990826
78	130	131	1	11.65	-3	6.44444444444444
79	132	133	10	0.655	-3	6.92682926829268
80	0	0	0	0	-1	7
81	134	135	9	3.135	-3	5.85714285714286
82	136	137	7	25	-3	5.03125
83	0	0	0	0	-1	6
84	138	139	5	0.0935	-3	5.41463414634146
85	140	141	8	1.0002	-3	4.89473684210526
86	142	143	8	0.995285	-3	5.53125
87	144	145	2	0.655	-3	6.20833333333333
88	146	147	11	11	-3	6
89	0	0	0	0	-1	5
90	148	149	4	2.25	-3	6.64814814814815
91	150	151	9	3.385	-3	6.2
92	152	153	4	2.45	-3	6.11538461538461
93	154	155	7	61.5	-3	5.5
94	0	0	0	0	-1	3
95	156	157	4	2.05	-3	5.29545454545455
96	158	159	9	3.39	-3	5.83333333333333
97	160	161	6	9.5	-3	5.125
98	162	163	7	11.5	-3	4.72727272727273
99	0	0	0	0	-1	3.66666666666667
100	164	165	2	0.44	-3	6
101	166	167	1	6.3	-3	5.14285714285714
102	168	169	5	0.0825	-3	5.42011834319527
103	170	171	7	14.5	-3	5.171875
104	0	0	0	0	-1	6.5
105	172	173	6	0.99381	-3	7
106	174	175	2	0.32	-3	6.26086956521739
107	0	0	0	0	-1	7
108	176	177	7	49	-3	5.61538461538461
109	178	179	8	0.9951	-3	6.11111111111111
110	0	0	0	0	-1	6.66666666666667
111	0	0	0	0	-1	6
112	0	0	0	0	-1	4
113	180	181	5	0.064	-3	5.16666666666667
114	0	0	0	0	-1	5
115	182	183	2	0.89	-3	5.8
116	0	0	0	0	-1	7
117	184	185	5	0.0535	-3	6.025
118	186	187	7	13	-3	7.71428571428572
119	0	0	0	0	-1	7
120	188	189	8	0.994835	-3	6.42307692307692
121	190	191	9	3.55	-3	7.33333333333333
122	192	193	3	0.395	-3	7.41666666666667
123	0	0	0	0	-1	6.33333333333333
124	194	195	7	56.5	-3	6.14285714285714
125	196	197	2	0.52	-3	6
126	198	199	7	0	-3	5
127	0	0	0	0	-1	4
128	200	201	2	0.19	-3	5.89583333333333
129	202	203	9	3.325	-3	4.76923076923077
130	204	205	5	0.0605	-3	6.26666666666667
131	206	207	11	10.15	-3	7.33333333333333
132	0	0	0	0	-1	8
133	208	209	9	3.225	-3	6.70588235294118
134	0	0	0	0	-1	5.33333333333333
135	210	211	10	0.9	-3	6
136	0	0	0	0	-1	5.2
137	212	213	11	9.2	-3	5
138	214	215	2	0.605	-3	5.56666666666667
139	216	217	4	2.35	-3	5
140	218	219	6	29.5	-3	5
141	0	0	0	0	-1	4.33333333333333
142	0	0	0	0	-1	7
143	220	221	1	6.95	-3	5.43333333333333
144	222	223	11	10.45	-3	6.41666666666667
145	224	225	7	92	-3	6
146	0	0	0	0	-1	6
147	0	0	0	0	-1	6
148	226	227	10	0.755	-3	6.30434782608696
149	228	229	1	10.75	-3	6.90322580645161
150	230	231	11	13.35	-3	6.3448275862069
151	232	233	1	0	-3	5
152	234	235	1	8.95	-3	6.44444444444444
153	236	237	9	3.29	-3	5.94117647058824
154	0	0	0	0	-1	6
155	0	0	0	0	-1	5.25
156	238	239	10	1.32	-3	5.08333333333333
157	240	241	3	0.49	-3	5.55
158	0	0	0	0	-1	6
159	0	0	0	0	-1	5
160	242	243	9	3.27	-3	5.27586206896552
161	244	245	6	17.5	-3	5.06666666666667
162	0	0	0	0	-1	3
163	246	247	4	3.95	-3	4.80952380952381
164	0	0	0	0	-1	5
165	248	249	11	10.95	-3	6.05263157894737
166	0	0	0	0	-1	5
167	0	0	0	0	-1	5.33333333333333
168	250	251	3	0.485	-3	5.31155778894473
169	252	253	11	10.05	-3	5.57553956834532
170	254	255	3	0.005	-3	4.25
171	256	257	5	0.206	-3	5.26724137931035
172	0	0	0	0	-1	5
173	258	259	2	0.3375	-3	7
174	260	261	5	0.0785	-3	6.42857142857143
175	262	263	1	12.1	-3	6
176	264	265	3	0.005	-3	5.72727272727273
177	0	0	0	0	-1	5
178	266	267	5	0	-3	6
179	0	0	0	0	-1	6.5
180	268	269	7	28.5	-3	4.66666666666667
181	270	271	9	3.585	-3	5.66666666666667
182	272	273	5	0.085	-3	5.84210526315789
183	0	0	0	0	-1	5
184	0	0	0	0	-1	5.4
185	274	275	9	3.305	-3	6.11428571428571
186	0	0	0	0	-1	7
187	276	277	10	0.745	-3	7.83333333333333
188	278	279	2	0.3925	-3	6.12121212121212
189	280	281	1	6.35	-3	6.94736842105263
190	0	0	0	0	-1	7
191	0	0	0	0	-1	7.6
192	282	283	9	3.325	-3	7.71428571428571
193	0	0	0	0	-1	7
194	0	0	0	0	-1	7
195	284	285	4	2.15	-3	6
196	286	287	8	0.99122	-3	6
197	0	0	0	0	-1	6
198	0	0	0	0	-1	5
199	0	0	0	0	-1	5
200	0	0	0	0	-1	5
201	288	289	1	6.25	-3	5.9247311827957
202	0	0	0	0	-1	4
203	290	291	10	0.815	-3	5
204	292	293	11	10.25	-3	6.85714285714286
205	294	295	4	6.25	-3	6.08695652173913
206	0	0	0	0	-1	8
207	0	0	0	0	-1	7
208	296	297	11	11.75	-3	6.6
209	298	299	2	0.415	-3	7
210	0	0	0	0	-1	6
211	0	0	0	0	-1	6
212	0	0	0	0	-1	5
213	0	0	0	0	-1	5
214	300	301	3	0.27	-3	5.92857142857143
215	302	303	10	0.755	-3	5.25
216	304	305	9	0	-3	5
217	0	0	0	0	-1	5
218	306	307	8	0.998775	-3	5
219	308	309	5	0	-3	5
220	310	311	10	0.665	-3	5
221	312	313	3	0.11	-3	5.65
222	0	0	0	0	-1	6
223	314	315	2	0.51	-3	6.625
224	316	317	1	7.7	-3	6
225	0	0	0	0	-1	6
226	318	319	10	0.68	-3	5.71428571428571
227	320	321	5	0.0795	-3	6.5625
228	322	323	5	0.1345	-3	7
229	324	325	4	3.225	-3	6.5
230	326	327	2	0.335	-3	6.28571428571429
231	0	0	0	0	-1	8
232	0	0	0	0	-1	6
233	0	0	0	0	-1	5
234	0	0	0	0	-1	6
235	0	0	0	0	-1	7
236	328	329	9	3.015	-3	5.875
237	0	0	0	0	-1	7
238	330	331	1	10.8	-3	5
239	0	0	0	0	-1	6
240	332	333	2	0.7375	-3	5.92307692307692
241	334	335	7	73	-3	4.85714285714286
242	336	337	7	23	-3	5.11111111111111
243	338	339	11	10.2	-3	5.54545454545455
244	340	341	9	3.215	-3	4.91044776119403
245	342	343	9	3.085	-3	5.19277108433735
246	344	345	2	0.94	-3	4.88888888888889
247	0	0	0	0	-1	4.33333333333333
248	346	347	1	10.675	-3	6
249	0	0	0	0	-1	6.33333333333333
250	348	349	11	9.9	-3	5.34806629834254
251	350	351	2	0.585	-3	4.94444444444444
252	352	353	6	22	-3	5.42857142857143
253	354	355	8	1.0002	-3	5.75806451612903
254	0	0	0	0	-1	5
255	356	357	1	7.55	-3	4.1
256	358	359	10	0.635	-3	5.22727272727273
257	360	361	4	0	-3	6
258	0	0	0	0	-1	7
259	0	0	0	0	-1	7
260	362	363	9	3.24	-3	6.22222222222222
261	0	0	0	0	-1	6.8
262	364	365	1	10.15	-3	6
263	0	0	0	0	-1	6
264	366	367	4	2.4	-3	5.88888888888889
265	0	0	0	0	-1	5
266	0	0	0	0	-1	5
267	368	369	6	3.365	-3	6
268	0	0	0	0	-1	5
269	0	0	0	0	-1	4
270	0	0	0	0	-1	6
271	0	0	0	0	-1	5
272	370	371	5	0.0745	-3	5.75
273	372	373	8	0.99431	-3	6
274	374	375	8	0.993735	-3	6.5
275	376	377	6	22.5	-3	6
276	378	379	2	0.385	-3	7.71428571428571
277	0	0	0	0	-1	8
278	380	381	8	0.99419	-3	6.35714285714286
279	382	383	8	0.99353	-3	5.94736842105263
280	0	0	0	0	-1	6
281	384	385	8	0	-3	7
282	0	0	0	0	-1	7
283	0	0	0	0	-1	8
284	0	0	0	0	-1	6
285	0	0	0	0	-1	6
286	0	0	0	0	-1	6
287	386	387	3	0.16	-3	6
288	0	0	0	0	-1	5
289	388	389	2	0.8125	-3	5.96629213483146
290	390	391	2	0	-3	5
291	0	0	0	0	-1	5
292	0	0	0	0	-1	6
293	0	0	0	0	-1	7
294	392	393	8	0.99717	-3	6
295	0	0	0	0	-1	7
296	394	395	2	0.33	-3	6.35714285714286
297	396	397	4	2.25	-3	6.90909090909091
298	398	399	4	5.5	-3	7.28571428571429
299	0	0	0	0	-1	6
300	400	401	8	0.99787	-3	6
301	0	0	0	0	-1	5
302	402	403	3	3.675	-3	5
303	404	405	8	0.9972	-3	5.57142857142857
304	0	0	0	0	-1	6
305	406	407	2	9.45	-3	5
306	408	409	1	0	-3	5
307	0	0	0	0	-1	5
308	0	0	0	0	-1	6
309	410	411	6	51.5	-3	5
310	0	0	0	0	-1	6
311	412	413	11	10.95	-3	4.88888888888889
312	0	0	0	0	-1	6.5
313	414	415	9	3.205	-3	5.4375
314	0	0	0	0	-1	6
315	0	0	0	0	-1	7
316	0	0	0	0	-1	6
317	0	0	0	0	-1	6
318	0	0	0	0	-1	5.5
319	0	0	0	0	-1	6
320	0	0	0	0	-1	7
321	416	417	9	3.055	-3	6.41666666666667
322	418	419	2	0.305	-3	7.04166666666667
323	0	0	0	0	-1	6
324	0	0	0	0	-1	6.25
325	0	0	0	0	-1	7
326	420	421	4	2.95	-3	6.92307692307692
327	422	423	9	2.93	-3	6.09302325581395
328	0	0	0	0	-1	5
329	424	425	6	28.5	-3	5.93333333333333
330	426	427	2	0.35	-3	5.04761904761905
331	0	0	0	0	-1	4
332	428	429	3	0.4	-3	6
333	0	0	0	0	-1	5
334	0	0	0	0	-1	4
335	0	0	0	0	-1	5
336	430	431	9	3.195	-3	5
337	432	433	4	1.85	-3	5.33333333333333
338	434	435	4	1.75	-3	5.33333333333333
339	436	437	3	0.405	-3	6
340	438	439	6	13.5	-3	5.375
341	440	441	2	0.535	-3	4.84745762711865
342	0	0	0	0	-1	5.8
343	442	443	4	3.95	-3	5.15384615384616
344	444	445	8	0.995855	-3	4.71428571428571
345	446	447	3	0.125	-3	5
346	448	449	11	10.5	-3	6
347	0	0	0	0	-1	6
348	450	451	3	0.025	-3	5.25619834710744
349	452	453	7	44	-3	5.53333333333333
350	454	455	11	9.1	-3	5.14285714285714
351	0	0	0	0	-1	4.25
352	456	457	4	2.55	-3	5.60377358490566
353	458	459	4	1.85	-3	5.04166666666667
354	460	461	5	0.106	-3	5.81034482758621
355	0	0	0	0	-1	5
356	462	463	7	0	-3	4
357	0	0	0	0	-1	4.25
358	464	465	9	3.535	-3	5.19230769230769
359	466	467	11	10.45	-3	5.83333333333333
360	0	0	0	0	-1	6
361	0	0	0	0	-1	6
362	468	469	3	0.665	-3	6.125
363	0	0	0	0	-1	7
364	470	471	11	0	-3	6
365	0	0	0	0	-1	6
366	0	0	0	0	-1	6
367	0	0	0	0	-1	5
368	0	0	0	0	-1	5
369	0	0	0	0	-1	6
370	472	473	2	0.505	-3	5.9
371	0	0	0	0	-1	5
372	0	0	0	0	-1	6
373	0	0	0	0	-1	6
374	0	0	0	0	-1	6
375	0	0	0	0	-1	6.8
376	0	0	0	0	-1	6
377	0	0	0	0	-1	6
378	0	0	0	0	-1	7.33333333333333
379	0	0	0	0	-1	8
380	474	475	9	3.285	-3	5.83333333333333
381	476	477	7	49.5	-3	6.75
382	0	0	0	0	-1	5
383	478	479	2	0.46	-3	6
384	0	0	0	0	-1	6
385	480	481	1	0	-3	7
386	482	483	10	0.86	-3	6
387	0	0	0	0	-1	6
388	484	485	11	9.95	-3	5.94186046511628
389	0	0	0	0	-1	6.66666666666667
390	0	0	0	0	-1	5
391	0	0	0	0	-1	5
392	0	0	0	0	-1	5.8
393	486	487	9	3.255	-3	6.0625
394	488	489	5	0.0705	-3	6.71428571428571
395	0	0	0	0	-1	6
396	0	0	0	0	-1	6
397	490	491	6	33.5	-3	7
398	0	0	0	0	-1	7
399	0	0	0	0	-1	8
400	0	0	0	0	-1	6
401	0	0	0	0	-1	6
402	492	493	8	0.9985	-3	5
403	0	0	0	0	-1	5
404	0	0	0	0	-1	5
405	0	0	0	0	-1	6
406	0	0	0	0	-1	5
407	0	0	0	0	-1	5
408	0	0	0	0	-1	5
409	494	495	11	2.2	-3	5
410	0	0	0	0	-1	5
411	0	0	0	0	-1	5
412	496	497	10	0.725	-3	5
413	0	0	0	0	-1	4
414	0	0	0	0	-1	6
415	498	499	3	0.3	-3	5.30769230769231
416	0	0	0	0	-1	7
417	500	501	4	2.05	-3	6.125
418	0	0	0	0	-1	8
419	0	0	0	0	-1	7
420	502	503	10	0.71	-3	7
421	0	0	0	0	-1	6
422	0	0	0	0	-1	5
423	504	505	4	3.05	-3	6.14634146341463
424	506	507	6	22	-3	6
425	0	0	0	0	-1	5.66666666666667
426	0	0	0	0	-1	6
427	508	509	8	0.996275	-3	5
428	0	0	0	0	-1	6
429	510	511	5	0.148	-3	6
430	512	513	10	0.45	-3	5
431	514	515	11	0	-3	5
432	0	0	0	0	-1	6
433	516	517	6	5.5	-3	5.2
434	0	0	0	0	-1	6
435	518	519	11	9.45	-3	5.16666666666667
436	0	0	0	0	-1	6
437	0	0	0	0	-1	6
438	0	0	0	0	-1	5
439	0	0	0	0	-1	6
440	520	521	6	12.5	-3	5.11111111111111
441	522	523	1	7.95	-3	4.73170731707317
442	524	525	3	0.39	-3	5.10144927536232
443	526	527	3	0.1	-3	5.55555555555556
444	0	0	0	0	-1	5
445	0	0	0	0	-1	4
446	0	0	0	0	-1	5
447	528	529	3	0.18	-3	5
448	0	0	0	0	-1	6
449	0	0	0	0	-1	6
450	530	531	8	0.997455	-3	5.71428571428571
451	532	533	3	0.27	-3	5.2280701754386
452	534	535	8	0.99531	-3	5.76666666666667
453	536	537	4	2.35	-3	5.3
454	0	0	0	0	-1	6
455	538	539	2	0.515	-3	5.07692307692308
456	540	541	8	0.99832	-3	5.87096774193548
457	542	543	8	0.99865	-3	5.22727272727273
458	0	0	0	0	-1	6
459	0	0	0	0	-1	5
460	544	545	10	0.585	-3	5.89795918367347
461	546	547	10	0.58	-3	5.33333333333333
462	0	0	0	0	-1	6
463	0	0	0	0	-1	4
464	548	549	2	0.7125	-3	5.1764705882353
465	0	0	0	0	-1	6
466	0	0	0	0	-1	6
467	0	0	0	0	-1	5
468	550	551	6	6.5	-3	6
469	0	0	0	0	-1	7
470	0	0	0	0	-1	6
471	552	553	8	0.99302	-3	6
472	0	0	0	0	-1	5.66666666666667
473	554	555	2	0	-3	6
474	0	0	0	0	-1	5
475	0	0	0	0	-1	6
476	556	557	7	34.5	-3	7
477	0	0	0	0	-1	6
478	558	559	2	0.4175	-3	6
479	560	561	10	0.83	-3	6
480	0	0	0	0	-1	7
481	562	563	3	0	-3	7
482	0	0	0	0	-1	6
483	0	0	0	0	-1	6
484	564	565	8	0.996405	-3	5.7037037037037
485	566	567	9	3.175	-3	6.05084745762712
486	568	569	2	0.25	-3	6.16666666666667
487	0	0	0	0	-1	6
488	0	0	0	0	-1	7
489	0	0	0	0	-1	6
490	0	0	0	0	-1	7
491	0	0	0	0	-1	7
492	570	571	8	0	-3	5
493	0	0	0	0	-1	5
494	0	0	0	0	-1	7
495	0	0	0	0	-1	5
496	572	573	8	0	-3	5
497	0	0	0	0	-1	5
498	574	575	10	0.675	-3	5.18181818181818
499	0	0	0	0	-1	6
500	576	577	1	0.655	-3	6
501	0	0	0	0	-1	7
502	0	0	0	0	-1	7
503	578	579	4	2.75	-3	7
504	580	581	1	10.85	-3	5.92
505	582	583	6	6.5	-3	6.5
506	584	585	11	9.75	-3	6
507	0	0	0	0	-1	6
508	0	0	0	0	-1	5
509	586	587	9	3.225	-3	5
510	588	589	4	2.35	-3	6
511	0	0	0	0	-1	6
512	0	0	0	0	-1	5
513	590	591	11	10.25	-3	5
514	0	0	0	0	-1	6
515	592	593	5	0.085	-3	5
516	0	0	0	0	-1	5.4
517	0	0	0	0	-1	5
518	0	0	0	0	-1	5.5
519	594	595	10	0.455	-3	5
520	596	597	1	8.1	-3	5.5
521	598	599	2	0.28	-3	4.91666666666667
522	600	601	5	0.0685	-3	4.90476190476191
523	602	603	7	37	-3	4.55
524	604	605	9	3.545	-3	5.06666666666667
525	606	607	5	0.0935	-3	5.33333333333333
526	0	0	0	0	-1	5
527	0	0	0	0	-1	6
528	0	0	0	0	-1	5
529	608	609	11	9.95	-3	5
530	0	0	0	0	-1	6
531	0	0	0	0	-1	5
532	610	611	11	9.1	-3	5.15277777777778
533	612	613	2	0.37	-3	5.35714285714286
534	0	0	0	0	-1	4
535	614	615	11	11.15	-3	5.82758620689655
536	616	617	8	0.9983	-3	5.0625
537	618	619	5	0.0785	-3	5.57142857142857
538	620	621	9	3.18	-3	5
539	0	0	0	0	-1	5.5
540	622	623	11	9.9	-3	5.77777777777778
541	0	0	0	0	-1	6.5
542	624	625	4	4.65	-3	5.35714285714286
543	626	627	5	0.131	-3	5
544	628	629	8	0.99702	-3	5.68421052631579
545	630	631	9	3.06	-3	6.03333333333333
546	0	0	0	0	-1	4.66666666666667
547	632	633	10	0.615	-3	5.66666666666667
548	634	635	5	0.0665	-3	5.06779661016949
549	636	637	7	82.5	-3	5.32558139534884
550	0	0	0	0	-1	6
551	0	0	0	0	-1	6
552	0	0	0	0	-1	6
553	0	0	0	0	-1	6
554	0	0	0	0	-1	5
555	638	639	2	0.555	-3	6
556	0	0	0	0	-1	7
557	0	0	0	0	-1	7
558	0	0	0	0	-1	6
559	0	0	0	0	-1	6
560	640	641	9	3.39	-3	6
561	0	0	0	0	-1	6
562	0	0	0	0	-1	5
563	642	643	2	0	-3	7
564	0	0	0	0	-1	5
565	644	645	8	0.9969	-3	5.79166666666667
566	0	0	0	0	-1	7
567	646	647	5	0.055	-3	6.03448275862069
568	0	0	0	0	-1	7
569	0	0	0	0	-1	6
570	0	0	0	0	-1	5
571	648	649	3	0.03	-3	5
572	0	0	0	0	-1	5
573	0	0	0	0	-1	5
574	0	0	0	0	-1	5.5
575	650	651	4	0	-3	5
576	0	0	0	0	-1	7
577	652	653	4	1.65	-3	6
578	654	655	7	10.55	-3	7
579	0	0	0	0	-1	7
580	656	657	2	0.425	-3	5.8
581	658	659	11	9.65	-3	6
582	660	661	1	0.645	-3	6
583	662	663	2	0.425	-3	6.88888888888889
584	0	0	0	0	-1	6
585	0	0	0	0	-1	6
586	664	665	5	9.45	-3	5
587	0	0	0	0	-1	5
588	0	0	0	0	-1	6
589	0	0	0	0	-1	6
590	0	0	0	0	-1	5
591	0	0	0	0	-1	5
592	0	0	0	0	-1	5
593	0	0	0	0	-1	5
594	0	0	0	0	-1	5
595	666	667	6	0	-3	5
596	0	0	0	0	-1	5.25
597	0	0	0	0	-1	6
598	0	0	0	0	-1	4
599	0	0	0	0	-1	5
600	0	0	0	0	-1	4
601	668	669	2	0.57	-3	5
602	670	671	8	0.9977	-3	4.75
603	672	673	3	0.24	-3	4.25
604	674	675	2	0.55	-3	5.03448275862069
605	0	0	0	0	-1	6
606	0	0	0	0	-1	6
607	676	677	1	93	-3	5
608	0	0	0	0	-1	5
609	0	0	0	0	-1	5
610	0	0	0	0	-1	6
611	678	679	4	2.35	-3	5.12857142857143
612	680	681	3	0.42	-3	5.85714285714286
613	682	683	10	0.595	-3	5.25714285714286
614	684	685	4	4.6	-3	5.88888888888889
615	0	0	0	0	-1	5
616	686	687	2	17.5	-3	5
617	0	0	0	0	-1	6
618	688	689	9	3.445	-3	5.88888888888889
619	0	0	0	0	-1	5
620	0	0	0	0	-1	5
621	690	691	4	4.4	-3	5
622	692	693	2	0.51	-3	5.84
623	0	0	0	0	-1	5
624	694	695	11	9.25	-3	5.25
625	0	0	0	0	-1	6
626	696	697	4	0	-3	5
627	0	0	0	0	-1	5
628	698	699	2	0.545	-3	5.86666666666667
629	0	0	0	0	-1	5
630	0	0	0	0	-1	5
631	700	701	7	32.5	-3	6.06896551724138
632	0	0	0	0	-1	6
633	0	0	0	0	-1	5
634	0	0	0	0	-1	6
635	702	703	11	10.45	-3	5.03508771929825
636	704	705	2	0.975	-3	5.41935483870968
637	706	707	6	23.5	-3	5.08333333333333
638	0	0	0	0	-1	6
639	0	0	0	0	-1	6
640	0	0	0	0	-1	6
641	0	0	0	0	-1	6
642	0	0	0	0	-1	7
643	0	0	0	0	-1	7
644	0	0	0	0	-1	6.5
645	708	709	6	17.5	-3	5.72727272727273
646	0	0	0	0	-1	6.5
647	710	711	1	8.85	-3	6
648	0	0	0	0	-1	5
649	0	0	0	0	-1	5
650	0	0	0	0	-1	8
651	0	0	0	0	-1	5
652	0	0	0	0	-1	6
653	0	0	0	0	-1	6
654	0	0	0	0	-1	6
655	712	713	7	40	-3	7
656	714	715	3	0.585	-3	6
657	0	0	0	0	-1	5.33333333333333
658	0	0	0	0	-1	6
659	716	717	6	9	-3	6
660	0	0	0	0	-1	5
661	718	719	9	3.06	-3	6
662	0	0	0	0	-1	6.5
663	720	721	5	0.1185	-3	7
664	722	723	9	3.105	-3	5
665	0	0	0	0	-1	5
666	0	0	0	0	-1	6
667	724	725	5	0.1305	-3	5
668	0	0	0	0	-1	4
669	726	727	3	0.015	-3	5.05555555555556
670	0	0	0	0	-1	5
671	0	0	0	0	-1	4.25
672	0	0	0	0	-1	5
673	728	729	7	0	-3	4
674	730	731	10	0.47	-3	5.10526315789474
675	732	733	7	78.5	-3	5
676	0	0	0	0	-1	5
677	0	0	0	0	-1	5
678	734	735	4	1.75	-3	5.19148936170213
679	0	0	0	0	-1	5
680	736	737	6	3.29	-3	6
681	0	0	0	0	-1	5
682	738	739	3	0.305	-3	5.47058823529412
683	740	741	5	0.0795	-3	5.05555555555556
684	742	743	11	11	-3	5.84615384615385
685	0	0	0	0	-1	7
686	744	745	8	0	-3	5
687	0	0	0	0	-1	5
688	746	747	2	0.475	-3	6
689	0	0	0	0	-1	5
690	0	0	0	0	-1	5
691	0	0	0	0	-1	5
692	748	749	1	7.25	-3	5.5
693	750	751	1	6.95	-3	5.94736842105263
694	0	0	0	0	-1	6
695	752	753	7	18.5	-3	5.1
696	0	0	0	0	-1	6
697	754	755	4	2.95	-3	5
698	756	757	3	0.415	-3	6
699	0	0	0	0	-1	5.33333333333333
700	758	759	1	9.9	-3	6.25
701	760	761	6	12	-3	6
702	762	763	10	0.545	-3	5.01785714285714
703	0	0	0	0	-1	6
704	764	765	11	9.95	-3	5.33333333333333
705	0	0	0	0	-1	6
706	766	767	2	0.9725	-3	5
707	0	0	0	0	-1	6
708	768	769	10	0.69	-3	5.84210526315789
709	0	0	0	0	-1	5
710	770	771	11	11.15	-3	6.02564102564103
711	772	773	9	3.37	-3	5.93333333333333
712	0	0	0	0	-1	7
713	0	0	0	0	-1	7
714	0	0	0	0	-1	6
715	0	0	0	0	-1	6
716	0	0	0	0	-1	6
717	0	0	0	0	-1	6
718	0	0	0	0	-1	6
719	0	0	0	0	-1	6
720	0	0	0	0	-1	7
721	0	0	0	0	-1	7
722	0	0	0	0	-1	5
723	0	0	0	0	-1	5
724	0	0	0	0	-1	5
725	0	0	0	0	-1	5
726	0	0	0	0	-1	5.25
727	774	775	3	0	-3	5
728	0	0	0	0	-1	5
729	0	0	0	0	-1	4
730	0	0	0	0	-1	6
731	776	777	1	7.05	-3	5.05555555555556
732	778	779	7	39.5	-3	5
733	0	0	0	0	-1	5
734	780	781	10	0	-3	5
735	782	783	11	9.55	-3	5.26470588235294
736	0	0	0	0	-1	6
737	0	0	0	0	-1	6
738	0	0	0	0	-1	6
739	784	785	9	3.44	-3	5.30769230769231
740	786	787	3	0.345	-3	5
741	788	789	7	79	-3	5.125
742	790	791	9	3.4	-3	5.8
743	0	0	0	0	-1	7
744	0	0	0	0	-1	6
745	792	793	9	0.0725	-3	5
746	794	795	9	0	-3	6
747	0	0	0	0	-1	6
748	0	0	0	0	-1	6
749	0	0	0	0	-1	5
750	0	0	0	0	-1	5
751	796	797	2	0.525	-3	6
752	0	0	0	0	-1	6
753	798	799	3	0.27	-3	5
754	0	0	0	0	-1	5
755	0	0	0	0	-1	5
756	800	801	1	0.565	-3	6
757	0	0	0	0	-1	6
758	802	803	8	0.9965	-3	6.14285714285714
759	0	0	0	0	-1	7
760	804	805	4	7.85	-3	6
761	806	807	5	0.425	-3	6
762	808	809	7	34.5	-3	5.1
763	810	811	9	3.23	-3	4.97222222222222
764	812	813	10	0.545	-3	5.11764705882353
765	814	815	8	0.996725	-3	5.7
766	0	0	0	0	-1	5
767	0	0	0	0	-1	5
768	816	817	2	0.625	-3	5.57142857142857
769	818	819	1	7.15	-3	6
770	820	821	1	8.5	-3	6
771	822	823	10	0.695	-3	6.16666666666667
772	0	0	0	0	-1	6
773	0	0	0	0	-1	5
774	0	0	0	0	-1	5
775	0	0	0	0	-1	5
776	0	0	0	0	-1	5.2
777	824	825	2	0.4	-3	5
778	0	0	0	0	-1	5
779	826	827	3	0	-3	5
780	0	0	0	0	-1	5
781	828	829	3	0.135	-3	5
782	830	831	1	7.75	-3	5.4
783	832	833	5	0.0785	-3	5.07142857142857
784	834	835	6	10	-3	5.18181818181818
785	0	0	0	0	-1	6
786	0	0	0	0	-1	5
787	836	837	4	0	-3	5
788	0	0	0	0	-1	5
789	0	0	0	0	-1	5.5
790	838	839	7	13.5	-3	5.94736842105263
791	840	841	8	0.995915	-3	5.33333333333333
792	0	0	0	0	-1	6
793	842	843	10	0.595	-3	5
794	0	0	0	0	-1	6
795	844	845	5	0.07	-3	6
796	0	0	0	0	-1	7
797	846	847	8	0.99613	-3	5.94117647058824
798	848	849	8	0	-3	5
799	0	0	0	0	-1	5
800	0	0	0	0	-1	5
801	850	851	1	7.55	-3	6
802	0	0	0	0	-1	6
803	0	0	0	0	-1	6.33333333333333
804	852	853	3	0.465	-3	6
805	0	0	0	0	-1	6
806	854	855	10	0.635	-3	6
807	0	0	0	0	-1	6
808	856	857	9	3.34	-3	5
809	858	859	7	53.5	-3	5.22222222222222
810	860	861	7	51.5	-3	4.83333333333333
811	862	863	4	1.85	-3	5
812	0	0	0	0	-1	5.5
813	864	865	11	9.55	-3	5.06666666666667
814	0	0	0	0	-1	5
815	866	867	5	0	-3	6
816	0	0	0	0	-1	5
817	0	0	0	0	-1	6
818	0	0	0	0	-1	6
819	868	869	1	7.8	-3	6
820	870	871	11	10.45	-3	6
821	0	0	0	0	-1	6
822	0	0	0	0	-1	7
823	0	0	0	0	-1	6
824	872	873	1	7.4	-3	5
825	0	0	0	0	-1	5
826	0	0	0	0	-1	5
827	0	0	0	0	-1	5
828	0	0	0	0	-1	5
829	0	0	0	0	-1	5
830	874	875	11	9.35	-3	5.66666666666667
831	876	877	2	0.47	-3	5.18181818181818
832	878	879	11	7.65	-3	5
833	0	0	0	0	-1	6
834	0	0	0	0	-1	6
835	0	0	0	0	-1	5
836	0	0	0	0	-1	5
837	0	0	0	0	-1	5
838	0	0	0	0	-1	5.5
839	0	0	0	0	-1	6
840	0	0	0	0	-1	6
841	0	0	0	0	-1	5
842	0	0	0	0	-1	5
843	880	881	2	0	-3	5
844	0	0	0	0	-1	6
845	0	0	0	0	-1	6
846	0	0	0	0	-1	5
847	882	883	3	0.13	-3	6
848	0	0	0	0	-1	6
849	0	0	0	0	-1	5
850	884	885	4	2	-3	6
851	0	0	0	0	-1	6
852	0	0	0	0	-1	6
853	0	0	0	0	-1	6
854	0	0	0	0	-1	6
855	0	0	0	0	-1	6
856	0	0	0	0	-1	5
857	0	0	0	0	-1	5
858	0	0	0	0	-1	6
859	886	887	9	0	-3	5
860	0	0	0	0	-1	5
861	0	0	0	0	-1	4.5
862	0	0	0	0	-1	5
863	888	889	9	3.285	-3	5
864	0	0	0	0	-1	5.25
865	890	891	6	18.5	-3	5
866	0	0	0	0	-1	5
867	892	893	7	37.5	-3	6
868	0	0	0	0	-1	6
869	0	0	0	0	-1	6
870	0	0	0	0	-1	6
871	894	895	5	0.069	-3	6
872	896	897	10	0	-3	5
873	0	0	0	0	-1	5
874	0	0	0	0	-1	5.33333333333333
875	898	899	8	0.99555	-3	5.83333333333333
876	0	0	0	0	-1	6
877	900	901	7	99.5	-3	5.1
878	0	0	0	0	-1	6
879	902	903	3	0.135	-3	5
880	0	0	0	0	-1	6
881	904	905	10	0.61	-3	5
882	0	0	0	0	-1	6
883	906	907	9	3.195	-3	6
884	0	0	0	0	-1	6
885	0	0	0	0	-1	6
886	0	0	0	0	-1	5
887	908	909	9	7.9	-3	5
888	0	0	0	0	-1	5
889	910	911	6	15	-3	5
890	912	913	9	3.435	-3	5
891	0	0	0	0	-1	5
892	0	0	0	0	-1	6
893	0	0	0	0	-1	6
894	0	0	0	0	-1	6
895	0	0	0	0	-1	6
896	0	0	0	0	-1	7
897	914	915	6	0	-3	5
898	0	0	0	0	-1	5.5
899	0	0	0	0	-1	6
900	0	0	0	0	-1	5.2
901	0	0	0	0	-1	5
902	0	0	0	0	-1	5
903	916	917	4	0	-3	5
904	0	0	0	0	-1	5
905	918	919	10	0	-3	5
906	0	0	0	0	-1	6
907	920	921	4	2.05	-3	6
908	0	0	0	0	-1	5
909	0	0	0	0	-1	5
910	922	923	6	0	-3	5
911	924	925	8	0.998515	-3	5
912	0	0	0	0	-1	5
913	0	0	0	0	-1	5
914	0	0	0	0	-1	7
915	0	0	0	0	-1	5
916	0	0	0	0	-1	6
917	926	927	1	7.65	-3	5
918	0	0	0	0	-1	7
919	928	929	9	3.4	-3	5
920	0	0	0	0	-1	6
921	0	0	0	0	-1	6
922	0	0	0	0	-1	6
923	930	931	2	0.6925	-3	5
924	932	933	5	0	-3	5
925	0	0	0	0	-1	5
926	0	0	0	0	-1	5
927	0	0	0	0	-1	5
928	0	0	0	0	-1	5
929	0	0	0	0	-1	5
930	0	0	0	0	-1	5
931	0	0	0	0	-1	5
932	0	0	0	0	-1	6
933	0	0	0	0	-1	5
