1	2	3	5	0.0755	-3	5.61976235146967
2	4	5	9	3.275	-3	5.78325123152709
3	6	7	3	0.305	-3	5.51919191919192
4	8	9	10	0.645	-3	6.06629834254144
5	10	11	2	0.485	-3	5.66355140186916
6	12	13	11	10.15	-3	5.34210526315789
7	14	15	8	0.99486	-3	5.75952380952381
8	16	17	5	0.0715	-3	5.61176470588235
9	18	19	3	0.275	-3	6.46875
10	20	21	7	56	-3	6.04046242774567
11	22	23	11	9.85	-3	5.4078431372549
12	24	25	10	0.555	-3	5.19125683060109
13	26	27	4	2.95	-3	5.61274509803922
14	28	29	10	0.9	-3	7
15	30	31	11	11.35	-3	5.70074812967581
16	32	33	11	10.05	-3	5.734375
17	34	35	3	0.525	-3	5.23809523809524
18	36	37	2	0.605	-3	5.6
19	38	39	8	0.99935	-3	6.56976744186047
20	40	41	8	0.995525	-3	6.22608695652174
21	42	43	1	5.45	-3	5.67241379310345
22	44	45	7	37.5	-3	5.09090909090909
23	46	47	4	3.475	-3	5.5748502994012
24	48	49	2	0.7275	-3	5.01714285714286
25	50	51	2	0.7525	-3	5.35078534031414
26	52	53	11	11.25	-3	5.72316384180791
27	54	55	9	3.585	-3	4.88888888888889
28	56	57	3	0.365	-3	7.11764705882353
29	0	0	0	0	-1	6
30	58	59	2	0.435	-3	5.50308641975309
31	60	61	1	13.4	-3	6.53246753246753
32	62	63	10	0.515	-3	5.5
33	64	65	5	0.0705	-3	5.96875
34	66	67	6	12	-3	5.0625
35	0	0	0	0	-1	5.8
36	68	69	11	11.15	-3	5.77777777777778
37	0	0	0	0	-1	4
38	70	71	4	5.75	-3	6.66666666666667
39	72	73	3	0.495	-3	5.625
40	74	75	10	0.725	-3	6.43939393939394
41	76	77	8	0.99587	-3	5.93877551020408
42	78	79	9	3.515	-3	6.75
43	80	81	9	3.325	-3	5.5
44	82	83	10	0.445	-3	5.35
45	84	85	2	0.91	-3	4.875
46	86	87	7	15.5	-3	5.64864864864865
47	88	89	5	0.0585	-3	5
48	90	91	9	3.545	-3	5.09677419354839
49	92	93	8	0.994865	-3	4.82352941176471
50	94	95	4	3.2	-3	5.40340909090909
51	96	97	6	6.5	-3	4.73333333333333
52	98	99	7	13	-3	5.65986394557823
53	100	101	2	0.585	-3	6.03333333333333
54	102	103	2	0.905	-3	5.04
55	0	0	0	0	-1	3
56	0	0	0	0	-1	7.5
57	104	105	6	0	-3	7
58	106	107	7	21.5	-3	5.67171717171717
59	108	109	2	0.445	-3	5.23809523809524
60	110	111	10	0.575	-3	6.57333333333333
61	0	0	0	0	-1	5
62	112	113	3	0.365	-3	5.2
63	114	115	10	0.565	-3	5.63636363636364
64	116	117	2	0.32	-3	5.9
65	0	0	0	0	-1	7
66	118	119	6	0.485	-3	5
67	120	121	4	2.25	-3	5.14285714285714
68	122	123	4	1.95	-3	6
69	0	0	0	0	-1	5.33333333333333
70	124	125	9	2.93	-3	6.57746478873239
71	126	127	5	0.0735	-3	7.57142857142857
72	0	0	0	0	-1	5
73	0	0	0	0	-1	6
74	128	129	5	0.0695	-3	6
75	130	131	1	5.45	-3	6.87878787878788
76	132	133	4	2.1	-3	5.08333333333333
77	134	135	4	3.95	-3	6.21621621621622
78	0	0	0	0	-1	6
79	136	137	4	1.9	-3	7
80	138	139	4	2.3	-3	4.71428571428571
81	140	141	2	0.425	-3	5.62790697674419
82	0	0	0	0	-1	4
83	142	143	8	0.99725	-3	5.54285714285714
84	144	145	1	10.2	-3	4.91489361702128
85	0	0	0	0	-1	3
86	146	147	10	0.65	-3	5.07142857142857
87	148	149	9	3.505	-3	5.78333333333333
88	0	0	0	0	-1	4
89	150	151	4	5.8	-3	5.05555555555556
90	152	153	6	6.5	-3	5.06666666666667
91	0	0	0	0	-1	6
92	0	0	0	0	-1	3.75
93	154	155	6	14	-3	4.91489361702128
94	156	157	11	9.85	-3	5.43292682926829
95	158	159	11	9.6	-3	5
96	0	0	0	0	-1	3.66666666666667
97	160	161	9	3.495	-3	5
98	162	163	8	0.99536	-3	5
99	164	165	7	43.5	-3	5.70802919708029
100	166	167	2	0.575	-3	5.8
101	168	169	3	0.005	-3	6.15
102	170	171	2	0.5375	-3	5.27272727272727
103	0	0	0	0	-1	3.33333333333333
104	0	0	0	0	-1	5
105	172	173	2	0.295	-3	7
106	174	175	3	0.475	-3	5.37037037037037
107	176	177	10	0.69	-3	5.78472222222222
108	178	179	1	9.6	-3	3.75
109	180	181	4	5.475	-3	5.33898305084746
110	182	183	1	9.35	-3	6
111	184	185	4	2.05	-3	6.64179104477612
112	0	0	0	0	-1	6
113	186	187	4	2.05	-3	4.85714285714286
114	0	0	0	0	-1	6
115	188	189	7	24.5	-3	5.42857142857143
116	190	191	10	0.58	-3	6.66666666666667
117	192	193	8	0.99335	-3	5.70833333333333
118	0	0	0	0	-1	5
119	194	195	2	0.54	-3	5
120	0	0	0	0	-1	5
121	0	0	0	0	-1	5.33333333333333
122	0	0	0	0	-1	6
123	0	0	0	0	-1	6
124	0	0	0	0	-1	8
125	196	197	1	7.75	-3	6.51470588235294
126	0	0	0	0	-1	8
127	0	0	0	0	-1	7
128	198	199	2	0.22	-3	6.06666666666667
129	0	0	0	0	-1	5.33333333333333
130	0	0	0	0	-1	8
131	200	201	7	45.5	-3	6.80645161290323
132	202	203	7	30	-3	4.71428571428571
133	0	0	0	0	-1	5.6
134	204	205	5	0.0745	-3	6.03333333333333
135	206	207	6	14	-3	7
136	0	0	0	0	-1	7
137	0	0	0	0	-1	7
138	0	0	0	0	-1	5
139	0	0	0	0	-1	4
140	208	209	10	0.915	-3	5.83333333333333
141	210	211	10	0.6	-3	5.15384615384615
142	212	213	10	0.59	-3	5.33333333333333
143	0	0	0	0	-1	6
144	214	215	8	0.99566	-3	4.97727272727273
145	0	0	0	0	-1	4
146	216	217	10	0.595	-3	4.88
147	0	0	0	0	-1	6.66666666666667
148	218	219	7	48.5	-3	5.92405063291139
149	220	221	2	0.9125	-3	5.51219512195122
150	222	223	1	6.9	-3	4.90909090909091
151	224	225	1	7.15	-3	5.28571428571429
152	226	227	10	0.495	-3	4.85714285714286
153	228	229	11	9.75	-3	5.09433962264151
154	230	231	5	0.0905	-3	4.66666666666667
155	232	233	8	0.997595	-3	5.17391304347826
156	234	235	2	0.6525	-3	5.33333333333333
157	236	237	7	15.5	-3	5.84375
158	238	239	10	0	-3	5
159	0	0	0	0	-1	5
160	240	241	3	0.015	-3	5.2
161	0	0	0	0	-1	4
162	0	0	0	0	-1	5
163	242	243	6	0	-3	5
164	244	245	5	0.0875	-3	5.86904761904762
165	246	247	4	2.15	-3	5.45283018867925
166	248	249	2	0.56	-3	6.25
167	0	0	0	0	-1	4
168	250	251	7	23.5	-3	6.42857142857143
169	252	253	7	20.5	-3	6
170	0	0	0	0	-1	4.8
171	254	255	4	3.575	-3	5.41176470588235
172	0	0	0	0	-1	7
173	0	0	0	0	-1	7
174	256	257	11	10.65	-3	5.80952380952381
175	258	259	8	0.9995	-3	5.09090909090909
176	260	261	3	0.405	-3	5.49350649350649
177	262	263	10	0.775	-3	6.11940298507463
178	0	0	0	0	-1	5
179	0	0	0	0	-1	3
180	264	265	7	65.5	-3	5.28971962616823
181	266	267	9	3.115	-3	5.81818181818182
182	268	269	10	0.545	-3	6
183	0	0	0	0	-1	6
184	270	271	11	0	-3	6
185	272	273	7	31.5	-3	6.74137931034483
186	274	275	7	28.5	-3	5
187	0	0	0	0	-1	4
188	276	277	3	0.12	-3	5.66666666666667
189	0	0	0	0	-1	5
190	0	0	0	0	-1	7
191	0	0	0	0	-1	6.33333333333333
192	0	0	0	0	-1	5
193	278	279	4	1.85	-3	5.85
194	0	0	0	0	-1	5
195	0	0	0	0	-1	5
196	0	0	0	0	-1	8
197	280	281	1	12.25	-3	6.46969696969697
198	0	0	0	0	-1	5.33333333333333
199	282	283	2	0.46	-3	6.14814814814815
200	284	285	6	8	-3	6.88888888888889
201	0	0	0	0	-1	6.25
202	0	0	0	0	-1	5
203	0	0	0	0	-1	4.33333333333333
204	286	287	8	0.99625	-3	6.10714285714286
205	0	0	0	0	-1	5
206	0	0	0	0	-1	7
207	0	0	0	0	-1	7
208	288	289	11	10.15	-3	5.96153846153846
209	0	0	0	0	-1	5
210	0	0	0	0	-1	6
211	290	291	1	7.2	-3	5
212	292	293	9	3.44	-3	5.57142857142857
213	294	295	1	6.3	-3	5
214	0	0	0	0	-1	4.4
215	296	297	8	0.99925	-3	5.05128205128205
216	298	299	7	12.5	-3	5.15789473684211
217	300	301	2	3.56	-3	4
218	302	303	4	1.4	-3	6.03225806451613
219	304	305	7	77	-3	5.52941176470588
220	306	307	11	10.65	-3	5.73529411764706
221	308	309	7	55	-3	4.42857142857143
222	0	0	0	0	-1	4.75
223	310	311	10	0	-3	5
224	0	0	0	0	-1	7
225	312	313	7	78	-3	5
226	314	315	3	0.275	-3	5
227	0	0	0	0	-1	4
228	316	317	11	9.125	-3	5.05681818181818
229	318	319	2	0.5825	-3	5.27777777777778
230	320	321	10	0.495	-3	4.5
231	322	323	3	0.12	-3	5
232	324	325	11	9.53333333333333	-3	5.28571428571429
233	326	327	9	3.19	-3	5
234	328	329	11	9.15	-3	5.40776699029126
235	330	331	2	0.695	-3	5.06896551724138
236	0	0	0	0	-1	4
237	332	333	1	10.2	-3	5.90322580645161
238	0	0	0	0	-1	5
239	334	335	8	0.998875	-3	5
240	0	0	0	0	-1	5.66666666666667
241	336	337	5	0	-3	5
242	0	0	0	0	-1	6
243	0	0	0	0	-1	5
244	338	339	6	15.5	-3	5.75862068965517
245	340	341	8	0.99589	-3	6.11538461538461
246	342	343	11	10.45	-3	5.20689655172414
247	344	345	3	0.245	-3	5.75
248	346	347	7	64.5	-3	6
249	0	0	0	0	-1	7
250	0	0	0	0	-1	7
251	0	0	0	0	-1	6
252	0	0	0	0	-1	6
253	0	0	0	0	-1	6
254	348	349	2	0.7675	-3	5
255	350	351	1	6.7	-3	5.63636363636364
256	352	353	5	0.0865	-3	5.94117647058824
257	0	0	0	0	-1	5.25
258	354	355	9	3.185	-3	5
259	356	357	7	19	-3	5.5
260	358	359	2	0.425	-3	5.76666666666667
261	360	361	6	11.5	-3	5.31914893617021
262	362	363	5	0.0825	-3	6.53571428571429
263	364	365	2	0.335	-3	5.82051282051282
264	366	367	7	39.5	-3	5.4375
265	368	369	5	0.5125	-3	5.06976744186047
266	0	0	0	0	-1	7
267	370	371	8	1.003055	-3	5.375
268	0	0	0	0	-1	6
269	0	0	0	0	-1	6
270	0	0	0	0	-1	5
271	372	373	4	0	-3	6
272	374	375	7	8	-3	6.88888888888889
273	376	377	3	0.405	-3	6.5
274	0	0	0	0	-1	5
275	0	0	0	0	-1	5
276	0	0	0	0	-1	6
277	378	379	2	0.41	-3	5.5
278	0	0	0	0	-1	5
279	380	381	10	0.485	-3	5.94444444444444
280	382	383	2	0.385	-3	6.49230769230769
281	0	0	0	0	-1	5
282	384	385	7	10.5	-3	6.25
283	0	0	0	0	-1	5.33333333333333
284	0	0	0	0	-1	6.4
285	386	387	7	0	-3	7
286	0	0	0	0	-1	7
287	388	389	2	0.47	-3	6.07407407407407
288	390	391	10	0.605	-3	5.71428571428571
289	392	393	5	0.07	-3	6.05263157894737
290	0	0	0	0	-1	5
291	394	395	2	0.44	-3	5
292	396	397	9	3.3	-3	5.8
293	0	0	0	0	-1	5
294	0	0	0	0	-1	5
295	398	399	8	3.45	-3	5
296	400	401	10	0.695	-3	5.02631578947368
297	0	0	0	0	-1	6
298	0	0	0	0	-1	5.75
299	402	403	5	0.0575	-3	5
300	0	0	0	0	-1	4
301	0	0	0	0	-1	4
302	0	0	0	0	-1	7
303	404	405	10	0.62	-3	5.98305084745763
304	406	407	2	0.6075	-3	5.30769230769231
305	0	0	0	0	-1	6.25
306	408	409	9	3.55	-3	5.25
307	410	411	8	0.994345	-3	5.88461538461539
308	0	0	0	0	-1	4
309	0	0	0	0	-1	5
310	0	0	0	0	-1	6
311	412	413	4	5.05	-3	5
312	0	0	0	0	-1	5
313	0	0	0	0	-1	5
314	414	415	3	25.5	-3	5
315	0	0	0	0	-1	5
316	0	0	0	0	-1	4.5
317	416	417	7	49	-3	5.06976744186047
318	0	0	0	0	-1	5.8
319	418	419	9	3.235	-3	5.07692307692308
320	420	421	9	3.39	-3	4.11111111111111
321	422	423	5	0	-3	5
322	424	425	7	0	-3	5
323	0	0	0	0	-1	5
324	426	427	4	4.05	-3	5
325	0	0	0	0	-1	5.8
326	0	0	0	0	-1	5
327	428	429	11	0	-3	5
328	430	431	3	0.215	-3	6
329	432	433	9	3.2	-3	5.29885057471264
330	434	435	11	9.25	-3	4.91666666666667
331	436	437	1	7.05	-3	5.17647058823529
332	438	439	1	8.15	-3	5.96551724137931
333	0	0	0	0	-1	5
334	0	0	0	0	-1	5
335	0	0	0	0	-1	5
336	0	0	0	0	-1	5
337	440	441	7	0	-3	5
338	442	443	6	13.5	-3	5.52941176470588
339	444	445	5	0.082	-3	6.08333333333333
340	0	0	0	0	-1	6.66666666666667
341	446	447	5	0.124	-3	6.04347826086957
342	448	449	8	0.99529	-3	5.4
343	450	451	7	0	-3	5
344	452	453	7	51	-3	6.06666666666667
345	454	455	1	7.15	-3	5.22222222222222
346	0	0	0	0	-1	6
347	0	0	0	0	-1	6
348	0	0	0	0	-1	5
349	0	0	0	0	-1	5
350	456	457	1	6.25	-3	6
351	0	0	0	0	-1	5.2
352	458	459	1	10.15	-3	6.1
353	460	461	2	0.38	-3	5.71428571428571
354	462	463	2	0	-3	5
355	464	465	7	9.55	-3	5
356	0	0	0	0	-1	5
357	0	0	0	0	-1	6
358	466	467	5	0.086	-3	5.60869565217391
359	468	469	3	0.395	-3	6.28571428571429
360	470	471	9	3.19	-3	5.06666666666667
361	472	473	7	46.5	-3	5.4375
362	474	475	1	12.45	-3	5.88888888888889
363	476	477	3	0.55	-3	6.84210526315789
364	478	479	11	10.5	-3	6.26666666666667
365	480	481	3	0.525	-3	5.54166666666667
366	482	483	7	11	-3	5.28571428571429
367	484	485	5	0.113	-3	5.72727272727273
368	486	487	3	0.315	-3	5.0952380952381
369	0	0	0	0	-1	4
370	0	0	0	0	-1	5
371	0	0	0	0	-1	6
372	0	0	0	0	-1	5
373	488	489	3	0.33	-3	6
374	0	0	0	0	-1	6
375	490	491	3	0.675	-3	6.91428571428571
376	492	493	8	0.99955	-3	6.83333333333333
377	494	495	1	13.15	-3	6.375
378	0	0	0	0	-1	6
379	0	0	0	0	-1	5
380	0	0	0	0	-1	5
381	496	497	2	0.385	-3	6.0625
382	498	499	8	0.99795	-3	6.63829787234043
383	500	501	11	11.8	-3	6.11111111111111
384	0	0	0	0	-1	7
385	502	503	8	0.99528	-3	6.05263157894737
386	0	0	0	0	-1	4
387	504	505	11	0	-3	7
388	0	0	0	0	-1	6
389	0	0	0	0	-1	7
390	0	0	0	0	-1	6
391	0	0	0	0	-1	5
392	506	507	9	10.9	-3	6
393	0	0	0	0	-1	6.5
394	0	0	0	0	-1	5
395	0	0	0	0	-1	5
396	0	0	0	0	-1	5
397	508	509	4	1.45	-3	6
398	510	511	4	1.65	-3	5
399	0	0	0	0	-1	5
400	512	513	10	0.575	-3	5
401	0	0	0	0	-1	6
402	514	515	9	3.45	-3	5
403	516	517	2	0	-3	5
404	518	519	3	0.175	-3	5.78260869565217
405	520	521	8	0.993725	-3	6.11111111111111
406	522	523	5	0	-3	5
407	524	525	2	0.7425	-3	5.66666666666667
408	0	0	0	0	-1	5.4
409	0	0	0	0	-1	5
410	526	527	5	0.046	-3	5.33333333333333
411	528	529	8	0.9951	-3	6.17647058823529
412	0	0	0	0	-1	5
413	0	0	0	0	-1	5
414	530	531	3	0.13	-3	5
415	0	0	0	0	-1	5
416	532	533	1	9	-3	5.15384615384615
417	534	535	6	24	-3	5
418	0	0	0	0	-1	5.5
419	536	537	10	10.05	-3	5
420	538	539	4	7.8	-3	4
421	0	0	0	0	-1	5
422	0	0	0	0	-1	6
423	540	541	9	3.275	-3	5
424	0	0	0	0	-1	6
425	542	543	2	0.8275	-3	5
426	0	0	0	0	-1	5
427	0	0	0	0	-1	5
428	0	0	0	0	-1	6
429	544	545	3	0.19	-3	5
430	546	547	10	0	-3	6
431	0	0	0	0	-1	6
432	548	549	2	0.555	-3	5
433	550	551	3	0.235	-3	5.41269841269841
434	0	0	0	0	-1	4
435	552	553	9	3.31	-3	5
436	0	0	0	0	-1	6
437	554	555	6	7.5	-3	5.125
438	556	557	2	0.595	-3	5.91666666666667
439	558	559	5	0.078	-3	6
440	0	0	0	0	-1	7
441	0	0	0	0	-1	5
442	560	561	9	3.43	-3	5.64285714285714
443	562	563	3	0	-3	5
444	564	565	4	2.35	-3	6.17391304347826
445	0	0	0	0	-1	4
446	566	567	8	0.9964	-3	6
447	568	569	1	7.6	-3	6.125
448	0	0	0	0	-1	6
449	570	571	7	55.5	-3	5.25
450	0	0	0	0	-1	6
451	572	573	1	6.8	-3	5
452	0	0	0	0	-1	6.2
453	0	0	0	0	-1	6
454	0	0	0	0	-1	6
455	574	575	5	0.0825	-3	5.125
456	0	0	0	0	-1	6
457	0	0	0	0	-1	6
458	0	0	0	0	-1	6.5
459	576	577	6	0	-3	6
460	0	0	0	0	-1	5
461	0	0	0	0	-1	6
462	0	0	0	0	-1	6
463	578	579	3	0.595	-3	5
464	0	0	0	0	-1	5
465	580	581	10	0.745	-3	5
466	582	583	1	8.4	-3	5.77777777777778
467	0	0	0	0	-1	5
468	0	0	0	0	-1	5.75
469	0	0	0	0	-1	7
470	0	0	0	0	-1	5.33333333333333
471	584	585	1	8.65	-3	5
472	586	587	8	0.9995	-3	6.125
473	588	589	9	3.27	-3	5.20833333333333
474	0	0	0	0	-1	6
475	0	0	0	0	-1	5
476	590	591	11	10.65	-3	6.66666666666667
477	592	593	4	0.99815	-3	7
478	594	595	1	12.4	-3	6.09090909090909
479	0	0	0	0	-1	6.75
480	596	597	10	1.115	-3	5.25
481	598	599	1	8.1	-3	5.83333333333333
482	0	0	0	0	-1	4
483	600	601	9	3.255	-3	5.31707317073171
484	602	603	1	7.8	-3	5.875
485	604	605	9	2.95	-3	5.33333333333333
486	0	0	0	0	-1	6
487	606	607	7	69.5	-3	5.02564102564103
488	0	0	0	0	-1	5
489	608	609	1	9.15	-3	6
490	610	611	3	0.665	-3	6.96969696969697
491	0	0	0	0	-1	6
492	0	0	0	0	-1	7
493	0	0	0	0	-1	6
494	612	613	8	0.99768	-3	6.23076923076923
495	0	0	0	0	-1	7
496	0	0	0	0	-1	6.5
497	614	615	11	11.55	-3	6
498	616	617	10	0.655	-3	6.76923076923077
499	618	619	2	0.315	-3	6
500	620	621	3	0.39	-3	5.85714285714286
501	0	0	0	0	-1	7
502	622	623	11	10.4	-3	6.11111111111111
503	0	0	0	0	-1	5
504	0	0	0	0	-1	5
505	624	625	7	0	-3	7
506	626	627	9	3.335	-3	6
507	0	0	0	0	-1	6
508	0	0	0	0	-1	5
509	628	629	7	21.5	-3	6.14285714285714
510	0	0	0	0	-1	5
511	630	631	4	0	-3	5
512	632	633	11	9.15	-3	5
513	634	635	9	3.47	-3	5
514	0	0	0	0	-1	5
515	0	0	0	0	-1	5
516	0	0	0	0	-1	5
517	636	637	1	0	-3	5
518	638	639	1	6.15	-3	5.88888888888889
519	0	0	0	0	-1	5.4
520	0	0	0	0	-1	7
521	640	641	10	1.075	-3	6.05882352941176
522	0	0	0	0	-1	6
523	642	643	2	0.99482	-3	5
524	0	0	0	0	-1	6
525	0	0	0	0	-1	5
526	0	0	0	0	-1	7
527	644	645	2	0.58	-3	5.125
528	646	647	10	0.8	-3	6
529	648	649	4	2.55	-3	6.375
530	0	0	0	0	-1	5
531	0	0	0	0	-1	5
532	650	651	9	3.3	-3	5.11428571428571
533	0	0	0	0	-1	5.5
534	0	0	0	0	-1	5
535	652	653	4	1.75	-3	5
536	654	655	3	0.025	-3	5
537	0	0	0	0	-1	5
538	656	657	9	0	-3	4
539	0	0	0	0	-1	4
540	0	0	0	0	-1	5
541	0	0	0	0	-1	5
542	0	0	0	0	-1	5
543	0	0	0	0	-1	5
544	0	0	0	0	-1	5
545	0	0	0	0	-1	5
546	0	0	0	0	-1	7
547	658	659	9	3.235	-3	6
548	0	0	0	0	-1	5
549	660	661	1	9.65	-3	5
550	662	663	10	0.865	-3	5.32692307692308
551	664	665	7	21	-3	5.81818181818182
552	0	0	0	0	-1	5
553	666	667	9	3.375	-3	5
554	0	0	0	0	-1	6
555	668	669	5	0.091	-3	5.06666666666667
556	0	0	0	0	-1	5.5
557	0	0	0	0	-1	6
558	0	0	0	0	-1	6
559	670	671	9	3.055	-3	6
560	672	673	1	9.55	-3	5.9
561	674	675	9	3.45	-3	5
562	0	0	0	0	-1	5
563	0	0	0	0	-1	5
564	676	677	7	3.385	-3	6
565	0	0	0	0	-1	7
566	0	0	0	0	-1	6
567	0	0	0	0	-1	6
568	0	0	0	0	-1	6
569	0	0	0	0	-1	7
570	678	679	7	52.5	-3	5.5
571	0	0	0	0	-1	5
572	680	681	9	3.475	-3	5
573	682	683	5	0	-3	5
574	0	0	0	0	-1	6
575	684	685	10	0	-3	5
576	0	0	0	0	-1	7
577	686	687	11	9.85	-3	6
578	688	689	2	0	-3	5
579	0	0	0	0	-1	5
580	690	691	4	0	-3	5
581	692	693	4	0	-3	5
582	694	695	1	6.85	-3	6
583	696	697	10	0.645	-3	5.6
584	0	0	0	0	-1	5
585	698	699	6	0	-3	5
586	700	701	4	0	-3	6
587	0	0	0	0	-1	7
588	702	703	6	19.5	-3	5
589	704	705	8	0.995905	-3	5.55555555555556
590	706	707	5	0.0915	-3	7
591	0	0	0	0	-1	6
592	0	0	0	0	-1	5
593	708	709	4	2.7	-3	7
594	0	0	0	0	-1	6
595	0	0	0	0	-1	7
596	710	711	8	1.00075	-3	5.11111111111111
597	0	0	0	0	-1	5.66666666666667
598	0	0	0	0	-1	5
599	712	713	7	34.5	-3	6
600	714	715	10	0.745	-3	5.21875
601	716	717	5	0.0915	-3	5.66666666666667
602	0	0	0	0	-1	5
603	718	719	7	63.5	-3	6
604	0	0	0	0	-1	6
605	0	0	0	0	-1	5
606	0	0	0	0	-1	5.2
607	720	721	8	0.99795	-3	5
608	0	0	0	0	-1	6
609	0	0	0	0	-1	6
610	722	723	2	0.565	-3	6.9375
611	0	0	0	0	-1	8
612	724	725	1	11	-3	6.375
613	0	0	0	0	-1	6
614	726	727	11	3.235	-3	6
615	0	0	0	0	-1	6
616	0	0	0	0	-1	8
617	728	729	6	22	-3	6.7027027027027
618	0	0	0	0	-1	6
619	0	0	0	0	-1	6
620	0	0	0	0	-1	5
621	730	731	9	3.165	-3	6
622	0	0	0	0	-1	7
623	732	733	9	3.285	-3	6.05882352941176
624	0	0	0	0	-1	5
625	734	735	2	3.29	-3	7
626	0	0	0	0	-1	6
627	736	737	8	0.9965	-3	6
628	0	0	0	0	-1	7
629	738	739	9	3.365	-3	6
630	0	0	0	0	-1	5
631	0	0	0	0	-1	5
632	0	0	0	0	-1	5
633	740	741	8	0	-3	5
634	742	743	3	0	-3	5
635	744	745	9	0	-3	5
636	0	0	0	0	-1	6
637	0	0	0	0	-1	5
638	0	0	0	0	-1	5
639	746	747	5	0.0705	-3	5.94117647058824
640	748	749	7	16.5	-3	6.09090909090909
641	0	0	0	0	-1	5
642	0	0	0	0	-1	5
643	0	0	0	0	-1	5
644	0	0	0	0	-1	5
645	0	0	0	0	-1	5.25
646	0	0	0	0	-1	6
647	0	0	0	0	-1	6
648	750	751	6	27	-3	6.16666666666667
649	0	0	0	0	-1	7
650	752	753	2	0.57	-3	5
651	754	755	9	3.325	-3	5.17391304347826
652	0	0	0	0	-1	5
653	756	757	11	0	-3	5
654	0	0	0	0	-1	5
655	0	0	0	0	-1	5
656	0	0	0	0	-1	5
657	758	759	8	7.8	-3	4
658	0	0	0	0	-1	6
659	760	761	3	0.09	-3	6
660	762	763	9	3.175	-3	5
661	0	0	0	0	-1	5
662	764	765	11	9.45	-3	5.25531914893617
663	0	0	0	0	-1	6
664	0	0	0	0	-1	5
665	766	767	1	7.75	-3	5.9
666	0	0	0	0	-1	5
667	768	769	6	0	-3	5
668	770	771	1	7.85	-3	5
669	0	0	0	0	-1	5.33333333333333
670	0	0	0	0	-1	6
671	772	773	5	0.99885	-3	6
672	774	775	10	0.63	-3	5.94736842105263
673	0	0	0	0	-1	5
674	0	0	0	0	-1	5
675	776	777	3	0	-3	5
676	0	0	0	0	-1	6
677	778	779	9	0.68	-3	6
678	0	0	0	0	-1	5.25
679	0	0	0	0	-1	6
680	0	0	0	0	-1	5
681	0	0	0	0	-1	5
682	0	0	0	0	-1	5
683	780	781	4	2.05	-3	5
684	0	0	0	0	-1	7
685	782	783	2	0.62	-3	5
686	0	0	0	0	-1	6
687	0	0	0	0	-1	6
688	0	0	0	0	-1	6
689	784	785	5	0.0835	-3	5
690	0	0	0	0	-1	5
691	786	787	9	3.275	-3	5
692	0	0	0	0	-1	6
693	788	789	3	0.535	-3	5
694	0	0	0	0	-1	6
695	0	0	0	0	-1	6
696	0	0	0	0	-1	5
697	790	791	4	2	-3	6
698	0	0	0	0	-1	5
699	792	793	2	0	-3	5
700	0	0	0	0	-1	6
701	794	795	11	11.05	-3	6
702	796	797	11	0	-3	5
703	798	799	4	2.75	-3	5
704	0	0	0	0	-1	5
705	800	801	9	3.335	-3	5.71428571428571
706	0	0	0	0	-1	7
707	0	0	0	0	-1	7
708	0	0	0	0	-1	7
709	0	0	0	0	-1	7
710	0	0	0	0	-1	5
711	0	0	0	0	-1	6
712	0	0	0	0	-1	6
713	802	803	10	0	-3	6
714	804	805	4	1.45	-3	5.16666666666667
715	0	0	0	0	-1	6
716	0	0	0	0	-1	6
717	0	0	0	0	-1	5.25
718	806	807	10	0.575	-3	6
719	0	0	0	0	-1	6
720	808	809	9	3.285	-3	5
721	0	0	0	0	-1	5
722	0	0	0	0	-1	7
723	0	0	0	0	-1	6.33333333333333
724	810	811	3	0.53	-3	6.16666666666667
725	0	0	0	0	-1	7
726	0	0	0	0	-1	5
727	812	813	4	3.215	-3	6
728	814	815	4	3.85	-3	6.8125
729	0	0	0	0	-1	6
730	0	0	0	0	-1	6
731	0	0	0	0	-1	6
732	0	0	0	0	-1	7
733	816	817	11	12.55	-3	6
734	818	819	10	0	-3	7
735	0	0	0	0	-1	7
736	820	821	2	0.305	-3	6
737	0	0	0	0	-1	6
738	0	0	0	0	-1	6
739	0	0	0	0	-1	6
740	0	0	0	0	-1	5
741	822	823	5	0.0695	-3	5
742	0	0	0	0	-1	6
743	824	825	1	6.9	-3	5
744	0	0	0	0	-1	6
745	0	0	0	0	-1	5
746	826	827	6	9.5	-3	6
747	0	0	0	0	-1	5.75
748	0	0	0	0	-1	6.5
749	828	829	2	0.57	-3	6.03448275862069
750	0	0	0	0	-1	6
751	0	0	0	0	-1	7
752	0	0	0	0	-1	5
753	830	831	6	0	-3	5
754	0	0	0	0	-1	5.66666666666667
755	832	833	11	9.45	-3	5.1
756	0	0	0	0	-1	5
757	834	835	3	0.05	-3	5
758	0	0	0	0	-1	4
759	0	0	0	0	-1	4
760	0	0	0	0	-1	6
761	0	0	0	0	-1	6
762	0	0	0	0	-1	5
763	0	0	0	0	-1	5
764	836	837	8	0.9983	-3	5.1
765	838	839	9	3.39	-3	5.37037037037037
766	0	0	0	0	-1	5.66666666666667
767	0	0	0	0	-1	6
768	0	0	0	0	-1	5
769	840	841	5	0.079	-3	5
770	0	0	0	0	-1	5
771	842	843	1	0	-3	5
772	844	845	6	7	-3	6
773	0	0	0	0	-1	6
774	846	847	9	3.39	-3	6
775	0	0	0	0	-1	5.75
776	0	0	0	0	-1	5
777	848	849	1	6.65	-3	5
778	0	0	0	0	-1	4
779	850	851	7	0	-3	6
780	0	0	0	0	-1	5
781	0	0	0	0	-1	5
782	0	0	0	0	-1	5
783	0	0	0	0	-1	5
784	0	0	0	0	-1	5
785	0	0	0	0	-1	5
786	0	0	0	0	-1	5
787	0	0	0	0	-1	5
788	0	0	0	0	-1	5
789	0	0	0	0	-1	5
790	0	0	0	0	-1	6
791	0	0	0	0	-1	6
792	0	0	0	0	-1	6
793	0	0	0	0	-1	5
794	0	0	0	0	-1	6
795	0	0	0	0	-1	6
796	0	0	0	0	-1	4
797	852	853	5	0.096	-3	5
798	854	855	4	0	-3	5
799	0	0	0	0	-1	5
800	0	0	0	0	-1	6
801	0	0	0	0	-1	5.33333333333333
802	0	0	0	0	-1	7
803	856	857	7	9.95	-3	6
804	0	0	0	0	-1	6
805	858	859	9	3.18	-3	5.07407407407407
806	0	0	0	0	-1	6
807	860	861	10	0.78	-3	6
808	0	0	0	0	-1	5
809	0	0	0	0	-1	5
810	0	0	0	0	-1	6
811	0	0	0	0	-1	7
812	862	863	8	0.36	-3	6
813	0	0	0	0	-1	6
814	864	865	1	9.65	-3	6.89655172413793
815	0	0	0	0	-1	6
816	866	867	6	17.5	-3	6
817	0	0	0	0	-1	6
818	0	0	0	0	-1	7
819	868	869	3	0	-3	7
820	0	0	0	0	-1	6
821	0	0	0	0	-1	6
822	0	0	0	0	-1	5
823	870	871	10	0	-3	5
824	0	0	0	0	-1	5
825	872	873	8	0.99808	-3	5
826	0	0	0	0	-1	6
827	0	0	0	0	-1	6
828	874	875	2	0.545	-3	6.11111111111111
829	876	877	9	3.49	-3	6
830	0	0	0	0	-1	3
831	878	879	5	0.078	-3	5
832	0	0	0	0	-1	5.66666666666667
833	880	881	5	0.077	-3	5
834	0	0	0	0	-1	5
835	882	883	3	0	-3	5
836	884	885	7	76	-3	5.05263157894737
837	0	0	0	0	-1	6
838	886	887	10	0.605	-3	5.72727272727273
839	888	889	5	0.0795	-3	5.125
840	0	0	0	0	-1	5
841	0	0	0	0	-1	5
842	0	0	0	0	-1	8
843	890	891	1	8.35	-3	5
844	892	893	4	2.4	-3	6
845	0	0	0	0	-1	6
846	894	895	9	3.32	-3	6
847	0	0	0	0	-1	6
848	0	0	0	0	-1	5
849	0	0	0	0	-1	5
850	0	0	0	0	-1	7
851	896	897	5	0.0775	-3	6
852	0	0	0	0	-1	5
853	0	0	0	0	-1	5
854	0	0	0	0	-1	7
855	898	899	10	0.36	-3	5
856	0	0	0	0	-1	5
857	900	901	4	3.05	-3	6
858	902	903	7	22.5	-3	5.16666666666667
859	0	0	0	0	-1	5
860	0	0	0	0	-1	6
861	0	0	0	0	-1	6
862	0	0	0	0	-1	5
863	904	905	4	2.25	-3	6
864	906	907	3	0	-3	7
865	908	909	3	0.545	-3	6.75
866	910	911	10	0.68	-3	6
867	0	0	0	0	-1	6
868	0	0	0	0	-1	5
869	912	913	7	0	-3	7
870	0	0	0	0	-1	7
871	0	0	0	0	-1	5
872	914	915	10	0	-3	5
873	916	917	3	0	-3	5
874	918	919	4	2.15	-3	6
875	0	0	0	0	-1	7
876	920	921	11	10	-3	6
877	0	0	0	0	-1	6
878	0	0	0	0	-1	5
879	922	923	5	0	-3	5
880	0	0	0	0	-1	5
881	924	925	9	0	-3	5
882	0	0	0	0	-1	5
883	926	927	5	0.0825	-3	5
884	928	929	3	0.225	-3	5
885	0	0	0	0	-1	6
886	0	0	0	0	-1	5.4
887	930	931	10	0.63	-3	6
888	932	933	7	88.5	-3	5
889	934	935	1	7	-3	5.33333333333333
890	0	0	0	0	-1	5
891	0	0	0	0	-1	5
892	0	0	0	0	-1	6
893	0	0	0	0	-1	6
894	0	0	0	0	-1	6
895	0	0	0	0	-1	6
896	936	937	8	0	-3	6
897	938	939	8	11.05	-3	6
898	0	0	0	0	-1	6
899	0	0	0	0	-1	5
900	0	0	0	0	-1	6
901	0	0	0	0	-1	6
902	0	0	0	0	-1	6
903	940	941	8	1.001575	-3	5
904	0	0	0	0	-1	6
905	0	0	0	0	-1	6
906	0	0	0	0	-1	5
907	942	943	1	0	-3	7
908	944	945	11	11.6	-3	6.81818181818182
909	0	0	0	0	-1	6
910	946	947	2	0.365	-3	6
911	0	0	0	0	-1	6
912	0	0	0	0	-1	5
913	0	0	0	0	-1	7
914	0	0	0	0	-1	6
915	0	0	0	0	-1	5
916	0	0	0	0	-1	7
917	948	949	10	0.625	-3	5
918	950	951	7	0	-3	6
919	0	0	0	0	-1	6
920	0	0	0	0	-1	6
921	952	953	3	0.035	-3	6
922	0	0	0	0	-1	6
923	954	955	9	0.51	-3	5
924	0	0	0	0	-1	5
925	956	957	11	7.5	-3	5
926	0	0	0	0	-1	5
927	958	959	7	0	-3	5
928	0	0	0	0	-1	5
929	0	0	0	0	-1	5
930	0	0	0	0	-1	7
931	0	0	0	0	-1	5.8
932	960	961	5	0.61	-3	5
933	0	0	0	0	-1	5
934	0	0	0	0	-1	5
935	0	0	0	0	-1	6
936	0	0	0	0	-1	6
937	0	0	0	0	-1	6
938	962	963	1	7.15	-3	6
939	0	0	0	0	-1	6
940	0	0	0	0	-1	5
941	0	0	0	0	-1	5
942	0	0	0	0	-1	5
943	964	965	10	0	-3	7
944	966	967	1	10.15	-3	6.88888888888889
945	0	0	0	0	-1	6.5
946	0	0	0	0	-1	6
947	0	0	0	0	-1	6
948	0	0	0	0	-1	5
949	0	0	0	0	-1	5
950	0	0	0	0	-1	5
951	968	969	3	0.145	-3	6
952	0	0	0	0	-1	6
953	970	971	10	0	-3	6
954	0	0	0	0	-1	5
955	0	0	0	0	-1	5
956	0	0	0	0	-1	6
957	972	973	1	7.5	-3	5
958	0	0	0	0	-1	5
959	974	975	10	109	-3	5
960	976	977	5	0.0785	-3	5
961	0	0	0	0	-1	5
962	0	0	0	0	-1	6
963	0	0	0	0	-1	6
964	0	0	0	0	-1	6
965	0	0	0	0	-1	7
966	0	0	0	0	-1	6.5
967	978	979	4	2.15	-3	7
968	0	0	0	0	-1	6
969	0	0	0	0	-1	6
970	0	0	0	0	-1	5
971	980	981	3	0.225	-3	6
972	0	0	0	0	-1	5
973	982	983	9	0	-3	5
974	0	0	0	0	-1	5
975	0	0	0	0	-1	5
976	984	985	4	0	-3	5
977	0	0	0	0	-1	5
978	0	0	0	0	-1	7
979	0	0	0	0	-1	7
980	0	0	0	0	-1	6
981	0	0	0	0	-1	6
982	0	0	0	0	-1	5
983	986	987	2	0.7075	-3	5
984	0	0	0	0	-1	6
985	0	0	0	0	-1	5
986	0	0	0	0	-1	5
987	0	0	0	0	-1	5
