1	2	3	11	10.525	-3	5.62288930581614
2	4	5	5	0.0665	-3	5.33064516129032
3	6	7	9	3.355	-3	6.1004942339374
4	8	9	2	0.655	-3	5.63768115942029
5	10	11	10	0.575	-3	5.30769230769231
6	12	13	10	0.585	-3	6.26934097421203
7	14	15	2	0.87	-3	5.87209302325581
8	16	17	1	6.3	-3	5.80392156862745
9	18	19	11	10.1	-3	5.16666666666667
10	20	21	7	24.5	-3	5.06997084548105
11	22	23	2	0.355	-3	5.44827586206896
12	24	25	3	0.67	-3	5.79166666666667
13	26	27	1	14.75	-3	6.39350180505415
14	28	29	8	0.99241	-3	5.95454545454546
15	30	31	2	1.015	-3	4.625
16	32	33	1	5.65	-3	5.16666666666667
17	34	35	4	2.15	-3	5.88888888888889
18	36	37	1	6.4	-3	5
19	0	0	0	0	-1	6
20	38	39	6	3.5	-3	4.87209302325581
21	40	41	1	11.45	-3	5.13618677042801
22	42	43	5	0.1045	-3	5.91044776119403
23	44	45	4	1.65	-3	5.38791423001949
24	46	47	8	0.99561	-3	5.73913043478261
25	0	0	0	0	-1	7
26	48	49	2	0.405	-3	6.4065934065934
27	0	0	0	0	-1	5.5
28	50	51	7	75.5	-3	6.81818181818182
29	52	53	10	0.705	-3	5.91341991341991
30	54	55	8	0.99509	-3	5.11111111111111
31	56	57	1	7.85	-3	4
32	0	0	0	0	-1	6
33	0	0	0	0	-1	5
34	58	59	7	30.5	-3	6.09677419354839
35	60	61	4	2.8	-3	5.42857142857143
36	0	0	0	0	-1	4
37	62	63	2	0.94	-3	5.15384615384615
38	64	65	11	10	-3	4.125
39	66	67	7	9.5	-3	4.94871794871795
40	68	69	2	0.54	-3	5.14624505928854
41	0	0	0	0	-1	4.5
42	70	71	6	34	-3	5.98305084745763
43	72	73	4	3.15	-3	5.375
44	74	75	8	0.99816	-3	5.03921568627451
45	76	77	7	55.5	-3	5.42640692640693
46	78	79	5	0.0295	-3	6.02857142857143
47	80	81	5	0.0565	-3	5.44117647058824
48	82	83	2	0.185	-3	6.55862068965517
49	84	85	7	21.5	-3	6.234375
50	0	0	0	0	-1	6.2
51	86	87	1	5.5	-3	7.33333333333333
52	88	89	10	0.545	-3	5.7639751552795
53	90	91	8	0.994395	-3	6.25714285714286
54	0	0	0	0	-1	6
55	92	93	4	5.2	-3	4.66666666666667
56	0	0	0	0	-1	3.6
57	0	0	0	0	-1	5
58	94	95	4	1.45	-3	6.30434782608696
59	96	97	10	0.645	-3	5.5
60	98	99	6	13	-3	5.54545454545455
61	0	0	0	0	-1	5
62	100	101	11	9.25	-3	5.08333333333333
63	0	0	0	0	-1	6
64	0	0	0	0	-1	5
65	0	0	0	0	-1	3.25
66	0	0	0	0	-1	5.6
67	102	103	2	0.9075	-3	4.9041095890411
68	104	105	5	0.0785	-3	5.35
69	106	107	6	6.5	-3	5.05202312138728
70	108	109	1	11.7	-3	5.94736842105263
71	0	0	0	0	-1	7
72	110	111	9	3.11	-3	5.14285714285714
73	0	0	0	0	-1	7
74	112	113	11	10.45	-3	5.22222222222222
75	114	115	6	30.5	-3	3.66666666666667
76	116	117	4	2.35	-3	5.55769230769231
77	118	119	9	3.575	-3	5.25742574257426
78	0	0	0	0	-1	7
79	120	121	10	0.465	-3	6
80	0	0	0	0	-1	4
81	122	123	11	11.55	-3	5.58064516129032
82	0	0	0	0	-1	5
83	124	125	5	0.1105	-3	6.58041958041958
84	126	127	11	12.6	-3	6.46511627906977
85	128	129	1	8.65	-3	6.11764705882353
86	0	0	0	0	-1	7
87	0	0	0	0	-1	8
88	130	131	6	20	-3	5.34615384615385
89	132	133	7	11.5	-3	5.84444444444444
90	134	135	5	0.0705	-3	6.80952380952381
91	136	137	7	89	-3	6.02040816326531
92	0	0	0	0	-1	4.8
93	0	0	0	0	-1	4
94	0	0	0	0	-1	7
95	138	139	4	2.05	-3	6.2
96	0	0	0	0	-1	5
97	0	0	0	0	-1	5.8
98	0	0	0	0	-1	5
99	140	141	7	95.5	-3	5.85714285714286
100	0	0	0	0	-1	6
101	142	143	4	0	-3	5
102	144	145	10	0.565	-3	4.96923076923077
103	146	147	5	0.089	-3	4.375
104	148	149	4	2.15	-3	5.66666666666667
105	150	151	3	0.225	-3	5.18867924528302
106	152	153	3	0.16	-3	4.42857142857143
107	154	155	11	9.35	-3	5.07831325301205
108	156	157	10	0.79	-3	5.83333333333333
109	158	159	8	0.999	-3	6.55555555555556
110	0	0	0	0	-1	6
111	160	161	4	1.8	-3	5
112	162	163	11	9.575	-3	5.13953488372093
113	0	0	0	0	-1	7
114	0	0	0	0	-1	5
115	0	0	0	0	-1	3.4
116	164	165	11	8.7	-3	5.46385542168675
117	166	167	10	0.695	-3	5.72340425531915
118	168	169	3	0.315	-3	5.27918781725888
119	0	0	0	0	-1	4.4
120	170	171	9	3.04	-3	5.5
121	172	173	1	9.75	-3	6.10714285714286
122	174	175	11	10.85	-3	5.40909090909091
123	176	177	1	11.1	-3	6
124	178	179	11	12.05	-3	6.63565891472868
125	180	181	10	0.795	-3	6.07142857142857
126	182	183	2	0.42	-3	6.27777777777778
127	184	185	6	7.5	-3	7.42857142857143
128	186	187	5	0.0565	-3	5.86206896551724
129	188	189	6	34.5	-3	6.25
130	190	191	4	1.65	-3	5.42857142857143
131	0	0	0	0	-1	5
132	0	0	0	0	-1	7
133	192	193	4	5.55	-3	5.8
134	194	195	6	24	-3	7.23076923076923
135	196	197	10	0.85	-3	6.125
136	198	199	1	6.15	-3	6.11111111111111
137	0	0	0	0	-1	5
138	200	201	9	3.415	-3	6.06666666666667
139	0	0	0	0	-1	6.6
140	202	203	2	0.365	-3	6
141	0	0	0	0	-1	5
142	0	0	0	0	-1	5
143	204	205	8	0.99755	-3	5
144	206	207	9	3.325	-3	4.91803278688525
145	0	0	0	0	-1	5.75
146	0	0	0	0	-1	4
147	0	0	0	0	-1	4.75
148	208	209	11	9.35	-3	5.88235294117647
149	210	211	3	0.185	-3	5.3
150	212	213	8	0.99577	-3	5.46666666666667
151	214	215	6	17	-3	5.07894736842105
152	0	0	0	0	-1	4
153	0	0	0	0	-1	5
154	216	217	6	11.5	-3	4.84375
155	218	219	3	0.015	-3	5.13432835820896
156	220	221	6	14	-3	5.59090909090909
157	222	223	11	10.45	-3	6.03846153846154
158	0	0	0	0	-1	7.33333333333333
159	224	225	2	0.24	-3	6.16666666666667
160	0	0	0	0	-1	5
161	0	0	0	0	-1	5
162	226	227	7	103.5	-3	4.92592592592593
163	228	229	11	10.0666666666666	-3	5.5
164	0	0	0	0	-1	3
165	230	231	7	39.5	-3	5.47878787878788
166	232	233	1	8.5	-3	5.45901639344262
167	234	235	1	11.65	-3	6.21212121212121
168	236	237	7	106.5	-3	5.40566037735849
169	238	239	1	10	-3	5.13186813186813
170	0	0	0	0	-1	6
171	0	0	0	0	-1	5.25
172	240	241	3	0.435	-3	6
173	242	243	3	0.465	-3	6.42857142857143
174	244	245	7	15.5	-3	6
175	246	247	4	2.15	-3	5.07142857142857
176	248	249	6	7.5	-3	6
177	0	0	0	0	-1	6
178	250	251	7	96.5	-3	6.5607476635514
179	252	253	4	1.9	-3	7
180	254	255	4	3.4	-3	6
181	0	0	0	0	-1	7
182	0	0	0	0	-1	7
183	256	257	9	3.215	-3	6.1875
184	0	0	0	0	-1	7
185	0	0	0	0	-1	8
186	0	0	0	0	-1	5
187	258	259	3	0.01	-3	5.96153846153846
188	260	261	11	11.6	-3	6.1063829787234
189	262	263	3	71.5	-3	7
190	0	0	0	0	-1	5
191	264	265	9	3.385	-3	5.5625
192	266	267	11	11.25	-3	5.752
193	0	0	0	0	-1	7
194	0	0	0	0	-1	7
195	0	0	0	0	-1	8
196	268	269	4	2.2	-3	6
197	0	0	0	0	-1	6.5
198	0	0	0	0	-1	5.2
199	270	271	2	0.265	-3	6.225
200	272	273	6	16.5	-3	6
201	0	0	0	0	-1	6.33333333333333
202	0	0	0	0	-1	6
203	0	0	0	0	-1	6
204	274	275	1	0	-3	5
205	0	0	0	0	-1	5
206	276	277	6	4.5	-3	5
207	278	279	7	22.5	-3	4.73684210526316
208	0	0	0	0	-1	5
209	280	281	11	10.1	-3	5.9375
210	0	0	0	0	-1	6
211	282	283	9	3.38	-3	5.22222222222222
212	284	285	5	0.082	-3	5.83333333333333
213	286	287	11	9.85	-3	5.22222222222222
214	288	289	4	1.7	-3	5.23076923076923
215	290	291	10	0.555	-3	5
216	0	0	0	0	-1	4
217	292	293	4	1.65	-3	4.93103448275862
218	294	295	1	8.15	-3	4.89473684210526
219	296	297	8	0.99655	-3	5.17391304347826
220	298	299	11	10.25	-3	5.4375
221	300	301	6	29	-3	6
222	302	303	3	0.415	-3	5.95833333333333
223	0	0	0	0	-1	7
224	0	0	0	0	-1	7
225	0	0	0	0	-1	6
226	304	305	5	0.0735	-3	4.96153846153846
227	0	0	0	0	-1	4
228	306	307	5	0.093	-3	5.76923076923077
229	0	0	0	0	-1	4.33333333333333
230	308	309	11	9.15	-3	5.56666666666667
231	310	311	3	0.195	-3	5.24444444444444
232	312	313	6	5.75	-3	5.2
233	314	315	11	9.95	-3	5.63888888888889
234	316	317	9	3.375	-3	6.11111111111111
235	318	319	2	0.4225	-3	6.66666666666667
236	320	321	9	3.12	-3	5.46236559139785
237	0	0	0	0	-1	5
238	322	323	9	3.06	-3	5.06666666666667
239	324	325	6	34	-3	5.4375
240	326	327	3	0.41	-3	5.95
241	0	0	0	0	-1	7
242	0	0	0	0	-1	7
243	0	0	0	0	-1	6
244	0	0	0	0	-1	6
245	328	329	2	0.6725	-3	6
246	0	0	0	0	-1	5.33333333333333
247	330	331	8	0.99615	-3	5
248	0	0	0	0	-1	6
249	0	0	0	0	-1	6
250	332	333	10	0.625	-3	6.59047619047619
251	0	0	0	0	-1	5
252	0	0	0	0	-1	8
253	334	335	3	0.59	-3	6.95238095238095
254	336	337	8	0.99767	-3	6
255	0	0	0	0	-1	6
256	338	339	8	0.99521	-3	6.75
257	340	341	9	3.225	-3	5.85
258	0	0	0	0	-1	5
259	342	343	6	35.5	-3	6
260	344	345	3	0.315	-3	5.9
261	346	347	8	0.998125	-3	6.47058823529412
262	0	0	0	0	-1	7
263	0	0	0	0	-1	7
264	0	0	0	0	-1	5
265	348	349	4	3.925	-3	5.81818181818182
266	350	351	6	14.5	-3	5.51923076923077
267	352	353	7	13.5	-3	5.91780821917808
268	0	0	0	0	-1	6
269	0	0	0	0	-1	6
270	0	0	0	0	-1	6.75
271	354	355	1	9.55	-3	6.16666666666667
272	356	357	8	0	-3	6
273	0	0	0	0	-1	6
274	0	0	0	0	-1	3
275	358	359	10	0.51	-3	5
276	360	361	1	8.2	-3	4.83333333333333
277	362	363	2	0.6975	-3	5.02777777777778
278	364	365	5	0.1005	-3	4.86666666666667
279	0	0	0	0	-1	4.25
280	366	367	5	0.0705	-3	6
281	0	0	0	0	-1	5
282	368	369	8	0	-3	5
283	0	0	0	0	-1	6
284	0	0	0	0	-1	5
285	0	0	0	0	-1	6
286	370	371	7	0	-3	5
287	0	0	0	0	-1	6
288	0	0	0	0	-1	6
289	372	373	11	9.1	-3	5.16666666666667
290	374	375	7	0	-3	5
291	376	377	5	0	-3	5
292	0	0	0	0	-1	4
293	378	379	4	2.7	-3	4.96428571428571
294	380	381	3	0.0835	-3	5
295	0	0	0	0	-1	4
296	382	383	10	0.545	-3	5.06976744186047
297	384	385	8	0.997445	-3	5.23611111111111
298	386	387	4	2.1	-3	5.63636363636364
299	0	0	0	0	-1	5
300	0	0	0	0	-1	6
301	0	0	0	0	-1	6
302	388	389	11	10	-3	5.83333333333333
303	390	391	5	0.0735	-3	6
304	0	0	0	0	-1	4.75
305	392	393	8	0.997625	-3	5
306	394	395	1	6.8	-3	5.66666666666667
307	0	0	0	0	-1	7
308	396	397	9	3.075	-3	6
309	398	399	5	0.0795	-3	5.51851851851852
310	400	401	3	0.005	-3	5.05
311	402	403	10	0.605	-3	5.4
312	0	0	0	0	-1	6
313	404	405	8	0.99822	-3	5.1304347826087
314	406	407	11	9.55	-3	5.44
315	408	409	11	10.15	-3	6.09090909090909
316	410	411	2	0.385	-3	6.04166666666667
317	0	0	0	0	-1	6.66666666666667
318	0	0	0	0	-1	6
319	0	0	0	0	-1	7
320	412	413	9	2.905	-3	5.16666666666667
321	414	415	6	10.5	-3	5.53333333333333
322	416	417	6	15	-3	5.33333333333333
323	418	419	9	3.325	-3	5.01587301587302
324	420	421	5	0.083	-3	5.25
325	0	0	0	0	-1	6
326	422	423	1	8.65	-3	6.05882352941176
327	0	0	0	0	-1	5.33333333333333
328	0	0	0	0	-1	6
329	0	0	0	0	-1	6
330	0	0	0	0	-1	5
331	424	425	9	0	-3	5
332	426	427	11	11.6	-3	6.125
333	428	429	9	3.21	-3	6.62886597938144
334	430	431	6	0	-3	7
335	0	0	0	0	-1	6.75
336	0	0	0	0	-1	6
337	0	0	0	0	-1	6
338	0	0	0	0	-1	6
339	432	433	3	0.515	-3	6.9
340	434	435	10	0.74	-3	5.5
341	436	437	4	4.4	-3	6
342	438	439	11	10.85	-3	5.95652173913043
343	0	0	0	0	-1	6.5
344	440	441	10	0.845	-3	6.375
345	442	443	11	11.15	-3	5.72727272727273
346	444	445	2	0.465	-3	6.8
347	446	447	11	0	-3	6
348	448	449	1	6.35	-3	6
349	0	0	0	0	-1	5
350	450	451	6	13	-3	5.13636363636364
351	452	453	7	45	-3	5.8
352	454	455	9	3.44	-3	5.42857142857143
353	456	457	1	6.35	-3	5.96969696969697
354	458	459	3	0.445	-3	6.14285714285714
355	0	0	0	0	-1	7
356	0	0	0	0	-1	6
357	0	0	0	0	-1	6
358	0	0	0	0	-1	5
359	0	0	0	0	-1	5
360	0	0	0	0	-1	5
361	0	0	0	0	-1	4
362	460	461	8	1.0003	-3	5
363	0	0	0	0	-1	5.33333333333333
364	462	463	10	0.495	-3	5
365	0	0	0	0	-1	4.33333333333333
366	0	0	0	0	-1	6
367	0	0	0	0	-1	6
368	0	0	0	0	-1	4
369	464	465	3	0	-3	5
370	0	0	0	0	-1	6
371	466	467	6	14	-3	5
372	0	0	0	0	-1	6
373	468	469	10	0.495	-3	5.09090909090909
374	0	0	0	0	-1	5
375	470	471	9	3.445	-3	5
376	0	0	0	0	-1	6
377	472	473	5	9.25	-3	5
378	474	475	3	0.09	-3	5.05
379	476	477	6	19	-3	4.75
380	478	479	11	9.7	-3	5
381	0	0	0	0	-1	5
382	480	481	8	0.996465	-3	4.97058823529412
383	482	483	5	0.0785	-3	5.44444444444444
384	484	485	1	9.45	-3	5.66666666666667
385	486	487	1	8.6	-3	5.09259259259259
386	0	0	0	0	-1	6
387	0	0	0	0	-1	5
388	0	0	0	0	-1	5
389	0	0	0	0	-1	6
390	0	0	0	0	-1	6
391	488	489	3	0	-3	6
392	490	491	2	0.635	-3	5
393	0	0	0	0	-1	5
394	0	0	0	0	-1	5
395	492	493	6	10	-3	5.8
396	0	0	0	0	-1	6
397	0	0	0	0	-1	6
398	494	495	3	0.2	-3	5.67391304347826
399	496	497	1	7.45	-3	5.40322580645161
400	0	0	0	0	-1	6
401	498	499	6	14	-3	5
402	0	0	0	0	-1	7
403	500	501	7	46.5	-3	5.33333333333333
404	502	503	4	2.45	-3	5.09090909090909
405	0	0	0	0	-1	6
406	504	505	8	0.99725	-3	5.64705882352941
407	506	507	10	0.61	-3	5
408	0	0	0	0	-1	7
409	508	509	2	0.445	-3	5.75
410	0	0	0	0	-1	7
411	510	511	6	5	-3	5.95454545454545
412	0	0	0	0	-1	6
413	0	0	0	0	-1	5
414	512	513	6	9.5	-3	6
415	514	515	5	0.0965	-3	5.47761194029851
416	516	517	10	1.13	-3	5
417	518	519	1	8.85	-3	5.66666666666667
418	520	521	5	0.075	-3	4.97560975609756
419	522	523	2	0.38	-3	5.09090909090909
420	524	525	7	68.5	-3	5
421	526	527	2	0.425	-3	5.5
422	528	529	5	0.062	-3	6
423	0	0	0	0	-1	6.5
424	0	0	0	0	-1	6
425	530	531	10	0.575	-3	5
426	532	533	5	0.063	-3	6.28571428571429
427	0	0	0	0	-1	5
428	534	535	2	0.375	-3	6.81395348837209
429	536	537	7	35.5	-3	6.48148148148148
430	0	0	0	0	-1	5
431	0	0	0	0	-1	7
432	0	0	0	0	-1	6.5
433	538	539	9	0.625	-3	7
434	0	0	0	0	-1	5
435	0	0	0	0	-1	6
436	540	541	2	0.445	-3	6.07692307692308
437	0	0	0	0	-1	5
438	542	543	3	0.21	-3	5.83333333333333
439	0	0	0	0	-1	6
440	544	545	3	0.255	-3	6.16666666666667
441	0	0	0	0	-1	7
442	546	547	6	31.5	-3	5.57142857142857
443	548	549	2	0.465	-3	6
444	550	551	11	13	-3	6.66666666666667
445	0	0	0	0	-1	7
446	0	0	0	0	-1	7
447	552	553	1	12.2	-3	6
448	554	555	8	0.9952	-3	6
449	0	0	0	0	-1	6
450	556	557	4	2.3	-3	5.25
451	0	0	0	0	-1	4
452	558	559	6	17	-3	6.10526315789474
453	560	561	7	67.5	-3	5.27272727272727
454	0	0	0	0	-1	6
455	0	0	0	0	-1	4.66666666666667
456	562	563	11	12.65	-3	5.81481481481481
457	564	565	2	0.8	-3	6.07692307692308
458	566	567	7	15.5	-3	6.06451612903226
459	0	0	0	0	-1	6.75
460	568	569	8	1.0001	-3	5
461	0	0	0	0	-1	5
462	0	0	0	0	-1	5
463	0	0	0	0	-1	5
464	0	0	0	0	-1	5
465	0	0	0	0	-1	5
466	0	0	0	0	-1	5
467	0	0	0	0	-1	5
468	0	0	0	0	-1	5.33333333333333
469	570	571	9	3.295	-3	5
470	0	0	0	0	-1	5
471	0	0	0	0	-1	5
472	0	0	0	0	-1	5
473	0	0	0	0	-1	5
474	0	0	0	0	-1	5.25
475	572	573	6	35	-3	5
476	0	0	0	0	-1	4
477	574	575	10	0.465	-3	5
478	576	577	11	0	-3	5
479	0	0	0	0	-1	5
480	578	579	1	7.25	-3	5
481	0	0	0	0	-1	4
482	0	0	0	0	-1	5
483	0	0	0	0	-1	6
484	580	581	7	109	-3	5.75
485	0	0	0	0	-1	5
486	582	583	1	8.35	-3	4.96153846153846
487	584	585	3	0.25	-3	5.21428571428571
488	0	0	0	0	-1	7
489	0	0	0	0	-1	6
490	0	0	0	0	-1	5
491	0	0	0	0	-1	5
492	586	587	5	0.0835	-3	6
493	0	0	0	0	-1	5
494	588	589	11	9.85	-3	5.75
495	590	591	11	9.95	-3	5.4
496	592	593	10	0.91	-3	5.21212121212121
497	594	595	6	5.5	-3	5.62068965517241
498	596	597	1	7.45	-3	5
499	598	599	3	0	-3	5
500	600	601	6	5	-3	5.08333333333333
501	602	603	4	1.85	-3	5.58333333333333
502	0	0	0	0	-1	5.4
503	604	605	10	0.585	-3	5
504	0	0	0	0	-1	5
505	606	607	3	0.525	-3	5.73333333333333
506	0	0	0	0	-1	5
507	608	609	6	0	-3	5
508	0	0	0	0	-1	5
509	610	611	8	0.41	-3	6
510	0	0	0	0	-1	5
511	612	613	8	1	-3	6
512	614	615	6	8.5	-3	6
513	0	0	0	0	-1	6
514	616	617	5	0.0775	-3	5.6078431372549
515	618	619	2	0.55	-3	5.0625
516	0	0	0	0	-1	5
517	0	0	0	0	-1	5
518	0	0	0	0	-1	5
519	0	0	0	0	-1	6
520	0	0	0	0	-1	4
521	620	621	5	0.1635	-3	5
522	0	0	0	0	-1	6
523	622	623	7	86.5	-3	5.04761904761905
524	0	0	0	0	-1	5
525	0	0	0	0	-1	5
526	0	0	0	0	-1	5
527	0	0	0	0	-1	5.75
528	0	0	0	0	-1	6
529	624	625	10	0.545	-3	6
530	0	0	0	0	-1	5
531	0	0	0	0	-1	5
532	0	0	0	0	-1	7
533	0	0	0	0	-1	6
534	626	627	10	0.655	-3	6.91428571428572
535	628	629	7	28.5	-3	6.375
536	630	631	11	10.95	-3	6.57142857142857
537	632	633	8	0.99855	-3	6.16666666666667
538	0	0	0	0	-1	5
539	634	635	1	11.05	-3	7
540	0	0	0	0	-1	6.5
541	636	637	6	4.5	-3	6
542	0	0	0	0	-1	6
543	0	0	0	0	-1	5
544	0	0	0	0	-1	6
545	0	0	0	0	-1	7
546	638	639	6	16.5	-3	5.45454545454545
547	0	0	0	0	-1	6
548	0	0	0	0	-1	6
549	0	0	0	0	-1	6
550	0	0	0	0	-1	6.8
551	0	0	0	0	-1	6
552	0	0	0	0	-1	6
553	0	0	0	0	-1	6
554	0	0	0	0	-1	6
555	0	0	0	0	-1	6
556	640	641	4	2.15	-3	4.75
557	642	643	5	0.09	-3	5.58333333333333
558	0	0	0	0	-1	6.6
559	644	645	1	7.45	-3	5.92857142857143
560	0	0	0	0	-1	5.6
561	646	647	7	70	-3	5
562	648	649	7	78	-3	6
563	650	651	7	102.5	-3	5.16666666666667
564	652	653	7	15	-3	6.02702702702703
565	0	0	0	0	-1	7
566	0	0	0	0	-1	6.5
567	654	655	1	6.65	-3	6.03448275862069
568	656	657	9	3.285	-3	5
569	0	0	0	0	-1	5
570	0	0	0	0	-1	5
571	0	0	0	0	-1	5
572	658	659	8	0.99671	-3	5
573	0	0	0	0	-1	5
574	0	0	0	0	-1	5
575	0	0	0	0	-1	5
576	0	0	0	0	-1	6
577	660	661	7	34.5	-3	5
578	662	663	5	0.099	-3	5
579	0	0	0	0	-1	5
580	664	665	11	9.95	-3	5.8
581	0	0	0	0	-1	5
582	666	667	5	0.0765	-3	5
583	0	0	0	0	-1	4
584	668	669	11	9.85	-3	5.45454545454545
585	670	671	2	1	-3	5.05882352941176
586	672	673	11	9.8	-3	6
587	0	0	0	0	-1	6
588	674	675	5	0.0735	-3	5.63636363636364
589	676	677	10	0.615	-3	5.92857142857143
590	0	0	0	0	-1	5
591	678	679	7	19.5	-3	5.66666666666667
592	680	681	10	0.625	-3	5.16129032258065
593	0	0	0	0	-1	6
594	682	683	5	0.126	-3	5
595	684	685	2	0.375	-3	5.78260869565217
596	0	0	0	0	-1	5
597	686	687	7	44.5	-3	5
598	0	0	0	0	-1	5
599	688	689	3	0.16	-3	5
600	0	0	0	0	-1	6
601	690	691	4	2.1	-3	5
602	0	0	0	0	-1	5
603	692	693	9	3.415	-3	5.875
604	0	0	0	0	-1	5
605	694	695	4	2.95	-3	5
606	696	697	6	16.5	-3	5.91666666666667
607	0	0	0	0	-1	5
608	0	0	0	0	-1	5
609	698	699	8	0.9993	-3	5
610	0	0	0	0	-1	5
611	0	0	0	0	-1	6
612	700	701	7	53.5	-3	6
613	0	0	0	0	-1	6
614	0	0	0	0	-1	6
615	0	0	0	0	-1	6
616	702	703	11	9.65	-3	5.4
617	704	705	10	0.705	-3	5.74193548387097
618	0	0	0	0	-1	6
619	706	707	11	9.5	-3	5
620	708	709	7	108	-3	5
621	710	711	1	0	-3	5
622	712	713	1	8.3	-3	5.14285714285714
623	0	0	0	0	-1	5
624	0	0	0	0	-1	6
625	714	715	7	0	-3	6
626	0	0	0	0	-1	7.5
627	716	717	1	8.95	-3	6.83870967741935
628	0	0	0	0	-1	6
629	0	0	0	0	-1	7
630	718	719	5	0.064	-3	5.90909090909091
631	720	721	1	10.65	-3	6.80645161290323
632	722	723	10	0.8	-3	5.875
633	0	0	0	0	-1	6.75
634	0	0	0	0	-1	7
635	0	0	0	0	-1	7
636	0	0	0	0	-1	6
637	724	725	11	12.15	-3	6
638	726	727	8	0.99804	-3	5.71428571428571
639	0	0	0	0	-1	5
640	0	0	0	0	-1	5
641	0	0	0	0	-1	4
642	728	729	10	0.58	-3	5.77777777777778
643	0	0	0	0	-1	5
644	730	731	2	0.6475	-3	6
645	0	0	0	0	-1	5
646	0	0	0	0	-1	5
647	0	0	0	0	-1	5
648	732	733	11	11.45	-3	5.95
649	0	0	0	0	-1	7
650	0	0	0	0	-1	5
651	0	0	0	0	-1	6
652	0	0	0	0	-1	7
653	734	735	1	8.6	-3	6
654	0	0	0	0	-1	6.25
655	736	737	2	0	-3	6
656	738	739	6	9.5	-3	5
657	0	0	0	0	-1	5
658	740	741	1	0	-3	5
659	0	0	0	0	-1	5
660	742	743	7	0	-3	5
661	0	0	0	0	-1	5
662	744	745	6	0	-3	5
663	0	0	0	0	-1	5
664	746	747	11	9.53333333333333	-3	5.85714285714286
665	0	0	0	0	-1	5
666	748	749	11	0	-3	5
667	0	0	0	0	-1	5
668	750	751	7	53.5	-3	5.28571428571429
669	0	0	0	0	-1	5.75
670	0	0	0	0	-1	5
671	0	0	0	0	-1	5.25
672	0	0	0	0	-1	6
673	0	0	0	0	-1	6
674	752	753	1	6.5	-3	5.8125
675	754	755	5	0.0785	-3	5.16666666666667
676	0	0	0	0	-1	5.66666666666667
677	756	757	6	0.105	-3	6
678	0	0	0	0	-1	6
679	0	0	0	0	-1	5
680	758	759	9	3.485	-3	5.45454545454545
681	760	761	3	0.005	-3	5
682	0	0	0	0	-1	5
683	0	0	0	0	-1	5
684	0	0	0	0	-1	5
685	762	763	6	13.5	-3	5.94736842105263
686	0	0	0	0	-1	5
687	764	765	8	0	-3	5
688	0	0	0	0	-1	5
689	0	0	0	0	-1	5
690	0	0	0	0	-1	5
691	0	0	0	0	-1	5
692	0	0	0	0	-1	6
693	0	0	0	0	-1	5.66666666666667
694	766	767	4	0	-3	5
695	768	769	8	0.996735	-3	5
696	770	771	2	0.62	-3	6
697	0	0	0	0	-1	5
698	0	0	0	0	-1	5
699	0	0	0	0	-1	5
700	772	773	9	3.225	-3	6
701	774	775	9	3.245	-3	6
702	776	777	6	14	-3	5.61538461538461
703	0	0	0	0	-1	5
704	778	779	11	9.45	-3	5.88461538461539
705	0	0	0	0	-1	5
706	780	781	8	0	-3	5
707	782	783	1	0	-3	5
708	784	785	10	0.605	-3	5
709	786	787	1	8.15	-3	5
710	0	0	0	0	-1	6
711	0	0	0	0	-1	5
712	0	0	0	0	-1	5
713	0	0	0	0	-1	5.33333333333333
714	0	0	0	0	-1	5
715	788	789	11	11.9	-3	6
716	0	0	0	0	-1	6
717	790	791	1	10.2	-3	6.89655172413793
718	0	0	0	0	-1	5.66666666666667
719	792	793	6	12	-3	6
720	794	795	3	0.375	-3	6.86206896551724
721	0	0	0	0	-1	6
722	0	0	0	0	-1	5.5
723	796	797	1	8.7	-3	6
724	798	799	5	0.08	-3	6
725	0	0	0	0	-1	6
726	0	0	0	0	-1	5
727	800	801	9	3.1	-3	5.83333333333333
728	0	0	0	0	-1	5
729	802	803	3	0	-3	6
730	0	0	0	0	-1	6
731	0	0	0	0	-1	6
732	0	0	0	0	-1	5
733	804	805	8	0.11	-3	6
734	806	807	4	2.35	-3	6.02857142857143
735	0	0	0	0	-1	5
736	0	0	0	0	-1	5
737	808	809	8	0.994895	-3	6
738	810	811	1	0	-3	5
739	812	813	8	0	-3	5
740	0	0	0	0	-1	6
741	814	815	7	0	-3	5
742	0	0	0	0	-1	5
743	816	817	11	9.55	-3	5
744	0	0	0	0	-1	7
745	0	0	0	0	-1	5
746	0	0	0	0	-1	5.6
747	818	819	9	7.25	-3	6
748	0	0	0	0	-1	5
749	0	0	0	0	-1	5
750	0	0	0	0	-1	5.66666666666667
751	0	0	0	0	-1	5
752	0	0	0	0	-1	5
753	820	821	2	0.665	-3	5.86666666666667
754	0	0	0	0	-1	5
755	0	0	0	0	-1	6
756	0	0	0	0	-1	6
757	822	823	7	36.5	-3	6
758	824	825	4	1.85	-3	5.3
759	0	0	0	0	-1	7
760	826	827	8	0.997285	-3	5
761	828	829	1	7	-3	5
762	830	831	2	0.555	-3	6
763	0	0	0	0	-1	5
764	0	0	0	0	-1	6
765	832	833	7	0	-3	5
766	0	0	0	0	-1	6
767	834	835	1	7.15	-3	5
768	0	0	0	0	-1	5
769	0	0	0	0	-1	5
770	836	837	9	0	-3	6
771	0	0	0	0	-1	6
772	838	839	3	0.275	-3	6
773	0	0	0	0	-1	6
774	0	0	0	0	-1	6
775	0	0	0	0	-1	6
776	0	0	0	0	-1	5
777	840	841	1	7.95	-3	5.72727272727273
778	0	0	0	0	-1	4
779	842	843	4	3.15	-3	5.96
780	0	0	0	0	-1	5
781	844	845	7	82.5	-3	5
782	0	0	0	0	-1	6
783	846	847	11	0	-3	5
784	0	0	0	0	-1	5
785	848	849	3	0	-3	5
786	0	0	0	0	-1	5
787	850	851	3	9.45	-3	5
788	0	0	0	0	-1	6
789	0	0	0	0	-1	6
790	852	853	6	23.5	-3	6.7
791	854	855	11	11.7	-3	7
792	856	857	1	9.3	-3	6
793	0	0	0	0	-1	6
794	858	859	5	0.0585	-3	7.09090909090909
795	860	861	10	0.695	-3	6.72222222222222
796	0	0	0	0	-1	6
797	0	0	0	0	-1	6
798	0	0	0	0	-1	6
799	862	863	4	2.4	-3	6
800	0	0	0	0	-1	5.66666666666667
801	0	0	0	0	-1	6
802	0	0	0	0	-1	5
803	864	865	2	0.47	-3	6
804	0	0	0	0	-1	6
805	866	867	4	3.75	-3	6
806	868	869	6	27	-3	6
807	870	871	4	2.45	-3	6.11111111111111
808	0	0	0	0	-1	6
809	872	873	9	0.07	-3	6
810	0	0	0	0	-1	6
811	874	875	5	0.0845	-3	5
812	0	0	0	0	-1	4
813	0	0	0	0	-1	5
814	0	0	0	0	-1	6
815	0	0	0	0	-1	5
816	0	0	0	0	-1	5
817	0	0	0	0	-1	5
818	876	877	10	0.165	-3	6
819	0	0	0	0	-1	6
820	878	879	8	0.99555	-3	6
821	0	0	0	0	-1	5
822	880	881	2	0.9967	-3	6
823	0	0	0	0	-1	6
824	0	0	0	0	-1	5
825	0	0	0	0	-1	5.6
826	0	0	0	0	-1	5
827	0	0	0	0	-1	5
828	0	0	0	0	-1	5
829	882	883	1	0	-3	5
830	884	885	6	11	-3	6.0625
831	0	0	0	0	-1	5.5
832	0	0	0	0	-1	7
833	886	887	1	0	-3	5
834	0	0	0	0	-1	5
835	0	0	0	0	-1	5
836	0	0	0	0	-1	5
837	888	889	7	40.5	-3	6
838	890	891	1	9.45	-3	6
839	0	0	0	0	-1	6
840	892	893	10	0.615	-3	5.88888888888889
841	0	0	0	0	-1	5
842	894	895	8	0.996245	-3	6
843	0	0	0	0	-1	5
844	0	0	0	0	-1	5
845	0	0	0	0	-1	5
846	0	0	0	0	-1	6
847	0	0	0	0	-1	5
848	0	0	0	0	-1	5
849	0	0	0	0	-1	5
850	896	897	10	0.595	-3	5
851	0	0	0	0	-1	5
852	898	899	9	3.165	-3	6.875
853	0	0	0	0	-1	6
854	900	901	11	0	-3	7
855	0	0	0	0	-1	7
856	0	0	0	0	-1	6
857	0	0	0	0	-1	6
858	0	0	0	0	-1	7.33333333333333
859	902	903	8	0.99493	-3	7
860	904	905	4	2.05	-3	6.28571428571429
861	0	0	0	0	-1	7
862	0	0	0	0	-1	6
863	0	0	0	0	-1	6
864	0	0	0	0	-1	6
865	0	0	0	0	-1	6
866	906	907	9	12.45	-3	6
867	0	0	0	0	-1	6
868	908	909	3	0	-3	6
869	0	0	0	0	-1	6
870	0	0	0	0	-1	6.33333333333333
871	910	911	4	2.6	-3	6
872	0	0	0	0	-1	5
873	912	913	2	0.765	-3	6
874	914	915	1	0	-3	5
875	916	917	2	0	-3	5
876	0	0	0	0	-1	6
877	918	919	8	0.997415	-3	6
878	0	0	0	0	-1	6
879	920	921	11	9.3	-3	6
880	922	923	5	0.076	-3	6
881	0	0	0	0	-1	6
882	0	0	0	0	-1	7
883	924	925	11	0	-3	5
884	926	927	11	9.35	-3	6
885	0	0	0	0	-1	7
886	0	0	0	0	-1	7
887	928	929	7	0	-3	5
888	0	0	0	0	-1	6
889	0	0	0	0	-1	6
890	0	0	0	0	-1	6
891	0	0	0	0	-1	6
892	0	0	0	0	-1	6
893	0	0	0	0	-1	5.75
894	0	0	0	0	-1	6
895	0	0	0	0	-1	6
896	0	0	0	0	-1	5
897	0	0	0	0	-1	5
898	0	0	0	0	-1	6
899	930	931	5	0.067	-3	7
900	0	0	0	0	-1	5
901	932	933	5	0	-3	7
902	0	0	0	0	-1	7
903	934	935	11	11.75	-3	7
904	0	0	0	0	-1	6
905	0	0	0	0	-1	6.4
906	936	937	11	12.05	-3	6
907	0	0	0	0	-1	6
908	0	0	0	0	-1	5
909	0	0	0	0	-1	6
910	0	0	0	0	-1	6
911	0	0	0	0	-1	6
912	938	939	5	0.056	-3	6
913	0	0	0	0	-1	6
914	0	0	0	0	-1	6
915	0	0	0	0	-1	5
916	0	0	0	0	-1	5
917	940	941	10	0.51	-3	5
918	0	0	0	0	-1	6
919	0	0	0	0	-1	6
920	0	0	0	0	-1	6
921	942	943	1	0	-3	6
922	0	0	0	0	-1	6
923	0	0	0	0	-1	6
924	0	0	0	0	-1	6
925	0	0	0	0	-1	5
926	0	0	0	0	-1	6
927	944	945	5	8.05	-3	6
928	0	0	0	0	-1	6
929	0	0	0	0	-1	5
930	0	0	0	0	-1	7
931	0	0	0	0	-1	7
932	0	0	0	0	-1	7
933	946	947	11	0	-3	7
934	0	0	0	0	-1	7
935	0	0	0	0	-1	7
936	0	0	0	0	-1	6
937	948	949	1	5.1	-3	6
938	0	0	0	0	-1	6
939	950	951	5	0.074	-3	6
940	0	0	0	0	-1	5
941	0	0	0	0	-1	5
942	0	0	0	0	-1	5
943	0	0	0	0	-1	6
944	952	953	9	3.21	-3	6
945	0	0	0	0	-1	6
946	0	0	0	0	-1	7
947	0	0	0	0	-1	7
948	0	0	0	0	-1	6
949	954	955	10	39.5	-3	6
950	956	957	10	0.995515	-3	6
951	958	959	6	21.5	-3	6
952	0	0	0	0	-1	6
953	0	0	0	0	-1	6
954	0	0	0	0	-1	6
955	0	0	0	0	-1	6
956	960	961	10	0.805	-3	6
957	0	0	0	0	-1	6
958	0	0	0	0	-1	6
959	0	0	0	0	-1	6
960	962	963	1	0	-3	6
961	0	0	0	0	-1	6
962	0	0	0	0	-1	5
963	0	0	0	0	-1	6
