1	2	3	10	0.645	-3	5.62038774233896
2	4	5	11	11.45	-3	5.36807817589576
3	6	7	7	50.5	-3	5.96312684365781
4	8	9	2	0.6525	-3	5.24120603015076
5	10	11	9	3.265	-3	6.176
6	12	13	3	0.275	-3	6.13419913419913
7	14	15	7	104.5	-3	5.59722222222222
8	16	17	3	0.025	-3	5.34420289855072
9	18	19	5	0.0655	-3	5.00819672131147
10	20	21	8	0.99268	-3	6.65853658536586
11	22	23	5	0.0535	-3	5.94047619047619
12	24	25	6	33	-3	5.84810126582279
13	26	27	5	0.0755	-3	6.2828947368421
14	28	29	11	10.65	-3	5.72881355932203
15	30	31	3	0.46	-3	5
16	32	33	8	0.99454	-3	5.77777777777778
17	34	35	7	35.5	-3	5.29718875502008
18	36	37	10	0.605	-3	5.5
19	38	39	2	1.1825	-3	4.93925233644859
20	40	41	7	104.5	-3	6.33333333333333
21	42	43	10	0.625	-3	6.75
22	44	45	8	0.993	-3	5.4375
23	46	47	10	0.525	-3	6.05882352941177
24	48	49	11	10.05	-3	5.80132450331126
25	50	51	3	0.105	-3	6.85714285714286
26	52	53	8	0.9961	-3	6.52112676056338
27	54	55	9	3.275	-3	6.07407407407408
28	56	57	5	0.0625	-3	5.37142857142857
29	58	59	11	11.45	-3	6.25
30	60	61	6	12.5	-3	5
31	62	63	11	3.29	-3	5
32	64	65	6	9.5	-3	4.875
33	66	67	1	6.75	-3	5.93478260869565
34	68	69	6	10.5	-3	5.4971098265896
35	70	71	2	0.435	-3	5.19076923076923
36	72	73	2	1.045	-3	5.55172413793103
37	0	0	0	0	-1	4
38	74	75	9	3.545	-3	4.97607655502392
39	0	0	0	0	-1	3.4
40	0	0	0	0	-1	7
41	0	0	0	0	-1	6
42	76	77	5	0.1095	-3	6.64285714285714
43	0	0	0	0	-1	7.5
44	0	0	0	0	-1	6
45	78	79	9	3.33	-3	5.18181818181818
46	80	81	1	6.95	-3	5.45454545454545
47	82	83	2	0.795	-3	6.17543859649123
48	84	85	2	0.555	-3	5.4625
49	86	87	5	0.0545	-3	6.1830985915493
50	0	0	0	0	-1	8
51	0	0	0	0	-1	6
52	88	89	11	10.3	-3	6.86842105263158
53	90	91	7	31.5	-3	6.12121212121212
54	92	93	11	9.75	-3	6.19166666666667
55	94	95	11	12.75	-3	5.73809523809524
56	96	97	5	0.0615	-3	6.5
57	98	99	10	1.795	-3	5.3030303030303
58	100	101	2	0.2	-3	5.91428571428571
59	102	103	2	0.42	-3	6.56756756756757
60	0	0	0	0	-1	5
61	104	105	5	0.1085	-3	5
62	0	0	0	0	-1	6
63	106	107	6	21.5	-3	5
64	0	0	0	0	-1	4
65	0	0	0	0	-1	5
66	0	0	0	0	-1	5.2
67	108	109	6	4	-3	6.02439024390244
68	110	111	11	9.075	-3	5.34146341463415
69	112	113	11	10.1	-3	5.88
70	114	115	9	3.445	-3	5.35869565217391
71	116	117	10	0.625	-3	5.1244635193133
72	118	119	3	0.145	-3	5.66666666666667
73	0	0	0	0	-1	4
74	120	121	6	3.5	-3	5.02463054187192
75	122	123	1	6.6	-3	3.33333333333333
76	124	125	5	0.0805	-3	6.72
77	0	0	0	0	-1	6
78	0	0	0	0	-1	4
79	126	127	1	6.4	-3	5.3
80	128	129	10	0.465	-3	5.16666666666667
81	0	0	0	0	-1	5.8
82	130	131	1	5.7	-3	6.09615384615385
83	0	0	0	0	-1	7
84	132	133	7	48.5	-3	5.77777777777778
85	134	135	8	0.99716	-3	5.30188679245283
86	136	137	8	0.9939	-3	6.71428571428571
87	138	139	9	3.705	-3	6.125
88	0	0	0	0	-1	8
89	140	141	7	8.5	-3	6.7887323943662
90	142	143	2	0.385	-3	6.03448275862069
91	144	145	8	0.99666	-3	6.75
92	146	147	11	9.55	-3	5.75
93	148	149	3	0.65	-3	6.32608695652174
94	150	151	8	0.9988	-3	5.68292682926829
95	0	0	0	0	-1	8
96	0	0	0	0	-1	6
97	0	0	0	0	-1	7
98	152	153	4	1.65	-3	5.3298969072165
99	0	0	0	0	-1	4
100	0	0	0	0	-1	5
101	154	155	1	11.65	-3	5.96969696969697
102	156	157	9	3.155	-3	6
103	158	159	6	43	-3	6.80769230769231
104	0	0	0	0	-1	5
105	0	0	0	0	-1	5
106	0	0	0	0	-1	5
107	0	0	0	0	-1	5
108	0	0	0	0	-1	5
109	160	161	8	0.99479	-3	6.07692307692308
110	0	0	0	0	-1	4
111	162	163	5	0.1055	-3	5.36363636363636
112	164	165	2	0.425	-3	5.45
113	166	167	2	0.255	-3	6.16666666666667
114	168	169	4	6.7	-3	5.30379746835443
115	170	171	8	0.99702	-3	5.69230769230769
116	172	173	1	10.25	-3	5.09132420091324
117	174	175	8	0.9993	-3	5.64285714285714
118	176	177	1	6.5	-3	6
119	178	179	11	9.55	-3	5.18181818181818
120	0	0	0	0	-1	4
121	180	181	8	0.99567	-3	5.05050505050505
122	0	0	0	0	-1	4
123	0	0	0	0	-1	3
124	182	183	5	0.075	-3	6.5625
125	184	185	2	0.295	-3	7
126	0	0	0	0	-1	5
127	0	0	0	0	-1	6
128	0	0	0	0	-1	6
129	0	0	0	0	-1	5
130	186	187	11	12.85	-3	6.5
131	188	189	3	0.005	-3	6
132	190	191	1	6.45	-3	5.90476190476191
133	192	193	7	49.5	-3	5.33333333333333
134	194	195	6	25	-3	5.08333333333333
135	196	197	5	0.07	-3	5.48275862068965
136	0	0	0	0	-1	7
137	0	0	0	0	-1	6
138	198	199	4	2.35	-3	6.0952380952381
139	0	0	0	0	-1	8
140	0	0	0	0	-1	6
141	200	201	9	3.125	-3	6.82352941176471
142	202	203	8	1.0017	-3	6.19444444444444
143	204	205	11	10.35	-3	5.77272727272727
144	0	0	0	0	-1	6
145	206	207	11	10.25	-3	6.85714285714286
146	208	209	3	0.415	-3	5.89473684210526
147	210	211	2	0.295	-3	5.44444444444444
148	212	213	8	1.002275	-3	6.23684210526316
149	214	215	1	11.35	-3	6.75
150	216	217	5	0.089	-3	5.51724137931035
151	218	219	1	9.35	-3	6.08333333333333
152	220	221	9	3.265	-3	4.5
153	222	223	8	0.99666	-3	5.38461538461539
154	224	225	3	0.485	-3	5.9375
155	0	0	0	0	-1	7
156	0	0	0	0	-1	5
157	226	227	7	84	-3	6.1
158	228	229	10	0.75	-3	6.91304347826087
159	0	0	0	0	-1	6
160	0	0	0	0	-1	7
161	230	231	10	0.585	-3	6
162	232	233	11	9.75	-3	5.3125
163	234	235	2	0.405	-3	6
164	236	237	1	0.14	-3	5
165	238	239	1	6.8	-3	5.75
166	0	0	0	0	-1	7
167	240	241	4	2.9	-3	6
168	242	243	9	3.425	-3	5.27631578947368
169	0	0	0	0	-1	6
170	0	0	0	0	-1	5.2
171	244	245	7	57	-3	6
172	246	247	4	2.05	-3	5.11374407582938
173	248	249	11	9.8	-3	4.5
174	250	251	6	16	-3	5.44444444444444
175	0	0	0	0	-1	6
176	0	0	0	0	-1	6
177	252	253	4	2.2	-3	6
178	0	0	0	0	-1	6
179	254	255	9	0	-3	5
180	256	257	7	57.5	-3	4.80952380952381
181	258	259	7	12.5	-3	5.07909604519774
182	260	261	2	0.285	-3	6.64285714285714
183	0	0	0	0	-1	6
184	0	0	0	0	-1	7
185	0	0	0	0	-1	7
186	262	263	3	0.065	-3	6.85714285714286
187	0	0	0	0	-1	5.66666666666667
188	264	265	6	5	-3	5.66666666666667
189	266	267	1	6.85	-3	6.05555555555556
190	0	0	0	0	-1	6.5
191	268	269	8	0.997465	-3	5.84210526315789
192	0	0	0	0	-1	5
193	0	0	0	0	-1	6
194	270	271	5	0.0675	-3	5.04347826086957
195	0	0	0	0	-1	6
196	272	273	7	21.5	-3	5.8
197	274	275	3	0.005	-3	5.31578947368421
198	276	277	5	0.1305	-3	5.9375
199	278	279	8	0.99682	-3	6.6
200	280	281	5	0.064	-3	6.25
201	282	283	1	7.8	-3	6.9
202	284	285	4	2.05	-3	6.3030303030303
203	0	0	0	0	-1	5
204	286	287	3	0.635	-3	5.125
205	288	289	6	9	-3	6.14285714285714
206	0	0	0	0	-1	6
207	290	291	4	3.75	-3	7
208	0	0	0	0	-1	5
209	292	293	3	0.57	-3	5.94444444444444
210	0	0	0	0	-1	6
211	294	295	4	2.15	-3	5.16666666666667
212	296	297	11	9.95	-3	6.27027027027027
213	0	0	0	0	-1	5
214	0	0	0	0	-1	8
215	298	299	6	10.5	-3	6.66666666666667
216	300	301	7	41	-3	6
217	302	303	10	0.73	-3	5.33333333333333
218	0	0	0	0	-1	7
219	304	305	8	1.00085	-3	6
220	0	0	0	0	-1	5
221	0	0	0	0	-1	4
222	306	307	11	10	-3	5.0625
223	308	309	9	3.325	-3	5.45333333333333
224	310	311	9	3.635	-3	6
225	0	0	0	0	-1	5
226	312	313	2	0.205	-3	6
227	0	0	0	0	-1	7
228	314	315	2	0.675	-3	6.5
229	316	317	2	0.8425	-3	7.13333333333333
230	318	319	9	3.33	-3	6.1304347826087
231	320	321	7	46	-3	5.76923076923077
232	322	323	10	0.585	-3	5.21818181818182
233	324	325	6	7.5	-3	5.40350877192982
234	0	0	0	0	-1	6
235	326	327	2	0.48	-3	6
236	0	0	0	0	-1	6
237	328	329	6	0	-3	5
238	0	0	0	0	-1	5
239	330	331	11	9.9	-3	5.81818181818182
240	332	333	9	3.53	-3	5.91304347826087
241	0	0	0	0	-1	7
242	334	335	7	50.5	-3	5.32394366197183
243	0	0	0	0	-1	4.6
244	0	0	0	0	-1	6
245	0	0	0	0	-1	6
246	336	337	3	0.345	-3	5.03658536585366
247	338	339	9	3.225	-3	5.16279069767442
248	0	0	0	0	-1	3.8
249	0	0	0	0	-1	5.66666666666667
250	0	0	0	0	-1	5
251	340	341	1	9.25	-3	5.66666666666667
252	0	0	0	0	-1	6
253	0	0	0	0	-1	6
254	0	0	0	0	-1	5
255	342	343	9	3.16	-3	5
256	344	345	9	3.395	-3	4.88888888888889
257	0	0	0	0	-1	4.33333333333333
258	346	347	9	3.445	-3	4.58333333333333
259	348	349	4	1.85	-3	5.11515151515152
260	0	0	0	0	-1	6
261	350	351	1	9.4	-3	6.75
262	0	0	0	0	-1	7
263	0	0	0	0	-1	6.66666666666667
264	0	0	0	0	-1	4
265	0	0	0	0	-1	6
266	352	353	8	0.994285	-3	6.2
267	354	355	11	11.55	-3	6
268	356	357	5	0.0755	-3	5.57142857142857
269	358	359	5	0.0705	-3	6
270	0	0	0	0	-1	5.33333333333333
271	360	361	6	8	-3	5
272	0	0	0	0	-1	5
273	0	0	0	0	-1	6
274	0	0	0	0	-1	6
275	362	363	9	3.455	-3	5.1875
276	364	365	11	10.25	-3	5.89130434782609
277	0	0	0	0	-1	7
278	366	367	4	3.15	-3	6
279	368	369	7	41	-3	7
280	0	0	0	0	-1	7
281	370	371	4	2.25	-3	6
282	372	373	10	0.71	-3	7.14285714285714
283	374	375	7	29	-3	6.82608695652174
284	376	377	8	0.9975	-3	6.125
285	378	379	1	12.4	-3	6.47058823529412
286	380	381	5	0	-3	5
287	0	0	0	0	-1	6
288	382	383	6	6	-3	5.9
289	0	0	0	0	-1	6.75
290	0	0	0	0	-1	7
291	0	0	0	0	-1	7
292	384	385	7	25.5	-3	6
293	0	0	0	0	-1	5.75
294	0	0	0	0	-1	6
295	0	0	0	0	-1	5
296	386	387	2	0.36	-3	6.83333333333333
297	388	389	2	0.385	-3	6.22058823529412
298	390	391	1	11.45	-3	6.9
299	0	0	0	0	-1	6.2
300	392	393	9	3.36	-3	6.14285714285714
301	0	0	0	0	-1	5
302	394	395	9	3.29	-3	5
303	396	397	6	5.5	-3	5.63636363636364
304	0	0	0	0	-1	6
305	0	0	0	0	-1	6
306	398	399	10	0.995	-3	5
307	0	0	0	0	-1	5.33333333333333
308	400	401	10	1.335	-3	5.31578947368421
309	402	403	4	2.4	-3	5.59459459459459
310	404	405	10	0.86	-3	6.03448275862069
311	0	0	0	0	-1	5
312	0	0	0	0	-1	6
313	406	407	1	5.1	-3	6
314	0	0	0	0	-1	6.8
315	0	0	0	0	-1	6
316	408	409	3	0.055	-3	7.07142857142857
317	0	0	0	0	-1	8
318	0	0	0	0	-1	7
319	410	411	5	0.0595	-3	6.04761904761905
320	412	413	6	16	-3	5.9
321	0	0	0	0	-1	5.33333333333333
322	414	415	9	3.365	-3	5.07407407407407
323	416	417	7	26	-3	5.35714285714286
324	418	419	1	6.8	-3	5.31818181818182
325	420	421	5	0.0665	-3	5.69230769230769
326	0	0	0	0	-1	6
327	0	0	0	0	-1	6
328	0	0	0	0	-1	7
329	422	423	6	15	-3	5
330	424	425	11	9.65	-3	6
331	0	0	0	0	-1	5.33333333333333
332	426	427	8	0.9964	-3	6.05
333	0	0	0	0	-1	5
334	428	429	1	7.2	-3	5.17241379310345
335	430	431	9	3.215	-3	5.42857142857143
336	432	433	8	0.99286	-3	5.09090909090909
337	0	0	0	0	-1	4.2
338	434	435	1	7.85	-3	5.33333333333333
339	436	437	11	10.15	-3	5.08045977011494
340	0	0	0	0	-1	6
341	0	0	0	0	-1	5
342	0	0	0	0	-1	5
343	438	439	1	0	-3	5
344	440	441	6	10.5	-3	5
345	0	0	0	0	-1	4
346	442	443	1	7.35	-3	4.72727272727273
347	0	0	0	0	-1	3
348	444	445	9	3.385	-3	5.38888888888889
349	446	447	11	10.9	-3	5.08163265306122
350	448	449	11	12.25	-3	6.5
351	450	451	6	4.5	-3	7
352	0	0	0	0	-1	6.5
353	452	453	6	15	-3	6
354	0	0	0	0	-1	6
355	0	0	0	0	-1	6
356	0	0	0	0	-1	6
357	0	0	0	0	-1	5
358	0	0	0	0	-1	6
359	454	455	4	2.05	-3	6
360	0	0	0	0	-1	5
361	456	457	2	0.7375	-3	5
362	458	459	2	0.61	-3	5.375
363	460	461	8	0.99935	-3	5
364	0	0	0	0	-1	5
365	462	463	5	0.0565	-3	5.93181818181818
366	0	0	0	0	-1	6.4
367	0	0	0	0	-1	4
368	0	0	0	0	-1	7
369	0	0	0	0	-1	7
370	0	0	0	0	-1	6
371	0	0	0	0	-1	6
372	0	0	0	0	-1	8
373	464	465	2	0.265	-3	7
374	466	467	3	0.56	-3	6.91891891891892
375	468	469	1	9.1	-3	6.44444444444444
376	0	0	0	0	-1	6
377	470	471	11	9.15	-3	6.22222222222222
378	472	473	10	0.745	-3	6.33333333333333
379	0	0	0	0	-1	7.5
380	0	0	0	0	-1	6
381	474	475	10	0.805	-3	5
382	0	0	0	0	-1	5.5
383	476	477	11	10.55	-3	6
384	478	479	10	0.68	-3	6
385	0	0	0	0	-1	6
386	0	0	0	0	-1	6.5
387	0	0	0	0	-1	7
388	480	481	10	0.655	-3	6.41666666666667
389	482	483	5	0.105	-3	6.11363636363636
390	0	0	0	0	-1	6
391	484	485	2	0.5775	-3	7
392	0	0	0	0	-1	7
393	486	487	2	0.32	-3	6
394	0	0	0	0	-1	5
395	488	489	10	0	-3	5
396	490	491	6	3.5	-3	5.33333333333333
397	0	0	0	0	-1	6
398	492	493	9	3.315	-3	5
399	0	0	0	0	-1	5
400	494	495	5	0.0745	-3	5.23529411764706
401	0	0	0	0	-1	6
402	496	497	9	3.415	-3	5.26666666666667
403	498	499	4	4.85	-3	5.81818181818182
404	500	501	9	3.105	-3	6
405	0	0	0	0	-1	6.33333333333333
406	0	0	0	0	-1	6
407	0	0	0	0	-1	6
408	0	0	0	0	-1	7.33333333333333
409	0	0	0	0	-1	7
410	0	0	0	0	-1	5
411	502	503	7	24.5	-3	6.1
412	504	505	11	10.6	-3	6
413	0	0	0	0	-1	5.5
414	506	507	10	0.515	-3	5
415	0	0	0	0	-1	6
416	508	509	8	0.9993	-3	5.47619047619048
417	510	511	5	0	-3	5
418	512	513	10	0.615	-3	4.85714285714286
419	514	515	7	18.5	-3	5.40540540540541
420	0	0	0	0	-1	5
421	516	517	4	1.85	-3	5.75
422	0	0	0	0	-1	5
423	0	0	0	0	-1	5
424	518	519	2	0.5025	-3	6
425	0	0	0	0	-1	6
426	520	521	9	3.19	-3	6
427	0	0	0	0	-1	6.2
428	522	523	2	0.425	-3	5.5
429	524	525	5	0.0645	-3	5.08695652173913
430	526	527	2	0.315	-3	5.1
431	528	529	5	0.087	-3	5.53125
432	0	0	0	0	-1	6
433	530	531	10	0.615	-3	5.07894736842105
434	532	533	6	19.5	-3	5
435	534	535	2	0.54	-3	5.46666666666667
436	536	537	1	6.95	-3	5.01408450704225
437	538	539	6	13	-3	5.375
438	0	0	0	0	-1	8
439	0	0	0	0	-1	5
440	540	541	1	0	-3	5
441	542	543	3	0.96	-3	5
442	544	545	8	0	-3	5
443	0	0	0	0	-1	4.25
444	546	547	11	9.9	-3	5.58333333333333
445	548	549	3	0	-3	5
446	550	551	8	0.99597	-3	5.1056338028169
447	0	0	0	0	-1	4.4
448	0	0	0	0	-1	6
449	0	0	0	0	-1	7
450	0	0	0	0	-1	7
451	0	0	0	0	-1	7
452	0	0	0	0	-1	6
453	0	0	0	0	-1	6
454	552	553	5	0.0795	-3	6
455	0	0	0	0	-1	6
456	0	0	0	0	-1	5
457	0	0	0	0	-1	5
458	0	0	0	0	-1	5
459	0	0	0	0	-1	5.75
460	554	555	10	0	-3	5
461	0	0	0	0	-1	5
462	0	0	0	0	-1	5
463	556	557	5	0.0785	-3	5.95348837209302
464	0	0	0	0	-1	7
465	558	559	5	0	-3	7
466	560	561	1	8.05	-3	6.97142857142857
467	0	0	0	0	-1	6
468	0	0	0	0	-1	6
469	0	0	0	0	-1	6.8
470	0	0	0	0	-1	6
471	562	563	8	0.99765	-3	6.33333333333333
472	0	0	0	0	-1	6.8
473	564	565	3	0.515	-3	6.1
474	0	0	0	0	-1	5
475	0	0	0	0	-1	5
476	0	0	0	0	-1	6
477	566	567	11	0	-3	6
478	0	0	0	0	-1	6
479	568	569	8	0.99845	-3	6
480	0	0	0	0	-1	7
481	570	571	4	2.85	-3	6.36363636363636
482	572	573	4	5	-3	6.05263157894737
483	574	575	1	9	-3	6.5
484	0	0	0	0	-1	7
485	0	0	0	0	-1	7
486	0	0	0	0	-1	6
487	0	0	0	0	-1	6
488	0	0	0	0	-1	6
489	576	577	8	0.99844	-3	5
490	0	0	0	0	-1	6
491	0	0	0	0	-1	5
492	578	579	6	0	-3	5
493	0	0	0	0	-1	5
494	0	0	0	0	-1	4
495	580	581	4	14.6	-3	5.27272727272727
496	0	0	0	0	-1	6
497	582	583	7	53.5	-3	5.08333333333333
498	0	0	0	0	-1	6
499	0	0	0	0	-1	5
500	0	0	0	0	-1	6
501	584	585	1	0.1015	-3	6
502	0	0	0	0	-1	6.4
503	586	587	10	0.56	-3	6
504	0	0	0	0	-1	6
505	0	0	0	0	-1	6
506	588	589	6	0	-3	5
507	0	0	0	0	-1	5
508	590	591	2	0.26	-3	5.38888888888889
509	0	0	0	0	-1	6
510	0	0	0	0	-1	6
511	592	593	4	2.2	-3	5
512	0	0	0	0	-1	5
513	0	0	0	0	-1	4
514	594	595	3	0.485	-3	5.57142857142857
515	596	597	2	0.615	-3	4.88888888888889
516	0	0	0	0	-1	5
517	598	599	8	0.996975	-3	5.9
518	0	0	0	0	-1	6
519	0	0	0	0	-1	6
520	0	0	0	0	-1	6
521	0	0	0	0	-1	6
522	0	0	0	0	-1	5.25
523	0	0	0	0	-1	6
524	0	0	0	0	-1	5.66666666666667
525	600	601	11	10.15	-3	5
526	0	0	0	0	-1	6
527	602	603	8	0.997575	-3	5
528	604	605	8	0.99701	-3	5.46428571428571
529	0	0	0	0	-1	6
530	606	607	9	3.09	-3	5.05555555555556
531	0	0	0	0	-1	5.5
532	608	609	11	0	-3	5
533	0	0	0	0	-1	5
534	610	611	8	0.99825	-3	5
535	612	613	1	8.1	-3	5.58333333333333
536	614	615	9	3.43	-3	5.14285714285714
537	616	617	10	0.585	-3	5
538	618	619	2	0.575	-3	5.66666666666667
539	620	621	1	8.4	-3	5.2
540	0	0	0	0	-1	5
541	622	623	8	0	-3	5
542	0	0	0	0	-1	5
543	0	0	0	0	-1	5
544	0	0	0	0	-1	5
545	624	625	5	0.126	-3	5
546	626	627	5	0.0955	-3	5.28571428571429
547	0	0	0	0	-1	6
548	0	0	0	0	-1	5
549	0	0	0	0	-1	5
550	628	629	5	0.085	-3	5.36363636363636
551	630	631	4	2.375	-3	5.08396946564886
552	0	0	0	0	-1	6
553	0	0	0	0	-1	6
554	0	0	0	0	-1	6
555	632	633	8	0.64	-3	5
556	634	635	7	16.5	-3	6.03030303030303
557	636	637	9	3.385	-3	5.7
558	0	0	0	0	-1	5
559	638	639	7	35.5	-3	7
560	0	0	0	0	-1	6
561	640	641	11	11.45	-3	7.03030303030303
562	0	0	0	0	-1	7
563	0	0	0	0	-1	6
564	642	643	1	11.8	-3	6
565	0	0	0	0	-1	7
566	0	0	0	0	-1	6
567	644	645	8	0.99755	-3	6
568	0	0	0	0	-1	6
569	0	0	0	0	-1	6
570	646	647	1	9.1	-3	6.53846153846154
571	648	649	8	0.996245	-3	6.11111111111111
572	650	651	11	12	-3	6.02702702702703
573	0	0	0	0	-1	7
574	0	0	0	0	-1	6
575	0	0	0	0	-1	7
576	0	0	0	0	-1	5
577	0	0	0	0	-1	5
578	0	0	0	0	-1	6
579	652	653	5	0	-3	5
580	654	655	8	0.996785	-3	5.2
581	0	0	0	0	-1	6
582	0	0	0	0	-1	5.25
583	656	657	7	67.5	-3	5
584	0	0	0	0	-1	5
585	658	659	4	3.85	-3	6
586	660	661	4	2.35	-3	6
587	0	0	0	0	-1	6
588	0	0	0	0	-1	5
589	0	0	0	0	-1	5
590	0	0	0	0	-1	6
591	662	663	3	0.195	-3	5.26666666666667
592	0	0	0	0	-1	5
593	0	0	0	0	-1	5
594	664	665	7	8	-3	5.78947368421053
595	666	667	9	3.11	-3	5.11111111111111
596	668	669	8	0.99955	-3	5
597	0	0	0	0	-1	4
598	0	0	0	0	-1	6
599	0	0	0	0	-1	5.8
600	670	671	3	0.55	-3	5
601	672	673	4	0	-3	5
602	0	0	0	0	-1	5
603	674	675	10	0	-3	5
604	676	677	4	1.6	-3	5.84615384615385
605	678	679	10	0.505	-3	5.13333333333333
606	0	0	0	0	-1	6
607	680	681	9	3.56	-3	5.02857142857143
608	0	0	0	0	-1	6
609	682	683	5	0	-3	5
610	0	0	0	0	-1	5
611	0	0	0	0	-1	5
612	0	0	0	0	-1	6
613	684	685	9	3.205	-3	5.47368421052632
614	0	0	0	0	-1	5
615	0	0	0	0	-1	6
616	686	687	4	2.65	-3	5
617	0	0	0	0	-1	5
618	0	0	0	0	-1	5.33333333333333
619	0	0	0	0	-1	6
620	688	689	8	0.99544	-3	5.11111111111111
621	0	0	0	0	-1	6
622	0	0	0	0	-1	6
623	0	0	0	0	-1	5
624	0	0	0	0	-1	5
625	0	0	0	0	-1	5
626	0	0	0	0	-1	5
627	0	0	0	0	-1	5.66666666666667
628	0	0	0	0	-1	6
629	690	691	10	0	-3	5
630	692	693	3	0.295	-3	4.98333333333333
631	694	695	5	0.174	-3	5.16901408450704
632	0	0	0	0	-1	5
633	0	0	0	0	-1	5
634	0	0	0	0	-1	6.5
635	696	697	6	9.5	-3	6
636	698	699	3	0.225	-3	6
637	0	0	0	0	-1	5.25
638	0	0	0	0	-1	7
639	0	0	0	0	-1	7
640	0	0	0	0	-1	6.75
641	700	701	2	0.39	-3	7.06896551724138
642	702	703	11	11.45	-3	6
643	0	0	0	0	-1	6
644	0	0	0	0	-1	6
645	0	0	0	0	-1	6
646	704	705	5	0.1475	-3	6.16666666666667
647	706	707	10	0.715	-3	6.85714285714286
648	0	0	0	0	-1	6.5
649	0	0	0	0	-1	6
650	708	709	5	0.095	-3	5.97142857142857
651	0	0	0	0	-1	7
652	0	0	0	0	-1	7
653	0	0	0	0	-1	5
654	0	0	0	0	-1	6
655	710	711	4	2.75	-3	5.14285714285714
656	712	713	10	0	-3	5
657	0	0	0	0	-1	5
658	0	0	0	0	-1	6
659	0	0	0	0	-1	6
660	714	715	9	0.535	-3	6
661	0	0	0	0	-1	6
662	716	717	10	0.605	-3	5.57142857142857
663	718	719	6	6.5	-3	5
664	0	0	0	0	-1	7
665	720	721	3	0.155	-3	5.72222222222222
666	0	0	0	0	-1	6
667	722	723	11	0	-3	5
668	0	0	0	0	-1	5
669	0	0	0	0	-1	5
670	0	0	0	0	-1	5
671	0	0	0	0	-1	5
672	0	0	0	0	-1	6
673	724	725	8	0.99647	-3	5
674	0	0	0	0	-1	5
675	726	727	1	31	-3	5
676	0	0	0	0	-1	5
677	728	729	5	0.074	-3	5.91666666666667
678	0	0	0	0	-1	6
679	730	731	6	25.5	-3	5.07142857142857
680	732	733	2	0.6275	-3	5.01449275362319
681	0	0	0	0	-1	6
682	0	0	0	0	-1	7
683	734	735	11	0	-3	5
684	736	737	2	0.585	-3	5.23076923076923
685	738	739	8	0	-3	6
686	740	741	6	19.5	-3	5
687	742	743	6	16	-3	5
688	0	0	0	0	-1	6
689	744	745	5	0.075	-3	5
690	0	0	0	0	-1	6
691	746	747	1	3.405	-3	5
692	748	749	10	0.49	-3	4.96363636363636
693	0	0	0	0	-1	5.2
694	750	751	6	15.5	-3	5.14492753623188
695	0	0	0	0	-1	6
696	0	0	0	0	-1	5.75
697	752	753	4	1.75	-3	6.03703703703704
698	0	0	0	0	-1	6
699	0	0	0	0	-1	6
700	754	755	5	0.0465	-3	7
701	0	0	0	0	-1	7.66666666666667
702	0	0	0	0	-1	6
703	0	0	0	0	-1	6
704	0	0	0	0	-1	6
705	0	0	0	0	-1	7
706	0	0	0	0	-1	6.66666666666667
707	0	0	0	0	-1	7
708	756	757	11	10.65	-3	6
709	0	0	0	0	-1	5.5
710	758	759	8	0.99738	-3	5
711	760	761	5	0.098	-3	5.36363636363636
712	0	0	0	0	-1	6
713	762	763	11	9.25	-3	5
714	0	0	0	0	-1	7
715	764	765	11	10.1	-3	6
716	0	0	0	0	-1	5
717	766	767	5	0.076	-3	5.66666666666667
718	768	769	4	0	-3	5
719	0	0	0	0	-1	5
720	0	0	0	0	-1	5
721	770	771	9	3.465	-3	5.92857142857143
722	0	0	0	0	-1	6
723	772	773	10	0	-3	5
724	0	0	0	0	-1	5
725	0	0	0	0	-1	5
726	0	0	0	0	-1	5
727	0	0	0	0	-1	5
728	774	775	6	38.5	-3	5.83333333333333
729	776	777	6	37	-3	6
730	0	0	0	0	-1	5
731	0	0	0	0	-1	5.2
732	778	779	8	0.99565	-3	5
733	0	0	0	0	-1	5.5
734	0	0	0	0	-1	6
735	780	781	3	0.1	-3	5
736	0	0	0	0	-1	6
737	782	783	2	0.595	-3	5
738	0	0	0	0	-1	6
739	0	0	0	0	-1	6
740	784	785	10	0.545	-3	5
741	786	787	11	10	-3	5
742	0	0	0	0	-1	5
743	788	789	9	3.24	-3	5
744	0	0	0	0	-1	5
745	790	791	1	0	-3	5
746	0	0	0	0	-1	5
747	0	0	0	0	-1	5
748	792	793	2	0.7475	-3	4.75
749	794	795	9	3.205	-3	5.02325581395349
750	796	797	9	3.245	-3	5.25806451612903
751	798	799	4	2.85	-3	5.05263157894737
752	0	0	0	0	-1	6.5
753	800	801	9	0	-3	6
754	0	0	0	0	-1	7
755	802	803	1	0	-3	7
756	804	805	5	0.078	-3	6
757	806	807	2	0	-3	6
758	808	809	1	9.1	-3	5
759	810	811	5	0.0875	-3	5
760	0	0	0	0	-1	6
761	812	813	1	0	-3	5
762	0	0	0	0	-1	5
763	0	0	0	0	-1	5
764	0	0	0	0	-1	6
765	0	0	0	0	-1	6
766	0	0	0	0	-1	6
767	0	0	0	0	-1	5
768	0	0	0	0	-1	6
769	0	0	0	0	-1	5
770	814	815	3	0.465	-3	6
771	0	0	0	0	-1	5
772	0	0	0	0	-1	5
773	816	817	3	12.5	-3	5
774	0	0	0	0	-1	6
775	0	0	0	0	-1	5
776	0	0	0	0	-1	6
777	0	0	0	0	-1	6
778	818	819	7	43	-3	4.94444444444444
779	820	821	8	0.99606	-3	5.02040816326531
780	0	0	0	0	-1	5
781	0	0	0	0	-1	5
782	0	0	0	0	-1	5
783	0	0	0	0	-1	5
784	822	823	1	0	-3	5
785	0	0	0	0	-1	5
786	824	825	6	24	-3	5
787	0	0	0	0	-1	5
788	0	0	0	0	-1	5
789	826	827	5	0	-3	5
790	0	0	0	0	-1	6
791	828	829	4	2.9	-3	5
792	830	831	3	0	-3	5
793	0	0	0	0	-1	4.4
794	0	0	0	0	-1	4.66666666666667
795	832	833	2	0.665	-3	5.05
796	0	0	0	0	-1	6
797	834	835	8	0.996625	-3	5.17857142857143
798	836	837	10	0.515	-3	5
799	838	839	11	10.15	-3	5.10526315789474
800	0	0	0	0	-1	6
801	840	841	9	3.39	-3	6
802	0	0	0	0	-1	7
803	0	0	0	0	-1	7
804	0	0	0	0	-1	6
805	842	843	4	1.65	-3	6
806	0	0	0	0	-1	5
807	844	845	3	0.48	-3	6
808	0	0	0	0	-1	5
809	0	0	0	0	-1	5
810	0	0	0	0	-1	5
811	0	0	0	0	-1	5
812	0	0	0	0	-1	6
813	846	847	11	9.25	-3	5
814	848	849	2	5.5	-3	6
815	0	0	0	0	-1	6
816	0	0	0	0	-1	5
817	0	0	0	0	-1	5
818	0	0	0	0	-1	4.66666666666667
819	850	851	4	1.85	-3	5
820	852	853	7	104.5	-3	5.06666666666667
821	854	855	6	29	-3	5
822	0	0	0	0	-1	5
823	856	857	10	0.495	-3	5
824	0	0	0	0	-1	5
825	858	859	6	0	-3	5
826	0	0	0	0	-1	6
827	860	861	1	7.65	-3	5
828	0	0	0	0	-1	5
829	0	0	0	0	-1	5
830	0	0	0	0	-1	5
831	862	863	1	8.1	-3	5
832	864	865	10	0.545	-3	5.2
833	866	867	11	9.95	-3	5
834	868	869	8	0.996525	-3	5.5
835	870	871	7	41	-3	5.09090909090909
836	0	0	0	0	-1	5
837	0	0	0	0	-1	5
838	872	873	1	7.45	-3	5.05555555555556
839	0	0	0	0	-1	6
840	874	875	7	0	-3	6
841	876	877	1	6.6	-3	6
842	0	0	0	0	-1	6
843	0	0	0	0	-1	6
844	878	879	8	0.9963	-3	6
845	0	0	0	0	-1	6
846	0	0	0	0	-1	5
847	0	0	0	0	-1	5
848	0	0	0	0	-1	6
849	0	0	0	0	-1	6
850	880	881	9	0	-3	5
851	0	0	0	0	-1	5
852	0	0	0	0	-1	5
853	0	0	0	0	-1	6
854	882	883	6	12	-3	5
855	884	885	1	0	-3	5
856	0	0	0	0	-1	5
857	0	0	0	0	-1	5
858	0	0	0	0	-1	4
859	886	887	5	26.5	-3	5
860	0	0	0	0	-1	5
861	0	0	0	0	-1	5
862	0	0	0	0	-1	5
863	0	0	0	0	-1	5
864	0	0	0	0	-1	6
865	0	0	0	0	-1	5
866	888	889	11	9.35	-3	5
867	0	0	0	0	-1	5
868	0	0	0	0	-1	5
869	0	0	0	0	-1	6
870	890	891	3	0.09	-3	5
871	892	893	2	0.8225	-3	5.28571428571429
872	0	0	0	0	-1	5.2
873	894	895	10	0.1085	-3	5
874	0	0	0	0	-1	6
875	896	897	10	0.995035	-3	6
876	0	0	0	0	-1	6
877	0	0	0	0	-1	6
878	0	0	0	0	-1	6
879	898	899	1	10.15	-3	6
880	0	0	0	0	-1	7
881	900	901	4	1.65	-3	5
882	0	0	0	0	-1	5
883	902	903	9	3.275	-3	5
884	0	0	0	0	-1	5
885	904	905	11	0	-3	5
886	0	0	0	0	-1	5
887	0	0	0	0	-1	5
888	0	0	0	0	-1	5
889	906	907	7	143	-3	5
890	908	909	5	0	-3	5
891	910	911	9	3.35	-3	5
892	0	0	0	0	-1	6
893	0	0	0	0	-1	5
894	0	0	0	0	-1	5
895	912	913	9	3.22	-3	5
896	914	915	10	0.84	-3	6
897	0	0	0	0	-1	6
898	916	917	5	0.735	-3	6
899	0	0	0	0	-1	6
900	0	0	0	0	-1	5
901	0	0	0	0	-1	5
902	918	919	2	0.565	-3	5
903	920	921	3	0.32	-3	5
904	0	0	0	0	-1	5
905	0	0	0	0	-1	5
906	0	0	0	0	-1	5
907	0	0	0	0	-1	5
908	0	0	0	0	-1	6
909	0	0	0	0	-1	5
910	922	923	6	0	-3	5
911	0	0	0	0	-1	5
912	924	925	10	0.755	-3	5
913	0	0	0	0	-1	5
914	0	0	0	0	-1	6
915	0	0	0	0	-1	6
916	0	0	0	0	-1	6
917	0	0	0	0	-1	6
918	926	927	4	0	-3	5
919	0	0	0	0	-1	5
920	928	929	10	0.56	-3	5
921	0	0	0	0	-1	5
922	0	0	0	0	-1	5
923	930	931	9	3.325	-3	5
924	932	933	9	3.15	-3	5
925	0	0	0	0	-1	5
926	0	0	0	0	-1	6
927	934	935	5	0.0865	-3	5
928	936	937	9	0	-3	5
929	0	0	0	0	-1	5
930	0	0	0	0	-1	5
931	0	0	0	0	-1	5
932	0	0	0	0	-1	5
933	938	939	8	0	-3	5
934	0	0	0	0	-1	5
935	0	0	0	0	-1	5
936	0	0	0	0	-1	5
937	940	941	6	25	-3	5
938	0	0	0	0	-1	6
939	942	943	8	0.9978	-3	5
940	0	0	0	0	-1	5
941	0	0	0	0	-1	5
942	0	0	0	0	-1	5
943	0	0	0	0	-1	5
