1	2	3	8	0.99537	-3	5.65978736710444
2	4	5	2	0.5875	-3	6.11550151975684
3	6	7	2	0.5475	-3	5.54173228346457
4	8	9	1	7.15	-3	6.32113821138211
5	10	11	7	9.5	-3	5.50602409638554
6	12	13	11	10.75	-3	5.73737373737374
7	14	15	11	9.975	-3	5.30675909878683
8	16	17	11	11.55	-3	6.06504065040651
9	18	19	4	2.25	-3	6.57723577235772
10	0	0	0	0	-1	4
11	20	21	11	9.95	-3	5.58227848101266
12	22	23	10	0.645	-3	5.53374233128834
13	24	25	3	0.335	-3	6.22549019607843
14	26	27	11	9.925	-3	5.16619718309859
15	28	29	10	0.645	-3	5.53153153153153
16	30	31	7	8	-3	5.78688524590164
17	32	33	9	3.715	-3	6.33870967741936
18	34	35	11	11.75	-3	6.44871794871795
19	36	37	10	0.63	-3	6.8
20	38	39	4	1.25	-3	4.5
21	40	41	8	0.99241	-3	5.73913043478261
22	42	43	5	0.058	-3	5.34306569343066
23	44	45	2	0.315	-3	5.77674418604651
24	46	47	10	0.595	-3	5.75
25	48	49	10	0.735	-3	6.30113636363636
26	50	51	11	8.7	-3	5.1784702549575
27	0	0	0	0	-1	3
28	52	53	10	0.545	-3	5.3265306122449
29	54	55	11	11.15	-3	5.93333333333333
30	0	0	0	0	-1	4
31	56	57	11	9.75	-3	5.81666666666667
32	58	59	8	0.99282	-3	6.21818181818182
33	60	61	10	0.69	-3	7.28571428571429
34	62	63	8	0.994145	-3	6.61538461538462
35	64	65	3	0.465	-3	6.28205128205128
36	66	67	10	0.525	-3	6.5
37	68	69	5	0.1155	-3	6.93548387096774
38	0	0	0	0	-1	3
39	70	71	2	0.9275	-3	4.875
40	0	0	0	0	-1	6.66666666666667
41	72	73	1	6.55	-3	5.6969696969697
42	0	0	0	0	-1	4.4
43	74	75	10	0.435	-3	5.36059479553903
44	76	77	9	3.09	-3	6.13461538461539
45	78	79	10	0.855	-3	5.66257668711656
46	80	81	2	0.345	-3	5.33333333333333
47	82	83	7	31.5	-3	5.86363636363636
48	84	85	7	16.5	-3	6.08695652173913
49	86	87	11	12.9	-3	6.53571428571429
50	0	0	0	0	-1	3
51	88	89	10	0.465	-3	5.19088319088319
52	90	91	1	8.6	-3	4.975
53	92	93	2	0.8425	-3	5.45794392523365
54	94	95	3	0.625	-3	5.72727272727273
55	96	97	3	0.32	-3	6.5
56	0	0	0	0	-1	5
57	98	99	2	0.565	-3	5.89090909090909
58	100	101	10	0.605	-3	6.55
59	102	103	1	6.55	-3	6.02857142857143
60	0	0	0	0	-1	7
61	0	0	0	0	-1	8
62	0	0	0	0	-1	5.8
63	104	105	9	3.175	-3	6.73529411764706
64	106	107	11	13.15	-3	6.22222222222222
65	0	0	0	0	-1	7
66	108	109	5	0.066	-3	7
67	110	111	4	2.45	-3	6.125
68	112	113	2	0.475	-3	7
69	0	0	0	0	-1	6
70	114	115	7	0	-3	5
71	0	0	0	0	-1	4
72	116	117	9	3.48	-3	5.33333333333333
73	118	119	3	0.005	-3	6
74	120	121	11	9.125	-3	4.5
75	122	123	3	0.07	-3	5.38022813688213
76	0	0	0	0	-1	7
77	124	125	8	1.00115	-3	6.04255319148936
78	126	127	6	15.5	-3	5.78632478632479
79	128	129	7	34.5	-3	5.34782608695652
80	0	0	0	0	-1	4
81	0	0	0	0	-1	5.6
82	0	0	0	0	-1	5.33333333333333
83	130	131	6	41	-3	5.94736842105263
84	132	133	1	8.7	-3	6.44827586206897
85	134	135	3	0.485	-3	5.92063492063492
86	136	137	3	0.525	-3	6.63291139240506
87	0	0	0	0	-1	5
88	138	139	6	4.5	-3	4.8
89	140	141	3	0.655	-3	5.21450151057402
90	142	143	4	5.55	-3	4.83870967741936
91	144	145	1	8.85	-3	5.44444444444444
92	146	147	8	0.99609	-3	5.5625
93	148	149	9	3.285	-3	4.54545454545454
94	150	151	1	12.2	-3	5.62745098039216
95	0	0	0	0	-1	7
96	152	153	5	0.0785	-3	6.2
97	154	155	11	11.85	-3	6.8
98	156	157	6	5.5	-3	5.84
99	0	0	0	0	-1	6.4
100	0	0	0	0	-1	6
101	158	159	6	22.5	-3	6.73333333333333
102	160	161	9	3.625	-3	5.86363636363636
103	162	163	8	0.99355	-3	6.30769230769231
104	164	165	7	23.5	-3	6.11111111111111
105	166	167	10	0.67	-3	6.96
106	168	169	5	0.0485	-3	6.09677419354839
107	0	0	0	0	-1	7
108	0	0	0	0	-1	7
109	0	0	0	0	-1	7
110	170	171	10	0.575	-3	6
111	0	0	0	0	-1	7
112	172	173	11	11.65	-3	6.92592592592593
113	0	0	0	0	-1	8
114	0	0	0	0	-1	6
115	0	0	0	0	-1	5
116	174	175	7	32	-3	4.66666666666667
117	176	177	8	0.994405	-3	5.5
118	178	179	7	15	-3	6.5
119	180	181	5	0.087	-3	5.85714285714286
120	0	0	0	0	-1	4
121	0	0	0	0	-1	5.5
122	182	183	6	9	-3	5.76470588235294
123	184	185	5	0.065	-3	5.35365853658537
124	186	187	3	0.64	-3	6.11363636363636
125	0	0	0	0	-1	5
126	188	189	10	0.84	-3	5.9672131147541
127	190	191	8	0.99845	-3	5.58928571428571
128	192	193	6	3.5	-3	5.72727272727273
129	194	195	6	22.5	-3	5.22857142857143
130	196	197	11	10.95	-3	6
131	0	0	0	0	-1	5
132	198	199	8	0.995855	-3	5.66666666666667
133	200	201	5	0.109	-3	6.8
134	202	203	9	3.17	-3	5.66666666666667
135	204	205	10	0.625	-3	6.04761904761905
136	206	207	3	0.485	-3	6.47058823529412
137	208	209	3	0.565	-3	6.92857142857143
138	0	0	0	0	-1	4
139	210	211	8	0.9977	-3	4.84210526315789
140	212	213	9	3.305	-3	5.22935779816514
141	0	0	0	0	-1	4
142	214	215	2	1.0925	-3	5
143	0	0	0	0	-1	3.75
144	0	0	0	0	-1	6
145	216	217	4	1.85	-3	5.16666666666667
146	218	219	3	0.085	-3	5.88
147	220	221	1	11.95	-3	5.45070422535211
148	0	0	0	0	-1	5.2
149	222	223	9	11.5	-3	4
150	224	225	1	6.75	-3	5.74418604651163
151	226	227	5	0	-3	5
152	0	0	0	0	-1	7
153	228	229	3	0.23	-3	6
154	230	231	2	0	-3	7
155	0	0	0	0	-1	6
156	0	0	0	0	-1	5
157	232	233	6	16	-3	5.93333333333333
158	234	235	5	0.051	-3	7
159	0	0	0	0	-1	6
160	236	237	6	6.5	-3	6
161	0	0	0	0	-1	5.25
162	238	239	1	6.8	-3	6
163	0	0	0	0	-1	6.8
164	0	0	0	0	-1	6.25
165	0	0	0	0	-1	6
166	240	241	7	18	-3	6.57142857142857
167	242	243	4	1.9	-3	7.11111111111111
168	0	0	0	0	-1	7
169	244	245	1	8.75	-3	6.03448275862069
170	0	0	0	0	-1	6
171	0	0	0	0	-1	6
172	0	0	0	0	-1	6.5
173	246	247	3	45.5	-3	7
174	0	0	0	0	-1	4
175	0	0	0	0	-1	5
176	248	249	10	0.555	-3	5.23076923076923
177	250	251	6	7	-3	5.81818181818182
178	0	0	0	0	-1	7
179	0	0	0	0	-1	6.2
180	252	253	9	3.515	-3	5.92307692307692
181	0	0	0	0	-1	5
182	254	255	6	0	-3	6
183	256	257	5	0.073	-3	5.6
184	258	259	2	0.45	-3	5.70588235294118
185	260	261	11	9.65	-3	5.32751091703057
186	262	263	6	36.5	-3	6.04878048780488
187	0	0	0	0	-1	7
188	264	265	5	0.0925	-3	5.91379310344828
189	0	0	0	0	-1	7
190	266	267	9	3.12	-3	5.425
191	268	269	10	0.74	-3	6
192	0	0	0	0	-1	8
193	270	271	5	0.2485	-3	5.5
194	272	273	11	9.85	-3	5.47826086956522
195	274	275	7	54.5	-3	4.75
196	0	0	0	0	-1	7
197	276	277	4	2.55	-3	5.94117647058824
198	0	0	0	0	-1	5
199	0	0	0	0	-1	6.2
200	278	279	1	10.6	-3	7.06666666666667
201	0	0	0	0	-1	6
202	280	281	6	12.5	-3	5.2
203	282	283	4	3.1	-3	6.09090909090909
204	284	285	4	4.875	-3	5.90909090909091
205	286	287	11	10.85	-3	6.2
206	288	289	11	12.45	-3	6.65
207	290	291	6	36	-3	5.81818181818182
208	292	293	10	0.875	-3	7.5
209	294	295	1	9.8	-3	6.77272727272727
210	296	297	7	20.5	-3	4.94117647058824
211	0	0	0	0	-1	4
212	298	299	1	10.55	-3	5.14942528735632
213	300	301	7	48.5	-3	5.3202614379085
214	302	303	5	0.111	-3	5.08333333333333
215	0	0	0	0	-1	4.33333333333333
216	0	0	0	0	-1	6
217	0	0	0	0	-1	5
218	304	305	7	19.5	-3	6.05
219	0	0	0	0	-1	5.2
220	306	307	1	9.85	-3	5.49253731343284
221	0	0	0	0	-1	4.75
222	0	0	0	0	-1	4
223	0	0	0	0	-1	4
224	0	0	0	0	-1	5.2
225	308	309	10	0.84	-3	5.81578947368421
226	0	0	0	0	-1	6
227	310	311	6	0	-3	5
228	312	313	1	6.4	-3	6
229	0	0	0	0	-1	6
230	0	0	0	0	-1	5
231	314	315	11	11.35	-3	7
232	316	317	3	0.275	-3	6.46153846153846
233	318	319	8	0.99529	-3	5.71875
234	320	321	10	0.875	-3	7
235	0	0	0	0	-1	7
236	0	0	0	0	-1	7
237	322	323	11	12.65	-3	5.94117647058824
238	0	0	0	0	-1	6
239	324	325	10	0.55	-3	6
240	0	0	0	0	-1	7
241	0	0	0	0	-1	6
242	0	0	0	0	-1	8
243	326	327	4	0	-3	7
244	328	329	9	3.245	-3	6
245	0	0	0	0	-1	6.2
246	330	331	4	0	-3	7
247	0	0	0	0	-1	7
248	0	0	0	0	-1	4.75
249	332	333	4	2.05	-3	5.44444444444444
250	0	0	0	0	-1	5
251	0	0	0	0	-1	6
252	334	335	10	0.525	-3	5.88
253	0	0	0	0	-1	7
254	0	0	0	0	-1	5
255	336	337	5	0.0685	-3	6
256	0	0	0	0	-1	5
257	338	339	10	0.505	-3	5.75
258	340	341	7	21.5	-3	6
259	342	343	11	9.4	-3	5.375
260	344	345	8	0.99782	-3	5.24817518248175
261	346	347	4	1.85	-3	5.44565217391304
262	348	349	10	0.71	-3	6
263	0	0	0	0	-1	7
264	350	351	10	0.775	-3	6.02
265	352	353	10	0.725	-3	5.25
266	0	0	0	0	-1	7
267	354	355	3	0.4	-3	5.34210526315789
268	0	0	0	0	-1	5
269	356	357	7	74.5	-3	6.06666666666667
270	358	359	7	19.5	-3	5.28571428571429
271	0	0	0	0	-1	6
272	360	361	4	1.7	-3	5.13333333333333
273	362	363	11	10.25	-3	6.125
274	0	0	0	0	-1	3.5
275	364	365	10	1.145	-3	5
276	366	367	3	0.065	-3	6
277	0	0	0	0	-1	5.8
278	0	0	0	0	-1	7
279	0	0	0	0	-1	8
280	368	369	4	0	-3	5
281	0	0	0	0	-1	6
282	370	371	11	11.6	-3	6
283	0	0	0	0	-1	7
284	372	373	2	0.48	-3	6
285	0	0	0	0	-1	5
286	0	0	0	0	-1	7
287	374	375	1	10.1	-3	6.11111111111111
288	376	377	9	3.335	-3	6.54054054054054
289	0	0	0	0	-1	8
290	378	379	10	0.8	-3	5.9
291	0	0	0	0	-1	5
292	0	0	0	0	-1	7
293	0	0	0	0	-1	7.75
294	0	0	0	0	-1	6
295	380	381	8	1.0003	-3	6.85
296	0	0	0	0	-1	4.5
297	382	383	4	0	-3	5
298	384	385	3	0.255	-3	5.12727272727273
299	386	387	10	0.69	-3	5.55555555555556
300	388	389	9	3.375	-3	5.41052631578947
301	390	391	8	0.996	-3	5.17241379310345
302	392	393	1	8.35	-3	5
303	0	0	0	0	-1	5.66666666666667
304	0	0	0	0	-1	6.5
305	394	395	11	10.75	-3	6
306	396	397	9	3.49	-3	5.43333333333333
307	398	399	3	10.05	-3	6
308	400	401	11	10.05	-3	5.96296296296296
309	402	403	9	3.205	-3	5.45454545454545
310	0	0	0	0	-1	6
311	404	405	1	14	-3	5
312	0	0	0	0	-1	6
313	0	0	0	0	-1	6
314	0	0	0	0	-1	7
315	0	0	0	0	-1	7
316	406	407	4	1.75	-3	6.3
317	0	0	0	0	-1	7
318	408	409	2	0.44	-3	5.76666666666667
319	0	0	0	0	-1	5
320	0	0	0	0	-1	7
321	0	0	0	0	-1	7
322	410	411	6	12.05	-3	6
323	0	0	0	0	-1	5
324	0	0	0	0	-1	6
325	0	0	0	0	-1	6
326	0	0	0	0	-1	6
327	412	413	7	0	-3	7
328	0	0	0	0	-1	6
329	414	415	2	0.485	-3	6
330	0	0	0	0	-1	5
331	416	417	7	45.5	-3	7
332	0	0	0	0	-1	5.75
333	0	0	0	0	-1	5.2
334	418	419	1	6.95	-3	5.57142857142857
335	0	0	0	0	-1	6
336	0	0	0	0	-1	6
337	0	0	0	0	-1	6
338	0	0	0	0	-1	5
339	420	421	8	0.99645	-3	6
340	0	0	0	0	-1	6
341	422	423	2	0.355	-3	6
342	0	0	0	0	-1	6
343	0	0	0	0	-1	5
344	424	425	2	0.525	-3	5.32222222222222
345	426	427	8	1.0005	-3	5.1063829787234
346	428	429	8	0.995535	-3	5.10526315789474
347	430	431	4	2.35	-3	5.53424657534247
348	432	433	2	0.265	-3	5.45454545454545
349	434	435	5	0.055	-3	6.21428571428571
350	436	437	11	10.0666666666666	-3	6.15
351	438	439	10	0.805	-3	5.5
352	0	0	0	0	-1	5
353	0	0	0	0	-1	5.66666666666667
354	440	441	1	9.2	-3	5.53846153846154
355	442	443	10	0.705	-3	4.91666666666667
356	444	445	6	16.5	-3	6
357	0	0	0	0	-1	6.33333333333333
358	0	0	0	0	-1	5
359	0	0	0	0	-1	6
360	446	447	3	0	-3	5
361	448	449	9	3.215	-3	5.25
362	0	0	0	0	-1	6
363	0	0	0	0	-1	7
364	450	451	7	0	-3	5
365	0	0	0	0	-1	5
366	0	0	0	0	-1	6
367	452	453	7	43.5	-3	6
368	0	0	0	0	-1	5
369	454	455	6	0	-3	5
370	456	457	1	8.8	-3	6
371	0	0	0	0	-1	6
372	458	459	6	19.5	-3	6
373	0	0	0	0	-1	6
374	0	0	0	0	-1	6.66666666666667
375	460	461	9	3.28	-3	6
376	462	463	7	18.5	-3	6.31818181818182
377	464	465	10	0.805	-3	6.86666666666667
378	466	467	8	0.99677	-3	6
379	0	0	0	0	-1	5.75
380	468	469	2	0	-3	7
381	0	0	0	0	-1	6
382	0	0	0	0	-1	5
383	470	471	5	0.09	-3	5
384	472	473	11	9.45	-3	5.07017543859649
385	474	475	6	6.5	-3	5.25490196078431
386	0	0	0	0	-1	5
387	0	0	0	0	-1	6
388	476	477	1	7.1	-3	5.74285714285714
389	478	479	10	0.695	-3	5.21666666666667
390	0	0	0	0	-1	5.6
391	480	481	5	0.062	-3	5.13207547169811
392	482	483	1	0.7525	-3	5
393	0	0	0	0	-1	5
394	484	485	3	0.065	-3	6
395	0	0	0	0	-1	6
396	486	487	4	2.65	-3	5.35714285714286
397	0	0	0	0	-1	6.5
398	488	489	9	3.25	-3	6
399	0	0	0	0	-1	6
400	0	0	0	0	-1	5
401	490	491	7	12	-3	6.04
402	492	493	8	0.9966	-3	5.71428571428571
403	0	0	0	0	-1	5
404	0	0	0	0	-1	5
405	0	0	0	0	-1	5
406	0	0	0	0	-1	7
407	494	495	11	0.073	-3	6
408	496	497	6	21.5	-3	5.5
409	498	499	11	11.25	-3	5.9
410	0	0	0	0	-1	6
411	500	501	6	27	-3	6
412	0	0	0	0	-1	6
413	0	0	0	0	-1	7
414	502	503	2	0.2825	-3	6
415	0	0	0	0	-1	6
416	504	505	2	0	-3	7
417	0	0	0	0	-1	7
418	0	0	0	0	-1	4.5
419	0	0	0	0	-1	6
420	0	0	0	0	-1	6
421	0	0	0	0	-1	6
422	0	0	0	0	-1	6
423	0	0	0	0	-1	6
424	506	507	8	0.996125	-3	5.25925925925926
425	508	509	1	7.85	-3	5.88888888888889
426	510	511	6	5.5	-3	5.04651162790698
427	0	0	0	0	-1	5.75
428	0	0	0	0	-1	6
429	512	513	11	10.2	-3	5.05555555555556
430	514	515	6	22	-3	5.6875
431	516	517	5	0.099	-3	5.41463414634146
432	0	0	0	0	-1	6
433	518	519	9	3.35	-3	5.25
434	0	0	0	0	-1	7
435	520	521	10	0.995	-3	6.15384615384615
436	522	523	9	3.225	-3	5.95652173913043
437	524	525	6	9	-3	6.41176470588235
438	0	0	0	0	-1	5
439	0	0	0	0	-1	6
440	526	527	5	0.0645	-3	5.48
441	0	0	0	0	-1	7
442	0	0	0	0	-1	4
443	528	529	8	0.48	-3	5
444	0	0	0	0	-1	6
445	530	531	8	0.9991	-3	6
446	0	0	0	0	-1	6
447	532	533	6	0.26	-3	5
448	534	535	10	1.125	-3	5.14285714285714
449	0	0	0	0	-1	6
450	0	0	0	0	-1	6
451	536	537	7	127.5	-3	5
452	0	0	0	0	-1	6
453	538	539	5	0.0805	-3	6
454	0	0	0	0	-1	5
455	540	541	10	0.6	-3	5
456	0	0	0	0	-1	6
457	0	0	0	0	-1	6
458	542	543	8	0.99706	-3	6
459	0	0	0	0	-1	6
460	544	545	6	8.5	-3	6
461	0	0	0	0	-1	6
462	546	547	8	0.99722	-3	6
463	548	549	5	0.0625	-3	6.58333333333333
464	0	0	0	0	-1	7
465	550	551	7	62.5	-3	6.66666666666667
466	0	0	0	0	-1	6
467	0	0	0	0	-1	6
468	0	0	0	0	-1	5
469	552	553	4	0	-3	7
470	554	555	7	0	-3	5
471	0	0	0	0	-1	5
472	556	557	4	1.35	-3	4.95238095238095
473	558	559	6	4.5	-3	5.13888888888889
474	0	0	0	0	-1	6
475	560	561	9	3.255	-3	5.19148936170213
476	562	563	8	0.99621	-3	5.125
477	564	565	8	0.997275	-3	5.92592592592593
478	566	567	4	4.95	-3	5.08888888888889
479	568	569	1	7	-3	5.6
480	0	0	0	0	-1	3
481	570	571	8	0.997455	-3	5.17307692307692
482	0	0	0	0	-1	6
483	572	573	3	0.085	-3	5
484	574	575	10	0	-3	6
485	0	0	0	0	-1	6
486	576	577	7	9.5	-3	5.29787234042553
487	578	579	7	34	-3	5.66666666666667
488	0	0	0	0	-1	6
489	0	0	0	0	-1	6
490	0	0	0	0	-1	7
491	580	581	11	10.3	-3	6
492	0	0	0	0	-1	5
493	0	0	0	0	-1	6
494	0	0	0	0	-1	5
495	582	583	4	2.3	-3	6
496	0	0	0	0	-1	5
497	0	0	0	0	-1	6
498	584	585	2	0.47	-3	5.94736842105263
499	0	0	0	0	-1	5
500	586	587	8	0.99346	-3	6
501	0	0	0	0	-1	6
502	0	0	0	0	-1	6
503	0	0	0	0	-1	6
504	0	0	0	0	-1	5
505	0	0	0	0	-1	7
506	588	589	6	9	-3	5
507	590	591	1	7.05	-3	5.32307692307692
508	0	0	0	0	-1	5
509	592	593	7	0	-3	6
510	0	0	0	0	-1	5.2
511	594	595	8	0.998175	-3	5.02631578947368
512	0	0	0	0	-1	6
513	0	0	0	0	-1	5
514	596	597	10	0.635	-3	5.95454545454545
515	598	599	11	10.25	-3	5.1
516	600	601	9	3.365	-3	5.35135135135135
517	0	0	0	0	-1	6
518	0	0	0	0	-1	5.5
519	0	0	0	0	-1	5
520	602	603	6	8	-3	6.08695652173913
521	0	0	0	0	-1	6.66666666666667
522	0	0	0	0	-1	6
523	604	605	4	1.7	-3	5.88888888888889
524	606	607	10	0.66	-3	6.1
525	608	609	4	1.6	-3	6.85714285714286
526	0	0	0	0	-1	6.25
527	610	611	5	0.0785	-3	5.33333333333333
528	0	0	0	0	-1	6
529	612	613	5	0.084	-3	5
530	0	0	0	0	-1	6
531	0	0	0	0	-1	6
532	0	0	0	0	-1	5
533	0	0	0	0	-1	5
534	0	0	0	0	-1	6
535	614	615	2	0	-3	5
536	616	617	9	0	-3	5
537	0	0	0	0	-1	5
538	0	0	0	0	-1	6
539	0	0	0	0	-1	6
540	0	0	0	0	-1	5
541	0	0	0	0	-1	5
542	0	0	0	0	-1	6
543	0	0	0	0	-1	6
544	618	619	10	0.7	-3	6
545	0	0	0	0	-1	6
546	620	621	8	0.99712	-3	6
547	0	0	0	0	-1	6
548	0	0	0	0	-1	5.5
549	622	623	9	3.105	-3	6.8
550	0	0	0	0	-1	6
551	0	0	0	0	-1	7
552	0	0	0	0	-1	6
553	624	625	6	0	-3	7
554	0	0	0	0	-1	5
555	0	0	0	0	-1	5
556	0	0	0	0	-1	4
557	626	627	5	0.095	-3	4.97560975609756
558	0	0	0	0	-1	4
559	628	629	11	9.75	-3	5.15492957746479
560	630	631	5	0.07	-3	5.03846153846154
561	632	633	6	20	-3	5.38095238095238
562	634	635	7	0	-3	5
563	0	0	0	0	-1	6
564	636	637	11	9.45	-3	6.11764705882353
565	638	639	8	0.99884	-3	5.6
566	640	641	9	3.385	-3	5.02380952380952
567	0	0	0	0	-1	6
568	0	0	0	0	-1	5
569	642	643	9	3.64	-3	5.9
570	644	645	3	0.035	-3	5.31818181818182
571	646	647	7	60.5	-3	5.06666666666667
572	648	649	1	7.1	-3	5
573	650	651	5	0.088	-3	5
574	0	0	0	0	-1	5
575	652	653	2	0.58	-3	6
576	0	0	0	0	-1	4
577	654	655	9	3.285	-3	5.32608695652174
578	0	0	0	0	-1	5
579	656	657	7	40	-3	6
580	0	0	0	0	-1	5
581	658	659	9	3.545	-3	6.04347826086957
582	0	0	0	0	-1	6
583	0	0	0	0	-1	6
584	0	0	0	0	-1	5.75
585	660	661	3	0.005	-3	6
586	0	0	0	0	-1	6
587	662	663	4	2.3	-3	6
588	664	665	10	0	-3	5
589	666	667	3	0.14	-3	5
590	0	0	0	0	-1	6
591	668	669	2	0.385	-3	5.29032258064516
592	0	0	0	0	-1	5
593	670	671	3	0.375	-3	6
594	672	673	7	94	-3	5.07692307692308
595	674	675	7	94.5	-3	5
596	676	677	5	0.092	-3	6
597	0	0	0	0	-1	5
598	678	679	6	27	-3	4.875
599	0	0	0	0	-1	6
600	680	681	2	0.495	-3	5.23333333333333
601	682	683	10	0.525	-3	5.85714285714286
602	684	685	2	0.24	-3	6.33333333333333
603	686	687	10	0.78	-3	6
604	0	0	0	0	-1	5
605	688	689	2	0.505	-3	6
606	0	0	0	0	-1	7
607	690	691	5	6.5	-3	6
608	0	0	0	0	-1	6
609	692	693	4	3.7	-3	7
610	694	695	6	16.5	-3	5
611	696	697	9	3.415	-3	5.63636363636364
612	0	0	0	0	-1	5
613	0	0	0	0	-1	5
614	0	0	0	0	-1	6
615	0	0	0	0	-1	5
616	0	0	0	0	-1	6
617	698	699	4	2.9	-3	5
618	0	0	0	0	-1	6
619	0	0	0	0	-1	6
620	0	0	0	0	-1	6
621	0	0	0	0	-1	6
622	0	0	0	0	-1	6
623	700	701	10	0.765	-3	6.88888888888889
624	0	0	0	0	-1	6
625	702	703	7	0	-3	7
626	704	705	1	8.35	-3	4.94736842105263
627	706	707	5	0.173	-3	5
628	708	709	5	0.113	-3	5.21739130434783
629	710	711	5	0.079	-3	5.04
630	0	0	0	0	-1	6
631	712	713	4	2.35	-3	5
632	714	715	10	0.49	-3	5.53333333333333
633	0	0	0	0	-1	5
634	0	0	0	0	-1	7
635	0	0	0	0	-1	5
636	716	717	7	37.5	-3	6
637	718	719	5	0.0745	-3	6.28571428571429
638	720	721	9	3.335	-3	5.33333333333333
639	0	0	0	0	-1	6
640	0	0	0	0	-1	4.66666666666667
641	722	723	5	0.0675	-3	5.05128205128205
642	0	0	0	0	-1	6
643	0	0	0	0	-1	5
644	724	725	11	9.45	-3	5.875
645	726	727	6	0	-3	5
646	0	0	0	0	-1	6
647	728	729	4	9	-3	5.03448275862069
648	0	0	0	0	-1	5
649	0	0	0	0	-1	5
650	730	731	4	0	-3	5
651	0	0	0	0	-1	5
652	0	0	0	0	-1	6
653	732	733	3	0	-3	6
654	734	735	3	0.17	-3	5.8
655	736	737	4	1.75	-3	5.19444444444444
656	0	0	0	0	-1	6
657	0	0	0	0	-1	6
658	0	0	0	0	-1	6
659	0	0	0	0	-1	7
660	0	0	0	0	-1	6
661	0	0	0	0	-1	6
662	0	0	0	0	-1	6
663	0	0	0	0	-1	6
664	0	0	0	0	-1	4
665	738	739	2	0	-3	5
666	0	0	0	0	-1	5
667	0	0	0	0	-1	5
668	740	741	5	0.081	-3	5.57142857142857
669	742	743	7	38	-3	5.14634146341463
670	0	0	0	0	-1	6
671	0	0	0	0	-1	6
672	744	745	8	0.997845	-3	5
673	0	0	0	0	-1	6
674	746	747	3	0.43	-3	5
675	0	0	0	0	-1	5
676	748	749	3	0.275	-3	5.94444444444444
677	0	0	0	0	-1	6.33333333333333
678	0	0	0	0	-1	5
679	0	0	0	0	-1	4.75
680	750	751	3	0.315	-3	5.11538461538461
681	0	0	0	0	-1	6
682	0	0	0	0	-1	5
683	752	753	11	9.9	-3	6
684	0	0	0	0	-1	6
685	0	0	0	0	-1	7
686	0	0	0	0	-1	6
687	754	755	8	0.99875	-3	6
688	0	0	0	0	-1	6
689	0	0	0	0	-1	6
690	756	757	4	3.28	-3	6
691	0	0	0	0	-1	6
692	0	0	0	0	-1	7
693	0	0	0	0	-1	7
694	0	0	0	0	-1	5
695	0	0	0	0	-1	5
696	758	759	8	0.99675	-3	5.875
697	0	0	0	0	-1	5
698	0	0	0	0	-1	5
699	0	0	0	0	-1	5
700	0	0	0	0	-1	6
701	760	761	5	0.0765	-3	7
702	0	0	0	0	-1	5
703	762	763	3	0	-3	7
704	764	765	5	0.0775	-3	5
705	766	767	9	3.17	-3	4.85714285714286
706	768	769	2	0.6	-3	5
707	0	0	0	0	-1	5
708	770	771	10	0.545	-3	5.12820512820513
709	772	773	1	7.25	-3	5.71428571428571
710	0	0	0	0	-1	5.2
711	774	775	11	9.85	-3	5
712	776	777	8	0.996225	-3	5
713	778	779	10	0	-3	5
714	0	0	0	0	-1	4
715	780	781	11	9.45	-3	5.64285714285714
716	0	0	0	0	-1	6
717	0	0	0	0	-1	6
718	0	0	0	0	-1	7
719	0	0	0	0	-1	6
720	0	0	0	0	-1	5.5
721	0	0	0	0	-1	5
722	782	783	4	2	-3	5.2
723	784	785	8	0.9982	-3	5
724	0	0	0	0	-1	5
725	786	787	4	0	-3	6
726	0	0	0	0	-1	5
727	788	789	6	16	-3	5
728	790	791	4	2.55	-3	5
729	0	0	0	0	-1	6
730	0	0	0	0	-1	6
731	792	793	1	0.195	-3	5
732	0	0	0	0	-1	6
733	794	795	8	0.995475	-3	6
734	0	0	0	0	-1	6
735	0	0	0	0	-1	5.33333333333333
736	0	0	0	0	-1	6
737	796	797	6	4	-3	5.17142857142857
738	0	0	0	0	-1	5
739	0	0	0	0	-1	5
740	798	799	7	86	-3	5.90909090909091
741	800	801	6	32	-3	5.2
742	802	803	9	3.285	-3	5.45454545454545
743	804	805	10	0.63	-3	5.03333333333333
744	0	0	0	0	-1	5
745	0	0	0	0	-1	5
746	0	0	0	0	-1	5
747	806	807	5	0	-3	5
748	808	809	3	0.23	-3	5.85714285714286
749	810	811	6	20.5	-3	6
750	812	813	5	0.085	-3	5.23076923076923
751	814	815	9	3.33	-3	5
752	0	0	0	0	-1	6
753	0	0	0	0	-1	6
754	816	817	7	24.5	-3	6
755	0	0	0	0	-1	6
756	818	819	6	0	-3	6
757	0	0	0	0	-1	6
758	0	0	0	0	-1	5.66666666666667
759	0	0	0	0	-1	6
760	0	0	0	0	-1	7
761	0	0	0	0	-1	7
762	0	0	0	0	-1	3
763	820	821	7	18	-3	7
764	0	0	0	0	-1	5
765	822	823	9	0	-3	5
766	0	0	0	0	-1	5
767	0	0	0	0	-1	4
768	0	0	0	0	-1	5
769	0	0	0	0	-1	5
770	824	825	10	0.53	-3	5.36363636363636
771	826	827	6	21.5	-3	5.03571428571429
772	0	0	0	0	-1	6
773	0	0	0	0	-1	5.5
774	828	829	3	0	-3	5
775	830	831	9	0	-3	5
776	0	0	0	0	-1	5
777	0	0	0	0	-1	5
778	0	0	0	0	-1	7
779	832	833	10	0.56	-3	5
780	0	0	0	0	-1	5
781	834	835	2	0.595	-3	5.81818181818182
782	836	837	4	0.9971	-3	5
783	0	0	0	0	-1	5.5
784	0	0	0	0	-1	5
785	0	0	0	0	-1	5
786	0	0	0	0	-1	7
787	838	839	8	0.997445	-3	6
788	0	0	0	0	-1	5
789	840	841	6	31	-3	5
790	842	843	5	0.069	-3	5
791	0	0	0	0	-1	5
792	0	0	0	0	-1	6
793	0	0	0	0	-1	5
794	0	0	0	0	-1	6
795	0	0	0	0	-1	6
796	0	0	0	0	-1	6
797	844	845	7	52.5	-3	5.14705882352941
798	846	847	8	0.99748	-3	6
799	0	0	0	0	-1	5
800	848	849	6	27.5	-3	5.11111111111111
801	0	0	0	0	-1	6
802	0	0	0	0	-1	5
803	0	0	0	0	-1	6
804	850	851	3	0.325	-3	5
805	852	853	3	0.265	-3	5.16666666666667
806	0	0	0	0	-1	4
807	854	855	9	3.12	-3	5
808	0	0	0	0	-1	6
809	0	0	0	0	-1	5.66666666666667
810	0	0	0	0	-1	6
811	0	0	0	0	-1	6
812	856	857	3	0.305	-3	5.09090909090909
813	0	0	0	0	-1	6
814	858	859	7	26.5	-3	5
815	0	0	0	0	-1	5
816	0	0	0	0	-1	6
817	860	861	3	0.53	-3	6
818	0	0	0	0	-1	5
819	862	863	9	3.28	-3	6
820	0	0	0	0	-1	7
821	864	865	9	3.23	-3	7
822	0	0	0	0	-1	5
823	0	0	0	0	-1	5
824	866	867	9	3.17	-3	5.22222222222222
825	0	0	0	0	-1	6
826	868	869	3	0.215	-3	5
827	0	0	0	0	-1	5.5
828	0	0	0	0	-1	5
829	870	871	5	0.0845	-3	5
830	0	0	0	0	-1	7
831	872	873	3	0.215	-3	5
832	0	0	0	0	-1	5
833	0	0	0	0	-1	5
834	0	0	0	0	-1	5.5
835	874	875	5	0.081	-3	6
836	0	0	0	0	-1	5
837	0	0	0	0	-1	5
838	0	0	0	0	-1	6
839	0	0	0	0	-1	6
840	0	0	0	0	-1	5
841	0	0	0	0	-1	5
842	0	0	0	0	-1	5
843	876	877	3	0.035	-3	5
844	878	879	6	5.5	-3	5.25
845	880	881	3	0	-3	5
846	882	883	9	3.405	-3	6
847	0	0	0	0	-1	6
848	0	0	0	0	-1	5.25
849	0	0	0	0	-1	5
850	884	885	6	31	-3	5
851	886	887	10	0.505	-3	5
852	0	0	0	0	-1	6
853	0	0	0	0	-1	5
854	0	0	0	0	-1	5
855	888	889	3	0	-3	5
856	890	891	8	0.99681	-3	5
857	0	0	0	0	-1	6
858	0	0	0	0	-1	5
859	892	893	9	0	-3	5
860	894	895	7	26	-3	6
861	0	0	0	0	-1	6
862	0	0	0	0	-1	6
863	0	0	0	0	-1	6
864	896	897	6	34	-3	7
865	0	0	0	0	-1	7
866	0	0	0	0	-1	6
867	898	899	11	9.65	-3	5.125
868	900	901	7	41	-3	5
869	902	903	1	9.05	-3	5
870	0	0	0	0	-1	5
871	0	0	0	0	-1	5
872	0	0	0	0	-1	5
873	0	0	0	0	-1	5
874	0	0	0	0	-1	6
875	0	0	0	0	-1	6
876	0	0	0	0	-1	5
877	904	905	11	0	-3	5
878	0	0	0	0	-1	5
879	906	907	2	0.595	-3	5.38461538461539
880	0	0	0	0	-1	5
881	908	909	9	3.315	-3	5
882	0	0	0	0	-1	6
883	0	0	0	0	-1	6
884	910	911	4	0	-3	5
885	912	913	3	0	-3	5
886	0	0	0	0	-1	5
887	0	0	0	0	-1	5
888	0	0	0	0	-1	6
889	914	915	9	3.285	-3	5
890	0	0	0	0	-1	5
891	0	0	0	0	-1	5
892	0	0	0	0	-1	5
893	916	917	10	0.625	-3	5
894	0	0	0	0	-1	6
895	0	0	0	0	-1	6
896	0	0	0	0	-1	7
897	0	0	0	0	-1	7
898	918	919	9	0	-3	5
899	0	0	0	0	-1	6
900	0	0	0	0	-1	5
901	920	921	9	3.255	-3	5
902	0	0	0	0	-1	5
903	922	923	8	0	-3	5
904	0	0	0	0	-1	6
905	924	925	3	0.47	-3	5
906	0	0	0	0	-1	5
907	926	927	2	0.67	-3	5.71428571428571
908	0	0	0	0	-1	5
909	928	929	4	0.996375	-3	5
910	0	0	0	0	-1	6
911	930	931	10	0.54	-3	5
912	0	0	0	0	-1	6
913	932	933	2	78	-3	5
914	0	0	0	0	-1	5
915	0	0	0	0	-1	5
916	934	935	6	0	-3	5
917	0	0	0	0	-1	5
918	0	0	0	0	-1	7
919	936	937	6	8	-3	5
920	0	0	0	0	-1	5
921	0	0	0	0	-1	5
922	0	0	0	0	-1	6
923	0	0	0	0	-1	5
924	0	0	0	0	-1	5
925	0	0	0	0	-1	5
926	0	0	0	0	-1	6
927	0	0	0	0	-1	5
928	0	0	0	0	-1	5
929	0	0	0	0	-1	5
930	0	0	0	0	-1	5
931	0	0	0	0	-1	5
932	0	0	0	0	-1	5
933	0	0	0	0	-1	5
934	0	0	0	0	-1	5
935	938	939	1	10.9	-3	5
936	0	0	0	0	-1	5
937	0	0	0	0	-1	5
938	0	0	0	0	-1	5
939	0	0	0	0	-1	5
