1	2	3	8	0.995575	-3	5.60662914321451
2	4	5	1	8.05	-3	5.97229219143577
3	6	7	10	0.585	-3	5.48585690515807
4	8	9	11	10.25	-3	5.81518151815182
5	10	11	11	11.45	-3	6.47872340425532
6	12	13	6	6.5	-3	5.17057569296375
7	14	15	1	9.05	-3	5.68758526603001
8	16	17	8	0.995485	-3	5.23333333333333
9	18	19	3	0.265	-3	5.95884773662551
10	20	21	7	10.5	-3	5.82758620689655
11	22	23	3	0.465	-3	6.76923076923077
12	24	25	11	12.35	-3	4.86315789473684
13	26	27	7	19.5	-3	5.24866310160428
14	28	29	2	0.7025	-3	5.44827586206897
15	30	31	3	0.325	-3	5.98470948012232
16	32	33	5	0.0795	-3	5.02325581395349
17	34	35	2	0.515	-3	5.76470588235294
18	36	37	8	0.99241	-3	5.83516483516484
19	38	39	4	1.65	-3	6.32786885245902
20	40	41	3	0.48	-3	6.42857142857143
21	42	43	10	0.555	-3	5.63636363636364
22	44	45	6	13	-3	6.65957446808511
23	46	47	1	10.05	-3	7.05555555555556
24	48	49	4	3.35	-3	4.82608695652174
25	0	0	0	0	-1	6
26	50	51	10	0.48	-3	5.8
27	52	53	10	0.515	-3	5.20916905444126
28	54	55	7	10.5	-3	5.50140056022409
29	56	57	9	3.545	-3	5.06122448979592
30	58	59	5	0.0985	-3	5.54
31	60	61	8	0.997695	-3	6.06498194945848
32	62	63	10	0.62	-3	5.14285714285714
33	64	65	7	20.5	-3	4.8
34	66	67	2	0.395	-3	6
35	0	0	0	0	-1	5
36	68	69	9	3.485	-3	6.55555555555556
37	70	71	2	1	-3	5.75609756097561
38	0	0	0	0	-1	5.5
39	72	73	4	2.45	-3	6.3859649122807
40	0	0	0	0	-1	6.75
41	0	0	0	0	-1	6
42	74	75	8	0.99426	-3	5
43	76	77	4	1.8	-3	6
44	78	79	7	7.5	-3	6.86206896551724
45	80	81	4	2.1	-3	6.33333333333333
46	82	83	4	2	-3	7.11764705882353
47	0	0	0	0	-1	6
48	84	85	9	3.275	-3	4.95774647887324
49	86	87	2	0.82	-3	4.38095238095238
50	88	89	5	0.0975	-3	5
51	90	91	10	0.565	-3	6.17647058823529
52	92	93	7	47.5	-3	5.04807692307692
53	94	95	11	10.05	-3	5.27755102040816
54	96	97	2	0.585	-3	6.88888888888889
55	98	99	10	0.605	-3	5.46551724137931
56	100	101	1	6.95	-3	5.19512195121951
57	102	103	7	12.5	-3	4.375
58	104	105	10	0.625	-3	5.75
59	106	107	11	11.25	-3	5
60	108	109	1	12	-3	6.47572815533981
61	110	111	5	0.0925	-3	5.82183908045977
62	112	113	10	0.5	-3	5.04761904761905
63	114	115	7	36	-3	5.42857142857143
64	0	0	0	0	-1	4
65	116	117	2	0.535	-3	5
66	0	0	0	0	-1	5.5
67	118	119	9	3.39	-3	6.22222222222222
68	0	0	0	0	-1	6
69	120	121	9	3.69	-3	6.76923076923077
70	122	123	11	12.85	-3	5.81645569620253
71	124	125	3	0.14	-3	4.16666666666667
72	126	127	10	0.68	-3	6.52631578947368
73	128	129	5	0.065	-3	6.10526315789474
74	0	0	0	0	-1	5
75	130	131	8	0	-3	5
76	0	0	0	0	-1	7
77	132	133	5	0.0565	-3	5.72727272727273
78	0	0	0	0	-1	6
79	134	135	10	0.555	-3	6.89285714285714
80	136	137	5	0.078	-3	6
81	138	139	3	0.42	-3	6.6
82	0	0	0	0	-1	8
83	140	141	9	0	-3	7
84	142	143	11	10.15	-3	5.26086956521739
85	144	145	2	0.365	-3	4.8125
86	146	147	7	23.5	-3	4.92857142857143
87	148	149	10	0.555	-3	3.28571428571429
88	150	151	1	0	-3	5
89	0	0	0	0	-1	5
90	0	0	0	0	-1	5.8
91	152	153	4	2.1	-3	6.33333333333333
92	154	155	9	3.365	-3	4.88095238095238
93	156	157	9	3.105	-3	5.16129032258065
94	158	159	6	19.5	-3	5.20512820512821
95	160	161	9	3.165	-3	5.56
96	0	0	0	0	-1	7
97	0	0	0	0	-1	6
98	162	163	1	6.85	-3	5.73684210526316
99	164	165	7	65.5	-3	5.41237113402062
100	0	0	0	0	-1	6
101	166	167	2	0.955	-3	5.08333333333333
102	0	0	0	0	-1	3
103	168	169	6	30	-3	4.57142857142857
104	170	171	5	0.08	-3	5
105	172	173	5	0.0915	-3	6
106	174	175	3	0.225	-3	5.07692307692308
107	0	0	0	0	-1	4
108	176	177	5	0.0885	-3	6.52
109	0	0	0	0	-1	5
110	178	179	4	2.75	-3	6.04761904761905
111	180	181	4	1.7	-3	5.47826086956522
112	182	183	6	9.5	-3	5
113	0	0	0	0	-1	5.2
114	0	0	0	0	-1	6
115	0	0	0	0	-1	5
116	184	185	6	20	-3	5
117	0	0	0	0	-1	5
118	186	187	4	2.1	-3	6
119	0	0	0	0	-1	7
120	188	189	11	13.8	-3	7.28571428571429
121	190	191	6	17	-3	6.16666666666667
122	192	193	4	3.55	-3	5.90070921985816
123	194	195	7	102.5	-3	5.11764705882353
124	0	0	0	0	-1	3.75
125	0	0	0	0	-1	5
126	196	197	1	7.1	-3	6.19047619047619
127	198	199	10	0.705	-3	6.94117647058824
128	0	0	0	0	-1	6.5
129	200	201	5	0.1175	-3	6
130	0	0	0	0	-1	6
131	202	203	6	0	-3	5
132	0	0	0	0	-1	5
133	204	205	5	0.0615	-3	6
134	0	0	0	0	-1	6
135	206	207	4	1.95	-3	6.92592592592593
136	208	209	9	0	-3	6
137	0	0	0	0	-1	6
138	210	211	8	0.99533	-3	6.85714285714286
139	0	0	0	0	-1	6
140	0	0	0	0	-1	7
141	0	0	0	0	-1	7
142	212	213	5	0.0535	-3	5.0625
143	214	215	4	2.4	-3	5.71428571428571
144	0	0	0	0	-1	6
145	216	217	9	3.345	-3	4.78723404255319
146	218	219	6	4.5	-3	5.18181818181818
147	0	0	0	0	-1	4
148	0	0	0	0	-1	3
149	0	0	0	0	-1	4
150	0	0	0	0	-1	7
151	220	221	4	2.65	-3	5
152	222	223	10	0.575	-3	6.57142857142857
153	0	0	0	0	-1	6
154	224	225	5	0.0695	-3	5.03030303030303
155	226	227	5	0.0905	-3	4.33333333333333
156	0	0	0	0	-1	6
157	228	229	3	0.66	-3	5.14754098360656
158	230	231	2	0.485	-3	5.30434782608696
159	232	233	5	0.0715	-3	5.0625
160	234	235	2	0.35	-3	5.16666666666667
161	236	237	10	0.565	-3	5.68421052631579
162	0	0	0	0	-1	6.75
163	238	239	5	0.09	-3	5.66037735849057
164	240	241	3	0.295	-3	5.53299492385787
165	242	243	3	0.03	-3	5.15957446808511
166	244	245	11	10.2	-3	5.14705882352941
167	0	0	0	0	-1	4
168	0	0	0	0	-1	4.25
169	0	0	0	0	-1	5
170	0	0	0	0	-1	5
171	246	247	5	0	-3	5
172	248	249	10	10.75	-3	6
173	0	0	0	0	-1	6
174	0	0	0	0	-1	5.33333333333333
175	250	251	11	9.75	-3	5
176	252	253	10	0.775	-3	6.43589743589744
177	254	255	5	0.107	-3	6.81818181818182
178	256	257	2	0.45	-3	5.84615384615385
179	258	259	11	11.1	-3	6.62962962962963
180	0	0	0	0	-1	3.66666666666667
181	260	261	7	67.5	-3	5.56060606060606
182	262	263	5	0	-3	5
183	264	265	10	0	-3	5
184	0	0	0	0	-1	5
185	0	0	0	0	-1	5
186	0	0	0	0	-1	6
187	0	0	0	0	-1	6
188	266	267	1	5.5	-3	7.16666666666667
189	0	0	0	0	-1	8
190	0	0	0	0	-1	7
191	0	0	0	0	-1	6
192	268	269	7	112.5	-3	5.94202898550725
193	0	0	0	0	-1	4
194	270	271	3	0.135	-3	4.92857142857143
195	0	0	0	0	-1	6
196	272	273	11	12.55	-3	6.57142857142857
197	274	275	4	1.85	-3	6
198	0	0	0	0	-1	8
199	276	277	10	0.715	-3	6.8
200	278	279	6	23	-3	6
201	0	0	0	0	-1	6
202	0	0	0	0	-1	6
203	0	0	0	0	-1	5
204	0	0	0	0	-1	6
205	0	0	0	0	-1	6
206	280	281	8	0.99516	-3	6.66666666666667
207	282	283	7	26.5	-3	7
208	0	0	0	0	-1	6
209	284	285	1	8.3	-3	6
210	286	287	7	2.3	-3	7
211	0	0	0	0	-1	6
212	0	0	0	0	-1	6
213	288	289	5	0.063	-3	5
214	0	0	0	0	-1	6
215	0	0	0	0	-1	5.33333333333333
216	290	291	3	0.075	-3	4.47368421052632
217	292	293	1	7.05	-3	5
218	294	295	5	0.065	-3	4.85714285714286
219	0	0	0	0	-1	5.75
220	0	0	0	0	-1	5
221	0	0	0	0	-1	5
222	0	0	0	0	-1	7
223	0	0	0	0	-1	6
224	0	0	0	0	-1	6
225	296	297	10	0.505	-3	4.93333333333333
226	298	299	2	0.7425	-3	4.25
227	0	0	0	0	-1	5
228	300	301	1	7.95	-3	5.11864406779661
229	0	0	0	0	-1	6
230	302	303	2	0.425	-3	5.69230769230769
231	304	305	2	0.595	-3	5.25490196078431
232	306	307	1	7.55	-3	4.3
233	308	309	2	0.23	-3	5.17142857142857
234	0	0	0	0	-1	6
235	310	311	6	23.5	-3	5.09090909090909
236	312	313	3	0.165	-3	5.78571428571429
237	314	315	9	3.43	-3	5.4
238	316	317	9	3.27	-3	5.45161290322581
239	318	319	4	1.95	-3	5.95454545454545
240	320	321	11	10.55	-3	5.40769230769231
241	322	323	6	24.5	-3	5.77611940298507
242	0	0	0	0	-1	6
243	324	325	6	9.5	-3	5.1123595505618
244	326	327	11	9.65	-3	5.03846153846154
245	328	329	8	0.996355	-3	5.5
246	0	0	0	0	-1	5
247	330	331	4	2.95	-3	5
248	332	333	1	10.75	-3	6
249	0	0	0	0	-1	6
250	0	0	0	0	-1	5
251	334	335	10	10.7	-3	5
252	336	337	10	0.615	-3	6.13157894736842
253	338	339	10	0.895	-3	6.725
254	0	0	0	0	-1	7
255	0	0	0	0	-1	6.2
256	340	341	2	0.415	-3	6.01754385964912
257	342	343	5	0.079	-3	5.38095238095238
258	344	345	8	0.998695	-3	6.28571428571429
259	346	347	8	1.00125	-3	7
260	348	349	4	3.95	-3	5.71428571428571
261	350	351	5	0.412	-3	5.11764705882353
262	0	0	0	0	-1	7
263	0	0	0	0	-1	5
264	0	0	0	0	-1	5
265	0	0	0	0	-1	5
266	0	0	0	0	-1	7
267	0	0	0	0	-1	8
268	352	353	1	6.25	-3	5.95588235294118
269	0	0	0	0	-1	5
270	354	355	11	13.15	-3	5.08333333333333
271	0	0	0	0	-1	4
272	0	0	0	0	-1	6.8
273	0	0	0	0	-1	6
274	0	0	0	0	-1	5
275	356	357	7	11	-3	6.07692307692308
276	0	0	0	0	-1	6
277	358	359	10	0.915	-3	6.92307692307692
278	0	0	0	0	-1	6
279	0	0	0	0	-1	6
280	0	0	0	0	-1	6.33333333333333
281	0	0	0	0	-1	7
282	360	361	1	0	-3	7
283	0	0	0	0	-1	7
284	0	0	0	0	-1	6
285	0	0	0	0	-1	6
286	0	0	0	0	-1	6
287	0	0	0	0	-1	7
288	0	0	0	0	-1	5
289	362	363	10	0	-3	5
290	364	365	3	0.02	-3	4.125
291	366	367	2	0.495	-3	4.72727272727273
292	0	0	0	0	-1	5
293	368	369	7	9.5	-3	5
294	0	0	0	0	-1	4
295	370	371	11	0	-3	5
296	372	373	2	0.41	-3	5
297	0	0	0	0	-1	4
298	0	0	0	0	-1	4.5
299	0	0	0	0	-1	4
300	374	375	2	0.6	-3	5
301	376	377	11	9.05	-3	5.2258064516129
302	0	0	0	0	-1	5.4
303	378	379	3	0.175	-3	5.875
304	380	381	8	0.998445	-3	5
305	382	383	11	9.05	-3	5.38805970149254
306	0	0	0	0	-1	3.5
307	384	385	5	0.0695	-3	4.83333333333333
308	0	0	0	0	-1	6
309	386	387	1	7.25	-3	5.14705882352941
310	388	389	4	2.3	-3	5
311	0	0	0	0	-1	6
312	390	391	2	0.78	-3	5.42857142857143
313	392	393	7	45.5	-3	5.90476190476191
314	0	0	0	0	-1	6
315	0	0	0	0	-1	4.8
316	394	395	8	0.99685	-3	5
317	396	397	6	27	-3	5.56
318	0	0	0	0	-1	5
319	398	399	4	2.1	-3	6
320	400	401	4	1.35	-3	5.33035714285714
321	402	403	3	0.23	-3	5.88888888888889
322	404	405	11	11.05	-3	5.67924528301887
323	406	407	2	0.445	-3	6.14285714285714
324	0	0	0	0	-1	6
325	408	409	10	1.46	-3	5.08139534883721
326	0	0	0	0	-1	5
327	410	411	2	0.76	-3	5.125
328	0	0	0	0	-1	5
329	0	0	0	0	-1	5.8
330	0	0	0	0	-1	5
331	0	0	0	0	-1	5
332	412	413	5	0.0645	-3	6
333	0	0	0	0	-1	6
334	414	415	7	90.5	-3	5
335	0	0	0	0	-1	5
336	0	0	0	0	-1	5.6
337	416	417	4	3.15	-3	6.21212121212121
338	418	419	10	0.865	-3	6.63636363636364
339	420	421	10	0.97	-3	7.14285714285714
340	422	423	6	4	-3	5.94117647058824
341	424	425	6	11	-3	6.66666666666667
342	426	427	10	0.595	-3	5.07142857142857
343	428	429	6	3.135	-3	6
344	0	0	0	0	-1	7
345	430	431	9	3.3	-3	6.09090909090909
346	432	433	8	0.99885	-3	7.08333333333333
347	0	0	0	0	-1	6
348	434	435	2	0.6175	-3	5.81395348837209
349	436	437	1	0	-3	5
350	438	439	7	92	-3	5.1875
351	0	0	0	0	-1	4
352	440	441	10	0.585	-3	5.68292682926829
353	442	443	10	0.705	-3	6.07368421052632
354	0	0	0	0	-1	5
355	0	0	0	0	-1	6
356	0	0	0	0	-1	7
357	444	445	3	0.305	-3	6
358	446	447	9	3.255	-3	7
359	0	0	0	0	-1	6
360	0	0	0	0	-1	5
361	448	449	6	0	-3	7
362	0	0	0	0	-1	6
363	450	451	10	0.505	-3	5
364	0	0	0	0	-1	4.33333333333333
365	0	0	0	0	-1	4
366	452	453	5	0	-3	5
367	0	0	0	0	-1	4.25
368	0	0	0	0	-1	5
369	454	455	10	21.5	-3	5
370	0	0	0	0	-1	6
371	0	0	0	0	-1	5
372	0	0	0	0	-1	5
373	456	457	11	9.45	-3	5
374	458	459	8	0	-3	5
375	460	461	3	0.24	-3	5
376	0	0	0	0	-1	6
377	462	463	3	0.195	-3	5.17241379310345
378	0	0	0	0	-1	5
379	0	0	0	0	-1	6
380	464	465	7	26.5	-3	5.1
381	0	0	0	0	-1	4.4
382	466	467	5	0.1375	-3	5.83333333333333
383	468	469	6	11.5	-3	5.34426229508197
384	0	0	0	0	-1	5.25
385	0	0	0	0	-1	4
386	470	471	4	2.05	-3	5.58333333333333
387	472	473	7	93	-3	5.05357142857143
388	474	475	2	0	-3	5
389	0	0	0	0	-1	5
390	0	0	0	0	-1	5
391	0	0	0	0	-1	5.75
392	476	477	3	0.335	-3	5.83333333333333
393	478	479	1	0	-3	6
394	0	0	0	0	-1	5
395	0	0	0	0	-1	5
396	480	481	2	0.595	-3	5.45
397	0	0	0	0	-1	6
398	0	0	0	0	-1	6
399	482	483	2	0.45	-3	6
400	0	0	0	0	-1	4
401	484	485	5	0.1	-3	5.35454545454546
402	486	487	1	7.85	-3	6
403	0	0	0	0	-1	5
404	488	489	7	21	-3	5.54166666666667
405	0	0	0	0	-1	7
406	490	491	6	32.5	-3	5.90909090909091
407	0	0	0	0	-1	7
408	492	493	2	0.3	-3	5.03703703703704
409	0	0	0	0	-1	5.8
410	0	0	0	0	-1	5.33333333333333
411	0	0	0	0	-1	5
412	0	0	0	0	-1	6
413	0	0	0	0	-1	6
414	494	495	2	0	-3	5
415	0	0	0	0	-1	5
416	496	497	3	0.485	-3	6.25
417	0	0	0	0	-1	5
418	498	499	6	7	-3	6.7
419	0	0	0	0	-1	6
420	0	0	0	0	-1	8
421	500	501	1	10.45	-3	7
422	0	0	0	0	-1	5
423	502	503	2	0.305	-3	6.02127659574468
424	0	0	0	0	-1	6
425	0	0	0	0	-1	7
426	0	0	0	0	-1	6
427	504	505	4	1.7	-3	4.91666666666667
428	0	0	0	0	-1	5
429	506	507	5	0.086	-3	6
430	508	509	1	12.6	-3	6
431	0	0	0	0	-1	7
432	0	0	0	0	-1	8
433	510	511	11	11.75	-3	7
434	512	513	10	0.725	-3	5.725
435	0	0	0	0	-1	7
436	0	0	0	0	-1	7
437	0	0	0	0	-1	5
438	514	515	3	0.42	-3	5
439	516	517	9	3.19	-3	5.5
440	518	519	9	0	-3	5
441	520	521	7	92	-3	5.875
442	522	523	11	12.2	-3	5.97368421052632
443	524	525	10	0.775	-3	6.47368421052632
444	0	0	0	0	-1	6
445	526	527	10	0.63	-3	6
446	0	0	0	0	-1	7
447	0	0	0	0	-1	7
448	0	0	0	0	-1	5
449	528	529	11	0	-3	7
450	0	0	0	0	-1	5
451	0	0	0	0	-1	5
452	0	0	0	0	-1	4
453	530	531	8	0.99575	-3	5
454	532	533	11	0.84	-3	5
455	0	0	0	0	-1	5
456	534	535	6	0	-3	5
457	0	0	0	0	-1	5
458	0	0	0	0	-1	8
459	536	537	7	122.5	-3	5
460	538	539	10	0	-3	5
461	0	0	0	0	-1	5
462	0	0	0	0	-1	5.6
463	540	541	8	0.997055	-3	5.08333333333333
464	0	0	0	0	-1	6
465	542	543	6	16.5	-3	5.06896551724138
466	0	0	0	0	-1	6
467	0	0	0	0	-1	5
468	544	545	11	9.25	-3	5.09090909090909
469	546	547	8	0.99728	-3	5.48717948717949
470	0	0	0	0	-1	6
471	548	549	3	0.16	-3	5.28571428571429
472	550	551	9	3.355	-3	5
473	552	553	7	95	-3	5.13636363636364
474	0	0	0	0	-1	6
475	554	555	4	0	-3	5
476	556	557	2	0.7075	-3	5.90909090909091
477	0	0	0	0	-1	5
478	0	0	0	0	-1	5
479	558	559	6	23	-3	6
480	560	561	2	0.555	-3	5.23076923076923
481	562	563	4	1.9	-3	5.85714285714286
482	0	0	0	0	-1	6
483	564	565	2	0.5925	-3	6
484	566	567	10	0.635	-3	5.42857142857143
485	568	569	2	0.415	-3	5.11538461538461
486	570	571	4	1.95	-3	5.81818181818182
487	0	0	0	0	-1	6.4
488	0	0	0	0	-1	5
489	572	573	4	5.35	-3	5.6046511627907
490	0	0	0	0	-1	6
491	0	0	0	0	-1	5
492	0	0	0	0	-1	6
493	574	575	6	19.5	-3	5.0126582278481
494	0	0	0	0	-1	5
495	0	0	0	0	-1	5
496	576	577	11	10.7	-3	6.08333333333333
497	578	579	11	11.65	-3	6.75
498	580	581	8	0.995785	-3	6.14285714285714
499	582	583	8	0.996065	-3	6.8695652173913
500	0	0	0	0	-1	7
501	0	0	0	0	-1	7
502	584	585	1	10.45	-3	6.26315789473684
503	586	587	3	0.515	-3	5.85714285714286
504	0	0	0	0	-1	4
505	588	589	1	10.55	-3	5
506	0	0	0	0	-1	6
507	0	0	0	0	-1	6
508	590	591	4	4.75	-3	6
509	0	0	0	0	-1	6
510	592	593	3	0.51	-3	7
511	0	0	0	0	-1	7
512	594	595	6	11	-3	5.5
513	596	597	11	9.75	-3	5.95
514	0	0	0	0	-1	5
515	0	0	0	0	-1	5
516	0	0	0	0	-1	5.75
517	0	0	0	0	-1	5
518	0	0	0	0	-1	7
519	598	599	4	2.5	-3	5
520	600	601	11	12.65	-3	5.8
521	0	0	0	0	-1	7
522	602	603	6	8.5	-3	5.94285714285714
523	604	605	6	29.5	-3	6.33333333333333
524	606	607	1	7.7	-3	7.14285714285714
525	608	609	4	2.35	-3	6.08333333333333
526	0	0	0	0	-1	6
527	0	0	0	0	-1	6
528	0	0	0	0	-1	6
529	0	0	0	0	-1	7
530	0	0	0	0	-1	5
531	0	0	0	0	-1	5
532	0	0	0	0	-1	5
533	610	611	6	3.5	-3	5
534	0	0	0	0	-1	5
535	612	613	5	0.084	-3	5
536	0	0	0	0	-1	5
537	0	0	0	0	-1	5
538	0	0	0	0	-1	5
539	614	615	4	1.85	-3	5
540	0	0	0	0	-1	5.4
541	616	617	7	64.5	-3	5
542	618	619	5	0.073	-3	5
543	620	621	3	0.135	-3	5.28571428571429
544	0	0	0	0	-1	4.5
545	622	623	11	9.55	-3	5.15
546	624	625	3	0.075	-3	5.80952380952381
547	626	627	4	2.95	-3	5.11111111111111
548	0	0	0	0	-1	5.66666666666667
549	0	0	0	0	-1	5
550	628	629	1	8.15	-3	5
551	630	631	3	0.4	-3	5
552	0	0	0	0	-1	5.75
553	632	633	1	0	-3	5
554	0	0	0	0	-1	4
555	0	0	0	0	-1	5
556	0	0	0	0	-1	6
557	0	0	0	0	-1	5
558	634	635	7	61.5	-3	6
559	0	0	0	0	-1	6
560	636	637	8	0.995965	-3	5.375
561	0	0	0	0	-1	5
562	0	0	0	0	-1	5
563	638	639	1	7.45	-3	6
564	0	0	0	0	-1	6
565	640	641	3	0.12	-3	6
566	642	643	8	0.99648	-3	5.65384615384615
567	644	645	1	7	-3	5.32758620689655
568	0	0	0	0	-1	6
569	646	647	8	0.996145	-3	5.08
570	0	0	0	0	-1	5
571	648	649	9	0	-3	6
572	650	651	3	0.48	-3	5.57142857142857
573	0	0	0	0	-1	7
574	652	653	7	84.5	-3	5.10810810810811
575	654	655	4	1.65	-3	4.92857142857143
576	656	657	2	0.275	-3	6.28571428571429
577	658	659	8	0.99687	-3	6
578	0	0	0	0	-1	7.2
579	0	0	0	0	-1	6
580	0	0	0	0	-1	7
581	0	0	0	0	-1	5.5
582	0	0	0	0	-1	6.4
583	660	661	7	0	-3	7
584	0	0	0	0	-1	5.8
585	662	663	10	1.165	-3	6.42857142857143
586	664	665	4	2.25	-3	5.95454545454545
587	666	667	7	47.5	-3	5.5
588	668	669	8	0	-3	5
589	0	0	0	0	-1	5
590	670	671	6	19.5	-3	6
591	0	0	0	0	-1	6
592	0	0	0	0	-1	7
593	0	0	0	0	-1	7
594	672	673	7	43	-3	6
595	674	675	3	0.675	-3	5.23076923076923
596	676	677	6	12.5	-3	5.33333333333333
597	678	679	8	0.998	-3	6.21428571428571
598	680	681	2	0	-3	5
599	0	0	0	0	-1	5
600	682	683	8	0.99534	-3	5.75862068965517
601	0	0	0	0	-1	7
602	684	685	10	0.605	-3	5.69230769230769
603	686	687	2	0.565	-3	6
604	0	0	0	0	-1	6
605	0	0	0	0	-1	7
606	688	689	11	11.45	-3	7
607	0	0	0	0	-1	8
608	0	0	0	0	-1	6
609	0	0	0	0	-1	7
610	0	0	0	0	-1	5
611	690	691	1	0	-3	5
612	0	0	0	0	-1	5
613	0	0	0	0	-1	5
614	0	0	0	0	-1	5
615	0	0	0	0	-1	5
616	692	693	2	0	-3	5
617	694	695	5	0.0915	-3	5
618	0	0	0	0	-1	5
619	696	697	2	0.51	-3	5
620	0	0	0	0	-1	6
621	0	0	0	0	-1	5
622	698	699	8	0.99834	-3	5.3
623	700	701	2	0.7625	-3	5
624	0	0	0	0	-1	5.25
625	702	703	1	8.2	-3	5.94117647058824
626	704	705	3	0.17	-3	5
627	0	0	0	0	-1	5.4
628	706	707	9	3.18	-3	5
629	0	0	0	0	-1	5
630	708	709	6	0	-3	5
631	0	0	0	0	-1	5
632	0	0	0	0	-1	6
633	710	711	6	36.5	-3	5
634	0	0	0	0	-1	6
635	0	0	0	0	-1	6
636	0	0	0	0	-1	6
637	712	713	3	0.105	-3	5.16666666666667
638	0	0	0	0	-1	6
639	0	0	0	0	-1	6
640	0	0	0	0	-1	6
641	714	715	1	7.8	-3	6
642	716	717	7	18.5	-3	5.27272727272727
643	718	719	1	7.6	-3	5.93333333333333
644	720	721	4	2.2	-3	5.07407407407407
645	722	723	11	9.575	-3	5.54838709677419
646	0	0	0	0	-1	6
647	724	725	11	10.4	-3	5.04166666666667
648	0	0	0	0	-1	5
649	726	727	10	0.795	-3	6
650	728	729	7	59	-3	5.79166666666667
651	730	731	1	8.05	-3	5.27777777777778
652	732	733	2	0.59	-3	5.25
653	734	735	1	8.95	-3	5.04
654	0	0	0	0	-1	4
655	736	737	5	0.0735	-3	4.95121951219512
656	0	0	0	0	-1	6
657	0	0	0	0	-1	6.66666666666667
658	738	739	1	10.6	-3	6
659	0	0	0	0	-1	6
660	0	0	0	0	-1	6
661	0	0	0	0	-1	7
662	740	741	2	0.255	-3	6.33333333333333
663	0	0	0	0	-1	7
664	742	743	2	0	-3	6
665	744	745	5	0.084	-3	5.88888888888889
666	0	0	0	0	-1	6
667	0	0	0	0	-1	5
668	0	0	0	0	-1	5
669	746	747	11	9.45	-3	5
670	0	0	0	0	-1	6
671	0	0	0	0	-1	6
672	748	749	6	5.5	-3	5.83333333333333
673	0	0	0	0	-1	7
674	750	751	2	0.35	-3	5
675	0	0	0	0	-1	6
676	0	0	0	0	-1	5
677	0	0	0	0	-1	6
678	0	0	0	0	-1	7
679	752	753	9	3.16	-3	6.15384615384615
680	0	0	0	0	-1	6
681	0	0	0	0	-1	5
682	754	755	10	0.615	-3	5.81481481481481
683	0	0	0	0	-1	5
684	756	757	9	3.29	-3	5.33333333333333
685	758	759	8	0	-3	6
686	760	761	5	0.0885	-3	6.11111111111111
687	762	763	4	2.75	-3	5.94871794871795
688	0	0	0	0	-1	7
689	0	0	0	0	-1	7
690	0	0	0	0	-1	7
691	0	0	0	0	-1	5
692	0	0	0	0	-1	6
693	764	765	9	3.195	-3	5
694	0	0	0	0	-1	5
695	766	767	1	9.15	-3	5
696	0	0	0	0	-1	5
697	768	769	11	9.3	-3	5
698	770	771	7	58	-3	5.125
699	0	0	0	0	-1	6
700	772	773	5	0.088	-3	5
701	0	0	0	0	-1	5
702	774	775	4	2.05	-3	6
703	0	0	0	0	-1	5
704	776	777	7	87	-3	5
705	0	0	0	0	-1	5
706	0	0	0	0	-1	5
707	778	779	11	0	-3	5
708	0	0	0	0	-1	5
709	780	781	5	36	-3	5
710	782	783	7	105	-3	5
711	0	0	0	0	-1	5
712	0	0	0	0	-1	6
713	0	0	0	0	-1	5
714	0	0	0	0	-1	6
715	0	0	0	0	-1	6
716	0	0	0	0	-1	6
717	0	0	0	0	-1	5
718	0	0	0	0	-1	6.4
719	784	785	3	0.185	-3	5.7
720	786	787	5	0.0715	-3	5.03846153846154
721	0	0	0	0	-1	6
722	788	789	5	0.0875	-3	5.11111111111111
723	790	791	5	0.064	-3	5.72727272727273
724	792	793	6	9.5	-3	5
725	0	0	0	0	-1	6
726	794	795	1	7.4	-3	6
727	0	0	0	0	-1	6
728	796	797	5	0.0585	-3	5.86363636363636
729	0	0	0	0	-1	5
730	0	0	0	0	-1	5.8
731	798	799	7	32	-3	5.07692307692308
732	800	801	7	80	-3	5.11111111111111
733	0	0	0	0	-1	5.66666666666667
734	802	803	6	10.5	-3	5
735	0	0	0	0	-1	6
736	804	805	1	7.4	-3	4.77777777777778
737	806	807	2	0.6625	-3	5
738	808	809	9	0.0695	-3	6
739	0	0	0	0	-1	6
740	0	0	0	0	-1	7
741	810	811	1	11.25	-3	6.2
742	0	0	0	0	-1	5
743	812	813	10	0.63	-3	6
744	814	815	3	0.495	-3	6
745	0	0	0	0	-1	5
746	0	0	0	0	-1	5
747	0	0	0	0	-1	5
748	0	0	0	0	-1	5
749	0	0	0	0	-1	6
750	0	0	0	0	-1	5
751	816	817	6	0	-3	5
752	0	0	0	0	-1	7
753	0	0	0	0	-1	6
754	818	819	8	0.993265	-3	5.625
755	820	821	7	76	-3	5.89473684210526
756	0	0	0	0	-1	6
757	0	0	0	0	-1	5
758	0	0	0	0	-1	6
759	0	0	0	0	-1	6
760	822	823	4	2.3	-3	6.05882352941176
761	0	0	0	0	-1	7
762	824	825	10	0.475	-3	6
763	0	0	0	0	-1	5.33333333333333
764	0	0	0	0	-1	5
765	0	0	0	0	-1	5
766	826	827	6	27	-3	5
767	0	0	0	0	-1	5
768	0	0	0	0	-1	5
769	0	0	0	0	-1	5
770	828	829	4	2.25	-3	5
771	0	0	0	0	-1	5.5
772	0	0	0	0	-1	5
773	830	831	10	0	-3	5
774	832	833	2	0	-3	6
775	834	835	7	0	-3	6
776	0	0	0	0	-1	5
777	0	0	0	0	-1	5
778	0	0	0	0	-1	4
779	0	0	0	0	-1	5
780	0	0	0	0	-1	5
781	0	0	0	0	-1	5
782	0	0	0	0	-1	5
783	836	837	8	0.9975	-3	5
784	838	839	3	0.15	-3	6
785	0	0	0	0	-1	5.25
786	840	841	8	0.996155	-3	5.11111111111111
787	842	843	8	0.9963	-3	5
788	0	0	0	0	-1	5
789	0	0	0	0	-1	5.25
790	0	0	0	0	-1	5
791	844	845	10	0.69	-3	5.8
792	846	847	5	0.1055	-3	5
793	848	849	2	0.53	-3	5
794	0	0	0	0	-1	6
795	0	0	0	0	-1	6
796	0	0	0	0	-1	5
797	850	851	7	42.5	-3	5.90476190476191
798	0	0	0	0	-1	5.2
799	852	853	5	0.418	-3	5
800	854	855	1	7.3	-3	5
801	0	0	0	0	-1	6
802	0	0	0	0	-1	5
803	0	0	0	0	-1	5
804	0	0	0	0	-1	5
805	0	0	0	0	-1	4
806	856	857	9	3.285	-3	5
807	0	0	0	0	-1	5
808	0	0	0	0	-1	6
809	858	859	6	4.5	-3	6
810	0	0	0	0	-1	7
811	860	861	6	0	-3	6
812	0	0	0	0	-1	6
813	862	863	9	2.985	-3	6
814	864	865	9	3.095	-3	6
815	0	0	0	0	-1	6
816	0	0	0	0	-1	7
817	866	867	2	0.415	-3	5
818	0	0	0	0	-1	6
819	0	0	0	0	-1	5.4
820	868	869	6	11.5	-3	5.94444444444444
821	0	0	0	0	-1	5
822	870	871	11	11.55	-3	6
823	0	0	0	0	-1	6.2
824	0	0	0	0	-1	6
825	872	873	3	0.005	-3	6
826	0	0	0	0	-1	5
827	0	0	0	0	-1	5
828	0	0	0	0	-1	5
829	0	0	0	0	-1	5
830	0	0	0	0	-1	7
831	0	0	0	0	-1	5
832	0	0	0	0	-1	6
833	874	875	7	88.5	-3	6
834	0	0	0	0	-1	6
835	876	877	1	7.7	-3	6
836	0	0	0	0	-1	5
837	0	0	0	0	-1	5
838	0	0	0	0	-1	6
839	0	0	0	0	-1	6
840	0	0	0	0	-1	5
841	0	0	0	0	-1	5.25
842	0	0	0	0	-1	5
843	878	879	7	32.5	-3	5
844	880	881	11	9.7	-3	5.33333333333333
845	882	883	4	2.15	-3	6
846	0	0	0	0	-1	5
847	884	885	2	0	-3	5
848	886	887	8	0.99685	-3	5
849	888	889	6	7.95	-3	5
850	890	891	2	0.41	-3	5.81818181818182
851	892	893	4	2.35	-3	6
852	894	895	11	0	-3	5
853	0	0	0	0	-1	5
854	0	0	0	0	-1	5
855	896	897	8	0	-3	5
856	898	899	11	0.66	-3	5
857	0	0	0	0	-1	5
858	0	0	0	0	-1	6
859	900	901	3	0.37	-3	6
860	0	0	0	0	-1	7
861	902	903	9	3.135	-3	6
862	0	0	0	0	-1	6
863	904	905	2	0.315	-3	6
864	0	0	0	0	-1	6
865	0	0	0	0	-1	6
866	0	0	0	0	-1	5
867	0	0	0	0	-1	5
868	906	907	5	0.057	-3	5.85714285714286
869	0	0	0	0	-1	6
870	908	909	10	0.645	-3	6
871	0	0	0	0	-1	6
872	0	0	0	0	-1	6
873	910	911	1	0	-3	6
874	0	0	0	0	-1	6
875	0	0	0	0	-1	6
876	912	913	2	0.6925	-3	6
877	0	0	0	0	-1	6
878	914	915	2	0	-3	5
879	0	0	0	0	-1	5
880	0	0	0	0	-1	6
881	0	0	0	0	-1	5
882	916	917	2	0.45	-3	6.09090909090909
883	0	0	0	0	-1	5.66666666666667
884	0	0	0	0	-1	5
885	918	919	4	3	-3	5
886	0	0	0	0	-1	5
887	0	0	0	0	-1	5
888	0	0	0	0	-1	6
889	920	921	8	0.99825	-3	5
890	922	923	2	0.285	-3	6
891	0	0	0	0	-1	5.33333333333333
892	0	0	0	0	-1	6
893	924	925	8	0.99835	-3	6
894	0	0	0	0	-1	5
895	926	927	7	40	-3	5
896	0	0	0	0	-1	7
897	0	0	0	0	-1	5
898	0	0	0	0	-1	5
899	0	0	0	0	-1	5
900	0	0	0	0	-1	6
901	928	929	11	12.15	-3	6
902	0	0	0	0	-1	6
903	0	0	0	0	-1	6
904	0	0	0	0	-1	6
905	0	0	0	0	-1	6
906	0	0	0	0	-1	6
907	0	0	0	0	-1	5
908	930	931	3	0	-3	6
909	0	0	0	0	-1	6
910	0	0	0	0	-1	6
911	932	933	6	13.5	-3	6
912	0	0	0	0	-1	6
913	0	0	0	0	-1	6
914	0	0	0	0	-1	5
915	0	0	0	0	-1	5
916	0	0	0	0	-1	7
917	934	935	1	7.25	-3	6
918	0	0	0	0	-1	5
919	0	0	0	0	-1	5
920	936	937	10	0	-3	5
921	0	0	0	0	-1	5
922	938	939	11	9.5	-3	6
923	0	0	0	0	-1	6
924	0	0	0	0	-1	6
925	0	0	0	0	-1	6
926	0	0	0	0	-1	5
927	0	0	0	0	-1	5
928	0	0	0	0	-1	6
929	0	0	0	0	-1	6
930	0	0	0	0	-1	6
931	940	941	4	1.75	-3	6
932	942	943	2	0.65	-3	6
933	944	945	9	3.32	-3	6
934	946	947	1	7.15	-3	6
935	0	0	0	0	-1	6
936	0	0	0	0	-1	6
937	948	949	3	0.235	-3	5
938	0	0	0	0	-1	6
939	0	0	0	0	-1	6
940	950	951	8	0	-3	6
941	0	0	0	0	-1	6
942	952	953	11	10.6	-3	6
943	0	0	0	0	-1	6
944	0	0	0	0	-1	6
945	954	955	4	16.5	-3	6
946	0	0	0	0	-1	6
947	0	0	0	0	-1	6
948	0	0	0	0	-1	5
949	0	0	0	0	-1	5
950	0	0	0	0	-1	4
951	956	957	1	7.1	-3	6
952	0	0	0	0	-1	6
953	958	959	9	0	-3	6
954	960	961	1	7	-3	6
955	0	0	0	0	-1	6
956	0	0	0	0	-1	6
957	0	0	0	0	-1	6
958	0	0	0	0	-1	5
959	0	0	0	0	-1	6
960	0	0	0	0	-1	6
961	0	0	0	0	-1	6
