1	2	3	8	0.99539	-3	5.63852407754847
2	4	5	3	0.275	-3	6.10248447204969
3	6	7	3	0.335	-3	5.52153484729835
4	8	9	2	0.585	-3	5.78191489361702
5	10	11	1	7.1	-3	6.55223880597015
6	12	13	10	0.575	-3	5.37200504413619
7	14	15	2	0.355	-3	5.76652892561983
8	16	17	9	3.84	-3	6.06122448979592
9	18	19	9	3.34	-3	5.47777777777778
10	20	21	8	0.99287	-3	6.14285714285714
11	22	23	10	0.67	-3	6.6283185840708
12	24	25	8	0.99689	-3	5.11271676300578
13	26	27	8	0.995645	-3	5.57270693512304
14	28	29	7	56.5	-3	6.14473684210526
15	30	31	7	65.5	-3	5.5933734939759
16	32	33	9	3.395	-3	6.10526315789474
17	0	0	0	0	-1	4.66666666666667
18	34	35	3	0.005	-3	4.94736842105263
19	36	37	11	12.2	-3	5.61971830985915
20	38	39	4	1.75	-3	6.83333333333333
21	40	41	8	0.99507	-3	5.86666666666667
22	42	43	9	3.275	-3	6.3265306122449
23	44	45	7	49	-3	6.859375
24	46	47	4	5.55	-3	5.19907407407407
25	48	49	9	3.54	-3	4.96923076923077
26	50	51	8	0.995485	-3	6.02325581395349
27	52	53	10	0.685	-3	5.52475247524753
28	54	55	3	0.7	-3	6.26666666666667
29	56	57	9	3.455	-3	5.6875
30	58	59	11	11.45	-3	5.73553719008265
31	60	61	1	10.05	-3	5.21111111111111
32	62	63	10	0.475	-3	5.85365853658537
33	64	65	10	0.635	-3	6.2962962962963
34	0	0	0	0	-1	3.5
35	66	67	3	0.015	-3	5.11764705882353
36	68	69	10	0.415	-3	5.37735849056604
37	70	71	8	0.99241	-3	6.33333333333333
38	0	0	0	0	-1	6
39	0	0	0	0	-1	7
40	72	73	7	29.5	-3	6
41	0	0	0	0	-1	5.33333333333333
42	74	75	6	39.75	-3	6.57142857142857
43	76	77	5	0.0545	-3	6
44	78	79	6	3.5	-3	6.94545454545455
45	80	81	2	0.315	-3	6.33333333333333
46	82	83	3	0.225	-3	5.23333333333333
47	84	85	9	3.44	-3	4
48	86	87	8	0.99857	-3	4.93650793650794
49	0	0	0	0	-1	6
50	88	89	4	2.1	-3	5.72727272727273
51	90	91	9	3.565	-3	6.125
52	92	93	11	10.35	-3	5.4176245210728
53	94	95	2	0.565	-3	5.72027972027972
54	96	97	11	11.05	-3	6.2212389380531
55	98	99	11	9.1	-3	7
56	100	101	10	0.785	-3	5.55172413793103
57	0	0	0	0	-1	7
58	102	103	11	9.7	-3	5.49162011173184
59	104	105	10	0.58	-3	6.42857142857143
60	106	107	3	0.85	-3	5.08333333333333
61	108	109	5	0.075	-3	5.72222222222222
62	0	0	0	0	-1	5
63	110	111	11	9.75	-3	5.94594594594595
64	112	113	8	0.99281	-3	5.80952380952381
65	114	115	11	12	-3	6.60606060606061
66	0	0	0	0	-1	6
67	116	117	5	0.073	-3	5
68	0	0	0	0	-1	3
69	118	119	11	10.65	-3	5.42307692307692
70	0	0	0	0	-1	8
71	120	121	6	8.5	-3	6.125
72	0	0	0	0	-1	7
73	122	123	3	0.29	-3	5.90909090909091
74	124	125	2	0.275	-3	6.46153846153846
75	0	0	0	0	-1	8
76	0	0	0	0	-1	7
77	126	127	3	0.435	-3	5.89473684210526
78	0	0	0	0	-1	6
79	128	129	8	0.994725	-3	7
80	0	0	0	0	-1	7
81	130	131	1	7.75	-3	6
82	132	133	8	0.996695	-3	5.30666666666667
83	134	135	10	0.49	-3	5.05
84	0	0	0	0	-1	4
85	0	0	0	0	-1	4
86	136	137	4	4.25	-3	4.83333333333333
87	138	139	7	13	-3	5.26666666666667
88	140	141	5	0.077	-3	5.5
89	0	0	0	0	-1	6
90	142	143	4	1.85	-3	6.03448275862069
91	0	0	0	0	-1	7
92	144	145	1	6.65	-3	5.3031914893617
93	146	147	6	7.5	-3	5.71232876712329
94	148	149	4	1.75	-3	5.96825396825397
95	150	151	7	17	-3	5.525
96	152	153	11	9.75	-3	6.0253164556962
97	154	155	11	12.35	-3	6.6764705882353
98	0	0	0	0	-1	6
99	156	157	11	10.3	-3	7.16666666666667
100	158	159	11	9.75	-3	5.65217391304348
101	160	161	1	8.65	-3	5.16666666666667
102	162	163	3	0.43	-3	5.07692307692308
103	164	165	8	0.99569	-3	5.66141732283465
104	0	0	0	0	-1	6
105	166	167	9	3.245	-3	6.51923076923077
106	168	169	9	3.32	-3	5.09859154929578
107	0	0	0	0	-1	4
108	0	0	0	0	-1	7
109	170	171	1	10.45	-3	5.5625
110	0	0	0	0	-1	5
111	172	173	3	0.015	-3	5.97222222222222
112	0	0	0	0	-1	7
113	174	175	5	0.0525	-3	5.75
114	176	177	10	0.735	-3	6.21052631578947
115	178	179	1	7.2	-3	7.14285714285714
116	0	0	0	0	-1	5
117	0	0	0	0	-1	5
118	180	181	4	2	-3	4.91666666666667
119	182	183	8	0.993985	-3	5.575
120	0	0	0	0	-1	7
121	184	185	4	2.35	-3	6
122	0	0	0	0	-1	5
123	186	187	11	0	-3	6
124	188	189	7	69	-3	6
125	190	191	5	0.061	-3	6.66666666666667
126	192	193	2	0.49	-3	6
127	0	0	0	0	-1	5
128	194	195	10	0.765	-3	7.26666666666667
129	196	197	3	0.295	-3	6.89189189189189
130	0	0	0	0	-1	6
131	0	0	0	0	-1	6
132	198	199	2	0.73	-3	5.21008403361345
133	200	201	2	0.72	-3	5.67741935483871
134	202	203	2	0.82	-3	4.7
135	204	205	5	0.063	-3	5.12
136	206	207	2	0.9325	-3	4.88636363636364
137	208	209	7	63.5	-3	4.25
138	0	0	0	0	-1	3
139	210	211	9	3.335	-3	5.3448275862069
140	0	0	0	0	-1	5
141	0	0	0	0	-1	6
142	0	0	0	0	-1	7
143	212	213	7	64	-3	6
144	214	215	11	9.9	-3	4.95652173913043
145	216	217	7	41.5	-3	5.35151515151515
146	218	219	2	0.7225	-3	4.76923076923077
147	220	221	6	11.5	-3	5.91666666666667
148	0	0	0	0	-1	7
149	222	223	6	35.5	-3	5.9344262295082
150	224	225	1	8.05	-3	6.71428571428571
151	226	227	9	3.275	-3	5.41095890410959
152	228	229	1	14.2	-3	5.76923076923077
153	230	231	9	3.265	-3	6.15094339622642
154	232	233	1	8.05	-3	6.59375
155	0	0	0	0	-1	8
156	0	0	0	0	-1	8
157	0	0	0	0	-1	7
158	234	235	2	0.325	-3	5.16666666666667
159	236	237	7	97.5	-3	6.18181818181818
160	0	0	0	0	-1	5.5
161	0	0	0	0	-1	5
162	238	239	1	10.75	-3	5.29166666666667
163	240	241	3	0.5	-3	4.89285714285714
164	0	0	0	0	-1	6.66666666666667
165	242	243	5	0.0645	-3	5.63709677419355
166	244	245	4	4.8	-3	6.73333333333333
167	246	247	4	4.55	-3	6.22727272727273
168	248	249	4	2.05	-3	5.02380952380952
169	250	251	3	0.35	-3	5.20689655172414
170	252	253	3	0	-3	6
171	254	255	10	0.975	-3	5.22222222222222
172	0	0	0	0	-1	7
173	256	257	1	8.55	-3	5.94285714285714
174	0	0	0	0	-1	5
175	258	259	10	0.605	-3	5.88235294117647
176	260	261	10	0.69	-3	6.57142857142857
177	262	263	7	16.5	-3	6
178	264	265	2	0.4	-3	7
179	0	0	0	0	-1	8
180	266	267	2	0.925	-3	4.7
181	0	0	0	0	-1	6
182	268	269	3	0.09	-3	5.23529411764706
183	270	271	4	3.5	-3	5.82608695652174
184	272	273	1	5.9	-3	6.08333333333333
185	0	0	0	0	-1	5.5
186	0	0	0	0	-1	7
187	0	0	0	0	-1	6
188	274	275	3	0.44	-3	6
189	0	0	0	0	-1	6
190	0	0	0	0	-1	6.2
191	276	277	6	18	-3	6.84615384615385
192	278	279	5	0.0705	-3	6
193	0	0	0	0	-1	6
194	280	281	4	1.9	-3	7.5
195	0	0	0	0	-1	6.8
196	0	0	0	0	-1	6
197	282	283	2	0.505	-3	6.94285714285714
198	284	285	3	0.105	-3	5.32183908045977
199	286	287	5	0.074	-3	4.90625
200	288	289	9	3.225	-3	5.8695652173913
201	290	291	2	0.955	-3	5.125
202	292	293	8	0	-3	5
203	0	0	0	0	-1	4
204	0	0	0	0	-1	6
205	294	295	6	19	-3	5.10204081632653
206	296	297	8	0.99754	-3	4.92941176470588
207	0	0	0	0	-1	3.66666666666667
208	0	0	0	0	-1	3.6
209	0	0	0	0	-1	5.33333333333333
210	298	299	6	15.5	-3	5.77777777777778
211	300	301	8	0.9987	-3	5.15
212	0	0	0	0	-1	6
213	0	0	0	0	-1	6
214	302	303	2	0.445	-3	5.13333333333333
215	304	305	7	20	-3	4.625
216	306	307	1	8.85	-3	5.54411764705882
217	308	309	8	0.99675	-3	5.21649484536083
218	310	311	7	19	-3	5.42857142857143
219	312	313	3	0	-3	4
220	314	315	6	9.5	-3	6.5
221	316	317	6	34	-3	5.8
222	318	319	1	8.05	-3	6
223	0	0	0	0	-1	5.2
224	0	0	0	0	-1	7
225	0	0	0	0	-1	6
226	320	321	6	11	-3	5.09090909090909
227	322	323	11	10.65	-3	5.54901960784314
228	324	325	3	0.395	-3	5.66666666666667
229	0	0	0	0	-1	7
230	326	327	5	0.061	-3	6.41935483870968
231	328	329	4	2.05	-3	5.77272727272727
232	0	0	0	0	-1	6
233	330	331	3	0.655	-3	6.67857142857143
234	332	333	3	0.555	-3	5
235	0	0	0	0	-1	5.5
236	334	335	2	0.32	-3	6.1
237	0	0	0	0	-1	7
238	336	337	1	7.1	-3	5.15789473684211
239	0	0	0	0	-1	5.8
240	338	339	11	8.55	-3	4.72222222222222
241	340	341	8	0.999	-3	5.2
242	342	343	7	16	-3	5.25
243	344	345	11	9.95	-3	5.69444444444444
244	346	347	9	3.075	-3	6.64285714285714
245	0	0	0	0	-1	8
246	348	349	4	4.4	-3	6.05555555555556
247	0	0	0	0	-1	7
248	350	351	9	3.06	-3	5.0625
249	352	353	8	3.06	-3	5
250	0	0	0	0	-1	5.6
251	354	355	2	0.385	-3	5.125
252	0	0	0	0	-1	5
253	356	357	2	0	-3	6
254	358	359	1	11.1	-3	5.125
255	0	0	0	0	-1	6
256	360	361	8	0.99526	-3	5.97058823529412
257	0	0	0	0	-1	5
258	362	363	4	1.65	-3	5.8125
259	0	0	0	0	-1	7
260	0	0	0	0	-1	6.25
261	0	0	0	0	-1	7
262	0	0	0	0	-1	6
263	0	0	0	0	-1	6
264	0	0	0	0	-1	6
265	364	365	6	18.5	-3	7.09090909090909
266	366	367	1	5.8	-3	4.875
267	0	0	0	0	-1	4
268	368	369	7	44.5	-3	5.57142857142857
269	370	371	11	12	-3	5
270	372	373	6	6.5	-3	5.90909090909091
271	0	0	0	0	-1	4
272	374	375	8	0.99382	-3	6
273	0	0	0	0	-1	6.2
274	0	0	0	0	-1	6
275	0	0	0	0	-1	6
276	376	377	5	0.0955	-3	6.91666666666667
277	0	0	0	0	-1	6
278	378	379	1	7.35	-3	6
279	0	0	0	0	-1	6
280	0	0	0	0	-1	8
281	380	381	10	0.745	-3	7.375
282	382	383	8	0.99483	-3	7
283	0	0	0	0	-1	6
284	384	385	7	15	-3	5.48076923076923
285	386	387	9	3.49	-3	5.08571428571429
286	388	389	10	0.565	-3	4.66666666666667
287	0	0	0	0	-1	5
288	0	0	0	0	-1	5.33333333333333
289	390	391	11	9.25	-3	5.95
290	392	393	1	0	-3	5
291	0	0	0	0	-1	6
292	0	0	0	0	-1	6
293	394	395	1	8.1	-3	5
294	396	397	7	73	-3	5.18181818181818
295	398	399	8	0.995895	-3	4.9375
296	400	401	6	4.5	-3	5.08571428571429
297	402	403	6	17.5	-3	4.82
298	404	405	7	31.5	-3	6
299	0	0	0	0	-1	5.33333333333333
300	0	0	0	0	-1	6
301	406	407	7	63	-3	5
302	0	0	0	0	-1	6
303	0	0	0	0	-1	5
304	0	0	0	0	-1	4
305	0	0	0	0	-1	5
306	408	409	3	0.22	-3	5.61666666666667
307	410	411	2	0.8225	-3	5
308	412	413	9	3.27	-3	5.07142857142857
309	414	415	2	0.65	-3	5.32727272727273
310	0	0	0	0	-1	6
311	0	0	0	0	-1	5
312	0	0	0	0	-1	5
313	0	0	0	0	-1	4
314	0	0	0	0	-1	5.75
315	0	0	0	0	-1	7
316	416	417	4	1.95	-3	5.85106382978723
317	0	0	0	0	-1	5
318	418	419	9	3.235	-3	5.76923076923077
319	420	421	1	8.15	-3	6.2
320	422	423	7	35	-3	5.33333333333333
321	424	425	6	21.5	-3	4.92307692307692
322	426	427	10	0.815	-3	5.32432432432432
323	428	429	11	10.85	-3	6.14285714285714
324	0	0	0	0	-1	5
325	430	431	10	0.645	-3	5.8
326	432	433	6	13	-3	7
327	434	435	3	0.665	-3	6.21739130434783
328	436	437	10	0.735	-3	5.3
329	438	439	5	0.0595	-3	6.16666666666667
330	440	441	6	8	-3	6.74074074074074
331	0	0	0	0	-1	5
332	442	443	10	0	-3	5
333	0	0	0	0	-1	5
334	0	0	0	0	-1	6
335	0	0	0	0	-1	6.33333333333333
336	0	0	0	0	-1	6
337	444	445	4	1.45	-3	5.11111111111111
338	0	0	0	0	-1	3
339	446	447	1	12.45	-3	4.82352941176471
340	448	449	10	1.205	-3	5
341	0	0	0	0	-1	5.5
342	0	0	0	0	-1	6
343	450	451	1	10.65	-3	5.07692307692308
344	452	453	4	1.65	-3	6.16666666666667
345	454	455	4	5.475	-3	5.63541666666667
346	456	457	11	12.3	-3	6.16666666666667
347	458	459	4	2.3	-3	6.77272727272727
348	460	461	3	0.415	-3	6.1875
349	0	0	0	0	-1	5
350	0	0	0	0	-1	5.33333333333333
351	462	463	1	7.75	-3	5
352	464	465	3	0.395	-3	5
353	0	0	0	0	-1	5
354	0	0	0	0	-1	5.6
355	466	467	5	0.0725	-3	5
356	0	0	0	0	-1	6
357	0	0	0	0	-1	6
358	0	0	0	0	-1	5.5
359	0	0	0	0	-1	5
360	468	469	2	0.565	-3	6
361	470	471	10	0.57	-3	5.83333333333333
362	0	0	0	0	-1	5.33333333333333
363	472	473	10	0.53	-3	5.92307692307692
364	474	475	5	0.0725	-3	6.875
365	0	0	0	0	-1	7.66666666666667
366	0	0	0	0	-1	4
367	476	477	6	0	-3	5
368	0	0	0	0	-1	6
369	0	0	0	0	-1	5.25
370	478	479	4	0	-3	5
371	0	0	0	0	-1	5
372	0	0	0	0	-1	5
373	480	481	11	11.9	-3	6
374	0	0	0	0	-1	6
375	0	0	0	0	-1	6
376	482	483	8	5.5	-3	7
377	0	0	0	0	-1	6
378	0	0	0	0	-1	6
379	0	0	0	0	-1	6
380	484	485	4	2.45	-3	7.16666666666667
381	0	0	0	0	-1	8
382	0	0	0	0	-1	6.66666666666667
383	486	487	7	18.5	-3	7.03333333333333
384	488	489	7	8.5	-3	5
385	490	491	4	2.05	-3	5.59523809523809
386	492	493	5	0.085	-3	5.03030303030303
387	0	0	0	0	-1	6
388	494	495	6	13.5	-3	5
389	0	0	0	0	-1	4
390	0	0	0	0	-1	5.75
391	496	497	9	3.25	-3	6
392	0	0	0	0	-1	6
393	498	499	6	15.5	-3	5
394	0	0	0	0	-1	5
395	0	0	0	0	-1	5
396	500	501	11	10.1	-3	5.05
397	502	503	5	0.076	-3	5.38461538461539
398	0	0	0	0	-1	4
399	504	505	7	80.5	-3	5
400	0	0	0	0	-1	4
401	506	507	7	101	-3	5.11764705882353
402	508	509	9	3.385	-3	4.64
403	510	511	8	0.998055	-3	5
404	0	0	0	0	-1	6
405	0	0	0	0	-1	6
406	512	513	1	0	-3	5
407	0	0	0	0	-1	5
408	514	515	2	0.535	-3	5.5
409	516	517	10	0.087	-3	6
410	518	519	1	0	-3	5
411	0	0	0	0	-1	5
412	520	521	10	0.585	-3	5.21052631578947
413	522	523	3	0.055	-3	4.95652173913043
414	524	525	5	0.0775	-3	5.43181818181818
415	526	527	8	0.99748	-3	4.90909090909091
416	528	529	4	1.75	-3	5.14285714285714
417	530	531	1	7.45	-3	5.975
418	0	0	0	0	-1	5
419	532	533	10	0.865	-3	5.8695652173913
420	0	0	0	0	-1	7
421	534	535	9	3.375	-3	6.11111111111111
422	0	0	0	0	-1	5
423	0	0	0	0	-1	5.75
424	536	537	8	0.9971	-3	5
425	0	0	0	0	-1	4.8
426	538	539	4	1.85	-3	5.09090909090909
427	540	541	1	7.15	-3	5.66666666666667
428	0	0	0	0	-1	7
429	542	543	11	11.65	-3	6
430	0	0	0	0	-1	5
431	544	545	10	0.9	-3	5.94117647058824
432	0	0	0	0	-1	7
433	0	0	0	0	-1	7
434	546	547	3	0.61	-3	6.14285714285714
435	0	0	0	0	-1	7
436	548	549	11	10.2	-3	5.125
437	0	0	0	0	-1	6
438	0	0	0	0	-1	7
439	550	551	10	0.74	-3	6
440	552	553	9	3.17	-3	7
441	554	555	7	29	-3	6.5
442	0	0	0	0	-1	5
443	556	557	1	0	-3	5
444	0	0	0	0	-1	6
445	558	559	4	2.35	-3	5.05882352941176
446	560	561	9	3.32	-3	4.93333333333333
447	0	0	0	0	-1	4
448	0	0	0	0	-1	5
449	0	0	0	0	-1	5
450	0	0	0	0	-1	5
451	0	0	0	0	-1	5.5
452	0	0	0	0	-1	7
453	562	563	7	59.5	-3	5.88888888888889
454	564	565	3	0.425	-3	5.59782608695652
455	0	0	0	0	-1	6.5
456	0	0	0	0	-1	7
457	0	0	0	0	-1	6
458	566	567	10	0.67	-3	6.33333333333333
459	568	569	5	0.119	-3	6.9375
460	0	0	0	0	-1	7
461	570	571	4	2.3	-3	6
462	0	0	0	0	-1	5
463	572	573	9	3.225	-3	5
464	0	0	0	0	-1	5
465	0	0	0	0	-1	5
466	0	0	0	0	-1	5
467	574	575	5	0.0805	-3	5
468	576	577	6	0	-3	6
469	0	0	0	0	-1	6
470	0	0	0	0	-1	6
471	0	0	0	0	-1	5
472	0	0	0	0	-1	5
473	578	579	8	0.99399	-3	6
474	580	581	4	2.3	-3	7
475	0	0	0	0	-1	6
476	0	0	0	0	-1	7
477	0	0	0	0	-1	5
478	0	0	0	0	-1	5
479	0	0	0	0	-1	5
480	582	583	4	2.4	-3	6.05263157894737
481	0	0	0	0	-1	5
482	0	0	0	0	-1	7
483	0	0	0	0	-1	7
484	0	0	0	0	-1	7
485	0	0	0	0	-1	8
486	0	0	0	0	-1	7.25
487	584	585	6	0	-3	7
488	0	0	0	0	-1	5
489	586	587	1	0	-3	5
490	588	589	11	10.45	-3	5.91304347826087
491	590	591	11	10.4	-3	5.21052631578947
492	592	593	2	0.5775	-3	5
493	0	0	0	0	-1	5.25
494	0	0	0	0	-1	5
495	0	0	0	0	-1	5
496	0	0	0	0	-1	6
497	594	595	11	0	-3	6
498	0	0	0	0	-1	5
499	0	0	0	0	-1	5
500	596	597	7	2.1	-3	5
501	0	0	0	0	-1	5.2
502	0	0	0	0	-1	6
503	598	599	2	0.595	-3	5.2
504	600	601	2	0.555	-3	5
505	0	0	0	0	-1	5
506	602	603	2	0.6575	-3	5.0625
507	0	0	0	0	-1	6
508	604	605	9	3.245	-3	4.47058823529412
509	606	607	1	7.05	-3	5
510	608	609	1	0	-3	5
511	610	611	5	0	-3	5
512	0	0	0	0	-1	6
513	612	613	5	0	-3	5
514	614	615	6	9	-3	6.14285714285714
515	616	617	9	3.475	-3	5.38461538461539
516	0	0	0	0	-1	5
517	618	619	11	10.05	-3	6
518	0	0	0	0	-1	5
519	620	621	8	0	-3	5
520	0	0	0	0	-1	6
521	622	623	7	68	-3	5.0625
522	0	0	0	0	-1	4
523	0	0	0	0	-1	5
524	0	0	0	0	-1	5
525	624	625	9	3.215	-3	5.54285714285714
526	0	0	0	0	-1	4.5
527	626	627	2	0	-3	5
528	0	0	0	0	-1	6
529	628	629	5	3.4	-3	5
530	630	631	7	63	-3	5.91666666666667
531	632	633	7	40	-3	6
532	634	635	7	53.5	-3	5.78571428571429
533	636	637	8	0.997275	-3	6
534	638	639	5	0.1105	-3	6.04
535	0	0	0	0	-1	7
536	0	0	0	0	-1	5
537	0	0	0	0	-1	5
538	0	0	0	0	-1	6
539	640	641	2	0.8175	-3	4.94736842105263
540	642	643	10	0.83	-3	5.28571428571429
541	0	0	0	0	-1	6
542	644	645	7	42	-3	5.90909090909091
543	0	0	0	0	-1	7
544	646	647	10	0	-3	6
545	0	0	0	0	-1	5.66666666666667
546	648	649	10	0.98	-3	6.2
547	0	0	0	0	-1	5
548	0	0	0	0	-1	6
549	650	651	3	0	-3	5
550	0	0	0	0	-1	5.5
551	652	653	9	3.35	-3	6.125
552	0	0	0	0	-1	8
553	654	655	3	0.555	-3	6.91666666666667
554	656	657	8	0.995505	-3	7
555	658	659	10	0.775	-3	6.125
556	0	0	0	0	-1	5
557	0	0	0	0	-1	5
558	660	661	3	0.395	-3	5
559	0	0	0	0	-1	6
560	662	663	7	45	-3	4.85714285714286
561	0	0	0	0	-1	6
562	664	665	2	3.16	-3	6
563	0	0	0	0	-1	5
564	666	667	2	0.495	-3	5.88
565	668	669	2	0.395	-3	5.49253731343284
566	0	0	0	0	-1	7
567	0	0	0	0	-1	6
568	0	0	0	0	-1	7
569	0	0	0	0	-1	6
570	0	0	0	0	-1	6
571	670	671	5	0.0785	-3	6
572	672	673	10	0	-3	5
573	0	0	0	0	-1	5
574	0	0	0	0	-1	5
575	0	0	0	0	-1	5
576	0	0	0	0	-1	4
577	674	675	9	3.385	-3	6
578	0	0	0	0	-1	6
579	676	677	7	0	-3	6
580	0	0	0	0	-1	7
581	0	0	0	0	-1	7
582	678	679	9	3.37	-3	5.9375
583	0	0	0	0	-1	6.66666666666667
584	0	0	0	0	-1	6
585	0	0	0	0	-1	7
586	0	0	0	0	-1	5
587	680	681	4	3.625	-3	5
588	682	683	2	0.545	-3	5.64705882352941
589	684	685	1	7.55	-3	6.66666666666667
590	686	687	4	0	-3	5
591	0	0	0	0	-1	5.8
592	688	689	8	0.9965	-3	5
593	690	691	6	9.5	-3	5
594	0	0	0	0	-1	6
595	692	693	10	0.555	-3	6
596	0	0	0	0	-1	6
597	694	695	11	0	-3	5
598	696	697	1	7.25	-3	5
599	0	0	0	0	-1	6
600	0	0	0	0	-1	5
601	0	0	0	0	-1	5
602	698	699	5	0.081	-3	5
603	700	701	4	2.05	-3	5.15384615384615
604	0	0	0	0	-1	5
605	702	703	2	0.8	-3	4.35714285714286
606	0	0	0	0	-1	5
607	704	705	9	0	-3	5
608	0	0	0	0	-1	6
609	706	707	11	9.35	-3	5
610	0	0	0	0	-1	6
611	708	709	6	0.535	-3	5
612	0	0	0	0	-1	5
613	710	711	3	0	-3	5
614	0	0	0	0	-1	6
615	0	0	0	0	-1	6.5
616	712	713	7	28.5	-3	5.45454545454545
617	714	715	3	0.07	-3	5
618	716	717	5	0.087	-3	6
619	0	0	0	0	-1	6
620	0	0	0	0	-1	6
621	0	0	0	0	-1	5
622	0	0	0	0	-1	6
623	718	719	1	8.35	-3	5
624	720	721	8	0.99863	-3	5.14285714285714
625	722	723	1	8.85	-3	5.64285714285714
626	0	0	0	0	-1	4
627	724	725	4	2.15	-3	5
628	0	0	0	0	-1	5
629	0	0	0	0	-1	5
630	0	0	0	0	-1	6
631	0	0	0	0	-1	5.5
632	0	0	0	0	-1	6
633	0	0	0	0	-1	6
634	726	727	9	3.315	-3	5.91666666666667
635	0	0	0	0	-1	5
636	0	0	0	0	-1	6
637	728	729	9	4	-3	6
638	730	731	2	0.51	-3	6.08333333333333
639	0	0	0	0	-1	5
640	732	733	1	0	-3	5
641	0	0	0	0	-1	4
642	0	0	0	0	-1	6
643	0	0	0	0	-1	5
644	0	0	0	0	-1	5
645	734	735	10	0	-3	6
646	0	0	0	0	-1	7
647	736	737	6	14	-3	6
648	738	739	2	0.335	-3	6.05882352941176
649	0	0	0	0	-1	7
650	0	0	0	0	-1	7
651	740	741	10	0	-3	5
652	0	0	0	0	-1	6
653	0	0	0	0	-1	6.33333333333333
654	742	743	10	0.725	-3	7
655	0	0	0	0	-1	6.66666666666667
656	0	0	0	0	-1	7
657	0	0	0	0	-1	7
658	744	745	9	3.34	-3	5.83333333333333
659	0	0	0	0	-1	7
660	746	747	11	0	-3	5
661	0	0	0	0	-1	5
662	748	749	11	9.3	-3	5
663	0	0	0	0	-1	4
664	750	751	8	1.0003	-3	6
665	0	0	0	0	-1	6
666	752	753	5	0.083	-3	6.06666666666667
667	754	755	11	10.75	-3	5.6
668	756	757	8	0.9999	-3	5.89473684210526
669	758	759	5	0.07	-3	5.33333333333333
670	0	0	0	0	-1	6
671	0	0	0	0	-1	6
672	0	0	0	0	-1	7
673	760	761	1	8.95	-3	5
674	762	763	1	6.15	-3	6
675	0	0	0	0	-1	6
676	0	0	0	0	-1	5
677	764	765	1	6.9	-3	6
678	0	0	0	0	-1	5
679	766	767	9	3.505	-3	6
680	768	769	10	0	-3	5
681	0	0	0	0	-1	5
682	770	771	6	13.5	-3	5.9
683	772	773	6	19.5	-3	5.28571428571429
684	0	0	0	0	-1	6
685	0	0	0	0	-1	7
686	0	0	0	0	-1	5
687	0	0	0	0	-1	5
688	0	0	0	0	-1	5
689	0	0	0	0	-1	5
690	0	0	0	0	-1	5
691	0	0	0	0	-1	5
692	774	775	4	0	-3	6
693	0	0	0	0	-1	6
694	0	0	0	0	-1	6
695	776	777	1	0	-3	5
696	0	0	0	0	-1	5
697	0	0	0	0	-1	5
698	778	779	2	0.535	-3	5
699	780	781	4	2.5	-3	5
700	0	0	0	0	-1	5.5
701	782	783	9	3.28	-3	5.09090909090909
702	784	785	6	15	-3	4.25
703	0	0	0	0	-1	5
704	0	0	0	0	-1	5
705	786	787	1	8.3	-3	5
706	0	0	0	0	-1	5
707	788	789	5	0.09	-3	5
708	0	0	0	0	-1	6
709	0	0	0	0	-1	5
710	0	0	0	0	-1	5
711	0	0	0	0	-1	5
712	790	791	6	4.5	-3	5.27272727272727
713	792	793	5	0.0765	-3	5.81818181818182
714	0	0	0	0	-1	5
715	0	0	0	0	-1	5
716	0	0	0	0	-1	6
717	0	0	0	0	-1	6
718	794	795	6	13.5	-3	5
719	0	0	0	0	-1	5
720	796	797	11	0	-3	5
721	0	0	0	0	-1	6
722	798	799	3	0.305	-3	5.72727272727273
723	800	801	6	19	-3	5.33333333333333
724	0	0	0	0	-1	5
725	802	803	7	0	-3	5
726	0	0	0	0	-1	5
727	0	0	0	0	-1	6
728	0	0	0	0	-1	6
729	0	0	0	0	-1	6
730	804	805	11	9.95	-3	6
731	0	0	0	0	-1	6.66666666666667
732	0	0	0	0	-1	6
733	0	0	0	0	-1	5
734	0	0	0	0	-1	7
735	806	807	9	3.375	-3	6
736	808	809	7	0	-3	6
737	0	0	0	0	-1	6
738	810	811	3	0.515	-3	6.125
739	0	0	0	0	-1	5
740	0	0	0	0	-1	6
741	0	0	0	0	-1	5
742	0	0	0	0	-1	7
743	0	0	0	0	-1	7
744	0	0	0	0	-1	6
745	0	0	0	0	-1	5
746	0	0	0	0	-1	6
747	0	0	0	0	-1	5
748	0	0	0	0	-1	5
749	812	813	11	11.55	-3	5
750	0	0	0	0	-1	6
751	0	0	0	0	-1	6
752	814	815	3	0.38	-3	6
753	0	0	0	0	-1	6.25
754	816	817	3	0.38	-3	5.83333333333333
755	0	0	0	0	-1	5.25
756	818	819	2	0.365	-3	6.0625
757	0	0	0	0	-1	5
758	0	0	0	0	-1	6
759	820	821	1	15.55	-3	5.25581395348837
760	0	0	0	0	-1	5
761	0	0	0	0	-1	5
762	0	0	0	0	-1	6
763	822	823	5	0	-3	6
764	0	0	0	0	-1	6
765	0	0	0	0	-1	6
766	824	825	10	0.62	-3	6
767	0	0	0	0	-1	6
768	0	0	0	0	-1	5
769	0	0	0	0	-1	5
770	0	0	0	0	-1	5.66666666666667
771	0	0	0	0	-1	6
772	0	0	0	0	-1	4.75
773	0	0	0	0	-1	6
774	0	0	0	0	-1	7
775	826	827	6	24	-3	6
776	0	0	0	0	-1	5
777	828	829	2	0.36	-3	5
778	0	0	0	0	-1	5
779	830	831	11	12.5	-3	5
780	0	0	0	0	-1	5
781	0	0	0	0	-1	5
782	0	0	0	0	-1	6
783	832	833	2	0.705	-3	5
784	834	835	3	0.02	-3	4
785	0	0	0	0	-1	4.75
786	0	0	0	0	-1	5
787	0	0	0	0	-1	5
788	836	837	7	0.275	-3	5
789	0	0	0	0	-1	5
790	0	0	0	0	-1	6
791	838	839	9	3.46	-3	5.2
792	0	0	0	0	-1	5
793	840	841	6	13.5	-3	6
794	0	0	0	0	-1	5
795	842	843	6	0	-3	5
796	0	0	0	0	-1	6
797	0	0	0	0	-1	5
798	844	845	9	3.385	-3	5.83333333333333
799	0	0	0	0	-1	5.25
800	0	0	0	0	-1	6
801	0	0	0	0	-1	5
802	0	0	0	0	-1	6
803	0	0	0	0	-1	5
804	0	0	0	0	-1	6
805	846	847	3	0	-3	6
806	0	0	0	0	-1	6
807	0	0	0	0	-1	6
808	0	0	0	0	-1	5
809	848	849	7	26	-3	6
810	850	851	8	0.9966	-3	6
811	0	0	0	0	-1	6.5
812	852	853	4	3.55	-3	5
813	0	0	0	0	-1	5
814	0	0	0	0	-1	6
815	854	855	8	0.99641	-3	6
816	0	0	0	0	-1	6
817	0	0	0	0	-1	5
818	0	0	0	0	-1	7
819	856	857	4	2.65	-3	6
820	858	859	10	0.75	-3	5.21951219512195
821	0	0	0	0	-1	6
822	0	0	0	0	-1	6
823	860	861	7	18	-3	6
824	0	0	0	0	-1	6
825	862	863	4	1.95	-3	6
826	0	0	0	0	-1	6
827	0	0	0	0	-1	6
828	0	0	0	0	-1	5
829	864	865	7	46	-3	5
830	866	867	2	0.6325	-3	5
831	0	0	0	0	-1	5
832	0	0	0	0	-1	5
833	0	0	0	0	-1	5
834	0	0	0	0	-1	4
835	0	0	0	0	-1	4
836	0	0	0	0	-1	6
837	868	869	4	2.45	-3	5
838	870	871	2	0.555	-3	5.11111111111111
839	0	0	0	0	-1	6
840	0	0	0	0	-1	6
841	0	0	0	0	-1	6
842	0	0	0	0	-1	6
843	872	873	6	16.5	-3	5
844	874	875	10	0.625	-3	5.7
845	0	0	0	0	-1	6
846	0	0	0	0	-1	6
847	876	877	11	11.15	-3	6
848	878	879	2	0	-3	6
849	0	0	0	0	-1	6
850	0	0	0	0	-1	6
851	880	881	2	0.275	-3	6
852	882	883	10	0	-3	5
853	0	0	0	0	-1	5
854	0	0	0	0	-1	6
855	0	0	0	0	-1	6
856	884	885	4	2.15	-3	6
857	0	0	0	0	-1	6
858	886	887	1	8.5	-3	5.06896551724138
859	888	889	11	10.15	-3	5.58333333333333
860	0	0	0	0	-1	6
861	890	891	11	12.05	-3	6
862	0	0	0	0	-1	6
863	0	0	0	0	-1	6
864	892	893	9	0	-3	5
865	0	0	0	0	-1	5
866	894	895	10	13.5	-3	5
867	0	0	0	0	-1	5
868	896	897	4	0	-3	5
869	0	0	0	0	-1	5
870	0	0	0	0	-1	6
871	898	899	3	0.155	-3	5.05882352941176
872	0	0	0	0	-1	5
873	900	901	4	0	-3	5
874	0	0	0	0	-1	5
875	902	903	9	0	-3	6
876	0	0	0	0	-1	6
877	0	0	0	0	-1	6
878	0	0	0	0	-1	7
879	904	905	5	0.068	-3	6
880	0	0	0	0	-1	6
881	906	907	9	3.105	-3	6
882	0	0	0	0	-1	6
883	0	0	0	0	-1	5
884	908	909	10	0.665	-3	6
885	0	0	0	0	-1	6
886	0	0	0	0	-1	5.5
887	910	911	1	11.45	-3	5.03703703703704
888	0	0	0	0	-1	5
889	912	913	1	10.95	-3	5.77777777777778
890	0	0	0	0	-1	6
891	0	0	0	0	-1	6
892	0	0	0	0	-1	7
893	0	0	0	0	-1	5
894	914	915	8	0.997375	-3	5
895	0	0	0	0	-1	5
896	0	0	0	0	-1	6
897	916	917	2	0.7775	-3	5
898	918	919	7	21.5	-3	5
899	0	0	0	0	-1	6
900	0	0	0	0	-1	6
901	920	921	3	0.25	-3	5
902	0	0	0	0	-1	5
903	922	923	9	3.3	-3	6
904	0	0	0	0	-1	6
905	0	0	0	0	-1	6
906	0	0	0	0	-1	6
907	0	0	0	0	-1	6
908	0	0	0	0	-1	6
909	0	0	0	0	-1	6
910	924	925	5	0.089	-3	5.09090909090909
911	926	927	1	12.15	-3	5
912	0	0	0	0	-1	6
913	0	0	0	0	-1	5.6
914	0	0	0	0	-1	5
915	928	929	8	0	-3	5
916	930	931	3	0	-3	5
917	0	0	0	0	-1	5
918	932	933	11	0	-3	5
919	934	935	1	7.05	-3	5
920	0	0	0	0	-1	5
921	0	0	0	0	-1	5
922	0	0	0	0	-1	6
923	0	0	0	0	-1	6
924	0	0	0	0	-1	6
925	936	937	9	3.145	-3	5
926	938	939	2	0	-3	5
927	940	941	6	0	-3	5
928	0	0	0	0	-1	6
929	942	943	11	9.45	-3	5
930	0	0	0	0	-1	5
931	0	0	0	0	-1	5
932	0	0	0	0	-1	5
933	944	945	11	0	-3	5
934	0	0	0	0	-1	5
935	946	947	8	0	-3	5
936	0	0	0	0	-1	5
937	948	949	4	0	-3	5
938	0	0	0	0	-1	5
939	950	951	1	12	-3	5
940	0	0	0	0	-1	5
941	952	953	8	1.001275	-3	5
942	0	0	0	0	-1	5
943	0	0	0	0	-1	5
944	0	0	0	0	-1	5
945	0	0	0	0	-1	5
946	0	0	0	0	-1	7
947	954	955	8	0.99661	-3	5
948	0	0	0	0	-1	6
949	956	957	6	0	-3	5
950	0	0	0	0	-1	5
951	0	0	0	0	-1	5
952	0	0	0	0	-1	5
953	0	0	0	0	-1	5
954	0	0	0	0	-1	5
955	0	0	0	0	-1	5
956	0	0	0	0	-1	7
957	958	959	10	0	-3	5
958	0	0	0	0	-1	7
959	960	961	6	10	-3	5
960	0	0	0	0	-1	5
961	0	0	0	0	-1	5
