1	2	3	1	5.55	-3	5.64040025015635
2	4	5	9	3.595	-3	6.5
3	6	7	10	0.625	-3	5.62730158730159
4	8	9	3	0.055	-3	7.1
5	10	11	6	11	-3	6.07142857142857
6	12	13	8	0.993845	-3	5.36374695863747
7	14	15	11	9.975	-3	5.91500664010624
8	0	0	0	0	-1	7.66666666666667
9	16	17	10	0.745	-3	6.85714285714286
10	0	0	0	0	-1	5
11	18	19	11	11.55	-3	6.25
12	20	21	2	0.375	-3	6.05
13	22	23	4	1.25	-3	5.30971128608924
14	24	25	6	21.5	-3	5.36475409836066
15	26	27	7	47.5	-3	6.17878192534381
16	0	0	0	0	-1	6
17	28	29	6	14.5	-3	7
18	0	0	0	0	-1	5
19	30	31	7	48	-3	6.36363636363636
20	32	33	2	0.25	-3	6.63157894736842
21	34	35	11	11.25	-3	5.78048780487805
22	0	0	0	0	-1	3
23	36	37	2	0.5725	-3	5.31578947368421
24	38	39	2	0.555	-3	5.47777777777778
25	40	41	11	9.25	-3	5.046875
26	42	43	11	12.45	-3	6.31534090909091
27	44	45	8	0.99293	-3	5.87261146496815
28	0	0	0	0	-1	7
29	0	0	0	0	-1	7
30	46	47	4	1.925	-3	6
31	0	0	0	0	-1	6.8
32	0	0	0	0	-1	6
33	48	49	3	0.275	-3	6.8
34	50	51	2	0.58	-3	5.42857142857143
35	52	53	10	0.385	-3	5.85294117647059
36	54	55	1	6.45	-3	5.46778711484594
37	56	57	3	0.485	-3	5.18114143920595
38	58	59	5	0.087	-3	5.68468468468468
39	60	61	10	0.64	-3	5.14492753623188
40	62	63	7	53.5	-3	5.25
41	64	65	5	0.0745	-3	4.925
42	66	67	1	6.95	-3	6.24528301886792
43	68	69	2	0.515	-3	6.97058823529412
44	0	0	0	0	-1	8
45	70	71	6	41.5	-3	5.83116883116883
46	0	0	0	0	-1	6
47	0	0	0	0	-1	6
48	0	0	0	0	-1	6
49	72	73	1	8.4	-3	7
50	0	0	0	0	-1	6
51	0	0	0	0	-1	5
52	0	0	0	0	-1	5
53	74	75	10	0.525	-3	5.87878787878788
54	76	77	4	8.4	-3	4.95652173913043
55	78	79	8	0.9956	-3	5.50299401197605
56	80	81	1	5.7	-3	5.20618556701031
57	82	83	11	9.65	-3	4.53333333333333
58	84	85	3	0.565	-3	5.83076923076923
59	86	87	11	9.85	-3	5.47826086956522
60	88	89	4	2.2	-3	4.33333333333333
61	90	91	9	3.49	-3	5.22222222222222
62	0	0	0	0	-1	6
63	92	93	10	1.035	-3	5.05263157894737
64	94	95	5	0.0695	-3	4.5
65	96	97	1	11.15	-3	5.03125
66	98	99	5	0.0785	-3	5.89473684210526
67	100	101	10	0.725	-3	6.32183908045977
68	102	103	5	0.0815	-3	6.76923076923077
69	104	105	5	0.0865	-3	7.625
70	106	107	7	59.5	-3	5.75524475524475
71	108	109	10	0.655	-3	6.81818181818182
72	110	111	8	0.99298	-3	7
73	0	0	0	0	-1	7
74	112	113	9	3.525	-3	5.75
75	114	115	11	12.5	-3	5.95238095238095
76	116	117	10	0.565	-3	5.04761904761905
77	0	0	0	0	-1	4
78	118	119	11	10.95	-3	5.95833333333333
79	120	121	2	0.395	-3	5.42657342657343
80	0	0	0	0	-1	4
81	122	123	2	0.9125	-3	5.21558441558441
82	0	0	0	0	-1	4
83	124	125	7	30.5	-3	4.8
84	126	127	1	11.75	-3	5.88135593220339
85	128	129	9	3.18	-3	5.33333333333333
86	130	131	5	0.1195	-3	5.41860465116279
87	0	0	0	0	-1	6.33333333333333
88	0	0	0	0	-1	3
89	0	0	0	0	-1	5
90	132	133	8	0.9991	-3	5.14
91	134	135	1	7.25	-3	5.53846153846154
92	136	137	8	1.003055	-3	5.11111111111111
93	0	0	0	0	-1	4
94	0	0	0	0	-1	5
95	0	0	0	0	-1	4
96	138	139	8	0.9966	-3	5.06451612903226
97	0	0	0	0	-1	4
98	140	141	10	0.86	-3	6.04761904761905
99	142	143	7	32	-3	5.46666666666667
100	144	145	4	3.4	-3	6.09677419354839
101	146	147	9	3	-3	6.44642857142857
102	148	149	8	0.99705	-3	6.94736842105263
103	150	151	7	28.5	-3	6.28571428571429
104	152	153	4	0	-3	8
105	0	0	0	0	-1	6.5
106	154	155	2	0.615	-3	6
107	156	157	4	1.9	-3	5.53947368421053
108	0	0	0	0	-1	8
109	158	159	11	11.65	-3	6.55555555555556
110	0	0	0	0	-1	7
111	160	161	9	3.115	-3	7
112	162	163	4	3.025	-3	5.81818181818182
113	0	0	0	0	-1	5
114	0	0	0	0	-1	6
115	0	0	0	0	-1	5.8
116	164	165	7	58.5	-3	5
117	166	167	9	3.51	-3	5.11111111111111
118	168	169	7	20	-3	5.68
119	170	171	6	14	-3	6.26086956521739
120	172	173	11	10.7	-3	5.58163265306122
121	174	175	11	10.15	-3	5.34574468085107
122	176	177	10	0.555	-3	5.25915492957746
123	178	179	9	3.235	-3	4.7
124	180	181	10	0.585	-3	4.33333333333333
125	0	0	0	0	-1	5.5
126	182	183	10	0.645	-3	5.8
127	0	0	0	0	-1	7
128	0	0	0	0	-1	6
129	0	0	0	0	-1	5
130	184	185	5	0.0955	-3	5.15789473684211
131	186	187	8	0.99685	-3	5.625
132	188	189	9	3.465	-3	5.06818181818182
133	190	191	11	9.15	-3	5.66666666666667
134	192	193	11	9.425	-3	5.25
135	0	0	0	0	-1	6
136	194	195	7	68.5	-3	5.05882352941176
137	0	0	0	0	-1	6
138	0	0	0	0	-1	6
139	196	197	10	1.64	-3	5.03333333333333
140	198	199	2	0.41	-3	6
141	0	0	0	0	-1	7
142	200	201	9	3.55	-3	4.66666666666667
143	202	203	1	16.5	-3	6
144	204	205	5	0.135	-3	6.03529411764706
145	206	207	2	0.345	-3	6.75
146	0	0	0	0	-1	5
147	208	209	3	0.315	-3	6.48170731707317
148	210	211	1	11.05	-3	6.82352941176471
149	0	0	0	0	-1	8
150	0	0	0	0	-1	7
151	0	0	0	0	-1	6
152	0	0	0	0	-1	7
153	0	0	0	0	-1	8
154	212	213	6	21.5	-3	6.125
155	214	215	9	3.36	-3	5.36363636363636
156	216	217	7	85.5	-3	6.16666666666667
157	218	219	8	1.0006	-3	5.48571428571429
158	220	221	9	3.455	-3	6.33333333333333
159	0	0	0	0	-1	7
160	0	0	0	0	-1	7
161	0	0	0	0	-1	7
162	222	223	11	11.75	-3	5.9
163	0	0	0	0	-1	5
164	0	0	0	0	-1	5
165	0	0	0	0	-1	5
166	0	0	0	0	-1	5.5
167	224	225	10	0	-3	5
168	0	0	0	0	-1	5
169	226	227	10	0.525	-3	5.85
170	228	229	10	0.565	-3	6.42857142857143
171	230	231	4	2.25	-3	6
172	232	233	1	9.2	-3	5.40579710144928
173	234	235	8	0.99679	-3	6
174	236	237	6	7.5	-3	5.21212121212121
175	238	239	10	0.565	-3	5.66071428571429
176	240	241	7	9.5	-3	5.08415841584158
177	242	243	5	0.0685	-3	5.49019607843137
178	244	245	4	2.1	-3	5.66666666666667
179	246	247	9	3.615	-3	4.45833333333333
180	0	0	0	0	-1	4.66666666666667
181	0	0	0	0	-1	4
182	248	249	3	0.25	-3	5.375
183	250	251	6	10.5	-3	5.97435897435897
184	252	253	5	0.0895	-3	5.5
185	254	255	7	0	-3	5
186	256	257	11	9.2	-3	5.16666666666667
187	258	259	4	2.15	-3	5.77777777777778
188	260	261	4	2.45	-3	5.02702702702703
189	262	263	5	0.0705	-3	5.28571428571429
190	0	0	0	0	-1	5
191	0	0	0	0	-1	6
192	0	0	0	0	-1	6
193	0	0	0	0	-1	5
194	0	0	0	0	-1	5.33333333333333
195	264	265	11	0	-3	5
196	266	267	2	0.315	-3	5.06896551724138
197	0	0	0	0	-1	4
198	0	0	0	0	-1	6.25
199	268	269	2	0.635	-3	5.97222222222222
200	0	0	0	0	-1	4
201	0	0	0	0	-1	5
202	270	271	8	0.99609	-3	6
203	0	0	0	0	-1	6
204	272	273	9	3.205	-3	5.98765432098766
205	0	0	0	0	-1	7
206	0	0	0	0	-1	6.33333333333333
207	0	0	0	0	-1	7
208	274	275	7	38.5	-3	6.22222222222222
209	276	277	8	0.99625	-3	6.5546875
210	278	279	7	19	-3	6.93333333333333
211	0	0	0	0	-1	6
212	280	281	1	10.2	-3	6.46666666666667
213	282	283	11	10.15	-3	6
214	284	285	5	0.0775	-3	5
215	0	0	0	0	-1	6.33333333333333
216	0	0	0	0	-1	5.75
217	0	0	0	0	-1	7
218	286	287	1	7.45	-3	5.53846153846154
219	0	0	0	0	-1	4.8
220	0	0	0	0	-1	7
221	0	0	0	0	-1	6
222	0	0	0	0	-1	5.66666666666667
223	288	289	11	12.55	-3	6
224	0	0	0	0	-1	7
225	290	291	3	0	-3	5
226	292	293	1	7.25	-3	5.5
227	294	295	5	0.085	-3	6
228	296	297	8	0.99431	-3	6
229	298	299	6	5.5	-3	6.85714285714286
230	0	0	0	0	-1	6
231	300	301	6	30.5	-3	6
232	302	303	7	66	-3	5.64102564102564
233	304	305	8	0.99667	-3	5.1
234	306	307	3	0.44	-3	6.2
235	308	309	1	8.85	-3	5.78571428571429
236	310	311	1	7.7	-3	5.43333333333333
237	312	313	5	0.1525	-3	5.14705882352941
238	314	315	4	3.15	-3	5.4375
239	316	317	6	3.5	-3	5.95833333333333
240	318	319	7	8.5	-3	4.28571428571429
241	320	321	1	6.45	-3	5.11282051282051
242	322	323	9	3.395	-3	6
243	324	325	5	0.0775	-3	5.390625
244	0	0	0	0	-1	5
245	0	0	0	0	-1	6
246	326	327	10	0.525	-3	4.52173913043478
247	0	0	0	0	-1	3
248	328	329	6	17	-3	5.75
249	330	331	8	0.99689	-3	5
250	332	333	5	0.0715	-3	5.86666666666667
251	334	335	7	29	-3	6.04166666666667
252	0	0	0	0	-1	5
253	0	0	0	0	-1	6
254	0	0	0	0	-1	6
255	336	337	6	15	-3	5
256	0	0	0	0	-1	6
257	0	0	0	0	-1	5
258	338	339	5	0.44	-3	5.875
259	0	0	0	0	-1	5
260	340	341	6	14.5	-3	5
261	0	0	0	0	-1	5.5
262	0	0	0	0	-1	6
263	0	0	0	0	-1	5
264	0	0	0	0	-1	7
265	342	343	10	0.905	-3	5
266	0	0	0	0	-1	6
267	344	345	11	9.85	-3	5.03571428571429
268	346	347	10	0.66	-3	6
269	348	349	3	0.045	-3	5.91666666666667
270	0	0	0	0	-1	6
271	350	351	2	0	-3	6
272	352	353	11	11.5	-3	6.33333333333333
273	354	355	1	7.05	-3	5.86666666666667
274	356	357	1	8.05	-3	6.47058823529412
275	358	359	5	10.55	-3	6
276	360	361	7	13.5	-3	6.825
277	362	363	5	0.068	-3	6.43181818181818
278	0	0	0	0	-1	6.75
279	364	365	1	9.05	-3	7
280	366	367	5	0.094	-3	6.8
281	0	0	0	0	-1	5.8
282	0	0	0	0	-1	7
283	368	369	5	0.0815	-3	5.89189189189189
284	0	0	0	0	-1	5
285	0	0	0	0	-1	5
286	370	371	10	1.175	-3	5.36
287	372	373	10	0.925	-3	5.65
288	0	0	0	0	-1	6
289	0	0	0	0	-1	6
290	0	0	0	0	-1	5
291	0	0	0	0	-1	5
292	0	0	0	0	-1	5
293	0	0	0	0	-1	6
294	374	375	8	3.395	-3	6
295	0	0	0	0	-1	6
296	0	0	0	0	-1	5
297	376	377	7	8	-3	6.16666666666667
298	0	0	0	0	-1	6
299	378	379	2	0.225	-3	7
300	0	0	0	0	-1	6
301	0	0	0	0	-1	6
302	380	381	8	0.99615	-3	5.77777777777778
303	382	383	9	3.425	-3	5.33333333333333
304	0	0	0	0	-1	4
305	384	385	10	0.615	-3	5.13793103448276
306	0	0	0	0	-1	7
307	386	387	2	0.355	-3	6
308	0	0	0	0	-1	5
309	388	389	2	0.27	-3	5.91666666666667
310	390	391	2	0	-3	5
311	392	393	10	0.545	-3	5.61904761904762
312	394	395	1	7.35	-3	5.13
313	0	0	0	0	-1	6
314	396	397	3	0.055	-3	5.22727272727273
315	398	399	6	4	-3	5.9
316	0	0	0	0	-1	7
317	400	401	6	11	-3	5.86363636363636
318	0	0	0	0	-1	4
319	0	0	0	0	-1	4.5
320	402	403	3	0.025	-3	5.83333333333333
321	404	405	8	0.994935	-3	5.08994708994709
322	406	407	4	2.2	-3	5.54545454545455
323	408	409	9	3.525	-3	6.35714285714286
324	410	411	8	0.995455	-3	5.10810810810811
325	412	413	9	3.605	-3	5.50549450549451
326	414	415	11	11.3	-3	4.77777777777778
327	0	0	0	0	-1	3.6
328	416	417	9	3.5	-3	5.85714285714286
329	0	0	0	0	-1	5
330	0	0	0	0	-1	5
331	0	0	0	0	-1	5
332	0	0	0	0	-1	5
333	418	419	4	2.05	-3	6
334	420	421	7	0	-3	6
335	422	423	2	0.415	-3	6.1
336	424	425	10	0	-3	5
337	0	0	0	0	-1	5
338	426	427	3	0.495	-3	5.93333333333333
339	0	0	0	0	-1	5
340	428	429	5	0.0705	-3	5
341	430	431	4	0	-3	5
342	0	0	0	0	-1	5
343	0	0	0	0	-1	5
344	432	433	10	0.655	-3	5
345	0	0	0	0	-1	6
346	0	0	0	0	-1	6
347	434	435	7	20	-3	6
348	436	437	11	11.2	-3	6
349	0	0	0	0	-1	5
350	0	0	0	0	-1	6
351	0	0	0	0	-1	6
352	438	439	2	0.375	-3	6.06666666666667
353	440	441	3	0.47	-3	7
354	0	0	0	0	-1	7
355	442	443	8	0.99644	-3	5.82758620689655
356	444	445	2	0.54	-3	6.66666666666667
357	0	0	0	0	-1	6
358	446	447	2	0.505	-3	6
359	0	0	0	0	-1	6
360	0	0	0	0	-1	7.5
361	448	449	3	0.545	-3	6.75
362	450	451	4	1.65	-3	6.18181818181818
363	452	453	4	4.35	-3	6.51515151515152
364	454	455	9	3.33	-3	7
365	0	0	0	0	-1	7
366	456	457	4	2.4	-3	7
367	0	0	0	0	-1	6
368	458	459	11	12.05	-3	5.96969696969697
369	0	0	0	0	-1	5.25
370	460	461	7	70.5	-3	5.30434782608696
371	0	0	0	0	-1	6
372	462	463	7	84.5	-3	5.78125
373	464	465	7	85	-3	5.125
374	0	0	0	0	-1	6
375	0	0	0	0	-1	6
376	0	0	0	0	-1	7
377	0	0	0	0	-1	6
378	0	0	0	0	-1	7
379	0	0	0	0	-1	7
380	466	467	8	0.995885	-3	5.5
381	468	469	8	0.99805	-3	5.94117647058824
382	470	471	8	0.99701	-3	5.66666666666667
383	472	473	4	2.15	-3	5
384	474	475	4	2.25	-3	5.07407407407407
385	0	0	0	0	-1	6
386	0	0	0	0	-1	6
387	476	477	10	0.99609	-3	6
388	0	0	0	0	-1	5
389	0	0	0	0	-1	6
390	0	0	0	0	-1	5
391	478	479	4	0	-3	5
392	480	481	1	8.2	-3	5.11111111111111
393	482	483	6	5	-3	6
394	484	485	3	0.305	-3	5.44444444444444
395	486	487	11	9.75	-3	5.0989010989011
396	0	0	0	0	-1	6
397	488	489	5	0.0655	-3	5.15
398	0	0	0	0	-1	4
399	490	491	8	0.99761	-3	6.11111111111111
400	492	493	2	0.48	-3	5.5
401	494	495	5	0.0875	-3	6
402	0	0	0	0	-1	5
403	0	0	0	0	-1	6
404	0	0	0	0	-1	6
405	496	497	9	3.57	-3	5.0752688172043
406	498	499	11	9.75	-3	5.85714285714286
407	0	0	0	0	-1	5
408	500	501	4	2.2	-3	6.55555555555556
409	0	0	0	0	-1	6
410	0	0	0	0	-1	6
411	502	503	7	14.5	-3	5.05714285714286
412	504	505	4	2.95	-3	5.53932584269663
413	0	0	0	0	-1	4
414	506	507	9	3.33	-3	4.875
415	0	0	0	0	-1	4
416	508	509	6	6.5	-3	6
417	0	0	0	0	-1	5
418	510	511	11	21.5	-3	6
419	0	0	0	0	-1	6
420	0	0	0	0	-1	6
421	512	513	3	0.465	-3	6
422	0	0	0	0	-1	6.5
423	514	515	7	34.5	-3	6
424	0	0	0	0	-1	5
425	516	517	2	0.285	-3	5
426	518	519	1	8	-3	5.875
427	520	521	8	0	-3	6
428	0	0	0	0	-1	5
429	522	523	2	0.575	-3	5
430	0	0	0	0	-1	6
431	524	525	9	3.165	-3	5
432	0	0	0	0	-1	5
433	0	0	0	0	-1	5
434	0	0	0	0	-1	6
435	526	527	6	19	-3	6
436	528	529	6	0	-3	6
437	0	0	0	0	-1	6
438	0	0	0	0	-1	6.75
439	530	531	6	4	-3	5.81818181818182
440	0	0	0	0	-1	7
441	0	0	0	0	-1	7
442	532	533	2	0.235	-3	6.06896551724138
443	534	535	3	0.11	-3	5.58620689655172
444	0	0	0	0	-1	6.2
445	536	537	5	0.0715	-3	7
446	538	539	8	0.99746	-3	6
447	540	541	5	29.5	-3	6
448	542	543	8	0.994155	-3	6.81818181818182
449	0	0	0	0	-1	6
450	0	0	0	0	-1	7
451	544	545	2	0.325	-3	6
452	546	547	7	37	-3	6.39622641509434
453	548	549	1	0	-3	7
454	0	0	0	0	-1	7
455	0	0	0	0	-1	7
456	0	0	0	0	-1	7
457	0	0	0	0	-1	7
458	550	551	9	3.28	-3	5.90322580645161
459	0	0	0	0	-1	7
460	0	0	0	0	-1	6
461	552	553	8	0.9963	-3	5.2
462	554	555	6	34.5	-3	5.86206896551724
463	0	0	0	0	-1	5
464	556	557	7	0	-3	5
465	0	0	0	0	-1	6
466	0	0	0	0	-1	6
467	0	0	0	0	-1	5
468	0	0	0	0	-1	6
469	0	0	0	0	-1	5
470	0	0	0	0	-1	6
471	0	0	0	0	-1	5
472	0	0	0	0	-1	5
473	0	0	0	0	-1	5
474	0	0	0	0	-1	5.5
475	558	559	8	0.9984	-3	5
476	560	561	4	2.35	-3	6
477	0	0	0	0	-1	6
478	0	0	0	0	-1	5
479	562	563	6	0	-3	5
480	0	0	0	0	-1	6
481	564	565	2	0.48	-3	5
482	0	0	0	0	-1	6
483	566	567	2	0.51	-3	6
484	0	0	0	0	-1	5.2
485	0	0	0	0	-1	5.75
486	568	569	8	0.9961	-3	5.04225352112676
487	570	571	1	9.6	-3	5.3
488	0	0	0	0	-1	5.5
489	572	573	9	3.23	-3	5.11111111111111
490	0	0	0	0	-1	7
491	574	575	4	0	-3	6
492	0	0	0	0	-1	5.75
493	0	0	0	0	-1	5
494	576	577	8	0.99804	-3	6
495	0	0	0	0	-1	6
496	578	579	7	10.5	-3	5.08695652173913
497	0	0	0	0	-1	4
498	0	0	0	0	-1	5
499	0	0	0	0	-1	6
500	0	0	0	0	-1	6
501	0	0	0	0	-1	7
502	0	0	0	0	-1	4
503	580	581	2	0.7475	-3	5.08823529411765
504	582	583	2	0.6125	-3	5.65333333333333
505	584	585	11	10.35	-3	4.92857142857143
506	586	587	2	0.96	-3	4.5
507	588	589	7	24.5	-3	5.1
508	0	0	0	0	-1	6
509	0	0	0	0	-1	6
510	590	591	5	0.078	-3	6
511	0	0	0	0	-1	6
512	592	593	10	0.25	-3	6
513	0	0	0	0	-1	6
514	0	0	0	0	-1	6
515	0	0	0	0	-1	6
516	0	0	0	0	-1	5
517	594	595	8	0	-3	5
518	0	0	0	0	-1	6
519	0	0	0	0	-1	5.66666666666667
520	0	0	0	0	-1	6
521	596	597	1	8.15	-3	6
522	598	599	4	0	-3	5
523	0	0	0	0	-1	5
524	0	0	0	0	-1	5
525	0	0	0	0	-1	5
526	600	601	9	3.485	-3	6
527	602	603	7	44.5	-3	6
528	0	0	0	0	-1	6
529	604	605	11	0	-3	6
530	0	0	0	0	-1	5
531	606	607	6	8.5	-3	5.9
532	0	0	0	0	-1	5
533	608	609	8	0.996295	-3	6.10714285714286
534	0	0	0	0	-1	7
535	610	611	1	8.95	-3	5.53571428571429
536	0	0	0	0	-1	7
537	0	0	0	0	-1	7
538	0	0	0	0	-1	6
539	0	0	0	0	-1	6
540	0	0	0	0	-1	6
541	0	0	0	0	-1	6
542	0	0	0	0	-1	6
543	612	613	7	45.5	-3	6.84375
544	614	615	3	0.485	-3	6.14285714285714
545	0	0	0	0	-1	5.5
546	616	617	3	0.57	-3	6.51282051282051
547	618	619	6	16.5	-3	6.07142857142857
548	0	0	0	0	-1	5
549	620	621	6	14	-3	7
550	0	0	0	0	-1	5.6
551	622	623	10	0.95	-3	5.96153846153846
552	624	625	7	95.5	-3	5.44444444444444
553	0	0	0	0	-1	5
554	626	627	4	2.05	-3	5.77777777777778
555	0	0	0	0	-1	7
556	0	0	0	0	-1	6
557	0	0	0	0	-1	5
558	0	0	0	0	-1	5
559	628	629	7	0.335	-3	5
560	630	631	10	0.565	-3	6
561	0	0	0	0	-1	6
562	0	0	0	0	-1	6
563	632	633	3	0.225	-3	5
564	0	0	0	0	-1	5
565	0	0	0	0	-1	5
566	634	635	8	0	-3	6
567	0	0	0	0	-1	6
568	0	0	0	0	-1	5.25
569	636	637	10	0.585	-3	5.02985074626866
570	638	639	8	0.9966	-3	5.2
571	0	0	0	0	-1	5.6
572	0	0	0	0	-1	5.4
573	640	641	2	0.99618	-3	5
574	0	0	0	0	-1	7
575	642	643	2	0	-3	6
576	644	645	11	10.45	-3	6
577	0	0	0	0	-1	6
578	0	0	0	0	-1	6
579	646	647	9	3.225	-3	5.07692307692307
580	648	649	3	0.005	-3	5.06060606060606
581	0	0	0	0	-1	6
582	650	651	4	1.85	-3	6
583	652	653	9	3.215	-3	5.55932203389831
584	0	0	0	0	-1	5
585	0	0	0	0	-1	4
586	0	0	0	0	-1	4
587	0	0	0	0	-1	5
588	0	0	0	0	-1	5
589	0	0	0	0	-1	5.33333333333333
590	0	0	0	0	-1	6
591	654	655	1	10.3	-3	6
592	0	0	0	0	-1	6
593	656	657	8	0	-3	6
594	0	0	0	0	-1	6
595	658	659	2	0.445	-3	5
596	0	0	0	0	-1	6
597	0	0	0	0	-1	6
598	0	0	0	0	-1	7
599	0	0	0	0	-1	5
600	660	661	9	23	-3	6
601	0	0	0	0	-1	6
602	0	0	0	0	-1	6
603	0	0	0	0	-1	6
604	0	0	0	0	-1	7
605	0	0	0	0	-1	6
606	662	663	9	0	-3	6
607	0	0	0	0	-1	5.66666666666667
608	664	665	9	3.43	-3	6.03846153846154
609	0	0	0	0	-1	7
610	666	667	7	38	-3	5
611	668	669	10	0.715	-3	5.75
612	670	671	1	10.3	-3	6.89285714285714
613	0	0	0	0	-1	6.5
614	0	0	0	0	-1	6
615	0	0	0	0	-1	6.5
616	672	673	10	0.995	-3	6.2962962962963
617	674	675	9	3.25	-3	7
618	0	0	0	0	-1	6.5
619	676	677	4	2.95	-3	6
620	678	679	5	0.085	-3	7
621	0	0	0	0	-1	7
622	680	681	3	0.15	-3	6
623	0	0	0	0	-1	5.75
624	0	0	0	0	-1	5.8
625	0	0	0	0	-1	5
626	0	0	0	0	-1	5.25
627	682	683	3	0.575	-3	5.8695652173913
628	0	0	0	0	-1	6
629	684	685	6	9	-3	5
630	0	0	0	0	-1	6
631	0	0	0	0	-1	6
632	0	0	0	0	-1	5
633	0	0	0	0	-1	5
634	0	0	0	0	-1	4
635	686	687	8	0.9976	-3	6
636	688	689	8	0.9975	-3	5
637	690	691	5	0.0815	-3	5.10526315789474
638	692	693	8	0.99578	-3	5.33333333333333
639	0	0	0	0	-1	5
640	694	695	7	30	-3	5
641	0	0	0	0	-1	5
642	0	0	0	0	-1	4
643	696	697	1	9.1	-3	6
644	0	0	0	0	-1	6
645	0	0	0	0	-1	6
646	698	699	7	91.5	-3	5.22222222222222
647	700	701	2	0.8975	-3	5.02919708029197
648	0	0	0	0	-1	5.5
649	702	703	6	21.5	-3	5.03225806451613
650	0	0	0	0	-1	7
651	704	705	7	23	-3	5.93333333333333
652	706	707	9	3.135	-3	5.14285714285714
653	708	709	6	25	-3	5.61538461538461
654	0	0	0	0	-1	6
655	0	0	0	0	-1	6
656	0	0	0	0	-1	5
657	710	711	11	9.7	-3	6
658	0	0	0	0	-1	5
659	0	0	0	0	-1	5
660	712	713	4	2.15	-3	6
661	0	0	0	0	-1	6
662	0	0	0	0	-1	6
663	714	715	9	3.105	-3	6
664	0	0	0	0	-1	6
665	0	0	0	0	-1	6.25
666	716	717	5	0	-3	5
667	0	0	0	0	-1	5
668	718	719	8	0.99696	-3	5.83333333333333
669	0	0	0	0	-1	5
670	720	721	6	25	-3	6.96153846153846
671	0	0	0	0	-1	6
672	722	723	1	8.55	-3	6.1
673	724	725	7	20.5	-3	6.85714285714286
674	0	0	0	0	-1	7
675	0	0	0	0	-1	7
676	726	727	3	0.64	-3	6
677	0	0	0	0	-1	6
678	0	0	0	0	-1	7
679	728	729	4	5	-3	7
680	0	0	0	0	-1	6
681	730	731	1	7.15	-3	6
682	732	733	11	3.295	-3	6
683	0	0	0	0	-1	5
684	0	0	0	0	-1	5
685	0	0	0	0	-1	5
686	0	0	0	0	-1	6
687	0	0	0	0	-1	6
688	734	735	11	9.25	-3	5
689	736	737	9	3.145	-3	5
690	738	739	11	9.15	-3	5.22222222222222
691	740	741	4	2.85	-3	5
692	0	0	0	0	-1	5
693	0	0	0	0	-1	5.75
694	0	0	0	0	-1	5
695	0	0	0	0	-1	5
696	0	0	0	0	-1	6
697	0	0	0	0	-1	6
698	742	743	5	0.0535	-3	5.11428571428571
699	744	745	1	7.75	-3	5.6
700	746	747	8	0.99527	-3	5.01481481481481
701	0	0	0	0	-1	6
702	748	749	7	25	-3	5
703	750	751	8	0.9967	-3	5.14285714285714
704	0	0	0	0	-1	5.8
705	752	753	8	0.99532	-3	6
706	0	0	0	0	-1	6
707	0	0	0	0	-1	5
708	754	755	3	0.01	-3	5.6530612244898
709	0	0	0	0	-1	5
710	0	0	0	0	-1	6
711	0	0	0	0	-1	6
712	0	0	0	0	-1	6
713	0	0	0	0	-1	6
714	0	0	0	0	-1	6
715	0	0	0	0	-1	6
716	0	0	0	0	-1	6
717	756	757	11	10.2	-3	5
718	0	0	0	0	-1	5
719	758	759	7	35.5	-3	5.88235294117647
720	760	761	10	0	-3	7
721	0	0	0	0	-1	6
722	0	0	0	0	-1	7
723	762	763	7	32.5	-3	6.05263157894737
724	0	0	0	0	-1	6
725	764	765	5	0.076	-3	7
726	766	767	2	0.335	-3	6
727	0	0	0	0	-1	6
728	0	0	0	0	-1	7
729	0	0	0	0	-1	7
730	0	0	0	0	-1	6
731	768	769	10	0.805	-3	6
732	0	0	0	0	-1	5
733	770	771	2	0	-3	6
734	0	0	0	0	-1	5
735	0	0	0	0	-1	5
736	772	773	11	0	-3	5
737	0	0	0	0	-1	5
738	0	0	0	0	-1	6
739	774	775	6	22.5	-3	5.125
740	776	777	8	0	-3	5
741	0	0	0	0	-1	5
742	0	0	0	0	-1	6
743	778	779	11	9.95	-3	5.08823529411765
744	0	0	0	0	-1	6
745	0	0	0	0	-1	5
746	0	0	0	0	-1	4.5
747	780	781	1	6.9	-3	5.03053435114504
748	782	783	8	0	-3	5
749	0	0	0	0	-1	5
750	784	785	5	0.59	-3	5
751	0	0	0	0	-1	6
752	0	0	0	0	-1	6
753	786	787	5	0.084	-3	6
754	788	789	11	9.2	-3	5.4375
755	790	791	2	0.76	-3	5.75757575757576
756	0	0	0	0	-1	5
757	0	0	0	0	-1	5
758	792	793	4	2.45	-3	6
759	0	0	0	0	-1	5
760	0	0	0	0	-1	7
761	0	0	0	0	-1	7
762	794	795	5	0.1125	-3	6
763	0	0	0	0	-1	6.5
764	0	0	0	0	-1	7
765	0	0	0	0	-1	7
766	0	0	0	0	-1	6
767	0	0	0	0	-1	6
768	796	797	3	0	-3	6
769	0	0	0	0	-1	6
770	0	0	0	0	-1	5
771	0	0	0	0	-1	6
772	0	0	0	0	-1	5
773	798	799	7	36	-3	5
774	800	801	3	0	-3	5
775	0	0	0	0	-1	6
776	0	0	0	0	-1	6
777	0	0	0	0	-1	5
778	802	803	1	8.85	-3	5.03571428571429
779	804	805	4	2.95	-3	5.33333333333333
780	806	807	11	10.25	-3	5.33333333333333
781	808	809	2	0.765	-3	5
782	0	0	0	0	-1	4
783	0	0	0	0	-1	5
784	0	0	0	0	-1	5
785	0	0	0	0	-1	5
786	0	0	0	0	-1	6
787	0	0	0	0	-1	6
788	0	0	0	0	-1	6
789	810	811	1	6.95	-3	5.35714285714286
790	812	813	9	3.42	-3	5.80645161290323
791	0	0	0	0	-1	5
792	814	815	1	11.1	-3	6
793	0	0	0	0	-1	6
794	816	817	8	0.996805	-3	6
795	0	0	0	0	-1	6
796	0	0	0	0	-1	6
797	818	819	11	0	-3	6
798	0	0	0	0	-1	5
799	0	0	0	0	-1	5
800	0	0	0	0	-1	6
801	0	0	0	0	-1	5
802	820	821	8	0.99554	-3	5
803	822	823	1	9	-3	5.14285714285714
804	0	0	0	0	-1	5
805	0	0	0	0	-1	6
806	824	825	1	6.65	-3	5
807	826	827	6	7.5	-3	5.66666666666667
808	828	829	1	8.95	-3	5.03061224489796
809	830	831	5	0.0805	-3	4.85714285714286
810	0	0	0	0	-1	6
811	832	833	5	0.097	-3	5.30769230769231
812	834	835	11	9.7	-3	5.86206896551724
813	0	0	0	0	-1	5
814	836	837	8	0.99737	-3	6
815	0	0	0	0	-1	6
816	0	0	0	0	-1	6
817	0	0	0	0	-1	6
818	0	0	0	0	-1	6
819	0	0	0	0	-1	6
820	0	0	0	0	-1	5
821	0	0	0	0	-1	5
822	0	0	0	0	-1	6
823	0	0	0	0	-1	5
824	0	0	0	0	-1	5
825	0	0	0	0	-1	5
826	0	0	0	0	-1	5
827	0	0	0	0	-1	6
828	838	839	9	3.53	-3	5.01149425287356
829	840	841	3	0.185	-3	5.18181818181818
830	0	0	0	0	-1	4
831	842	843	10	0.465	-3	4.9
832	0	0	0	0	-1	5.75
833	844	845	7	11	-3	5.11111111111111
834	846	847	5	0.111	-3	5.6
835	0	0	0	0	-1	6
836	0	0	0	0	-1	6
837	0	0	0	0	-1	6
838	848	849	7	19.5	-3	5
839	0	0	0	0	-1	6
840	0	0	0	0	-1	6
841	850	851	8	0.99905	-3	5
842	0	0	0	0	-1	4
843	852	853	4	3.025	-3	5
844	0	0	0	0	-1	6
845	854	855	10	0.585	-3	5
846	0	0	0	0	-1	5
847	856	857	9	0	-3	6
848	858	859	7	17	-3	5.16666666666667
849	860	861	5	0.094	-3	4.9875
850	862	863	4	0	-3	5
851	0	0	0	0	-1	5
852	864	865	1	0	-3	5
853	0	0	0	0	-1	5
854	0	0	0	0	-1	5
855	866	867	11	0	-3	5
856	0	0	0	0	-1	5
857	0	0	0	0	-1	6
858	0	0	0	0	-1	5
859	0	0	0	0	-1	6
860	868	869	1	8.2	-3	4.97297297297297
861	870	871	1	7.2	-3	5.16666666666667
862	0	0	0	0	-1	6
863	872	873	4	0	-3	5
864	0	0	0	0	-1	6
865	874	875	8	0.9977	-3	5
866	0	0	0	0	-1	5
867	876	877	5	0.0995	-3	5
868	878	879	8	0.996875	-3	5
869	880	881	11	9.35	-3	4.8
870	0	0	0	0	-1	6
871	0	0	0	0	-1	5
872	0	0	0	0	-1	5
873	0	0	0	0	-1	5
874	882	883	6	9.45	-3	5
875	0	0	0	0	-1	5
876	0	0	0	0	-1	5
877	0	0	0	0	-1	5
878	884	885	6	13.5	-3	5
879	886	887	6	9.5	-3	5
880	0	0	0	0	-1	4
881	888	889	7	85	-3	5
882	0	0	0	0	-1	5
883	0	0	0	0	-1	5
884	890	891	4	2.05	-3	5
885	0	0	0	0	-1	5
886	0	0	0	0	-1	5
887	892	893	8	0.99705	-3	5
888	894	895	3	0	-3	5
889	0	0	0	0	-1	5
890	896	897	11	0	-3	5
891	898	899	9	0	-3	5
892	0	0	0	0	-1	5
893	900	901	4	2.4	-3	5
894	0	0	0	0	-1	5
895	902	903	11	9.45	-3	5
896	0	0	0	0	-1	6
897	0	0	0	0	-1	5
898	0	0	0	0	-1	5
899	904	905	1	7.3	-3	5
900	0	0	0	0	-1	5
901	906	907	1	0	-3	5
902	0	0	0	0	-1	5
903	0	0	0	0	-1	5
904	0	0	0	0	-1	5
905	0	0	0	0	-1	5
906	0	0	0	0	-1	5
907	0	0	0	0	-1	5
