1	2	3	11	10.45	-3	5.64227642276423
2	4	5	2	0.315	-3	5.32845894263217
3	6	7	11	11.45	-3	6.03521126760563
4	8	9	9	3.115	-3	6
5	10	11	10	0.575	-3	5.28758949880668
6	12	13	2	0.8125	-3	5.82850241545894
7	14	15	9	3.375	-3	6.32432432432432
8	16	17	2	0.29	-3	6.63636363636364
9	18	19	11	9.75	-3	5.825
10	20	21	11	9.75	-3	5.13920454545454
11	22	23	1	12.55	-3	5.39506172839506
12	24	25	10	0.625	-3	5.91815856777494
13	26	27	7	11.5	-3	4.30434782608696
14	28	29	4	2.75	-3	6.54395604395604
15	30	31	10	0.715	-3	5.97368421052632
16	32	33	10	0.75	-3	7
17	0	0	0	0	-1	6
18	34	35	7	17.5	-3	5.57894736842105
19	36	37	3	0.345	-3	6.04761904761905
20	38	39	2	0.99	-3	5.07083333333333
21	40	41	8	0.99415	-3	5.28571428571429
22	42	43	7	103.5	-3	5.37866108786611
23	44	45	6	7.5	-3	6.375
24	46	47	5	0.0595	-3	5.56390977443609
25	48	49	7	57	-3	6.10077519379845
26	0	0	0	0	-1	3
27	50	51	4	2.8	-3	4.5
28	52	53	3	0.645	-3	6.44715447154471
29	54	55	2	0.355	-3	6.74576271186441
30	56	57	10	0.545	-3	5.76470588235294
31	58	59	1	7.85	-3	6.58620689655173
32	0	0	0	0	-1	7
33	0	0	0	0	-1	7
34	0	0	0	0	-1	5
35	60	61	3	0.49	-3	5.73333333333333
36	0	0	0	0	-1	6.25
37	62	63	6	28	-3	6
38	64	65	8	1.0007	-3	5.05128205128205
39	66	67	4	2.15	-3	5.83333333333333
40	0	0	0	0	-1	4
41	68	69	5	0.0765	-3	5.30909090909091
42	70	71	9	3.54	-3	5.41609195402299
43	72	73	7	135	-3	5
44	0	0	0	0	-1	7
45	0	0	0	0	-1	6
46	74	75	7	22.5	-3	5.14285714285714
47	76	77	3	0.075	-3	5.64285714285714
48	78	79	8	1.002275	-3	6.20873786407767
49	80	81	8	0.9999	-3	5.67307692307692
50	82	83	2	0.9675	-3	4.69230769230769
51	84	85	11	11.15	-3	4.14285714285714
52	86	87	2	0.425	-3	6.52727272727273
53	88	89	2	0.275	-3	5.76923076923077
54	90	91	7	18	-3	7.22222222222222
55	92	93	4	4.25	-3	6.53658536585366
56	94	95	3	0.02	-3	5.47826086956522
57	96	97	1	4.65	-3	5.87096774193548
58	98	99	4	1.9	-3	6.82352941176471
59	100	101	7	33	-3	6.25
60	102	103	1	6.5	-3	5.91666666666667
61	0	0	0	0	-1	5
62	104	105	7	0	-3	6
63	0	0	0	0	-1	6
64	106	107	10	0.36	-3	5.06896551724138
65	0	0	0	0	-1	3
66	0	0	0	0	-1	5
67	0	0	0	0	-1	6
68	108	109	5	0.0685	-3	5.54285714285714
69	110	111	9	3.225	-3	5.2
70	112	113	6	31.5	-3	5.45073891625616
71	114	115	11	9.925	-3	4.93103448275862
72	116	117	10	1.095	-3	4.94117647058824
73	118	119	2	0.51	-3	5.22222222222222
74	120	121	11	11.1	-3	4.86666666666667
75	122	123	7	29.5	-3	5.83333333333333
76	124	125	2	0.62	-3	5.83783783783784
77	126	127	5	0.0675	-3	5.54666666666667
78	128	129	4	1.95	-3	6.245
79	0	0	0	0	-1	5
80	130	131	6	51.5	-3	5.62
81	0	0	0	0	-1	7
82	0	0	0	0	-1	5.2
83	132	133	8	0.9956	-3	4.375
84	0	0	0	0	-1	4.33333333333333
85	0	0	0	0	-1	4
86	134	135	1	8.25	-3	6.63414634146341
87	136	137	10	0.415	-3	6.21428571428571
88	0	0	0	0	-1	5
89	138	139	6	9	-3	6
90	140	141	1	9.1	-3	7.55555555555556
91	142	143	8	0.99725	-3	6.88888888888889
92	144	145	4	3.1	-3	6.72413793103448
93	146	147	5	0.061	-3	6.08333333333333
94	148	149	5	0.72	-3	6
95	150	151	7	11.5	-3	5.14285714285714
96	0	0	0	0	-1	4
97	152	153	7	12	-3	5.93333333333333
98	154	155	7	74.5	-3	6.33333333333333
99	156	157	6	18	-3	7.09090909090909
100	0	0	0	0	-1	7
101	0	0	0	0	-1	6
102	0	0	0	0	-1	5
103	0	0	0	0	-1	6
104	0	0	0	0	-1	4
105	158	159	8	0.9972	-3	6
106	0	0	0	0	-1	4
107	160	161	10	0.535	-3	5.07826086956521
108	162	163	10	0.5	-3	5.15384615384615
109	164	165	1	7.4	-3	5.77272727272727
110	166	167	10	0.565	-3	5.52941176470588
111	168	169	2	0.49	-3	5.10344827586207
112	170	171	6	30.5	-3	5.48930481283423
113	172	173	2	0.53	-3	5
114	174	175	4	2.85	-3	5.04347826086957
115	176	177	11	10.1	-3	4.5
116	178	179	5	0.194	-3	5
117	0	0	0	0	-1	4.6
118	0	0	0	0	-1	5.66666666666667
119	180	181	2	0.58	-3	5
120	0	0	0	0	-1	4.6
121	182	183	8	0.99406	-3	5
122	0	0	0	0	-1	7
123	0	0	0	0	-1	5.6
124	184	185	5	0.087	-3	6.04166666666667
125	186	187	7	16.5	-3	5.46153846153846
126	0	0	0	0	-1	6.2
127	188	189	2	0.72	-3	5.5
128	190	191	1	9.2	-3	5.96363636363636
129	192	193	3	0.65	-3	6.35172413793103
130	194	195	9	3.325	-3	5.53191489361702
131	0	0	0	0	-1	7
132	0	0	0	0	-1	4
133	0	0	0	0	-1	5
134	196	197	3	0.335	-3	6.40625
135	198	199	3	0.295	-3	6.78
136	0	0	0	0	-1	5
137	200	201	9	3.245	-3	6.25925925925926
138	0	0	0	0	-1	6
139	0	0	0	0	-1	6
140	0	0	0	0	-1	7
141	202	203	2	0.285	-3	7.83333333333333
142	204	205	5	0.152	-3	6.71428571428571
143	0	0	0	0	-1	7.5
144	206	207	8	0.9975	-3	6.45454545454546
145	208	209	1	9.9	-3	6.88888888888889
146	0	0	0	0	-1	4
147	210	211	4	5	-3	6.27272727272727
148	212	213	1	6.85	-3	6
149	0	0	0	0	-1	6
150	0	0	0	0	-1	6
151	214	215	7	42	-3	5.07692307692308
152	0	0	0	0	-1	7
153	216	217	4	2.175	-3	5.87719298245614
154	0	0	0	0	-1	6
155	0	0	0	0	-1	7
156	218	219	11	12.1	-3	6.88888888888889
157	0	0	0	0	-1	8
158	0	0	0	0	-1	6
159	220	221	11	10.05	-3	6
160	222	223	3	0.195	-3	5.02702702702703
161	224	225	7	52	-3	5.17073170731707
162	226	227	2	0.6175	-3	5.42857142857143
163	228	229	8	0.99606	-3	4.83333333333333
164	0	0	0	0	-1	5
165	230	231	9	3.065	-3	5.89473684210526
166	232	233	8	0.995335	-3	5.6
167	0	0	0	0	-1	5
168	234	235	6	7.5	-3	5.66666666666667
169	236	237	5	0.1025	-3	5
170	238	239	8	0.99798	-3	5.4769647696477
171	0	0	0	0	-1	6.4
172	240	241	8	0.997745	-3	4.70588235294118
173	242	243	11	9.6	-3	5.33333333333333
174	244	245	10	0.9	-3	5.09090909090909
175	0	0	0	0	-1	4
176	0	0	0	0	-1	3.5
177	0	0	0	0	-1	5
178	246	247	3	0.525	-3	5
179	0	0	0	0	-1	5
180	0	0	0	0	-1	5
181	0	0	0	0	-1	5
182	0	0	0	0	-1	5
183	248	249	4	0	-3	5
184	250	251	7	16	-3	5.90476190476191
185	0	0	0	0	-1	7
186	0	0	0	0	-1	5
187	252	253	6	11	-3	5.75
188	254	255	5	0.0775	-3	5.453125
189	256	257	1	0	-3	6
190	258	259	9	3.455	-3	5.775
191	260	261	2	0.385	-3	6.46666666666667
192	262	263	3	0.54	-3	6.32116788321168
193	264	265	6	7.5	-3	6.875
194	266	267	9	3.125	-3	5.81818181818182
195	268	269	6	26.5	-3	5.28
196	270	271	5	0.0675	-3	6.77777777777778
197	272	273	10	0.79	-3	6.26086956521739
198	0	0	0	0	-1	6
199	274	275	9	3.045	-3	6.84782608695652
200	0	0	0	0	-1	7
201	276	277	2	0.555	-3	6.16666666666667
202	0	0	0	0	-1	7
203	0	0	0	0	-1	8
204	278	279	6	11.5	-3	6.83333333333333
205	0	0	0	0	-1	6
206	280	281	2	0.44	-3	6.71428571428571
207	0	0	0	0	-1	6
208	282	283	4	3.6	-3	7
209	284	285	10	0.885	-3	6.75
210	286	287	9	3.31	-3	5.85714285714286
211	0	0	0	0	-1	7
212	288	289	4	0	-3	6
213	0	0	0	0	-1	6
214	290	291	1	6.45	-3	5
215	0	0	0	0	-1	6
216	292	293	6	9.5	-3	6.1
217	294	295	6	5	-3	5.62962962962963
218	0	0	0	0	-1	6
219	296	297	10	0.77	-3	7
220	298	299	4	2.05	-3	6
221	0	0	0	0	-1	6
222	300	301	8	0.99925	-3	5.07246376811594
223	302	303	10	0.525	-3	4.9873417721519
224	304	305	1	7.65	-3	5.26666666666667
225	306	307	9	3.275	-3	5.05405405405405
226	0	0	0	0	-1	5
227	0	0	0	0	-1	6
228	0	0	0	0	-1	4
229	0	0	0	0	-1	5
230	0	0	0	0	-1	5
231	308	309	3	0.035	-3	5.94444444444444
232	0	0	0	0	-1	5
233	310	311	10	0.54	-3	5.69230769230769
234	0	0	0	0	-1	5
235	312	313	10	0.55	-3	6
236	314	315	6	15.5	-3	5.04444444444445
237	0	0	0	0	-1	4.5
238	316	317	2	0.655	-3	5.39299610894942
239	318	319	11	8.45	-3	5.66964285714286
240	320	321	5	0.092	-3	5.11111111111111
241	322	323	9	3.36	-3	4.25
242	0	0	0	0	-1	6
243	324	325	9	3.415	-3	5.16666666666667
244	326	327	5	0.082	-3	5
245	0	0	0	0	-1	6
246	328	329	4	2	-3	5
247	0	0	0	0	-1	5
248	0	0	0	0	-1	6
249	0	0	0	0	-1	5
250	0	0	0	0	-1	5
251	330	331	10	0.535	-3	6
252	0	0	0	0	-1	5
253	332	333	7	45.5	-3	5.85714285714286
254	334	335	3	0.095	-3	5.17647058823529
255	336	337	5	0.089	-3	5.5531914893617
256	0	0	0	0	-1	6
257	0	0	0	0	-1	6
258	338	339	2	0.185	-3	5.88571428571429
259	0	0	0	0	-1	5
260	340	341	9	3.195	-3	6.66666666666667
261	342	343	3	0.48	-3	6.16666666666667
262	344	345	6	5.5	-3	6.41666666666667
263	346	347	5	0.0965	-3	5.96551724137931
264	0	0	0	0	-1	6
265	348	349	1	12.4	-3	7
266	0	0	0	0	-1	5.2
267	350	351	3	0.565	-3	6
268	352	353	6	0	-3	5
269	354	355	10	0.695	-3	5.58333333333333
270	356	357	6	12.5	-3	7
271	0	0	0	0	-1	6
272	358	359	7	10.5	-3	6.07692307692308
273	360	361	2	0.335	-3	6.5
274	0	0	0	0	-1	8
275	362	363	3	0.515	-3	6.79545454545455
276	0	0	0	0	-1	6
277	364	365	2	0.7	-3	6.66666666666667
278	0	0	0	0	-1	6.66666666666667
279	0	0	0	0	-1	7
280	0	0	0	0	-1	7
281	0	0	0	0	-1	6.33333333333333
282	0	0	0	0	-1	7
283	0	0	0	0	-1	7
284	0	0	0	0	-1	7
285	0	0	0	0	-1	6.5
286	366	367	3	0.495	-3	5.66666666666667
287	0	0	0	0	-1	7
288	0	0	0	0	-1	4
289	368	369	1	6.2	-3	6
290	0	0	0	0	-1	5
291	370	371	4	0	-3	5
292	0	0	0	0	-1	6.66666666666667
293	372	373	5	0.0905	-3	6.03703703703704
294	0	0	0	0	-1	4
295	374	375	11	11.75	-3	5.76
296	0	0	0	0	-1	7
297	376	377	11	12.35	-3	7
298	0	0	0	0	-1	6
299	0	0	0	0	-1	6
300	378	379	3	0.175	-3	5.05882352941177
301	0	0	0	0	-1	6
302	380	381	4	2.45	-3	5.01351351351351
303	0	0	0	0	-1	4.6
304	382	383	11	9.55	-3	5.11538461538461
305	384	385	9	3.3	-3	5.47368421052632
306	386	387	6	15.5	-3	5.11111111111111
307	388	389	5	0.0815	-3	5
308	0	0	0	0	-1	5.66666666666667
309	390	391	9	3.19	-3	6
310	392	393	8	0.997985	-3	5.55555555555556
311	0	0	0	0	-1	6
312	0	0	0	0	-1	6
313	0	0	0	0	-1	6
314	394	395	5	0.0805	-3	4.92
315	396	397	10	0.55	-3	5.2
316	398	399	1	11.8	-3	5.51351351351351
317	400	401	11	9.75	-3	5.08333333333333
318	0	0	0	0	-1	3
319	402	403	8	0.998675	-3	5.69369369369369
320	404	405	6	40.5	-3	5
321	0	0	0	0	-1	6
322	0	0	0	0	-1	4.8
323	0	0	0	0	-1	3.33333333333333
324	406	407	7	53.5	-3	5
325	0	0	0	0	-1	6
326	0	0	0	0	-1	5
327	0	0	0	0	-1	5
328	0	0	0	0	-1	5
329	0	0	0	0	-1	5
330	0	0	0	0	-1	5
331	408	409	4	4.3	-3	6.05555555555556
332	410	411	5	0.1045	-3	6
333	0	0	0	0	-1	5
334	0	0	0	0	-1	4
335	412	413	7	50	-3	5.25
336	414	415	1	7.95	-3	5.83333333333333
337	416	417	5	0.0945	-3	5.37931034482759
338	0	0	0	0	-1	5
339	418	419	3	0.065	-3	5.96875
340	0	0	0	0	-1	6.33333333333333
341	420	421	10	0.77	-3	6.83333333333333
342	0	0	0	0	-1	6
343	0	0	0	0	-1	7
344	422	423	4	2.65	-3	7.09090909090909
345	424	425	2	0.405	-3	6.34020618556701
346	426	427	11	10.55	-3	6.07692307692308
347	0	0	0	0	-1	5
348	0	0	0	0	-1	7
349	0	0	0	0	-1	7
350	428	429	3	0.505	-3	6.0625
351	0	0	0	0	-1	5
352	0	0	0	0	-1	7
353	430	431	1	6.85	-3	5
354	0	0	0	0	-1	6
355	432	433	7	95.5	-3	5.28571428571429
356	0	0	0	0	-1	7
357	0	0	0	0	-1	7
358	0	0	0	0	-1	6.5
359	434	435	10	0.51	-3	6
360	0	0	0	0	-1	7
361	0	0	0	0	-1	6
362	436	437	10	0.535	-3	6.89473684210526
363	438	439	10	0.95	-3	6.16666666666667
364	0	0	0	0	-1	6.8
365	0	0	0	0	-1	6
366	0	0	0	0	-1	6
367	0	0	0	0	-1	5.33333333333333
368	0	0	0	0	-1	6
369	0	0	0	0	-1	6
370	0	0	0	0	-1	6
371	440	441	10	0.99482	-3	5
372	442	443	8	0.99234	-3	6
373	0	0	0	0	-1	7
374	444	445	5	0.0675	-3	6.125
375	446	447	11	12.05	-3	5.58823529411765
376	0	0	0	0	-1	7
377	0	0	0	0	-1	7
378	448	449	4	2.4	-3	5.03030303030303
379	0	0	0	0	-1	6
380	450	451	9	3.205	-3	5
381	452	453	5	0.0815	-3	5.09090909090909
382	454	455	3	0.28	-3	5.1875
383	456	457	4	2.35	-3	5
384	458	459	11	9.2	-3	5.1
385	460	461	2	0.7	-3	5.88888888888889
386	462	463	3	0.245	-3	5.33333333333333
387	464	465	10	0.555	-3	5
388	466	467	2	0.6925	-3	5
389	0	0	0	0	-1	5
390	0	0	0	0	-1	6
391	468	469	5	0.555	-3	6
392	470	471	2	0.57	-3	5.71428571428571
393	0	0	0	0	-1	5
394	472	473	1	7.8	-3	4.66666666666667
395	474	475	5	0.0835	-3	5
396	476	477	11	10.3	-3	5.11111111111111
397	0	0	0	0	-1	6
398	478	479	10	1.085	-3	5.53333333333333
399	0	0	0	0	-1	4.8
400	480	481	2	0.8775	-3	4.95238095238095
401	482	483	2	0.7275	-3	5.26666666666667
402	484	485	11	9.65	-3	5.90740740740741
403	486	487	1	10.05	-3	5.49122807017544
404	488	489	2	0	-3	5
405	0	0	0	0	-1	5
406	0	0	0	0	-1	5
407	490	491	7	0	-3	5
408	492	493	9	0.04	-3	6
409	0	0	0	0	-1	7
410	0	0	0	0	-1	6
411	0	0	0	0	-1	6
412	494	495	3	0.52	-3	5.07692307692308
413	0	0	0	0	-1	6
414	496	497	9	3.34	-3	6
415	498	499	1	9	-3	5.5
416	500	501	10	0.545	-3	5.07142857142857
417	502	503	7	37	-3	5.66666666666667
418	0	0	0	0	-1	5.75
419	504	505	7	18.5	-3	6
420	0	0	0	0	-1	6
421	0	0	0	0	-1	7
422	506	507	11	10.95	-3	7.2
423	0	0	0	0	-1	6
424	508	509	8	0.99541	-3	6.62790697674419
425	510	511	3	0.125	-3	6.11111111111111
426	0	0	0	0	-1	7
427	512	513	11	10.7	-3	6
428	514	515	11	10.95	-3	6
429	0	0	0	0	-1	7
430	0	0	0	0	-1	5
431	0	0	0	0	-1	5
432	0	0	0	0	-1	5.66666666666667
433	0	0	0	0	-1	5
434	0	0	0	0	-1	6
435	516	517	4	1.65	-3	6
436	0	0	0	0	-1	6
437	518	519	6	20	-3	6.91891891891892
438	0	0	0	0	-1	6
439	0	0	0	0	-1	7
440	0	0	0	0	-1	5
441	0	0	0	0	-1	5
442	0	0	0	0	-1	6
443	520	521	9	0	-3	6
444	0	0	0	0	-1	6.33333333333333
445	0	0	0	0	-1	6
446	0	0	0	0	-1	4.75
447	522	523	6	30.5	-3	5.84615384615385
448	524	525	11	9.65	-3	5.08333333333333
449	526	527	10	0.465	-3	4.96666666666667
450	528	529	9	2.975	-3	5
451	530	531	8	0.9978	-3	5
452	0	0	0	0	-1	5.5
453	532	533	8	0	-3	5
454	534	535	9	3.355	-3	5.07142857142857
455	0	0	0	0	-1	6
456	536	537	6	0	-3	5
457	0	0	0	0	-1	5
458	0	0	0	0	-1	6
459	538	539	2	27	-3	5
460	540	541	2	0.605	-3	6.14285714285714
461	0	0	0	0	-1	5
462	0	0	0	0	-1	6
463	0	0	0	0	-1	5
464	0	0	0	0	-1	5
465	0	0	0	0	-1	5
466	542	543	6	0.155	-3	5
467	0	0	0	0	-1	5
468	0	0	0	0	-1	6
469	0	0	0	0	-1	6
470	0	0	0	0	-1	5.33333333333333
471	0	0	0	0	-1	6
472	0	0	0	0	-1	5
473	0	0	0	0	-1	4
474	0	0	0	0	-1	5
475	544	545	4	0	-3	5
476	546	547	2	0.755	-3	5.05882352941176
477	0	0	0	0	-1	6
478	548	549	9	3.51	-3	5.57228915662651
479	550	551	6	24.5	-3	5.07142857142857
480	552	553	4	1.35	-3	4.97560975609756
481	0	0	0	0	-1	4
482	554	555	10	0.685	-3	5.08333333333333
483	556	557	5	0.12	-3	6
484	558	559	5	0.08	-3	5.65384615384615
485	560	561	2	0.795	-3	6.14285714285714
486	562	563	10	0.685	-3	5.27586206896552
487	564	565	11	10.35	-3	5.71428571428571
488	0	0	0	0	-1	6
489	566	567	3	0	-3	5
490	0	0	0	0	-1	6
491	0	0	0	0	-1	5
492	0	0	0	0	-1	6
493	568	569	7	33	-3	6
494	570	571	3	0.155	-3	5
495	0	0	0	0	-1	6
496	0	0	0	0	-1	6
497	572	573	1	24.5	-3	6
498	0	0	0	0	-1	5
499	0	0	0	0	-1	6
500	574	575	5	0.0915	-3	5.16666666666667
501	576	577	6	26	-3	5
502	578	579	3	0.715	-3	5.90909090909091
503	0	0	0	0	-1	5
504	0	0	0	0	-1	6
505	0	0	0	0	-1	6
506	580	581	11	10.75	-3	7
507	0	0	0	0	-1	7.5
508	582	583	10	0.665	-3	7
509	584	585	1	8.85	-3	6.40740740740741
510	586	587	2	0.6375	-3	6.48
511	588	589	9	3.145	-3	5.79310344827586
512	0	0	0	0	-1	5.25
513	590	591	10	0.715	-3	6.15
514	592	593	2	0.345	-3	6
515	0	0	0	0	-1	6
516	0	0	0	0	-1	6
517	0	0	0	0	-1	6
518	594	595	8	0.996265	-3	7
519	596	597	9	3.265	-3	6.5
520	0	0	0	0	-1	6
521	598	599	8	0.994695	-3	6
522	600	601	1	5.75	-3	5.75
523	0	0	0	0	-1	7
524	602	603	8	0.99695	-3	5.03030303030303
525	0	0	0	0	-1	5.66666666666667
526	0	0	0	0	-1	4.75
527	0	0	0	0	-1	5
528	0	0	0	0	-1	5
529	604	605	11	9.55	-3	5
530	606	607	8	0.99749	-3	5
531	0	0	0	0	-1	5
532	0	0	0	0	-1	6
533	608	609	1	10.55	-3	5
534	0	0	0	0	-1	6
535	610	611	1	30.5	-3	5
536	0	0	0	0	-1	6
537	612	613	9	3.24	-3	5
538	614	615	3	0.495	-3	5
539	0	0	0	0	-1	5
540	0	0	0	0	-1	7
541	616	617	7	34.5	-3	6
542	0	0	0	0	-1	7
543	618	619	11	9.6	-3	5
544	0	0	0	0	-1	6
545	620	621	1	0	-3	5
546	622	623	10	0	-3	5
547	0	0	0	0	-1	5.33333333333333
548	624	625	11	9.65	-3	5.54430379746835
549	626	627	11	10	-3	6.125
550	628	629	7	59	-3	5
551	0	0	0	0	-1	6
552	0	0	0	0	-1	4
553	630	631	1	8.95	-3	5
554	632	633	8	0.996475	-3	5.05
555	0	0	0	0	-1	5.25
556	0	0	0	0	-1	6
557	0	0	0	0	-1	6
558	634	635	7	58.5	-3	5.28571428571429
559	636	637	9	3.475	-3	5.78947368421053
560	638	639	3	0.365	-3	6.18518518518519
561	0	0	0	0	-1	5
562	640	641	5	0.089	-3	5.42105263157895
563	642	643	6	24	-3	5
564	644	645	10	0.88	-3	5.625
565	0	0	0	0	-1	6.25
566	0	0	0	0	-1	5
567	0	0	0	0	-1	5
568	0	0	0	0	-1	6
569	646	647	9	0.005	-3	6
570	0	0	0	0	-1	5
571	648	649	3	0	-3	5
572	650	651	1	17	-3	6
573	0	0	0	0	-1	6
574	0	0	0	0	-1	5
575	0	0	0	0	-1	6
576	652	653	5	0	-3	5
577	0	0	0	0	-1	5
578	654	655	4	0	-3	6
579	0	0	0	0	-1	5
580	0	0	0	0	-1	7
581	0	0	0	0	-1	7
582	0	0	0	0	-1	6
583	656	657	9	3.255	-3	7.06666666666667
584	658	659	5	0.102	-3	6.14285714285714
585	660	661	8	0.99767	-3	6.69230769230769
586	662	663	1	6.2	-3	6.75
587	664	665	6	0	-3	6
588	0	0	0	0	-1	7
589	666	667	6	21	-3	5.7037037037037
590	0	0	0	0	-1	6
591	668	669	5	0.0785	-3	6.25
592	0	0	0	0	-1	6
593	670	671	7	63	-3	6
594	672	673	9	3.23	-3	7.03846153846154
595	0	0	0	0	-1	6.8
596	0	0	0	0	-1	6
597	0	0	0	0	-1	7
598	674	675	6	3.46	-3	6
599	0	0	0	0	-1	6
600	0	0	0	0	-1	5.4
601	676	677	2	0	-3	6
602	678	679	6	8.5	-3	5
603	680	681	2	0.59	-3	5.16666666666667
604	0	0	0	0	-1	5
605	0	0	0	0	-1	5
606	682	683	11	9.55	-3	5
607	0	0	0	0	-1	5
608	684	685	5	0	-3	5
609	0	0	0	0	-1	5
610	686	687	9	3.45	-3	5
611	0	0	0	0	-1	5
612	0	0	0	0	-1	5
613	688	689	7	0	-3	5
614	690	691	10	0	-3	5
615	0	0	0	0	-1	5
616	0	0	0	0	-1	6
617	0	0	0	0	-1	6
618	0	0	0	0	-1	5
619	0	0	0	0	-1	5
620	0	0	0	0	-1	6
621	692	693	5	0.0865	-3	5
622	0	0	0	0	-1	5
623	0	0	0	0	-1	5
624	694	695	8	0.996675	-3	5.44329896907217
625	696	697	10	0.675	-3	5.70491803278689
626	698	699	8	0	-3	6
627	0	0	0	0	-1	7
628	700	701	6	0	-3	5
629	702	703	11	0	-3	5
630	704	705	11	9.25	-3	4.97435897435898
631	0	0	0	0	-1	6
632	0	0	0	0	-1	5.25
633	706	707	6	16.5	-3	5
634	0	0	0	0	-1	5
635	0	0	0	0	-1	6
636	708	709	2	0.61	-3	5.88235294117647
637	0	0	0	0	-1	5
638	710	711	4	2.55	-3	6.46153846153846
639	712	713	3	0.395	-3	5.92857142857143
640	714	715	7	82	-3	5.11111111111111
641	716	717	7	74.5	-3	5.7
642	718	719	1	0	-3	5
643	0	0	0	0	-1	5
644	720	721	10	0.77	-3	5.52631578947368
645	0	0	0	0	-1	6
646	0	0	0	0	-1	6
647	722	723	10	0.595	-3	6
648	0	0	0	0	-1	5
649	724	725	11	10.95	-3	5
650	726	727	5	0.082	-3	6
651	0	0	0	0	-1	6
652	0	0	0	0	-1	6
653	728	729	8	0.99673	-3	5
654	0	0	0	0	-1	6
655	730	731	4	2.2	-3	6
656	0	0	0	0	-1	8
657	0	0	0	0	-1	7
658	732	733	5	0.0715	-3	6
659	0	0	0	0	-1	7
660	0	0	0	0	-1	6
661	734	735	8	0.999975	-3	6.9
662	0	0	0	0	-1	6
663	736	737	2	0.485	-3	6.92307692307692
664	0	0	0	0	-1	5
665	0	0	0	0	-1	6
666	738	739	3	0.36	-3	5.57894736842105
667	740	741	3	0.2	-3	6
668	0	0	0	0	-1	6
669	0	0	0	0	-1	6.6
670	0	0	0	0	-1	6
671	0	0	0	0	-1	6
672	0	0	0	0	-1	7.2
673	742	743	2	0.265	-3	7
674	0	0	0	0	-1	6
675	0	0	0	0	-1	6
676	0	0	0	0	-1	6
677	744	745	6	14.5	-3	6
678	746	747	2	0	-3	5
679	748	749	9	3.23	-3	5
680	0	0	0	0	-1	5.33333333333333
681	0	0	0	0	-1	5
682	750	751	7	7.15	-3	5
683	0	0	0	0	-1	5
684	0	0	0	0	-1	5
685	752	753	11	3.2	-3	5
686	754	755	4	0	-3	5
687	0	0	0	0	-1	5
688	0	0	0	0	-1	6
689	0	0	0	0	-1	5
690	0	0	0	0	-1	6
691	756	757	4	1.95	-3	5
692	758	759	9	0	-3	5
693	760	761	8	0.998135	-3	5
694	762	763	3	0.055	-3	5.12
695	764	765	7	17.5	-3	5.55555555555556
696	766	767	9	3.45	-3	5.59183673469388
697	768	769	5	0.0715	-3	6.16666666666667
698	0	0	0	0	-1	6
699	770	771	2	0.47	-3	6
700	0	0	0	0	-1	7
701	772	773	1	0	-3	5
702	0	0	0	0	-1	5
703	0	0	0	0	-1	5
704	774	775	7	70.5	-3	4.8
705	776	777	8	0.99589	-3	5.03448275862069
706	778	779	10	0	-3	5
707	780	781	6	20.5	-3	5
708	782	783	3	0.535	-3	5.9375
709	0	0	0	0	-1	5
710	0	0	0	0	-1	7
711	784	785	3	0.11	-3	6.125
712	0	0	0	0	-1	5
713	786	787	4	1.7	-3	6
714	788	789	8	0	-3	5
715	0	0	0	0	-1	6
716	790	791	1	9.3	-3	5.875
717	0	0	0	0	-1	5
718	0	0	0	0	-1	5
719	0	0	0	0	-1	5
720	792	793	5	0.0945	-3	5.625
721	0	0	0	0	-1	5
722	0	0	0	0	-1	6
723	794	795	7	10.85	-3	6
724	0	0	0	0	-1	5
725	796	797	10	0	-3	5
726	0	0	0	0	-1	6
727	0	0	0	0	-1	6
728	0	0	0	0	-1	5
729	0	0	0	0	-1	5
730	0	0	0	0	-1	6
731	798	799	8	0.58	-3	6
732	0	0	0	0	-1	6
733	800	801	3	0	-3	6
734	802	803	7	28.5	-3	7
735	0	0	0	0	-1	6
736	0	0	0	0	-1	6
737	804	805	2	0.6025	-3	7
738	806	807	2	0.475	-3	5
739	808	809	4	2.3	-3	5.84615384615385
740	0	0	0	0	-1	6
741	0	0	0	0	-1	6
742	0	0	0	0	-1	7
743	810	811	8	0	-3	7
744	0	0	0	0	-1	6
745	0	0	0	0	-1	6
746	0	0	0	0	-1	6
747	0	0	0	0	-1	5
748	0	0	0	0	-1	5
749	812	813	3	0.085	-3	5
750	0	0	0	0	-1	6
751	814	815	9	3.315	-3	5
752	0	0	0	0	-1	5
753	0	0	0	0	-1	5
754	0	0	0	0	-1	5
755	816	817	10	0.55	-3	5
756	0	0	0	0	-1	5
757	0	0	0	0	-1	5
758	0	0	0	0	-1	4
759	818	819	10	0.49	-3	5
760	820	821	11	0	-3	5
761	0	0	0	0	-1	5
762	0	0	0	0	-1	5.6
763	822	823	7	49.5	-3	5
764	824	825	11	0	-3	5
765	826	827	1	8.75	-3	5.61538461538461
766	828	829	5	0.073	-3	5.68292682926829
767	830	831	11	9.75	-3	5.125
768	0	0	0	0	-1	6.75
769	832	833	1	7	-3	5.875
770	0	0	0	0	-1	6
771	0	0	0	0	-1	6
772	0	0	0	0	-1	7
773	0	0	0	0	-1	5
774	834	835	3	0.025	-3	5
775	0	0	0	0	-1	4
776	0	0	0	0	-1	5.33333333333333
777	0	0	0	0	-1	5
778	0	0	0	0	-1	6
779	0	0	0	0	-1	5
780	0	0	0	0	-1	5
781	0	0	0	0	-1	5
782	836	837	5	0.0905	-3	6
783	0	0	0	0	-1	5
784	0	0	0	0	-1	7
785	838	839	1	0	-3	6
786	0	0	0	0	-1	6
787	840	841	3	0	-3	6
788	0	0	0	0	-1	7
789	842	843	5	0	-3	5
790	0	0	0	0	-1	6
791	0	0	0	0	-1	5.5
792	844	845	2	0.5625	-3	5.9
793	846	847	8	0.9996	-3	5.16666666666667
794	0	0	0	0	-1	6
795	0	0	0	0	-1	6
796	0	0	0	0	-1	5
797	848	849	5	0.074	-3	5
798	0	0	0	0	-1	6
799	0	0	0	0	-1	6
800	0	0	0	0	-1	5
801	850	851	10	0.67	-3	6
802	0	0	0	0	-1	7
803	0	0	0	0	-1	7
804	0	0	0	0	-1	7
805	0	0	0	0	-1	7
806	0	0	0	0	-1	5
807	0	0	0	0	-1	5
808	0	0	0	0	-1	5.6
809	0	0	0	0	-1	6
810	0	0	0	0	-1	5
811	852	853	2	0	-3	7
812	0	0	0	0	-1	5
813	0	0	0	0	-1	5
814	0	0	0	0	-1	5
815	854	855	3	0.235	-3	5
816	0	0	0	0	-1	5
817	0	0	0	0	-1	5
818	0	0	0	0	-1	5
819	0	0	0	0	-1	5
820	0	0	0	0	-1	5
821	0	0	0	0	-1	5
822	856	857	5	0.079	-3	5
823	858	859	10	0	-3	5
824	0	0	0	0	-1	6
825	860	861	9	0	-3	5
826	862	863	4	2.55	-3	5.69642857142857
827	864	865	5	0.1375	-3	5.11111111111111
828	866	867	4	1.65	-3	5.25
829	868	869	8	0.997345	-3	5.78787878787879
830	0	0	0	0	-1	6
831	870	871	1	0	-3	5
832	0	0	0	0	-1	5
833	872	873	2	0	-3	6
834	0	0	0	0	-1	5
835	874	875	4	0	-3	5
836	876	877	6	20.5	-3	6
837	0	0	0	0	-1	6
838	0	0	0	0	-1	6
839	878	879	2	0.455	-3	6
840	0	0	0	0	-1	6
841	880	881	9	3.06	-3	6
842	0	0	0	0	-1	5
843	882	883	6	10.5	-3	5
844	884	885	8	0.99955	-3	6
845	0	0	0	0	-1	5.5
846	0	0	0	0	-1	6
847	0	0	0	0	-1	5
848	0	0	0	0	-1	5
849	0	0	0	0	-1	5
850	0	0	0	0	-1	6
851	0	0	0	0	-1	6
852	0	0	0	0	-1	6
853	0	0	0	0	-1	7
854	0	0	0	0	-1	5
855	886	887	10	0.495	-3	5
856	888	889	7	0	-3	5
857	890	891	10	0.225	-3	5
858	0	0	0	0	-1	6
859	892	893	5	0	-3	5
860	0	0	0	0	-1	7
861	0	0	0	0	-1	5
862	894	895	7	39.5	-3	5.77358490566038
863	0	0	0	0	-1	4.33333333333333
864	896	897	4	0	-3	5
865	0	0	0	0	-1	6
866	0	0	0	0	-1	6
867	898	899	5	0.069	-3	5
868	900	901	2	0.43	-3	5.88888888888889
869	902	903	9	3.375	-3	5.33333333333333
870	0	0	0	0	-1	7
871	0	0	0	0	-1	5
872	0	0	0	0	-1	6
873	904	905	4	2.3	-3	6
874	0	0	0	0	-1	4
875	906	907	9	3.075	-3	5
876	908	909	4	2.05	-3	6
877	0	0	0	0	-1	6
878	0	0	0	0	-1	6
879	0	0	0	0	-1	6
880	0	0	0	0	-1	6
881	910	911	5	0.0955	-3	6
882	0	0	0	0	-1	5
883	0	0	0	0	-1	5
884	912	913	1	10.95	-3	6
885	0	0	0	0	-1	6
886	914	915	1	10.5	-3	5
887	0	0	0	0	-1	5
888	0	0	0	0	-1	7
889	916	917	4	0	-3	5
890	0	0	0	0	-1	7
891	0	0	0	0	-1	5
892	0	0	0	0	-1	5
893	0	0	0	0	-1	5
894	918	919	1	6.75	-3	5.90909090909091
895	920	921	5	0.0755	-3	5.67741935483871
896	0	0	0	0	-1	5
897	922	923	6	0	-3	5
898	0	0	0	0	-1	5
899	0	0	0	0	-1	5
900	0	0	0	0	-1	5.5
901	924	925	5	0.0775	-3	5.92
902	0	0	0	0	-1	5
903	0	0	0	0	-1	6
904	0	0	0	0	-1	6
905	0	0	0	0	-1	6
906	0	0	0	0	-1	5
907	0	0	0	0	-1	5
908	0	0	0	0	-1	6
909	0	0	0	0	-1	6
910	0	0	0	0	-1	6
911	0	0	0	0	-1	6
912	0	0	0	0	-1	6
913	0	0	0	0	-1	6
914	0	0	0	0	-1	5
915	0	0	0	0	-1	5
916	0	0	0	0	-1	6
917	0	0	0	0	-1	5
918	0	0	0	0	-1	5
919	926	927	6	6.5	-3	5.95238095238095
920	0	0	0	0	-1	5
921	928	929	4	2.4	-3	5.75
922	0	0	0	0	-1	5
923	930	931	11	0	-3	5
924	932	933	2	0.535	-3	5.75
925	934	935	6	16.5	-3	6
926	0	0	0	0	-1	5.8
927	0	0	0	0	-1	6
928	936	937	7	50.5	-3	5.80769230769231
929	0	0	0	0	-1	5
930	0	0	0	0	-1	5
931	0	0	0	0	-1	5
932	0	0	0	0	-1	6
933	0	0	0	0	-1	5.33333333333333
934	938	939	6	8.05	-3	6
935	940	941	11	10.15	-3	6
936	0	0	0	0	-1	5.2
937	942	943	8	0.99683	-3	5.95238095238095
938	944	945	4	9.7	-3	6
939	0	0	0	0	-1	6
940	0	0	0	0	-1	6
941	0	0	0	0	-1	6
942	0	0	0	0	-1	5
943	946	947	1	8.05	-3	6
944	948	949	3	0.085	-3	6
945	0	0	0	0	-1	6
946	950	951	5	0.0785	-3	6
947	952	953	2	0.575	-3	6
948	0	0	0	0	-1	6
949	0	0	0	0	-1	6
950	0	0	0	0	-1	6
951	0	0	0	0	-1	6
952	0	0	0	0	-1	6
953	0	0	0	0	-1	6
