1	2	3	11	11.0333333333333	-3	5.64853033145716
2	4	5	10	0.575	-3	5.45964316057774
3	6	7	2	0.515	-3	6.17535545023696
4	8	9	4	1.3	-3	5.16706443914081
5	10	11	9	3.585	-3	5.62137203166227
6	12	13	7	24.5	-3	6.36170212765957
7	14	15	5	0.0585	-3	5.8
8	0	0	0	0	-1	7
9	16	17	9	3.595	-3	5.15827338129496
10	18	19	5	0.0975	-3	5.64005412719892
11	20	21	4	3.15	-3	4.89473684210526
12	22	23	9	3.155	-3	6.56756756756757
13	24	25	11	13.15	-3	6.22807017543859
14	26	27	5	0.0465	-3	5.42424242424242
15	28	29	1	12.6	-3	5.91588785046729
16	30	31	10	0.41	-3	5.17391304347826
17	0	0	0	0	-1	3
18	32	33	1	10.05	-3	5.72913117546848
19	34	35	7	24.5	-3	5.29605263157895
20	36	37	1	6	-3	5
21	0	0	0	0	-1	4
22	38	39	3	0.66	-3	7.05882352941177
23	40	41	2	0.35	-3	6.47872340425532
24	42	43	7	221.5	-3	6.175
25	44	45	5	0.045	-3	7
26	46	47	11	12.7	-3	6.11111111111111
27	48	49	1	6.7	-3	5.16666666666667
28	50	51	4	3.3	-3	6
29	52	53	2	0.665	-3	5.18181818181818
30	54	55	3	0.015	-3	4.28571428571429
31	56	57	8	0.996935	-3	5.18918918918919
32	58	59	11	9.95	-3	5.62280701754386
33	60	61	2	0.355	-3	6.09923664122137
34	62	63	11	9.85	-3	5.90625
35	64	65	4	1.65	-3	5.13333333333333
36	0	0	0	0	-1	4.33333333333333
37	66	67	10	0.86	-3	5.14285714285714
38	68	69	9	3.145	-3	7.125
39	0	0	0	0	-1	6
40	70	71	4	5.7	-3	6.70454545454546
41	72	73	4	1.725	-3	6.28
42	74	75	4	2.625	-3	6.15384615384615
43	0	0	0	0	-1	7
44	0	0	0	0	-1	8
45	76	77	4	3.4	-3	6.77777777777778
46	78	79	11	11.45	-3	5.85714285714286
47	0	0	0	0	-1	7
48	80	81	9	3.82	-3	4.875
49	82	83	4	2.025	-3	5.75
50	84	85	9	3.205	-3	6.1
51	86	87	10	0.65	-3	5.5
52	88	89	2	0.565	-3	5
53	0	0	0	0	-1	7
54	0	0	0	0	-1	3.33333333333333
55	0	0	0	0	-1	5
56	90	91	10	0.535	-3	5.31004366812227
57	92	93	6	4.5	-3	5.03370786516854
58	94	95	6	18.5	-3	5.44859813084112
59	96	97	7	77.5	-3	5.77685950413223
60	98	99	8	0.99722	-3	6.42592592592593
61	100	101	8	1.0018	-3	5.87012987012987
62	102	103	7	15.5	-3	5.47058823529412
63	104	105	8	0.99761	-3	6.4
64	106	107	6	30.5	-3	4.44444444444444
65	108	109	1	6.5	-3	5.18918918918919
66	110	111	10	0.765	-3	5
67	0	0	0	0	-1	6
68	112	113	5	0	-3	7
69	0	0	0	0	-1	7.66666666666667
70	114	115	11	13.15	-3	6.64285714285714
71	0	0	0	0	-1	8
72	0	0	0	0	-1	5.33333333333333
73	116	117	6	9.5	-3	6.34042553191489
74	118	119	9	3.19	-3	6.06666666666667
75	120	121	1	6.85	-3	6.44444444444444
76	122	123	9	3.61	-3	6.875
77	0	0	0	0	-1	6
78	0	0	0	0	-1	5
79	124	125	10	0.595	-3	6
80	126	127	3	0.005	-3	5
81	0	0	0	0	-1	4
82	0	0	0	0	-1	5
83	128	129	9	3.285	-3	6
84	0	0	0	0	-1	7.5
85	130	131	8	0.99388	-3	6.06410256410256
86	132	133	4	3.425	-3	5.1
87	134	135	1	11.5	-3	6.16666666666667
88	0	0	0	0	-1	5
89	136	137	2	0	-3	5
90	138	139	4	4.9	-3	5.16058394160584
91	140	141	1	7.65	-3	5.53260869565217
92	142	143	9	3.445	-3	4.14285714285714
93	144	145	8	1.0006	-3	5.07017543859649
94	146	147	9	3.205	-3	5.53246753246753
95	148	149	11	9.55	-3	5.23333333333333
96	150	151	3	0.505	-3	5.85454545454546
97	152	153	2	0.3975	-3	5
98	0	0	0	0	-1	7.4
99	154	155	5	0.0935	-3	6.3265306122449
100	156	157	10	0.865	-3	5.84
101	0	0	0	0	-1	7
102	158	159	10	0.59	-3	5.875
103	160	161	8	0.99605	-3	5.11111111111111
104	162	163	9	3.38	-3	6.85714285714286
105	164	165	8	0.99834	-3	6
106	0	0	0	0	-1	5
107	0	0	0	0	-1	3.75
108	0	0	0	0	-1	4
109	166	167	9	2.935	-3	5.21100917431193
110	168	169	6	0	-3	5
111	0	0	0	0	-1	5
112	0	0	0	0	-1	6
113	170	171	8	0.99457	-3	7
114	172	173	9	3.295	-3	6.69230769230769
115	0	0	0	0	-1	6
116	174	175	3	0.295	-3	6.14285714285714
117	176	177	10	0.58	-3	6.91666666666667
118	178	179	5	0.08	-3	5.625
119	180	181	4	2.55	-3	6.13461538461539
120	182	183	11	12.75	-3	6
121	184	185	8	1.00175	-3	6.57142857142857
122	186	187	11	13.45	-3	7
123	0	0	0	0	-1	6.5
124	0	0	0	0	-1	6
125	0	0	0	0	-1	6
126	0	0	0	0	-1	4
127	188	189	1	6.25	-3	5.07692307692308
128	0	0	0	0	-1	5
129	0	0	0	0	-1	6.2
130	190	191	6	17.5	-3	5.8695652173913
131	192	193	2	0.8725	-3	6.14545454545455
132	0	0	0	0	-1	4
133	194	195	6	19	-3	5.22222222222222
134	0	0	0	0	-1	6
135	0	0	0	0	-1	6.33333333333333
136	0	0	0	0	-1	6
137	196	197	4	21	-3	5
138	198	199	4	1.85	-3	5.09448818897638
139	0	0	0	0	-1	6
140	200	201	3	0.245	-3	5.33333333333333
141	202	203	2	0.59	-3	5.81578947368421
142	0	0	0	0	-1	3.8
143	0	0	0	0	-1	5
144	204	205	1	8.7	-3	5.08235294117647
145	0	0	0	0	-1	3
146	206	207	4	2.65	-3	5.08695652173913
147	208	209	7	38.5	-3	5.61068702290076
148	210	211	3	0.215	-3	5.34883720930233
149	212	213	2	0.385	-3	4.94117647058824
150	214	215	2	0.6375	-3	5.88625592417062
151	216	217	4	1.75	-3	5.11111111111111
152	0	0	0	0	-1	5
153	0	0	0	0	-1	5
154	218	219	9	2.91	-3	6.21951219512195
155	220	221	2	0.325	-3	6.875
156	222	223	4	3.9	-3	5.93103448275862
157	224	225	7	37	-3	5.52941176470588
158	0	0	0	0	-1	5
159	226	227	2	0	-3	6
160	0	0	0	0	-1	6
161	228	229	4	2.45	-3	5
162	230	231	7	13.5	-3	7
163	0	0	0	0	-1	6
164	0	0	0	0	-1	5
165	232	233	10	0.83	-3	6.33333333333333
166	234	235	11	9.85	-3	5.83333333333333
167	236	237	11	10.85	-3	5.1747572815534
168	0	0	0	0	-1	6
169	238	239	8	0.997095	-3	5
170	0	0	0	0	-1	7
171	240	241	5	0.1035	-3	7
172	242	243	2	0.195	-3	6.56
173	244	245	10	0.795	-3	6.92857142857143
174	0	0	0	0	-1	5
175	246	247	9	3.275	-3	6.21212121212121
176	0	0	0	0	-1	6
177	248	249	10	0.825	-3	7
178	250	251	3	0.31	-3	5.81818181818182
179	0	0	0	0	-1	5.2
180	252	253	10	0.915	-3	6.1734693877551
181	254	255	5	0.061	-3	5.5
182	256	257	2	0.35	-3	6
183	0	0	0	0	-1	6
184	258	259	10	0.855	-3	6.72727272727273
185	0	0	0	0	-1	6
186	0	0	0	0	-1	7
187	0	0	0	0	-1	7
188	260	261	2	0.55	-3	5
189	0	0	0	0	-1	6
190	262	263	4	2.45	-3	6
191	264	265	10	0.56	-3	5.625
192	266	267	1	6.65	-3	6.16666666666667
193	0	0	0	0	-1	5
194	268	269	8	0.995995	-3	5.375
195	0	0	0	0	-1	4
196	270	271	8	0	-3	5
197	0	0	0	0	-1	5
198	272	273	3	0.32	-3	5.22222222222222
199	274	275	7	14	-3	5.04395604395604
200	276	277	5	0.082	-3	5.19047619047619
201	278	279	3	0.33	-3	5.83333333333333
202	280	281	2	0.575	-3	6
203	282	283	8	0.996775	-3	5.46153846153846
204	284	285	2	0.82	-3	4.89705882352941
205	286	287	4	3.25	-3	5.20588235294118
206	288	289	1	8.3	-3	5
207	0	0	0	0	-1	6
208	290	291	2	0.555	-3	5.76388888888889
209	292	293	8	0.99603	-3	5.42372881355932
210	294	295	1	6.9	-3	5.07142857142857
211	296	297	10	0.605	-3	5.48275862068965
212	0	0	0	0	-1	4
213	298	299	3	0.015	-3	5
214	300	301	10	0.635	-3	6
215	302	303	11	10.35	-3	5.5
216	0	0	0	0	-1	6
217	304	305	8	0.99669	-3	5
218	0	0	0	0	-1	7
219	306	307	5	0.0725	-3	6.17948717948718
220	308	309	4	2.65	-3	7
221	0	0	0	0	-1	6
222	310	311	1	12.05	-3	5.96428571428571
223	0	0	0	0	-1	5
224	0	0	0	0	-1	5
225	312	313	5	0.079	-3	5.81818181818182
226	0	0	0	0	-1	5
227	314	315	9	0	-3	6
228	316	317	9	0	-3	5
229	0	0	0	0	-1	5
230	0	0	0	0	-1	7
231	0	0	0	0	-1	7
232	0	0	0	0	-1	7
233	0	0	0	0	-1	6
234	0	0	0	0	-1	5.66666666666667
235	0	0	0	0	-1	6
236	318	319	11	9.05	-3	5.1340206185567
237	320	321	5	0.1175	-3	5.83333333333333
238	0	0	0	0	-1	5
239	322	323	11	0	-3	5
240	324	325	6	11.3	-3	7
241	0	0	0	0	-1	7
242	0	0	0	0	-1	5
243	326	327	11	12.35	-3	6.625
244	0	0	0	0	-1	7
245	0	0	0	0	-1	6
246	328	329	7	19.5	-3	6.47058823529412
247	330	331	6	3.5	-3	5.9375
248	332	333	2	0.365	-3	7.125
249	0	0	0	0	-1	6.66666666666667
250	0	0	0	0	-1	5.25
251	334	335	11	11.35	-3	6.14285714285714
252	336	337	10	0.775	-3	6.21276595744681
253	0	0	0	0	-1	5.25
254	0	0	0	0	-1	5
255	0	0	0	0	-1	6
256	0	0	0	0	-1	6
257	0	0	0	0	-1	6
258	338	339	5	0.119	-3	6.66666666666667
259	0	0	0	0	-1	8
260	0	0	0	0	-1	5
261	340	341	1	0	-3	5
262	342	343	4	2.3	-3	6.07142857142857
263	0	0	0	0	-1	5
264	0	0	0	0	-1	5
265	0	0	0	0	-1	6
266	344	345	9	3.55	-3	6.46153846153846
267	346	347	7	37	-3	6.07317073170732
268	0	0	0	0	-1	5
269	0	0	0	0	-1	5.75
270	0	0	0	0	-1	6
271	348	349	7	21	-3	5
272	350	351	5	0.0995	-3	5.10344827586207
273	352	353	5	0.0865	-3	5.71428571428571
274	0	0	0	0	-1	4.33333333333333
275	354	355	1	9.35	-3	5.06818181818182
276	356	357	2	0.365	-3	5
277	358	359	7	82	-3	5.66666666666667
278	0	0	0	0	-1	6
279	0	0	0	0	-1	5.6
280	360	361	11	9.65	-3	5.86363636363636
281	0	0	0	0	-1	7
282	362	363	3	0.12	-3	5.3
283	0	0	0	0	-1	6
284	364	365	11	10.15	-3	4.96825396825397
285	0	0	0	0	-1	4
286	366	367	11	9.65	-3	5.1264367816092
287	368	369	8	0.99874	-3	5.66666666666667
288	0	0	0	0	-1	5.33333333333333
289	370	371	11	9.35	-3	4.94444444444444
290	372	373	1	8.9	-3	5.95744680851064
291	374	375	10	0.665	-3	5.4
292	376	377	2	0.875	-3	4.83333333333333
293	378	379	11	9.65	-3	5.49056603773585
294	0	0	0	0	-1	6
295	380	381	8	0.996345	-3	5
296	382	383	8	0.99696	-3	5.81818181818182
297	384	385	11	8.95	-3	5.27777777777778
298	0	0	0	0	-1	5
299	386	387	2	0.075	-3	5
300	388	389	7	14.5	-3	5.69491525423729
301	390	391	3	0.305	-3	6.17307692307692
302	392	393	4	2.15	-3	5.30434782608696
303	394	395	2	0.905	-3	5.68
304	0	0	0	0	-1	5
305	396	397	9	0	-3	5
306	398	399	4	3.45	-3	6
307	400	401	11	10.65	-3	6.30434782608696
308	0	0	0	0	-1	7
309	0	0	0	0	-1	7
310	402	403	6	11	-3	6.04651162790698
311	404	405	4	2.15	-3	5.69230769230769
312	0	0	0	0	-1	6
313	0	0	0	0	-1	5
314	0	0	0	0	-1	5
315	0	0	0	0	-1	6
316	0	0	0	0	-1	6
317	406	407	1	8.55	-3	5
318	408	409	7	88.5	-3	5.5
319	410	411	2	0.405	-3	5.10989010989011
320	0	0	0	0	-1	5
321	0	0	0	0	-1	6
322	0	0	0	0	-1	6
323	412	413	10	0.675	-3	5
324	0	0	0	0	-1	7
325	0	0	0	0	-1	7
326	414	415	10	0.545	-3	6.5
327	0	0	0	0	-1	7
328	416	417	4	3.35	-3	6.72727272727273
329	418	419	10	0.71	-3	6
330	0	0	0	0	-1	4
331	420	421	5	0.063	-3	6.06666666666667
332	0	0	0	0	-1	8
333	422	423	11	11.9	-3	7
334	0	0	0	0	-1	7
335	424	425	6	10.5	-3	6
336	426	427	7	102.5	-3	6.0921052631579
337	428	429	2	0.415	-3	6.72222222222222
338	430	431	9	3.35	-3	6.875
339	0	0	0	0	-1	6
340	0	0	0	0	-1	6
341	432	433	6	6.15	-3	5
342	434	435	6	8	-3	6
343	0	0	0	0	-1	7
344	436	437	4	2.35	-3	7
345	0	0	0	0	-1	6
346	438	439	5	0.0595	-3	5.95238095238095
347	440	441	6	22	-3	6.2
348	0	0	0	0	-1	5
349	0	0	0	0	-1	5
350	442	443	11	9.7	-3	5.07142857142857
351	0	0	0	0	-1	6
352	0	0	0	0	-1	6
353	0	0	0	0	-1	5
354	444	445	3	0.265	-3	5.08045977011494
355	0	0	0	0	-1	4
356	0	0	0	0	-1	6
357	446	447	5	0.06	-3	4.96551724137931
358	448	449	2	0.8175	-3	5.88888888888889
359	0	0	0	0	-1	5
360	450	451	7	106.5	-3	5.57142857142857
361	452	453	9	3.18	-3	6
362	0	0	0	0	-1	5.6
363	0	0	0	0	-1	5
364	454	455	4	9.3	-3	5.01666666666667
365	0	0	0	0	-1	4
366	456	457	5	0.0735	-3	4.98181818181818
367	458	459	5	0.0795	-3	5.375
368	460	461	1	9.1	-3	6
369	0	0	0	0	-1	5
370	0	0	0	0	-1	4.5
371	462	463	4	2	-3	5
372	464	465	6	4	-3	6
373	0	0	0	0	-1	5
374	466	467	3	0.005	-3	5.21428571428571
375	468	469	9	3.465	-3	5.63636363636364
376	0	0	0	0	-1	5
377	0	0	0	0	-1	4
378	470	471	1	8.25	-3	5.25714285714286
379	472	473	5	0.093	-3	5.94444444444444
380	0	0	0	0	-1	5
381	474	475	10	3.365	-3	5
382	476	477	1	7.5	-3	6
383	0	0	0	0	-1	5
384	0	0	0	0	-1	6
385	478	479	3	0.345	-3	5.23529411764706
386	0	0	0	0	-1	6
387	480	481	9	3.21	-3	5
388	0	0	0	0	-1	4.4
389	482	483	7	19	-3	5.81481481481481
390	484	485	3	0.165	-3	6.02127659574468
391	486	487	7	10	-3	6.29824561403509
392	488	489	2	0.7475	-3	5.54545454545455
393	490	491	9	3.245	-3	5.08333333333333
394	492	493	7	29	-3	5.82608695652174
395	0	0	0	0	-1	4
396	0	0	0	0	-1	5
397	494	495	7	25	-3	5
398	496	497	2	0.22	-3	6
399	0	0	0	0	-1	6
400	498	499	3	0.635	-3	6.11111111111111
401	0	0	0	0	-1	7
402	500	501	8	0.996935	-3	5.93333333333333
403	502	503	9	3.06	-3	6.30769230769231
404	0	0	0	0	-1	5
405	504	505	1	12.55	-3	5.9
406	0	0	0	0	-1	5
407	0	0	0	0	-1	5
408	0	0	0	0	-1	5
409	0	0	0	0	-1	6
410	506	507	7	49.5	-3	5.35714285714286
411	508	509	8	0.99589	-3	5.06493506493507
412	0	0	0	0	-1	5
413	0	0	0	0	-1	5
414	510	511	11	11.35	-3	6.16666666666667
415	512	513	5	0.094	-3	6.66666666666667
416	0	0	0	0	-1	6
417	514	515	1	9.65	-3	7
418	0	0	0	0	-1	6
419	0	0	0	0	-1	6
420	0	0	0	0	-1	7
421	516	517	8	0.99737	-3	5.83333333333333
422	0	0	0	0	-1	7
423	0	0	0	0	-1	7
424	0	0	0	0	-1	6
425	0	0	0	0	-1	6
426	518	519	4	2.45	-3	6.06849315068493
427	0	0	0	0	-1	6.66666666666667
428	0	0	0	0	-1	7
429	0	0	0	0	-1	6
430	520	521	2	0.25	-3	6.93333333333333
431	0	0	0	0	-1	6
432	0	0	0	0	-1	5
433	0	0	0	0	-1	5
434	0	0	0	0	-1	6
435	522	523	7	21	-3	6
436	0	0	0	0	-1	7
437	0	0	0	0	-1	7
438	0	0	0	0	-1	5
439	524	525	2	0.5525	-3	6
440	0	0	0	0	-1	6.8
441	526	527	6	31.5	-3	6
442	528	529	6	17	-3	5
443	530	531	5	0.0775	-3	5.2
444	532	533	8	0.99665	-3	5.1125
445	534	535	10	0.495	-3	4.71428571428571
446	0	0	0	0	-1	4
447	536	537	10	0.545	-3	5
448	538	539	5	0.097	-3	6
449	0	0	0	0	-1	5
450	0	0	0	0	-1	6
451	0	0	0	0	-1	5
452	0	0	0	0	-1	6
453	540	541	10	20	-3	6
454	542	543	2	0.725	-3	4.98275862068966
455	0	0	0	0	-1	6
456	0	0	0	0	-1	4.33333333333333
457	544	545	3	0.13	-3	5.01923076923077
458	546	547	9	3.115	-3	5.66666666666667
459	548	549	8	0.9999	-3	5.11764705882353
460	550	551	8	0.998035	-3	6
461	0	0	0	0	-1	6
462	0	0	0	0	-1	5
463	552	553	4	0.605	-3	5
464	0	0	0	0	-1	5
465	554	555	10	0.63	-3	6.02272727272727
466	0	0	0	0	-1	6
467	556	557	4	1.8	-3	5.08333333333333
468	558	559	5	0.0915	-3	5.33333333333333
469	0	0	0	0	-1	6
470	560	561	7	75.5	-3	5.40909090909091
471	562	563	7	69	-3	5
472	564	565	2	0.7475	-3	5.8125
473	0	0	0	0	-1	7
474	566	567	4	1.75	-3	5
475	0	0	0	0	-1	5
476	0	0	0	0	-1	6
477	0	0	0	0	-1	6
478	568	569	2	0.385	-3	5.44444444444444
479	570	571	9	3.155	-3	5
480	0	0	0	0	-1	5
481	572	573	11	9.85	-3	5
482	0	0	0	0	-1	6.5
483	574	575	5	0.0725	-3	5.76
484	576	577	10	0.685	-3	6.22222222222222
485	578	579	5	0.0795	-3	5.75
486	0	0	0	0	-1	7
487	580	581	8	0.995415	-3	6.25925925925926
488	582	583	10	0.655	-3	5.85714285714286
489	0	0	0	0	-1	5
490	0	0	0	0	-1	5.25
491	584	585	2	0.835	-3	5
492	586	587	7	18	-3	6
493	588	589	3	0.03	-3	5.42857142857143
494	0	0	0	0	-1	5
495	0	0	0	0	-1	5
496	0	0	0	0	-1	6
497	590	591	6	8	-3	6
498	592	593	5	0.0765	-3	6.17647058823529
499	0	0	0	0	-1	5
500	0	0	0	0	-1	7
501	594	595	2	0.605	-3	5.89655172413793
502	0	0	0	0	-1	7
503	596	597	8	0.9995	-3	6.1
504	0	0	0	0	-1	5
505	598	599	4	2.35	-3	6
506	600	601	8	0.9993	-3	5.83333333333333
507	602	603	10	1.105	-3	5
508	0	0	0	0	-1	6
509	604	605	6	6.25	-3	5.02702702702703
510	0	0	0	0	-1	7
511	0	0	0	0	-1	6
512	606	607	9	3.225	-3	6.88888888888889
513	0	0	0	0	-1	6
514	0	0	0	0	-1	7
515	0	0	0	0	-1	7
516	608	609	4	2.45	-3	6
517	0	0	0	0	-1	5
518	610	611	2	0.185	-3	6.0327868852459
519	612	613	9	3.285	-3	6.25
520	0	0	0	0	-1	6
521	0	0	0	0	-1	7
522	614	615	3	0.005	-3	6
523	0	0	0	0	-1	6
524	616	617	11	11.55	-3	6
525	618	619	3	0.19	-3	6
526	0	0	0	0	-1	6
527	0	0	0	0	-1	6
528	620	621	1	0.0535	-3	5
529	622	623	3	0	-3	5
530	0	0	0	0	-1	6
531	624	625	5	0.09	-3	5
532	626	627	7	30	-3	5.08571428571429
533	628	629	8	0.99679	-3	5.3
534	0	0	0	0	-1	4.33333333333333
535	0	0	0	0	-1	5
536	630	631	7	44.5	-3	5
537	632	633	5	0.0795	-3	5
538	634	635	3	0	-3	6
539	0	0	0	0	-1	6
540	0	0	0	0	-1	6
541	0	0	0	0	-1	6
542	636	637	6	6.5	-3	5.0188679245283
543	0	0	0	0	-1	4.6
544	0	0	0	0	-1	6
545	638	639	9	3.255	-3	4.98
546	0	0	0	0	-1	5
547	640	641	4	2.55	-3	5.83333333333333
548	642	643	9	0	-3	5
549	0	0	0	0	-1	5.66666666666667
550	0	0	0	0	-1	6
551	0	0	0	0	-1	6
552	0	0	0	0	-1	6
553	644	645	4	0	-3	5
554	646	647	10	0.615	-3	6.125
555	648	649	3	0.255	-3	5.96428571428571
556	0	0	0	0	-1	5.2
557	650	651	7	0	-3	5
558	0	0	0	0	-1	5
559	0	0	0	0	-1	6
560	652	653	4	3.4	-3	5.23529411764706
561	0	0	0	0	-1	6
562	654	655	11	0	-3	5
563	0	0	0	0	-1	5
564	656	657	7	100.5	-3	5.86666666666667
565	0	0	0	0	-1	5
566	0	0	0	0	-1	5
567	658	659	4	0	-3	5
568	0	0	0	0	-1	5
569	660	661	6	22	-3	5.57142857142857
570	0	0	0	0	-1	5
571	662	663	3	0	-3	5
572	664	665	6	0	-3	5
573	0	0	0	0	-1	5
574	666	667	2	0.49	-3	5
575	668	669	6	27.5	-3	5.86363636363636
576	670	671	8	0.994965	-3	6
577	672	673	1	6.3	-3	6.4
578	674	675	10	0.675	-3	6
579	676	677	8	0.996335	-3	5.44444444444444
580	0	0	0	0	-1	7
581	678	679	1	8.45	-3	6.2
582	680	681	11	0	-3	6
583	0	0	0	0	-1	5
584	0	0	0	0	-1	5
585	0	0	0	0	-1	5
586	0	0	0	0	-1	6
587	0	0	0	0	-1	6
588	0	0	0	0	-1	6
589	0	0	0	0	-1	5.2
590	682	683	8	0.99805	-3	6
591	0	0	0	0	-1	6
592	0	0	0	0	-1	6.5
593	684	685	1	12.4	-3	6.07692307692308
594	686	687	7	16	-3	5.96296296296296
595	0	0	0	0	-1	5
596	688	689	3	0.64	-3	6
597	0	0	0	0	-1	7
598	0	0	0	0	-1	6
599	690	691	6	8	-3	6
600	0	0	0	0	-1	6
601	0	0	0	0	-1	5
602	692	693	1	0	-3	5
603	0	0	0	0	-1	5
604	0	0	0	0	-1	5.25
605	694	695	10	0.665	-3	5.01428571428572
606	0	0	0	0	-1	6.75
607	0	0	0	0	-1	7
608	696	697	10	0.585	-3	6
609	0	0	0	0	-1	6
610	0	0	0	0	-1	7
611	698	699	7	64	-3	6.01666666666667
612	0	0	0	0	-1	7
613	700	701	5	0.066	-3	6.1
614	0	0	0	0	-1	6
615	0	0	0	0	-1	6
616	0	0	0	0	-1	6
617	0	0	0	0	-1	6
618	0	0	0	0	-1	6
619	0	0	0	0	-1	6
620	0	0	0	0	-1	6
621	702	703	8	0.99478	-3	5
622	0	0	0	0	-1	8
623	704	705	8	0.99435	-3	5
624	0	0	0	0	-1	5
625	0	0	0	0	-1	5
626	706	707	2	0.475	-3	5.36363636363636
627	708	709	9	3.49	-3	5.03389830508475
628	0	0	0	0	-1	5.6
629	0	0	0	0	-1	5
630	710	711	8	0.99558	-3	5
631	0	0	0	0	-1	5
632	0	0	0	0	-1	5
633	0	0	0	0	-1	5
634	0	0	0	0	-1	6
635	712	713	9	3.435	-3	6
636	0	0	0	0	-1	4
637	714	715	6	8	-3	5.05882352941177
638	716	717	10	0.435	-3	5
639	718	719	10	0.525	-3	4.94117647058824
640	720	721	3	0.375	-3	5.90909090909091
641	0	0	0	0	-1	5
642	0	0	0	0	-1	6
643	722	723	1	9.1	-3	5
644	0	0	0	0	-1	6
645	724	725	9	3.195	-3	5
646	726	727	4	1.7	-3	6
647	0	0	0	0	-1	7
648	728	729	6	3.405	-3	6
649	730	731	9	3.355	-3	5.875
650	0	0	0	0	-1	5
651	732	733	5	0.0805	-3	5
652	734	735	5	0.0925	-3	5.1875
653	0	0	0	0	-1	6
654	0	0	0	0	-1	5
655	736	737	5	0	-3	5
656	738	739	3	0.35	-3	6
657	0	0	0	0	-1	5
658	0	0	0	0	-1	5
659	740	741	4	2.15	-3	5
660	0	0	0	0	-1	5.25
661	0	0	0	0	-1	6
662	0	0	0	0	-1	5
663	742	743	1	8.95	-3	5
664	0	0	0	0	-1	5
665	744	745	9	3.25	-3	5
666	0	0	0	0	-1	5
667	0	0	0	0	-1	5
668	746	747	2	0.595	-3	5.92105263157895
669	748	749	1	7.85	-3	5.5
670	0	0	0	0	-1	6
671	750	751	10	0	-3	6
672	752	753	2	0.455	-3	6.125
673	754	755	11	10.45	-3	6.71428571428571
674	0	0	0	0	-1	6
675	0	0	0	0	-1	6
676	0	0	0	0	-1	6
677	756	757	4	2.65	-3	5.16666666666667
678	758	759	5	0.0635	-3	6.06896551724138
679	760	761	8	0.998495	-3	6.38095238095238
680	0	0	0	0	-1	6
681	0	0	0	0	-1	6
682	0	0	0	0	-1	6
683	0	0	0	0	-1	6
684	0	0	0	0	-1	6
685	0	0	0	0	-1	6.5
686	762	763	8	0.99805	-3	5.83333333333333
687	764	765	3	0	-3	6
688	766	767	5	10.4	-3	6
689	0	0	0	0	-1	6
690	0	0	0	0	-1	6
691	0	0	0	0	-1	6
692	0	0	0	0	-1	7
693	768	769	11	10.1	-3	5
694	770	771	2	0.595	-3	5.04545454545455
695	772	773	8	0.99746	-3	5
696	0	0	0	0	-1	6
697	0	0	0	0	-1	6
698	774	775	11	12.35	-3	6.07547169811321
699	776	777	8	0.995155	-3	5.57142857142857
700	0	0	0	0	-1	7
701	778	779	5	0	-3	6
702	0	0	0	0	-1	5
703	780	781	6	0	-3	5
704	0	0	0	0	-1	5
705	0	0	0	0	-1	5
706	0	0	0	0	-1	6
707	0	0	0	0	-1	5
708	782	783	11	10.75	-3	5.01724137931035
709	0	0	0	0	-1	6
710	0	0	0	0	-1	5
711	0	0	0	0	-1	5
712	0	0	0	0	-1	6
713	0	0	0	0	-1	6
714	0	0	0	0	-1	5.5
715	784	785	5	0.0825	-3	5.04081632653061
716	0	0	0	0	-1	5
717	786	787	2	0.7075	-3	5
718	0	0	0	0	-1	4.75
719	788	789	10	0	-3	5
720	790	791	4	2	-3	6
721	0	0	0	0	-1	5.75
722	0	0	0	0	-1	5
723	792	793	6	0	-3	5
724	794	795	6	0	-3	5
725	0	0	0	0	-1	5
726	0	0	0	0	-1	6
727	796	797	2	0.605	-3	6
728	0	0	0	0	-1	5
729	798	799	8	0.9955	-3	6
730	800	801	4	1.5	-3	6
731	0	0	0	0	-1	5
732	0	0	0	0	-1	5
733	0	0	0	0	-1	5
734	802	803	6	8.5	-3	5.07142857142857
735	0	0	0	0	-1	6
736	0	0	0	0	-1	5
737	0	0	0	0	-1	5
738	0	0	0	0	-1	6
739	0	0	0	0	-1	6
740	0	0	0	0	-1	5
741	0	0	0	0	-1	5
742	0	0	0	0	-1	5
743	0	0	0	0	-1	5
744	0	0	0	0	-1	5
745	804	805	2	0	-3	5
746	806	807	6	7.5	-3	5.84615384615385
747	808	809	8	0.996785	-3	6.08333333333333
748	0	0	0	0	-1	5.75
749	0	0	0	0	-1	5
750	0	0	0	0	-1	7
751	810	811	2	0.5675	-3	6
752	0	0	0	0	-1	7
753	0	0	0	0	-1	6
754	0	0	0	0	-1	6.33333333333333
755	0	0	0	0	-1	7
756	0	0	0	0	-1	5
757	0	0	0	0	-1	6
758	812	813	11	10.45	-3	6.5
759	814	815	3	0.325	-3	5.95652173913043
760	816	817	5	0.0925	-3	6.23529411764706
761	0	0	0	0	-1	7
762	0	0	0	0	-1	6
763	0	0	0	0	-1	5
764	0	0	0	0	-1	5
765	818	819	6	11.5	-3	6
766	820	821	11	10	-3	6
767	0	0	0	0	-1	6
768	0	0	0	0	-1	5
769	0	0	0	0	-1	5
770	822	823	4	2.95	-3	5.14285714285714
771	824	825	2	0.1105	-3	5
772	826	827	10	0.955	-3	5
773	828	829	1	8.55	-3	5
774	830	831	3	0.325	-3	6.02272727272727
775	832	833	1	8.15	-3	6.33333333333333
776	0	0	0	0	-1	5
777	0	0	0	0	-1	6
778	0	0	0	0	-1	5
779	834	835	5	0.073	-3	6
780	0	0	0	0	-1	6
781	836	837	7	20	-3	5
782	838	839	9	3.285	-3	5
783	0	0	0	0	-1	5.2
784	840	841	11	9.2	-3	5.10344827586207
785	842	843	5	0.085	-3	4.95
786	844	845	2	0.47	-3	5
787	0	0	0	0	-1	5
788	0	0	0	0	-1	7
789	846	847	11	9.45	-3	5
790	0	0	0	0	-1	6
791	0	0	0	0	-1	6
792	0	0	0	0	-1	6
793	848	849	7	88.5	-3	5
794	0	0	0	0	-1	6
795	850	851	7	31	-3	5
796	852	853	10	0.605	-3	6
797	0	0	0	0	-1	6
798	0	0	0	0	-1	6
799	0	0	0	0	-1	6
800	0	0	0	0	-1	6
801	0	0	0	0	-1	6
802	0	0	0	0	-1	6
803	854	855	3	0.145	-3	5
804	0	0	0	0	-1	6
805	856	857	7	56.5	-3	5
806	0	0	0	0	-1	5
807	858	859	5	0.0765	-3	5.91666666666667
808	0	0	0	0	-1	6.25
809	860	861	10	0.625	-3	6
810	0	0	0	0	-1	6
811	0	0	0	0	-1	6
812	0	0	0	0	-1	7
813	0	0	0	0	-1	6
814	0	0	0	0	-1	5.75
815	862	863	5	0.0765	-3	6
816	864	865	7	46.5	-3	6.1875
817	0	0	0	0	-1	7
818	866	867	11	9.65	-3	6
819	0	0	0	0	-1	6
820	0	0	0	0	-1	6
821	0	0	0	0	-1	6
822	0	0	0	0	-1	5.33333333333333
823	0	0	0	0	-1	5
824	0	0	0	0	-1	6
825	868	869	4	15.5	-3	5
826	870	871	9	0	-3	5
827	872	873	8	0.99633	-3	5
828	0	0	0	0	-1	5
829	874	875	1	0	-3	5
830	876	877	9	3.275	-3	6.05882352941176
831	878	879	4	1.9	-3	6
832	0	0	0	0	-1	6
833	0	0	0	0	-1	6.6
834	0	0	0	0	-1	6
835	0	0	0	0	-1	6
836	0	0	0	0	-1	5
837	0	0	0	0	-1	5
838	880	881	5	0.0885	-3	5
839	882	883	1	6.75	-3	5
840	0	0	0	0	-1	6
841	884	885	7	91	-3	5.07142857142857
842	886	887	9	3.325	-3	4.83333333333333
843	0	0	0	0	-1	5
844	888	889	11	0	-3	5
845	890	891	1	0.99739	-3	5
846	892	893	8	0	-3	5
847	0	0	0	0	-1	5
848	894	895	4	0	-3	5
849	0	0	0	0	-1	5
850	0	0	0	0	-1	5
851	0	0	0	0	-1	5
852	896	897	2	0	-3	6
853	0	0	0	0	-1	6
854	0	0	0	0	-1	5
855	898	899	2	0.62	-3	5
856	0	0	0	0	-1	5
857	0	0	0	0	-1	5
858	0	0	0	0	-1	5
859	900	901	3	0.465	-3	6
860	0	0	0	0	-1	6
861	0	0	0	0	-1	6
862	902	903	10	0.795	-3	6
863	0	0	0	0	-1	6
864	0	0	0	0	-1	6
865	0	0	0	0	-1	6.6
866	0	0	0	0	-1	6
867	904	905	2	0.5275	-3	6
868	906	907	3	0	-3	5
869	0	0	0	0	-1	5
870	0	0	0	0	-1	6
871	0	0	0	0	-1	5
872	0	0	0	0	-1	5
873	908	909	6	0	-3	5
874	0	0	0	0	-1	6
875	910	911	11	10.1	-3	5
876	0	0	0	0	-1	7
877	0	0	0	0	-1	6
878	912	913	9	3.395	-3	6
879	914	915	11	11.2	-3	6
880	916	917	2	2.25	-3	5
881	918	919	11	0	-3	5
882	0	0	0	0	-1	5
883	0	0	0	0	-1	5
884	920	921	11	9.45	-3	5
885	0	0	0	0	-1	5.5
886	0	0	0	0	-1	4
887	0	0	0	0	-1	5
888	0	0	0	0	-1	5
889	922	923	2	0.425	-3	5
890	0	0	0	0	-1	6
891	924	925	11	9.3	-3	5
892	0	0	0	0	-1	5
893	0	0	0	0	-1	5
894	0	0	0	0	-1	7
895	926	927	6	23	-3	5
896	0	0	0	0	-1	7
897	0	0	0	0	-1	6
898	928	929	10	0	-3	5
899	0	0	0	0	-1	5
900	0	0	0	0	-1	6
901	0	0	0	0	-1	6
902	0	0	0	0	-1	6
903	930	931	2	0.27	-3	6
904	932	933	4	6.5	-3	6
905	0	0	0	0	-1	6
906	0	0	0	0	-1	5
907	934	935	11	9.35	-3	5
908	0	0	0	0	-1	6
909	936	937	11	9.85	-3	5
910	938	939	1	0	-3	5
911	0	0	0	0	-1	5
912	940	941	4	0	-3	6
913	0	0	0	0	-1	6
914	0	0	0	0	-1	6
915	942	943	4	2.25	-3	6
916	944	945	4	33.5	-3	5
917	0	0	0	0	-1	5
918	0	0	0	0	-1	5
919	0	0	0	0	-1	5
920	946	947	1	0	-3	5
921	948	949	7	28	-3	5
922	950	951	9	0	-3	5
923	0	0	0	0	-1	5
924	0	0	0	0	-1	5
925	0	0	0	0	-1	5
926	0	0	0	0	-1	5
927	0	0	0	0	-1	5
928	0	0	0	0	-1	5
929	952	953	8	0.99835	-3	5
930	0	0	0	0	-1	6
931	0	0	0	0	-1	6
932	954	955	3	0.59	-3	6
933	0	0	0	0	-1	6
934	0	0	0	0	-1	5
935	956	957	3	3.36	-3	5
936	958	959	10	1.2	-3	5
937	0	0	0	0	-1	5
938	0	0	0	0	-1	6
939	960	961	4	2.8	-3	5
940	0	0	0	0	-1	6
941	962	963	7	47	-3	6
942	0	0	0	0	-1	6
943	964	965	3	0.44	-3	6
944	966	967	5	0.082	-3	5
945	0	0	0	0	-1	5
946	0	0	0	0	-1	5
947	968	969	7	34.5	-3	5
948	0	0	0	0	-1	5
949	970	971	8	0	-3	5
950	0	0	0	0	-1	5
951	972	973	8	0.9992	-3	5
952	974	975	2	0	-3	5
953	0	0	0	0	-1	5
954	0	0	0	0	-1	6
955	0	0	0	0	-1	6
956	976	977	7	137.5	-3	5
957	0	0	0	0	-1	5
958	0	0	0	0	-1	5
959	0	0	0	0	-1	5
960	0	0	0	0	-1	5
961	978	979	7	3.18	-3	5
962	980	981	9	3.285	-3	6
963	0	0	0	0	-1	6
964	982	983	1	0	-3	6
965	0	0	0	0	-1	6
966	984	985	5	0	-3	5
967	0	0	0	0	-1	5
968	0	0	0	0	-1	5
969	0	0	0	0	-1	5
970	0	0	0	0	-1	6
971	986	987	6	13	-3	5
972	0	0	0	0	-1	5
973	0	0	0	0	-1	5
974	0	0	0	0	-1	5
975	988	989	10	0.62	-3	5
976	990	991	5	0	-3	5
977	0	0	0	0	-1	5
978	0	0	0	0	-1	5
979	992	993	7	139.5	-3	5
980	0	0	0	0	-1	6
981	0	0	0	0	-1	6
982	0	0	0	0	-1	6
983	994	995	3	0.38	-3	6
984	0	0	0	0	-1	6
985	996	997	1	7.4	-3	5
986	0	0	0	0	-1	5
987	998	999	3	0.6475	-3	5
988	0	0	0	0	-1	5
989	0	0	0	0	-1	5
990	0	0	0	0	-1	7
991	1000	1001	7	130	-3	5
992	1002	1003	1	0	-3	5
993	0	0	0	0	-1	5
994	0	0	0	0	-1	6
995	0	0	0	0	-1	6
996	0	0	0	0	-1	5
997	1004	1005	4	2.2	-3	5
998	1006	1007	2	0.53	-3	5
999	0	0	0	0	-1	5
1000	0	0	0	0	-1	5
1001	0	0	0	0	-1	5
1002	0	0	0	0	-1	5
1003	1008	1009	3	0.1035	-3	5
1004	0	0	0	0	-1	5
1005	0	0	0	0	-1	5
1006	0	0	0	0	-1	5
1007	1010	1011	6	0	-3	5
1008	0	0	0	0	-1	5
1009	0	0	0	0	-1	5
1010	0	0	0	0	-1	5
1011	0	0	0	0	-1	5
