1	2	3	2	0.5875	-3	5.62163852407755
2	4	5	8	0.99539	-3	5.83152709359606
3	6	7	2	1.0125	-3	5.25684931506849
4	8	9	10	0.61	-3	6.26086956521739
5	10	11	11	10.75	-3	5.70573248407643
6	12	13	11	10.55	-3	5.29443447037702
7	14	15	5	0.0835	-3	4.48148148148148
8	16	17	7	9.5	-3	5.88118811881188
9	18	19	3	0.295	-3	6.55813953488372
10	20	21	4	2.15	-3	5.53242320819113
11	22	23	5	0.052	-3	6.21608040201005
12	24	25	3	0.63	-3	5.15384615384615
13	26	27	10	0.585	-3	5.765625
14	28	29	1	7.35	-3	4.8125
15	30	31	7	54	-3	4
16	32	33	4	1.9	-3	6.9
17	34	35	5	0.0255	-3	5.76923076923077
18	36	37	8	0.99082	-3	6.39130434782609
19	38	39	5	0.0735	-3	6.75
20	40	41	6	14.5	-3	5.64963503649635
21	42	43	1	9.55	-3	5.42948717948718
22	44	45	4	4.25	-3	4.75
23	46	47	11	11.05	-3	6.27748691099476
24	48	49	1	10.35	-3	5.1371158392435
25	50	51	4	3.8	-3	6.33333333333333
26	52	53	4	3.325	-3	5.29090909090909
27	54	55	7	110.5	-3	6.12328767123288
28	0	0	0	0	-1	4.25
29	56	57	5	0.0815	-3	5
30	58	59	4	3.25	-3	3.625
31	0	0	0	0	-1	5
32	60	61	2	0.35	-3	7
33	0	0	0	0	-1	6
34	0	0	0	0	-1	7
35	62	63	10	0.495	-3	5.74157303370786
36	0	0	0	0	-1	8
37	64	65	2	0.565	-3	6.34328358208955
38	66	67	7	46	-3	6.61363636363637
39	68	69	7	61	-3	7.125
40	70	71	11	9.55	-3	5.78260869565217
41	72	73	8	0.99821	-3	5.46017699115044
42	74	75	7	63.5	-3	5.3160621761658
43	76	77	10	0.645	-3	5.61344537815126
44	0	0	0	0	-1	5.5
45	0	0	0	0	-1	4
46	78	79	3	0.27	-3	5.98507462686567
47	80	81	1	13.4	-3	6.43548387096774
48	82	83	11	10.35	-3	5.15533980582524
49	84	85	4	2.2	-3	4.45454545454546
50	0	0	0	0	-1	5.66666666666667
51	0	0	0	0	-1	7
52	86	87	2	0.6025	-3	5.48837209302326
53	88	89	7	18.5	-3	4.58333333333333
54	90	91	4	3.1	-3	6.18840579710145
55	0	0	0	0	-1	5
56	0	0	0	0	-1	5
57	92	93	11	0	-3	5
58	94	95	1	7.55	-3	3.83333333333333
59	0	0	0	0	-1	3
60	0	0	0	0	-1	7
61	0	0	0	0	-1	7
62	96	97	11	11.8	-3	5.33333333333333
63	98	99	2	0.45	-3	5.86764705882353
64	100	101	9	3.39	-3	6.21818181818182
65	102	103	4	2.35	-3	6.91666666666667
66	104	105	7	8.5	-3	6.83333333333333
67	106	107	3	0.395	-3	6.14285714285714
68	108	109	11	11.5	-3	7
69	0	0	0	0	-1	8
70	110	111	10	0.63	-3	5.57142857142857
71	112	113	8	0.996015	-3	6.01298701298701
72	114	115	1	9	-3	5.54807692307692
73	116	117	9	3.265	-3	4.44444444444444
74	118	119	4	2.35	-3	5.49557522123894
75	120	121	1	6.95	-3	5.0625
76	122	123	9	3.245	-3	5.28301886792453
77	124	125	5	0.063	-3	5.87878787878788
78	126	127	9	3.48	-3	5.14285714285714
79	128	129	2	0.355	-3	6.08333333333333
80	130	131	10	0.775	-3	6.48305084745763
81	132	133	11	12.5	-3	5.5
82	134	135	10	0.515	-3	5.13299232736573
83	136	137	9	3.61	-3	5.57142857142857
84	138	139	5	0.1355	-3	3.66666666666667
85	0	0	0	0	-1	5.4
86	140	141	3	0.005	-3	5.08333333333333
87	142	143	11	11.7	-3	5.64516129032258
88	144	145	9	3.38	-3	5
89	0	0	0	0	-1	4
90	146	147	8	0.99249	-3	6.10344827586207
91	148	149	3	0.51	-3	6.63636363636364
92	0	0	0	0	-1	5
93	150	151	3	0.105	-3	5
94	0	0	0	0	-1	4
95	0	0	0	0	-1	3
96	152	153	10	0	-3	5
97	154	155	2	0.305	-3	6
98	156	157	3	0.585	-3	6.09375
99	158	159	7	40	-3	5.66666666666667
100	160	161	8	0.994385	-3	6
101	162	163	6	23.5	-3	6.32432432432432
102	164	165	3	0.055	-3	7.22222222222222
103	0	0	0	0	-1	6
104	0	0	0	0	-1	6
105	166	167	6	22	-3	6.89285714285714
106	168	169	5	0.063	-3	6.5
107	170	171	10	0.645	-3	5.875
108	172	173	9	3.32	-3	7.25
109	174	175	5	0.123	-3	6.66666666666667
110	176	177	2	0.5775	-3	5.39583333333333
111	178	179	3	0.15	-3	5.80555555555556
112	180	181	1	7.75	-3	6.46666666666667
113	182	183	1	12.1	-3	5.90322580645161
114	184	185	7	46	-3	5.43478260869565
115	186	187	10	1.13	-3	6.41666666666667
116	0	0	0	0	-1	5.4
117	0	0	0	0	-1	3.25
118	188	189	7	36.5	-3	5.25
119	190	191	10	0.705	-3	5.61038961038961
120	0	0	0	0	-1	6
121	192	193	3	0.745	-3	5.03846153846154
122	194	195	9	3.215	-3	5.39130434782609
123	196	197	8	1.0006	-3	4.57142857142857
124	0	0	0	0	-1	7
125	198	199	7	59.5	-3	5.80645161290323
126	0	0	0	0	-1	5.6
127	0	0	0	0	-1	4
128	200	201	1	10.45	-3	6.75
129	202	203	5	0.097	-3	5.75
130	204	205	4	2.7	-3	6.2875
131	206	207	3	0.515	-3	6.89473684210526
132	0	0	0	0	-1	6
133	0	0	0	0	-1	5
134	208	209	1	6.9	-3	4.92134831460674
135	210	211	4	1.55	-3	5.19536423841059
136	212	213	4	1.85	-3	5.66666666666667
137	0	0	0	0	-1	5
138	0	0	0	0	-1	4
139	0	0	0	0	-1	3
140	0	0	0	0	-1	5.5
141	214	215	1	7.15	-3	5
142	216	217	9	3.34	-3	5.35294117647059
143	218	219	6	31.5	-3	6
144	0	0	0	0	-1	6
145	220	221	3	0.025	-3	4.83333333333333
146	0	0	0	0	-1	7.5
147	222	223	4	2.35	-3	6.05357142857143
148	224	225	8	0.99995	-3	6.5
149	0	0	0	0	-1	7
150	0	0	0	0	-1	5
151	0	0	0	0	-1	5
152	0	0	0	0	-1	5
153	226	227	4	1.625	-3	5
154	0	0	0	0	-1	6
155	0	0	0	0	-1	6
156	228	229	6	25	-3	6.03333333333333
157	0	0	0	0	-1	7
158	230	231	9	3.595	-3	5.85185185185185
159	232	233	5	0.065	-3	5.11111111111111
160	0	0	0	0	-1	6
161	0	0	0	0	-1	6
162	234	235	3	0.085	-3	6.6
163	236	237	4	2	-3	6
164	0	0	0	0	-1	7
165	0	0	0	0	-1	7.5
166	238	239	2	0.42	-3	6.92592592592593
167	0	0	0	0	-1	6
168	0	0	0	0	-1	6.75
169	0	0	0	0	-1	6
170	0	0	0	0	-1	5
171	240	241	7	84	-3	6.16666666666667
172	0	0	0	0	-1	8
173	0	0	0	0	-1	7
174	0	0	0	0	-1	7
175	0	0	0	0	-1	6
176	242	243	11	9.1	-3	5.33333333333333
177	0	0	0	0	-1	6.33333333333333
178	244	245	10	0.665	-3	5.33333333333333
179	246	247	9	3.465	-3	5.9
180	248	249	5	0.065	-3	6.8
181	0	0	0	0	-1	5.8
182	250	251	7	19.5	-3	5.96551724137931
183	0	0	0	0	-1	5
184	252	253	10	0.485	-3	5
185	254	255	11	9.35	-3	5.51282051282051
186	256	257	4	1.6	-3	6.54545454545454
187	0	0	0	0	-1	5
188	258	259	10	0.565	-3	5.42857142857143
189	260	261	9	3.305	-3	5
190	262	263	2	0.285	-3	5.46875
191	264	265	7	46	-3	6.30769230769231
192	266	267	3	0.455	-3	5.06578947368421
193	0	0	0	0	-1	4
194	268	269	3	0.315	-3	5.20512820512821
195	270	271	11	10	-3	6.42857142857143
196	272	273	10	0.55	-3	4.83333333333333
197	0	0	0	0	-1	3
198	274	275	11	10.3	-3	5.93478260869565
199	276	277	1	10.1	-3	5.4375
200	278	279	7	48	-3	6.36363636363636
201	280	281	7	19	-3	7.22222222222222
202	282	283	4	7.65	-3	5.90909090909091
203	284	285	7	0	-3	5
204	286	287	4	1.85	-3	6.11111111111111
205	288	289	7	15	-3	6.51428571428572
206	290	291	2	0.415	-3	6.63636363636364
207	292	293	11	11.75	-3	7.25
208	0	0	0	0	-1	3
209	294	295	4	1.25	-3	4.98837209302326
210	296	297	8	0.99625	-3	4.72727272727273
211	298	299	2	0.9825	-3	5.21305841924398
212	0	0	0	0	-1	7
213	300	301	3	0.065	-3	5.58823529411765
214	302	303	10	0	-3	5
215	0	0	0	0	-1	5
216	0	0	0	0	-1	4
217	304	305	7	50	-3	5.4375
218	306	307	9	3.51	-3	5.83333333333333
219	0	0	0	0	-1	7
220	0	0	0	0	-1	4
221	0	0	0	0	-1	5
222	308	309	10	0.775	-3	5.89655172413793
223	310	311	11	11.65	-3	6.22222222222222
224	312	313	9	3.475	-3	6.83333333333333
225	0	0	0	0	-1	5.5
226	0	0	0	0	-1	5
227	314	315	5	0	-3	5
228	316	317	5	0.0585	-3	6
229	0	0	0	0	-1	6.5
230	318	319	2	0.545	-3	6.04545454545455
231	0	0	0	0	-1	5
232	0	0	0	0	-1	4
233	320	321	2	0.5	-3	5.25
234	0	0	0	0	-1	7
235	322	323	7	94	-3	6.2
236	0	0	0	0	-1	6
237	324	325	1	10.95	-3	6
238	0	0	0	0	-1	7
239	0	0	0	0	-1	6.33333333333333
240	0	0	0	0	-1	6
241	0	0	0	0	-1	7
242	0	0	0	0	-1	6
243	326	327	9	3.175	-3	5.28571428571429
244	0	0	0	0	-1	6
245	0	0	0	0	-1	5
246	328	329	7	44.5	-3	5.92592592592593
247	0	0	0	0	-1	5.66666666666667
248	0	0	0	0	-1	8
249	330	331	1	7.65	-3	6.5
250	332	333	7	18.5	-3	6.15
251	334	335	8	0.99648	-3	5.86842105263158
252	0	0	0	0	-1	4
253	336	337	2	0.505	-3	5.07692307692308
254	338	339	9	3.425	-3	5.0625
255	340	341	5	0.0645	-3	5.62903225806452
256	0	0	0	0	-1	7
257	342	343	3	0.475	-3	6.28571428571429
258	344	345	11	10.1	-3	5.11111111111111
259	346	347	3	0.25	-3	5.66666666666667
260	348	349	5	0	-3	5
261	350	351	7	45	-3	5
262	0	0	0	0	-1	5
263	352	353	5	0.0845	-3	5.52631578947368
264	354	355	5	0.0845	-3	6
265	0	0	0	0	-1	6.8
266	356	357	2	0.575	-3	5.12727272727273
267	358	359	8	0.9973	-3	4.90476190476191
268	0	0	0	0	-1	5.8
269	360	361	7	41	-3	5.11764705882353
270	0	0	0	0	-1	7
271	0	0	0	0	-1	5.66666666666667
272	0	0	0	0	-1	4
273	0	0	0	0	-1	5
274	362	363	8	0.9985	-3	5.78378378378378
275	364	365	5	0.0765	-3	6.55555555555556
276	366	367	3	0.28	-3	5
277	368	369	7	75	-3	5.7
278	370	371	3	0.555	-3	6
279	0	0	0	0	-1	6.8
280	0	0	0	0	-1	7.66666666666667
281	372	373	9	0	-3	7
282	374	375	10	0.595	-3	5.8
283	0	0	0	0	-1	7
284	0	0	0	0	-1	5
285	376	377	7	46.5	-3	5
286	0	0	0	0	-1	7
287	378	379	6	34	-3	6.04761904761905
288	380	381	6	4.5	-3	7
289	382	383	9	3.05	-3	6.32
290	384	385	10	0.815	-3	7.125
291	386	387	4	2.65	-3	6.35714285714286
292	0	0	0	0	-1	7.8
293	388	389	3	0.67	-3	7
294	0	0	0	0	-1	7
295	390	391	9	3.225	-3	4.94047619047619
296	392	393	9	3.425	-3	5
297	0	0	0	0	-1	4
298	394	395	11	9.15	-3	5.20209059233449
299	0	0	0	0	-1	6
300	396	397	10	0.99695	-3	6
301	398	399	7	60	-3	5.3
302	0	0	0	0	-1	5
303	400	401	9	3.535	-3	5
304	402	403	7	12.5	-3	5.63636363636364
305	0	0	0	0	-1	5
306	404	405	4	0.99202	-3	6
307	0	0	0	0	-1	5.33333333333333
308	406	407	5	0.0725	-3	5.92592592592593
309	0	0	0	0	-1	5.5
310	408	409	2	0.6375	-3	6.09090909090909
311	0	0	0	0	-1	6.8
312	0	0	0	0	-1	7
313	0	0	0	0	-1	6
314	0	0	0	0	-1	6
315	410	411	4	1.675	-3	5
316	0	0	0	0	-1	5.66666666666667
317	412	413	4	1.8	-3	6.04
318	414	415	5	0.0795	-3	6
319	0	0	0	0	-1	6.5
320	0	0	0	0	-1	5
321	0	0	0	0	-1	5.66666666666667
322	416	417	5	0.052	-3	6.33333333333333
323	0	0	0	0	-1	5
324	0	0	0	0	-1	6
325	0	0	0	0	-1	6
326	0	0	0	0	-1	6
327	418	419	5	0.064	-3	5.23076923076923
328	420	421	6	5.5	-3	5.95833333333333
329	0	0	0	0	-1	5.66666666666667
330	0	0	0	0	-1	6.2
331	0	0	0	0	-1	7
332	422	423	2	0.27	-3	6.05555555555556
333	0	0	0	0	-1	7
334	424	425	10	0.56	-3	5.33333333333333
335	426	427	9	3.025	-3	6.03448275862069
336	428	429	7	23	-3	5
337	0	0	0	0	-1	5.25
338	0	0	0	0	-1	5
339	0	0	0	0	-1	6
340	0	0	0	0	-1	7
341	430	431	8	0.99659	-3	5.55932203389831
342	0	0	0	0	-1	6.75
343	0	0	0	0	-1	5.66666666666667
344	432	433	3	0.225	-3	5
345	0	0	0	0	-1	6
346	434	435	1	7.1	-3	6
347	0	0	0	0	-1	5
348	0	0	0	0	-1	4
349	436	437	1	8.65	-3	5
350	0	0	0	0	-1	5
351	438	439	6	27.5	-3	5
352	440	441	3	0.205	-3	5.26470588235294
353	442	443	9	3.595	-3	5.91304347826087
354	0	0	0	0	-1	6
355	0	0	0	0	-1	6
356	444	445	3	0.425	-3	5.07843137254902
357	0	0	0	0	-1	5.75
358	0	0	0	0	-1	4
359	446	447	9	3.26	-3	5
360	448	449	2	0.33	-3	5.22222222222222
361	450	451	11	9.45	-3	5
362	452	453	9	3.15	-3	6.1
363	454	455	5	0.113	-3	5.66666666666667
364	0	0	0	0	-1	6
365	0	0	0	0	-1	7
366	0	0	0	0	-1	5
367	0	0	0	0	-1	5
368	0	0	0	0	-1	5
369	456	457	11	10.35	-3	6
370	0	0	0	0	-1	6
371	0	0	0	0	-1	6
372	0	0	0	0	-1	3
373	0	0	0	0	-1	7
374	0	0	0	0	-1	5
375	458	459	1	11.95	-3	5.88888888888889
376	0	0	0	0	-1	5
377	0	0	0	0	-1	5
378	460	461	5	0.058	-3	6
379	0	0	0	0	-1	7
380	462	463	5	0.0745	-3	7
381	0	0	0	0	-1	7
382	0	0	0	0	-1	7
383	464	465	9	3.215	-3	6.26086956521739
384	466	467	3	0.415	-3	7
385	0	0	0	0	-1	8
386	468	469	10	0.815	-3	6.71428571428571
387	0	0	0	0	-1	6
388	0	0	0	0	-1	7
389	470	471	2	0.49	-3	7
390	472	473	4	2.4	-3	5.23809523809524
391	474	475	7	68.5	-3	4.84126984126984
392	476	477	11	0	-3	5
393	0	0	0	0	-1	5
394	478	479	1	8	-3	5.58333333333333
395	480	481	9	3.215	-3	5.18545454545454
396	482	483	10	0.8	-3	6
397	0	0	0	0	-1	6
398	484	485	11	10.45	-3	4.83333333333333
399	0	0	0	0	-1	6
400	0	0	0	0	-1	5
401	0	0	0	0	-1	5
402	0	0	0	0	-1	5
403	486	487	9	3.48	-3	5.875
404	0	0	0	0	-1	5
405	488	489	9	3.335	-3	6
406	490	491	2	0.8275	-3	5.83333333333333
407	492	493	8	0.99518	-3	6
408	494	495	1	7.6	-3	6.5
409	496	497	7	85.5	-3	5.9375
410	0	0	0	0	-1	5
411	0	0	0	0	-1	5
412	498	499	1	8.1	-3	6.14285714285714
413	500	501	2	14	-3	6
414	0	0	0	0	-1	6
415	0	0	0	0	-1	6
416	0	0	0	0	-1	7
417	502	503	10	0.655	-3	6.25
418	0	0	0	0	-1	5.6
419	504	505	1	8.45	-3	5.17647058823529
420	0	0	0	0	-1	5.66666666666667
421	506	507	5	0.0805	-3	6
422	508	509	2	0.245	-3	6.14285714285714
423	510	511	9	3.125	-3	6
424	0	0	0	0	-1	6
425	512	513	7	21.5	-3	5
426	0	0	0	0	-1	7
427	514	515	6	12.5	-3	6
428	0	0	0	0	-1	5
429	516	517	4	1.5	-3	5
430	518	519	7	47.5	-3	5.29166666666667
431	520	521	3	0.34	-3	5.74285714285714
432	522	523	4	0	-3	5
433	0	0	0	0	-1	5
434	0	0	0	0	-1	6
435	0	0	0	0	-1	6
436	0	0	0	0	-1	5
437	0	0	0	0	-1	5
438	0	0	0	0	-1	5
439	0	0	0	0	-1	5
440	524	525	5	0.0725	-3	5.09090909090909
441	526	527	6	5	-3	5.58333333333333
442	0	0	0	0	-1	6
443	0	0	0	0	-1	5
444	528	529	2	0.465	-3	5.06
445	0	0	0	0	-1	6
446	0	0	0	0	-1	5
447	0	0	0	0	-1	5
448	0	0	0	0	-1	6
449	530	531	11	9.2	-3	5.125
450	0	0	0	0	-1	5
451	0	0	0	0	-1	5
452	532	533	6	0	-3	6
453	0	0	0	0	-1	7
454	534	535	4	2.25	-3	5.78260869565217
455	0	0	0	0	-1	5
456	536	537	9	3.195	-3	5.83333333333333
457	0	0	0	0	-1	7
458	538	539	6	25	-3	5.8
459	0	0	0	0	-1	7
460	0	0	0	0	-1	5
461	540	541	4	2.25	-3	6.02564102564103
462	0	0	0	0	-1	7
463	0	0	0	0	-1	7
464	542	543	2	0.425	-3	6
465	544	545	4	3.075	-3	6.46153846153846
466	0	0	0	0	-1	7
467	0	0	0	0	-1	7
468	0	0	0	0	-1	7
469	0	0	0	0	-1	6
470	0	0	0	0	-1	7
471	0	0	0	0	-1	7
472	546	547	2	0.815	-3	5.05882352941176
473	0	0	0	0	-1	6
474	548	549	3	0.265	-3	4.74418604651163
475	550	551	7	75.5	-3	5.05
476	0	0	0	0	-1	7
477	0	0	0	0	-1	5
478	552	553	10	0.59	-3	5.16666666666667
479	554	555	2	0	-3	6
480	556	557	1	7.45	-3	5.02325581395349
481	558	559	8	0.997455	-3	5.21551724137931
482	0	0	0	0	-1	6
483	0	0	0	0	-1	6
484	0	0	0	0	-1	4.5
485	0	0	0	0	-1	5
486	0	0	0	0	-1	5.5
487	560	561	1	5.85	-3	6
488	0	0	0	0	-1	6
489	562	563	3	8.5	-3	6
490	564	565	11	11.05	-3	5.90909090909091
491	0	0	0	0	-1	5
492	0	0	0	0	-1	6
493	0	0	0	0	-1	6
494	0	0	0	0	-1	7
495	0	0	0	0	-1	6
496	566	567	7	68.5	-3	6
497	0	0	0	0	-1	5
498	568	569	10	0.51	-3	6
499	0	0	0	0	-1	7
500	570	571	6	22	-3	6
501	0	0	0	0	-1	6
502	0	0	0	0	-1	6.66666666666667
503	0	0	0	0	-1	6
504	572	573	1	6.65	-3	5.3
505	574	575	6	0	-3	5
506	576	577	11	9.45	-3	6
507	578	579	6	0.655	-3	6
508	580	581	6	5	-3	6
509	0	0	0	0	-1	7
510	0	0	0	0	-1	6
511	582	583	10	0	-3	6
512	0	0	0	0	-1	5
513	0	0	0	0	-1	5
514	584	585	5	0.102	-3	5.95833333333333
515	0	0	0	0	-1	6.25
516	0	0	0	0	-1	5
517	586	587	10	0	-3	5
518	0	0	0	0	-1	6
519	588	589	7	49.5	-3	5.19047619047619
520	590	591	10	0.535	-3	5.64285714285714
521	592	593	11	10.4	-3	6.14285714285714
522	0	0	0	0	-1	6
523	594	595	10	0	-3	5
524	0	0	0	0	-1	5.4
525	596	597	3	0	-3	5
526	0	0	0	0	-1	6
527	598	599	2	0.395	-3	5.5
528	600	601	6	27	-3	5.10714285714286
529	602	603	5	0.083	-3	5
530	0	0	0	0	-1	6
531	604	605	4	2.45	-3	5.06666666666667
532	0	0	0	0	-1	6
533	0	0	0	0	-1	6
534	0	0	0	0	-1	7
535	606	607	3	0.425	-3	5.66666666666667
536	0	0	0	0	-1	6
537	0	0	0	0	-1	5
538	608	609	9	3.225	-3	6
539	610	611	2	0.3625	-3	5.54545454545455
540	612	613	5	0.119	-3	5.96153846153846
541	614	615	9	3.195	-3	6.15384615384615
542	0	0	0	0	-1	6
543	0	0	0	0	-1	6
544	616	617	2	0.39	-3	6.83333333333333
545	618	619	9	3.26	-3	6.14285714285714
546	620	621	2	0.7125	-3	5
547	0	0	0	0	-1	5.33333333333333
548	622	623	4	3.85	-3	4.81081081081081
549	624	625	3	0.28	-3	4.33333333333333
550	0	0	0	0	-1	6
551	626	627	8	0.996525	-3	5
552	0	0	0	0	-1	5.5
553	0	0	0	0	-1	5
554	0	0	0	0	-1	6
555	0	0	0	0	-1	6
556	0	0	0	0	-1	5.5
557	628	629	1	8.85	-3	5
558	630	631	10	0.72	-3	5.27659574468085
559	632	633	8	1.000175	-3	5.12087912087912
560	0	0	0	0	-1	6
561	0	0	0	0	-1	6
562	634	635	9	3.485	-3	6
563	0	0	0	0	-1	6
564	0	0	0	0	-1	5
565	636	637	7	40.5	-3	6
566	0	0	0	0	-1	6
567	0	0	0	0	-1	6
568	0	0	0	0	-1	6
569	0	0	0	0	-1	6
570	638	639	7	43	-3	6
571	0	0	0	0	-1	6
572	640	641	2	0.35	-3	5
573	642	643	7	38	-3	5.5
574	0	0	0	0	-1	5
575	644	645	7	0	-3	5
576	646	647	3	0	-3	6
577	0	0	0	0	-1	6
578	0	0	0	0	-1	5
579	648	649	9	9.25	-3	6
580	0	0	0	0	-1	6
581	0	0	0	0	-1	6
582	0	0	0	0	-1	6
583	650	651	9	3.175	-3	6
584	652	653	10	0.52	-3	6
585	0	0	0	0	-1	5
586	0	0	0	0	-1	4
587	654	655	8	0.99574	-3	5
588	0	0	0	0	-1	4
589	656	657	3	0.315	-3	5.25
590	0	0	0	0	-1	5
591	658	659	6	19.5	-3	5.75
592	0	0	0	0	-1	5.8
593	0	0	0	0	-1	7
594	0	0	0	0	-1	6
595	0	0	0	0	-1	5
596	0	0	0	0	-1	5
597	660	661	4	2.75	-3	5
598	0	0	0	0	-1	6
599	662	663	9	3.34	-3	5.375
600	664	665	1	8.85	-3	5.21428571428571
601	0	0	0	0	-1	5
602	666	667	2	0.51	-3	5
603	668	669	6	18.5	-3	5
604	670	671	11	9.55	-3	5.14285714285714
605	672	673	9	3.01	-3	5
606	674	675	6	11.5	-3	5.28571428571429
607	676	677	4	2.75	-3	5.85714285714286
608	0	0	0	0	-1	6
609	678	679	3	0.485	-3	6
610	680	681	6	29	-3	5.85714285714286
611	0	0	0	0	-1	5
612	682	683	6	18.5	-3	6
613	0	0	0	0	-1	5
614	0	0	0	0	-1	6.66666666666667
615	684	685	1	9	-3	6
616	0	0	0	0	-1	6
617	0	0	0	0	-1	7
618	0	0	0	0	-1	7
619	686	687	7	35.5	-3	6
620	0	0	0	0	-1	5
621	688	689	8	0	-3	5
622	690	691	1	8	-3	4.85714285714286
623	0	0	0	0	-1	4
624	0	0	0	0	-1	4
625	0	0	0	0	-1	4.66666666666667
626	692	693	9	3.285	-3	5
627	694	695	6	0	-3	5
628	696	697	8	0.99733	-3	4.96551724137931
629	698	699	2	0.6	-3	5.08333333333333
630	700	701	8	0.99614	-3	5.3046875
631	702	703	10	0.78	-3	5
632	704	705	7	37.5	-3	5.10227272727273
633	0	0	0	0	-1	5.66666666666667
634	0	0	0	0	-1	6
635	0	0	0	0	-1	6
636	0	0	0	0	-1	6
637	706	707	10	0	-3	6
638	708	709	2	0.25	-3	6
639	0	0	0	0	-1	6
640	0	0	0	0	-1	5
641	710	711	6	0	-3	5
642	712	713	5	0.0735	-3	6
643	714	715	11	9.25	-3	5
644	0	0	0	0	-1	5
645	716	717	9	3.22	-3	5
646	0	0	0	0	-1	6
647	718	719	2	0.285	-3	6
648	720	721	7	35	-3	6
649	0	0	0	0	-1	6
650	0	0	0	0	-1	6
651	0	0	0	0	-1	6
652	0	0	0	0	-1	6
653	722	723	5	0.063	-3	6
654	0	0	0	0	-1	5
655	0	0	0	0	-1	5
656	724	725	6	15.5	-3	5.21052631578947
657	0	0	0	0	-1	6
658	726	727	8	0.99742	-3	5.375
659	728	729	11	9.6	-3	5.9375
660	730	731	11	0	-3	5
661	0	0	0	0	-1	5
662	0	0	0	0	-1	5
663	0	0	0	0	-1	5.75
664	732	733	8	0.99651	-3	5.09090909090909
665	0	0	0	0	-1	5.66666666666667
666	0	0	0	0	-1	5
667	0	0	0	0	-1	5
668	0	0	0	0	-1	5
669	734	735	2	0.475	-3	5
670	0	0	0	0	-1	5.5
671	0	0	0	0	-1	5
672	0	0	0	0	-1	5
673	736	737	2	0	-3	5
674	0	0	0	0	-1	5
675	0	0	0	0	-1	6
676	0	0	0	0	-1	5.6
677	0	0	0	0	-1	6
678	0	0	0	0	-1	6
679	0	0	0	0	-1	6
680	0	0	0	0	-1	5
681	738	739	5	0	-3	6
682	740	741	4	2.05	-3	6
683	0	0	0	0	-1	6
684	742	743	4	2.35	-3	6
685	0	0	0	0	-1	6
686	0	0	0	0	-1	6
687	0	0	0	0	-1	6
688	0	0	0	0	-1	7
689	744	745	5	0.097	-3	5
690	746	747	3	0.015	-3	4.92592592592593
691	748	749	8	0.998265	-3	4.625
692	750	751	10	0	-3	5
693	0	0	0	0	-1	5
694	0	0	0	0	-1	5
695	752	753	8	0.99815	-3	5
696	754	755	2	15.5	-3	5
697	756	757	10	0.585	-3	4.83333333333333
698	0	0	0	0	-1	6
699	758	759	1	9.75	-3	5
700	760	761	3	0.28	-3	5.11627906976744
701	762	763	2	0.9125	-3	5.4
702	0	0	0	0	-1	5
703	0	0	0	0	-1	5
704	764	765	2	0.665	-3	5.27272727272727
705	766	767	9	3.52	-3	5.04545454545455
706	0	0	0	0	-1	6
707	0	0	0	0	-1	6
708	0	0	0	0	-1	6
709	768	769	7	0	-3	6
710	0	0	0	0	-1	7
711	770	771	3	0.42	-3	5
712	0	0	0	0	-1	6
713	0	0	0	0	-1	6
714	0	0	0	0	-1	5
715	0	0	0	0	-1	5
716	0	0	0	0	-1	5
717	772	773	7	26	-3	5
718	0	0	0	0	-1	6
719	0	0	0	0	-1	6
720	774	775	9	0	-3	6
721	0	0	0	0	-1	6
722	0	0	0	0	-1	6
723	776	777	4	11.55	-3	6
724	0	0	0	0	-1	6
725	778	779	10	0.615	-3	5.11764705882353
726	0	0	0	0	-1	5
727	0	0	0	0	-1	6
728	780	781	1	0	-3	6
729	0	0	0	0	-1	5.5
730	0	0	0	0	-1	7
731	782	783	2	0.44	-3	5
732	0	0	0	0	-1	6
733	784	785	1	8.65	-3	5
734	0	0	0	0	-1	5
735	786	787	9	0	-3	5
736	0	0	0	0	-1	5
737	0	0	0	0	-1	5
738	0	0	0	0	-1	6
739	0	0	0	0	-1	6
740	788	789	2	0.46	-3	6
741	790	791	2	0.46	-3	6
742	0	0	0	0	-1	6
743	0	0	0	0	-1	6
744	0	0	0	0	-1	5
745	0	0	0	0	-1	5
746	792	793	8	0.99652	-3	4.77777777777778
747	794	795	6	12.5	-3	5
748	0	0	0	0	-1	4.4
749	0	0	0	0	-1	5
750	0	0	0	0	-1	5
751	796	797	3	0.145	-3	5
752	0	0	0	0	-1	5
753	0	0	0	0	-1	5
754	798	799	5	0.1115	-3	5
755	0	0	0	0	-1	5
756	0	0	0	0	-1	5
757	0	0	0	0	-1	4
758	800	801	1	0	-3	5
759	0	0	0	0	-1	5
760	802	803	7	16	-3	5.05
761	0	0	0	0	-1	6
762	804	805	7	59	-3	5.38095238095238
763	0	0	0	0	-1	7
764	806	807	7	34	-3	5.66666666666667
765	808	809	5	0.085	-3	5
766	810	811	4	9.3	-3	5.03225806451613
767	0	0	0	0	-1	5.25
768	0	0	0	0	-1	5
769	812	813	9	3.37	-3	6
770	0	0	0	0	-1	5
771	0	0	0	0	-1	5
772	0	0	0	0	-1	5
773	0	0	0	0	-1	5
774	0	0	0	0	-1	5
775	814	815	11	9.25	-3	6
776	816	817	4	0.069	-3	6
777	0	0	0	0	-1	6
778	818	819	7	0	-3	5
779	0	0	0	0	-1	5.66666666666667
780	0	0	0	0	-1	5
781	820	821	10	0.565	-3	6
782	0	0	0	0	-1	5
783	822	823	8	0.99659	-3	5
784	824	825	3	0	-3	5
785	0	0	0	0	-1	5
786	0	0	0	0	-1	5
787	826	827	10	0.615	-3	5
788	0	0	0	0	-1	6
789	0	0	0	0	-1	6
790	828	829	9	25	-3	6
791	0	0	0	0	-1	6
792	0	0	0	0	-1	5
793	0	0	0	0	-1	4.6
794	830	831	7	0	-3	5
795	0	0	0	0	-1	5
796	0	0	0	0	-1	5
797	0	0	0	0	-1	5
798	832	833	11	9.55	-3	5
799	0	0	0	0	-1	5
800	0	0	0	0	-1	6
801	834	835	8	0.99715	-3	5
802	0	0	0	0	-1	4.33333333333333
803	836	837	2	0.685	-3	5.10810810810811
804	838	839	1	6.8	-3	5.27777777777778
805	840	841	3	0.28	-3	5.56666666666667
806	842	843	11	9.8	-3	5.57142857142857
807	0	0	0	0	-1	6
808	844	845	9	0	-3	5
809	846	847	11	9.55	-3	5
810	848	849	3	0.415	-3	5.01639344262295
811	0	0	0	0	-1	6
812	0	0	0	0	-1	6
813	0	0	0	0	-1	6
814	0	0	0	0	-1	6
815	0	0	0	0	-1	6
816	0	0	0	0	-1	6
817	0	0	0	0	-1	6
818	0	0	0	0	-1	5
819	0	0	0	0	-1	5
820	0	0	0	0	-1	6
821	850	851	10	77	-3	6
822	0	0	0	0	-1	5
823	0	0	0	0	-1	5
824	0	0	0	0	-1	5
825	852	853	4	2.45	-3	5
826	0	0	0	0	-1	5
827	0	0	0	0	-1	5
828	854	855	6	6	-3	6
829	0	0	0	0	-1	6
830	0	0	0	0	-1	5
831	856	857	3	7.5	-3	5
832	0	0	0	0	-1	5
833	858	859	2	0	-3	5
834	0	0	0	0	-1	5
835	860	861	1	0	-3	5
836	862	863	5	0	-3	5
837	864	865	5	0.0915	-3	5.36363636363636
838	866	867	8	0.996335	-3	5
839	868	869	10	0.575	-3	5.39473684210526
840	870	871	3	0.205	-3	5.68
841	0	0	0	0	-1	5
842	0	0	0	0	-1	5.25
843	0	0	0	0	-1	6
844	0	0	0	0	-1	5
845	872	873	1	0	-3	5
846	0	0	0	0	-1	5
847	0	0	0	0	-1	5
848	874	875	4	1.9	-3	5
849	876	877	4	2.55	-3	5.11111111111111
850	0	0	0	0	-1	6
851	0	0	0	0	-1	6
852	0	0	0	0	-1	5
853	878	879	7	0	-3	5
854	0	0	0	0	-1	6
855	0	0	0	0	-1	6
856	880	881	10	0.43	-3	5
857	0	0	0	0	-1	5
858	0	0	0	0	-1	6
859	882	883	2	0.61	-3	5
860	0	0	0	0	-1	5
861	884	885	7	69	-3	5
862	0	0	0	0	-1	5
863	886	887	7	24	-3	5
864	888	889	10	0.57	-3	5.125
865	0	0	0	0	-1	6
866	0	0	0	0	-1	5
867	0	0	0	0	-1	5
868	890	891	8	0.997025	-3	5
869	892	893	9	3.365	-3	5.55555555555556
870	894	895	3	0.025	-3	5.42857142857143
871	896	897	4	0	-3	6
872	0	0	0	0	-1	5
873	0	0	0	0	-1	5
874	0	0	0	0	-1	5.5
875	898	899	4	2.2	-3	4.98
876	900	901	6	0	-3	5
877	0	0	0	0	-1	6
878	0	0	0	0	-1	5
879	902	903	10	0	-3	5
880	0	0	0	0	-1	5
881	904	905	8	0.99582	-3	5
882	0	0	0	0	-1	5
883	0	0	0	0	-1	5
884	0	0	0	0	-1	5
885	0	0	0	0	-1	5
886	906	907	3	0	-3	5
887	908	909	3	0.21	-3	5
888	910	911	10	0	-3	5
889	0	0	0	0	-1	6
890	912	913	3	0.03	-3	5
891	0	0	0	0	-1	5
892	914	915	5	0.091	-3	5.15384615384615
893	916	917	9	3.495	-3	5.92857142857143
894	0	0	0	0	-1	6
895	918	919	1	6.95	-3	5.2
896	0	0	0	0	-1	5
897	920	921	4	1.95	-3	6
898	0	0	0	0	-1	4.66666666666667
899	922	923	5	0.0885	-3	5
900	0	0	0	0	-1	5
901	924	925	5	0	-3	5
902	0	0	0	0	-1	5
903	0	0	0	0	-1	5
904	0	0	0	0	-1	5
905	926	927	11	0	-3	5
906	0	0	0	0	-1	6
907	0	0	0	0	-1	5
908	928	929	9	0	-3	5
909	0	0	0	0	-1	5
910	0	0	0	0	-1	7
911	930	931	8	0.53	-3	5
912	0	0	0	0	-1	5
913	932	933	9	0	-3	5
914	934	935	4	1.65	-3	5
915	0	0	0	0	-1	5.66666666666667
916	936	937	2	0.715	-3	5.84615384615385
917	0	0	0	0	-1	7
918	0	0	0	0	-1	5.66666666666667
919	0	0	0	0	-1	5
920	0	0	0	0	-1	6
921	938	939	11	9.9	-3	6
922	940	941	8	0.99859	-3	5
923	942	943	9	3.455	-3	5
924	0	0	0	0	-1	5
925	944	945	5	0.075	-3	5
926	0	0	0	0	-1	5
927	0	0	0	0	-1	5
928	0	0	0	0	-1	7
929	0	0	0	0	-1	5
930	0	0	0	0	-1	5
931	0	0	0	0	-1	5
932	0	0	0	0	-1	5
933	0	0	0	0	-1	5
934	0	0	0	0	-1	5
935	946	947	3	0	-3	5
936	948	949	3	0.03	-3	5.91666666666667
937	0	0	0	0	-1	5
938	0	0	0	0	-1	6
939	0	0	0	0	-1	6
940	950	951	1	9.45	-3	5
941	952	953	5	0	-3	5
942	954	955	2	0.0915	-3	5
943	0	0	0	0	-1	5
944	0	0	0	0	-1	5
945	0	0	0	0	-1	5
946	0	0	0	0	-1	4
947	956	957	10	0.615	-3	5
948	958	959	10	0.685	-3	6
949	0	0	0	0	-1	5.5
950	960	961	7	0	-3	5
951	0	0	0	0	-1	5
952	0	0	0	0	-1	5
953	962	963	7	65.5	-3	5
954	0	0	0	0	-1	6
955	0	0	0	0	-1	5
956	0	0	0	0	-1	5
957	0	0	0	0	-1	5
958	964	965	7	20.5	-3	6
959	0	0	0	0	-1	6
960	0	0	0	0	-1	6
961	966	967	7	49.5	-3	5
962	0	0	0	0	-1	5
963	968	969	11	0	-3	5
964	0	0	0	0	-1	6
965	970	971	10	0	-3	6
966	0	0	0	0	-1	5
967	972	973	4	0	-3	5
968	0	0	0	0	-1	6
969	974	975	6	28.5	-3	5
970	0	0	0	0	-1	6
971	976	977	2	0.6475	-3	6
972	0	0	0	0	-1	6
973	978	979	8	0.99775	-3	5
974	0	0	0	0	-1	5
975	0	0	0	0	-1	5
976	0	0	0	0	-1	6
977	0	0	0	0	-1	6
978	0	0	0	0	-1	5
979	0	0	0	0	-1	5
