1	2	3	11	10.525	-3	5.66666666666667
2	4	5	1	12.55	-3	5.37720207253886
3	6	7	3	0.295	-3	6.10725552050473
4	8	9	3	0.565	-3	5.36382754994742
5	10	11	9	2.94	-3	6.28571428571429
6	12	13	2	0.99	-3	5.81016949152542
7	14	15	8	0.995305	-3	6.36578171091445
8	16	17	1	9.95	-3	5.37721238938053
9	18	19	8	1.0006	-3	5.10638297872341
10	0	0	0	0	-1	8
11	20	21	3	0.445	-3	6.15384615384615
12	22	23	8	0.99579	-3	5.85813148788927
13	24	25	3	0.05	-3	3.5
14	26	27	10	0.68	-3	6.61344537815126
15	28	29	11	11.55	-3	6.23181818181818
16	30	31	10	0.575	-3	5.34716981132075
17	32	33	3	0.505	-3	5.59633027522936
18	34	35	7	42.5	-3	5.2
19	0	0	0	0	-1	3
20	0	0	0	0	-1	7
21	36	37	4	4.35	-3	6.08333333333333
22	38	39	1	4.65	-3	5.96713615023474
23	40	41	6	8.5	-3	5.55263157894737
24	0	0	0	0	-1	3
25	0	0	0	0	-1	4
26	42	43	7	17.5	-3	6.35714285714286
27	44	45	7	46.5	-3	6.84126984126984
28	46	47	5	0.0755	-3	6.10071942446043
29	48	49	10	0.745	-3	6.45679012345679
30	50	51	10	0.455	-3	5.19130434782608
31	52	53	2	0.425	-3	5.46666666666667
32	54	55	2	0.605	-3	5.46428571428571
33	56	57	1	11.65	-3	6.04
34	58	59	11	9.75	-3	5.38095238095238
35	60	61	4	8.95	-3	5.04166666666667
36	0	0	0	0	-1	6
37	0	0	0	0	-1	7
38	0	0	0	0	-1	4
39	62	63	8	0.99241	-3	5.98578199052133
40	64	65	3	0.105	-3	5.14285714285714
41	66	67	2	0.8675	-3	5.70909090909091
42	68	69	11	12.35	-3	6.64
43	70	71	6	41.25	-3	6.12903225806452
44	72	73	8	0.992955	-3	6.95918367346939
45	74	75	9	3.335	-3	6.42857142857143
46	76	77	1	8.45	-3	6.46938775510204
47	78	79	2	0.335	-3	5.9
48	80	81	9	3.385	-3	6.26415094339623
49	82	83	4	7.1	-3	6.82142857142857
50	84	85	9	3.385	-3	4.86111111111111
51	86	87	8	0.997445	-3	5.22977346278317
52	88	89	4	4.65	-3	5.82
53	90	91	7	103.5	-3	5.36571428571428
54	92	93	3	0.485	-3	5.62857142857143
55	94	95	2	0.635	-3	4.64285714285714
56	96	97	5	0.0895	-3	5.82352941176471
57	98	99	9	3.105	-3	6.5
58	100	101	10	0.625	-3	5.13333333333333
59	102	103	8	0.9983	-3	6
60	104	105	9	3.09	-3	5
61	0	0	0	0	-1	6
62	106	107	8	0.99238	-3	6.44444444444444
63	108	109	6	31.5	-3	5.94300518134715
64	110	111	6	5.5	-3	4.66666666666667
65	112	113	11	10.9	-3	5.5
66	114	115	5	0.061	-3	5.75471698113208
67	0	0	0	0	-1	4.5
68	116	117	5	0.0665	-3	6.4375
69	118	119	11	12.45	-3	7
70	120	121	8	0.994995	-3	5.92857142857143
71	0	0	0	0	-1	8
72	0	0	0	0	-1	8
73	122	123	2	0.425	-3	6.9375
74	124	125	2	0.375	-3	6.75
75	126	127	11	11.3	-3	6
76	128	129	7	57.5	-3	5.93333333333333
77	130	131	8	0.99795	-3	6.70588235294118
78	132	133	6	9.5	-3	6.44444444444444
79	134	135	7	102.5	-3	5.76388888888889
80	136	137	5	0.0525	-3	6.37209302325581
81	138	139	8	0.995525	-3	5.8
82	140	141	10	0.895	-3	6.88888888888889
83	0	0	0	0	-1	5
84	142	143	8	0.99422	-3	4.93939393939394
85	0	0	0	0	-1	4
86	144	145	5	0.2265	-3	5.34928229665072
87	146	147	2	0.7525	-3	4.98
88	148	149	7	82.5	-3	5.77083333333333
89	0	0	0	0	-1	7
90	150	151	3	0.345	-3	5.43097643097643
91	152	153	1	8.55	-3	5
92	154	155	2	0.385	-3	5.77551020408163
93	156	157	6	23	-3	5.28571428571429
94	0	0	0	0	-1	3.5
95	158	159	5	0.0535	-3	5.1
96	160	161	1	10.45	-3	6
97	0	0	0	0	-1	5.25
98	0	0	0	0	-1	6
99	0	0	0	0	-1	6.8
100	0	0	0	0	-1	6
101	162	163	3	0.635	-3	5
102	0	0	0	0	-1	6.5
103	0	0	0	0	-1	5
104	164	165	10	1.285	-3	5
105	166	167	7	66	-3	5
106	168	169	5	0.049	-3	6.3125
107	0	0	0	0	-1	7.5
108	170	171	9	3.69	-3	5.89473684210526
109	172	173	11	11.55	-3	6.31818181818182
110	0	0	0	0	-1	4.25
111	0	0	0	0	-1	5
112	174	175	7	23.5	-3	6
113	176	177	10	0.65	-3	5
114	0	0	0	0	-1	7
115	178	179	10	0.545	-3	5.70588235294118
116	180	181	7	10.5	-3	6.8
117	182	183	4	1.775	-3	5.83333333333333
118	0	0	0	0	-1	7
119	0	0	0	0	-1	7
120	184	185	4	2.45	-3	6.08333333333333
121	0	0	0	0	-1	5
122	186	187	2	0.415	-3	6.97826086956522
123	0	0	0	0	-1	6
124	0	0	0	0	-1	7
125	0	0	0	0	-1	6
126	0	0	0	0	-1	6
127	0	0	0	0	-1	6
128	188	189	8	0.99538	-3	6.07692307692308
129	0	0	0	0	-1	5
130	190	191	1	10.6	-3	6.89285714285714
131	192	193	2	0.53	-3	5.83333333333333
132	194	195	10	1.045	-3	7
133	196	197	8	0.9999	-3	6.16666666666667
134	198	199	1	10.75	-3	5.859375
135	0	0	0	0	-1	5
136	0	0	0	0	-1	4
137	200	201	4	3.25	-3	6.42857142857143
138	0	0	0	0	-1	6
139	0	0	0	0	-1	5.6
140	202	203	9	3.425	-3	7.04761904761905
141	204	205	9	3.275	-3	6.33333333333333
142	0	0	0	0	-1	4
143	206	207	10	0.36	-3	4.96875
144	208	209	5	0.0615	-3	5.3719806763285
145	0	0	0	0	-1	3
146	210	211	8	0.99764	-3	5.02272727272727
147	212	213	11	10.1	-3	4.66666666666667
148	214	215	4	1.5	-3	5.88095238095238
149	216	217	8	0.99645	-3	5
150	218	219	5	0.0975	-3	5.46992481203008
151	220	221	8	0.995705	-3	5.09677419354839
152	222	223	4	1.65	-3	4.97560975609756
153	224	225	11	9.85	-3	5.08333333333333
154	226	227	5	0.085	-3	5.38461538461539
155	228	229	11	9.7	-3	5.91666666666667
156	230	231	10	0.645	-3	5.42105263157895
157	0	0	0	0	-1	4
158	0	0	0	0	-1	6
159	232	233	6	0	-3	5
160	0	0	0	0	-1	6
161	234	235	2	0	-3	6
162	0	0	0	0	-1	5
163	0	0	0	0	-1	5
164	0	0	0	0	-1	5
165	0	0	0	0	-1	5
166	0	0	0	0	-1	5
167	236	237	6	23.5	-3	5
168	238	239	9	3.69	-3	6.625
169	240	241	11	12.9	-3	6
170	242	243	10	0.545	-3	5.86792452830189
171	244	245	3	0.265	-3	6.25
172	246	247	10	0.625	-3	5.83333333333333
173	248	249	6	37.5	-3	6.9
174	0	0	0	0	-1	6
175	0	0	0	0	-1	6
176	0	0	0	0	-1	5
177	0	0	0	0	-1	5
178	250	251	6	9.5	-3	5.16666666666667
179	252	253	8	0.99672	-3	5.87179487179487
180	254	255	2	0	-3	7
181	0	0	0	0	-1	6
182	0	0	0	0	-1	5
183	0	0	0	0	-1	6
184	256	257	7	19	-3	5.94117647058824
185	258	259	8	0.99305	-3	6.42857142857143
186	260	261	7	34.5	-3	6.95555555555556
187	0	0	0	0	-1	8
188	0	0	0	0	-1	7
189	262	263	6	7	-3	5.90909090909091
190	264	265	11	10.95	-3	6.72727272727273
191	266	267	1	10.9	-3	7.5
192	0	0	0	0	-1	6
193	0	0	0	0	-1	5
194	0	0	0	0	-1	7
195	0	0	0	0	-1	7
196	268	269	4	2.85	-3	5.75
197	0	0	0	0	-1	7
198	270	271	9	3.515	-3	6
199	272	273	7	23.5	-3	5.57142857142857
200	274	275	11	11.65	-3	6.25925925925926
201	276	277	8	0.99679	-3	6.73333333333333
202	278	279	3	0.465	-3	7.1
203	0	0	0	0	-1	6
204	0	0	0	0	-1	6
205	0	0	0	0	-1	7
206	0	0	0	0	-1	4
207	280	281	6	9	-3	5
208	0	0	0	0	-1	4.25
209	282	283	4	1.25	-3	5.39408866995074
210	284	285	4	2.2	-3	4.77777777777778
211	286	287	2	0.6025	-3	5.08571428571429
212	288	289	6	4.5	-3	4.81818181818182
213	0	0	0	0	-1	3
214	290	291	7	26.5	-3	6.3
215	292	293	3	0.355	-3	5.82432432432432
216	0	0	0	0	-1	5
217	294	295	1	9.5	-3	5
218	296	297	2	0.655	-3	5.52403846153846
219	298	299	8	0.99589	-3	5.27586206896552
220	0	0	0	0	-1	6
221	300	301	2	0.535	-3	5.06666666666667
222	0	0	0	0	-1	4
223	302	303	4	2.35	-3	5
224	304	305	3	0.415	-3	5
225	0	0	0	0	-1	6
226	306	307	11	9.65	-3	5.71428571428571
227	308	309	1	10.5	-3	5
228	310	311	10	0.57	-3	5.71428571428571
229	312	313	2	0.4525	-3	6.2
230	314	315	4	2.55	-3	5.25
231	0	0	0	0	-1	6.33333333333333
232	0	0	0	0	-1	5
233	316	317	11	9.8	-3	5
234	0	0	0	0	-1	5
235	0	0	0	0	-1	6
236	0	0	0	0	-1	5
237	0	0	0	0	-1	5
238	0	0	0	0	-1	7
239	0	0	0	0	-1	6.25
240	0	0	0	0	-1	6
241	0	0	0	0	-1	6
242	318	319	2	0.425	-3	5.48275862068965
243	320	321	11	12.95	-3	5.95384615384615
244	322	323	1	5.5	-3	6.1
245	0	0	0	0	-1	7
246	0	0	0	0	-1	5
247	324	325	2	0.545	-3	6
248	326	327	11	12.5	-3	7.125
249	0	0	0	0	-1	6
250	0	0	0	0	-1	6
251	328	329	1	7	-3	5
252	330	331	10	0.615	-3	5.74193548387097
253	332	333	2	0.6475	-3	6.375
254	0	0	0	0	-1	6
255	334	335	7	8.5	-3	7
256	0	0	0	0	-1	5.5
257	336	337	10	0.53	-3	6
258	0	0	0	0	-1	6
259	0	0	0	0	-1	7
260	338	339	1	0	-3	7
261	340	341	10	0.715	-3	6.81818181818182
262	0	0	0	0	-1	5
263	0	0	0	0	-1	6
264	342	343	6	28.5	-3	6.33333333333333
265	344	345	6	4.5	-3	6.875
266	0	0	0	0	-1	8
267	0	0	0	0	-1	7
268	346	347	3	0.64	-3	6
269	0	0	0	0	-1	5
270	348	349	9	3.18	-3	6.04878048780488
271	0	0	0	0	-1	5
272	350	351	7	21.5	-3	5
273	352	353	6	18.5	-3	5.92307692307692
274	0	0	0	0	-1	7
275	354	355	2	0.37	-3	6.16666666666667
276	356	357	4	0.995675	-3	7
277	0	0	0	0	-1	6.2
278	0	0	0	0	-1	7.4
279	358	359	10	0	-3	7
280	0	0	0	0	-1	5
281	360	361	9	3.245	-3	5
282	0	0	0	0	-1	7
283	362	363	5	0.1005	-3	5.37810945273632
284	0	0	0	0	-1	4
285	364	365	9	3.275	-3	4.93333333333333
286	366	367	8	0.9985	-3	5
287	368	369	1	8.7	-3	5.19354838709677
288	0	0	0	0	-1	4
289	370	371	2	0.99755	-3	5
290	372	373	11	10.2	-3	6.125
291	0	0	0	0	-1	7
292	374	375	1	8.05	-3	5.95744680851064
293	376	377	6	8.5	-3	5.59259259259259
294	0	0	0	0	-1	5
295	0	0	0	0	-1	5
296	378	379	5	0.0895	-3	5.62091503267974
297	380	381	11	10.35	-3	5.25454545454545
298	0	0	0	0	-1	6
299	382	383	9	3.275	-3	5.20754716981132
300	384	385	6	10	-3	5.25
301	386	387	2	0.61	-3	5
302	388	389	6	14.5	-3	5
303	0	0	0	0	-1	5
304	390	391	2	0.485	-3	5
305	0	0	0	0	-1	5
306	0	0	0	0	-1	5.5
307	0	0	0	0	-1	6
308	0	0	0	0	-1	5
309	0	0	0	0	-1	5
310	0	0	0	0	-1	5
311	392	393	5	0.062	-3	5.88235294117647
312	394	395	10	0.665	-3	6.5
313	396	397	9	0.0845	-3	6
314	398	399	6	16	-3	5.07692307692308
315	0	0	0	0	-1	6
316	0	0	0	0	-1	5
317	400	401	11	0	-3	5
318	0	0	0	0	-1	6
319	402	403	10	0.42	-3	5.42307692307692
320	404	405	10	0.87	-3	5.98412698412699
321	0	0	0	0	-1	5
322	0	0	0	0	-1	6
323	0	0	0	0	-1	7
324	0	0	0	0	-1	6
325	406	407	3	0.05	-3	6
326	408	409	2	0.71	-3	7
327	0	0	0	0	-1	8
328	0	0	0	0	-1	5
329	410	411	9	0	-3	5
330	412	413	6	0	-3	6
331	414	415	7	70.5	-3	5.52941176470588
332	0	0	0	0	-1	6.6
333	0	0	0	0	-1	6
334	0	0	0	0	-1	7
335	0	0	0	0	-1	7
336	0	0	0	0	-1	6
337	416	417	6	18.5	-3	6
338	0	0	0	0	-1	6
339	418	419	3	0	-3	7
340	0	0	0	0	-1	6
341	420	421	6	22	-3	7
342	0	0	0	0	-1	6.2
343	0	0	0	0	-1	7
344	0	0	0	0	-1	6
345	422	423	3	0.485	-3	6.93333333333333
346	0	0	0	0	-1	6.2
347	0	0	0	0	-1	5
348	0	0	0	0	-1	6.66666666666667
349	424	425	8	0.9988	-3	6
350	0	0	0	0	-1	5
351	0	0	0	0	-1	5
352	426	427	1	14.8	-3	6.33333333333333
353	428	429	2	0.46	-3	5.57142857142857
354	430	431	1	10.95	-3	5.9375
355	432	433	9	3.195	-3	6.625
356	0	0	0	0	-1	6
357	434	435	6	5	-3	7
358	0	0	0	0	-1	6
359	436	437	6	0	-3	7
360	438	439	11	0.21	-3	5
361	440	441	2	0.665	-3	5
362	442	443	11	10.35	-3	5.40540540540541
363	444	445	6	24	-3	5.0625
364	0	0	0	0	-1	4
365	446	447	8	0.0765	-3	5
366	448	449	11	9.3	-3	5
367	450	451	9	3.355	-3	5
368	452	453	4	9.3	-3	5.04166666666667
369	454	455	7	70.5	-3	5.71428571428571
370	456	457	9	3.21	-3	5
371	0	0	0	0	-1	5
372	458	459	9	0	-3	6
373	0	0	0	0	-1	7
374	460	461	7	41	-3	5.83333333333333
375	462	463	2	0.37	-3	6.36363636363636
376	0	0	0	0	-1	5
377	464	465	1	8.55	-3	5.72727272727273
378	466	467	1	7.15	-3	5.56
379	468	469	1	9.6	-3	5.89285714285714
380	470	471	10	0.89	-3	5.13636363636364
381	472	473	5	0.0845	-3	5.72727272727273
382	474	475	5	0.147	-3	5.03333333333333
383	476	477	6	5.75	-3	5.43478260869565
384	0	0	0	0	-1	5.66666666666667
385	0	0	0	0	-1	5
386	478	479	3	0.445	-3	5
387	480	481	5	0.096	-3	5
388	0	0	0	0	-1	5
389	0	0	0	0	-1	5
390	0	0	0	0	-1	5
391	482	483	11	0	-3	5
392	0	0	0	0	-1	5
393	484	485	9	3.065	-3	5.9375
394	0	0	0	0	-1	7
395	0	0	0	0	-1	6
396	0	0	0	0	-1	7
397	0	0	0	0	-1	6
398	486	487	7	37.5	-3	4.88888888888889
399	0	0	0	0	-1	5.5
400	0	0	0	0	-1	5
401	488	489	4	2.35	-3	5
402	0	0	0	0	-1	5.8
403	490	491	3	0.15	-3	5.33333333333333
404	492	493	11	10.575	-3	5.95934959349594
405	0	0	0	0	-1	7
406	0	0	0	0	-1	6
407	0	0	0	0	-1	6
408	0	0	0	0	-1	7
409	0	0	0	0	-1	7
410	0	0	0	0	-1	5
411	0	0	0	0	-1	5
412	0	0	0	0	-1	6
413	494	495	8	0.99649	-3	6
414	496	497	8	0.996195	-3	5.69230769230769
415	0	0	0	0	-1	5
416	498	499	10	0	-3	6
417	0	0	0	0	-1	6
418	0	0	0	0	-1	6
419	500	501	5	0.073	-3	7
420	0	0	0	0	-1	7
421	0	0	0	0	-1	7
422	502	503	7	0	-3	7
423	0	0	0	0	-1	6
424	504	505	8	0.995845	-3	5.91428571428571
425	0	0	0	0	-1	7
426	0	0	0	0	-1	6.2
427	0	0	0	0	-1	7
428	0	0	0	0	-1	5
429	0	0	0	0	-1	6
430	0	0	0	0	-1	6
431	0	0	0	0	-1	5.5
432	0	0	0	0	-1	7
433	0	0	0	0	-1	6.25
434	0	0	0	0	-1	7
435	0	0	0	0	-1	7
436	0	0	0	0	-1	7
437	0	0	0	0	-1	7
438	0	0	0	0	-1	5
439	506	507	9	3.21	-3	5
440	0	0	0	0	-1	5
441	0	0	0	0	-1	5
442	508	509	8	0.99614	-3	5.35119047619048
443	510	511	3	0.015	-3	5.94117647058824
444	512	513	9	9.75	-3	5
445	0	0	0	0	-1	5.5
446	0	0	0	0	-1	6
447	514	515	5	0.0775	-3	5
448	516	517	4	0	-3	5
449	518	519	10	0.49	-3	5
450	0	0	0	0	-1	5
451	520	521	4	0	-3	5
452	0	0	0	0	-1	5
453	0	0	0	0	-1	6
454	0	0	0	0	-1	6
455	0	0	0	0	-1	5
456	0	0	0	0	-1	5
457	0	0	0	0	-1	5
458	0	0	0	0	-1	6
459	522	523	7	24	-3	6
460	524	525	5	0.063	-3	6.1
461	526	527	10	0.665	-3	5.73076923076923
462	528	529	11	0	-3	6
463	0	0	0	0	-1	7
464	530	531	3	0.39	-3	5.93333333333333
465	532	533	4	2.55	-3	5.28571428571429
466	534	535	5	0.0795	-3	5.43859649122807
467	536	537	7	29.5	-3	5.66176470588235
468	538	539	8	0.9986	-3	5.85185185185185
469	0	0	0	0	-1	7
470	540	541	8	0.999825	-3	5.0952380952381
471	0	0	0	0	-1	6
472	542	543	10	0.645	-3	6
473	0	0	0	0	-1	5
474	544	545	6	19	-3	5
475	0	0	0	0	-1	5.2
476	0	0	0	0	-1	6.2
477	546	547	2	0.58	-3	5.22222222222222
478	0	0	0	0	-1	5
479	0	0	0	0	-1	5
480	0	0	0	0	-1	5
481	548	549	8	0.996165	-3	5
482	0	0	0	0	-1	6
483	550	551	5	0.09	-3	5
484	0	0	0	0	-1	5
485	552	553	11	9.1	-3	6
486	554	555	2	0.079	-3	5
487	0	0	0	0	-1	4
488	0	0	0	0	-1	5
489	0	0	0	0	-1	5
490	556	557	3	0.025	-3	5.46666666666667
491	0	0	0	0	-1	5
492	0	0	0	0	-1	7
493	558	559	7	15.5	-3	5.93333333333333
494	0	0	0	0	-1	6
495	0	0	0	0	-1	6
496	0	0	0	0	-1	6
497	560	561	8	0.996355	-3	5.55555555555556
498	0	0	0	0	-1	5
499	562	563	7	64	-3	6
500	564	565	10	0	-3	7
501	0	0	0	0	-1	7
502	0	0	0	0	-1	5
503	566	567	8	0	-3	7
504	0	0	0	0	-1	5.75
505	568	569	10	0.82	-3	5.93548387096774
506	570	571	3	0	-3	5
507	0	0	0	0	-1	5
508	572	573	10	0.525	-3	5.16363636363636
509	574	575	7	101	-3	5.44247787610619
510	0	0	0	0	-1	7
511	576	577	8	0.99549	-3	5.71428571428571
512	0	0	0	0	-1	5
513	0	0	0	0	-1	5
514	578	579	1	8.3	-3	5
515	0	0	0	0	-1	5
516	0	0	0	0	-1	5
517	580	581	6	29.5	-3	5
518	0	0	0	0	-1	5
519	0	0	0	0	-1	5
520	0	0	0	0	-1	6
521	0	0	0	0	-1	5
522	0	0	0	0	-1	6
523	0	0	0	0	-1	6
524	0	0	0	0	-1	8
525	582	583	6	4.5	-3	5.88888888888889
526	584	585	8	0.99685	-3	5.46153846153846
527	586	587	2	0	-3	6
528	0	0	0	0	-1	5
529	588	589	10	0.77	-3	6
530	0	0	0	0	-1	5
531	0	0	0	0	-1	6
532	0	0	0	0	-1	5
533	0	0	0	0	-1	6
534	590	591	3	0.23	-3	5.54545454545455
535	592	593	4	2.25	-3	5.07692307692308
536	594	595	9	3.37	-3	6
537	596	597	4	1.85	-3	5.53061224489796
538	598	599	1	6.7	-3	5.92
539	0	0	0	0	-1	5
540	600	601	1	6.4	-3	5.1219512195122
541	0	0	0	0	-1	4
542	0	0	0	0	-1	6
543	0	0	0	0	-1	6
544	0	0	0	0	-1	5
545	602	603	5	0	-3	5
546	604	605	5	0.1465	-3	5.5
547	606	607	1	6.95	-3	5.08333333333333
548	0	0	0	0	-1	5
549	0	0	0	0	-1	5
550	0	0	0	0	-1	5
551	0	0	0	0	-1	5
552	0	0	0	0	-1	6
553	608	609	7	61.5	-3	6
554	0	0	0	0	-1	6
555	610	611	2	0	-3	5
556	612	613	4	1.85	-3	5.22222222222222
557	614	615	6	15.5	-3	5.83333333333333
558	616	617	9	3.515	-3	6.21739130434783
559	618	619	5	0.0665	-3	5.8659793814433
560	620	621	4	2.4	-3	5.33333333333333
561	0	0	0	0	-1	6
562	0	0	0	0	-1	6
563	0	0	0	0	-1	6
564	0	0	0	0	-1	5
565	622	623	6	0	-3	7
566	0	0	0	0	-1	6
567	624	625	6	31.5	-3	7
568	626	627	4	2.75	-3	5.96666666666667
569	0	0	0	0	-1	5
570	0	0	0	0	-1	5
571	0	0	0	0	-1	5
572	628	629	5	0.0765	-3	5.03703703703704
573	630	631	7	11.5	-3	5.28571428571429
574	632	633	5	0.0835	-3	5.51020408163265
575	634	635	9	0.53	-3	5
576	636	637	10	0.545	-3	6
577	638	639	7	40	-3	5.33333333333333
578	640	641	7	0	-3	5
579	0	0	0	0	-1	5
580	0	0	0	0	-1	5
581	0	0	0	0	-1	5
582	0	0	0	0	-1	5
583	642	643	5	0.071	-3	6.14285714285714
584	644	645	2	0.41	-3	5
585	646	647	8	0.9976	-3	5.85714285714286
586	0	0	0	0	-1	6
587	648	649	3	0.105	-3	6
588	0	0	0	0	-1	6
589	0	0	0	0	-1	6
590	650	651	1	6.65	-3	5.61538461538461
591	0	0	0	0	-1	5
592	0	0	0	0	-1	5
593	0	0	0	0	-1	5.25
594	652	653	8	0.995925	-3	6
595	0	0	0	0	-1	6
596	0	0	0	0	-1	5
597	654	655	1	7.55	-3	5.59090909090909
598	0	0	0	0	-1	5
599	656	657	7	64.5	-3	5.95833333333333
600	0	0	0	0	-1	4.5
601	658	659	7	66	-3	5.15384615384615
602	0	0	0	0	-1	5
603	0	0	0	0	-1	5
604	0	0	0	0	-1	5
605	0	0	0	0	-1	6
606	0	0	0	0	-1	5.5
607	660	661	1	8.7	-3	5
608	0	0	0	0	-1	6
609	0	0	0	0	-1	6
610	0	0	0	0	-1	6
611	662	663	2	0.475	-3	5
612	0	0	0	0	-1	6
613	664	665	7	10.5	-3	5.125
614	0	0	0	0	-1	5
615	0	0	0	0	-1	6
616	666	667	2	0.7375	-3	6.33333333333333
617	0	0	0	0	-1	5
618	668	669	9	3.51	-3	5.61290322580645
619	670	671	2	0.635	-3	5.98484848484849
620	0	0	0	0	-1	5
621	0	0	0	0	-1	6
622	0	0	0	0	-1	5
623	672	673	8	0	-3	7
624	674	675	11	11.05	-3	7
625	0	0	0	0	-1	7
626	0	0	0	0	-1	6
627	0	0	0	0	-1	5.66666666666667
628	0	0	0	0	-1	5.33333333333333
629	676	677	5	0.083	-3	5
630	0	0	0	0	-1	6
631	678	679	11	9.55	-3	5.23076923076923
632	680	681	7	73	-3	5.57894736842105
633	682	683	9	3.225	-3	5.27272727272727
634	0	0	0	0	-1	6
635	0	0	0	0	-1	5
636	0	0	0	0	-1	6
637	0	0	0	0	-1	6
638	0	0	0	0	-1	5
639	0	0	0	0	-1	5.66666666666667
640	0	0	0	0	-1	5
641	0	0	0	0	-1	5
642	0	0	0	0	-1	6.5
643	0	0	0	0	-1	6
644	0	0	0	0	-1	5
645	0	0	0	0	-1	5
646	684	685	10	0.635	-3	6
647	0	0	0	0	-1	5
648	0	0	0	0	-1	6
649	686	687	7	0	-3	6
650	688	689	8	0.995045	-3	6
651	690	691	1	6.75	-3	5.48275862068965
652	0	0	0	0	-1	6
653	692	693	8	0.996115	-3	6
654	694	695	6	29	-3	5.90909090909091
655	696	697	7	34.5	-3	5.48484848484848
656	698	699	8	9.25	-3	6
657	700	701	5	0.0965	-3	5.83333333333333
658	702	703	5	0.091	-3	5.22857142857143
659	0	0	0	0	-1	4.5
660	0	0	0	0	-1	5
661	0	0	0	0	-1	5
662	0	0	0	0	-1	5
663	0	0	0	0	-1	5
664	0	0	0	0	-1	6
665	704	705	7	0	-3	5
666	706	707	3	0.06	-3	6.47058823529412
667	0	0	0	0	-1	5.75
668	708	709	3	0.265	-3	5.75
669	710	711	11	11.85	-3	5.14285714285714
670	712	713	8	0.99367	-3	6.05405405405405
671	714	715	3	0.19	-3	5.89655172413793
672	0	0	0	0	-1	6
673	0	0	0	0	-1	7
674	0	0	0	0	-1	7
675	716	717	3	0.36	-3	7
676	0	0	0	0	-1	5
677	718	719	9	3.235	-3	5
678	720	721	2	0.465	-3	5.57142857142857
679	722	723	9	3.395	-3	5.10526315789474
680	724	725	1	7.35	-3	5.47457627118644
681	726	727	1	7.3	-3	5.94117647058824
682	728	729	11	9.48333333333333	-3	5.63636363636364
683	730	731	8	0.99732	-3	4.90909090909091
684	0	0	0	0	-1	6
685	0	0	0	0	-1	6
686	0	0	0	0	-1	6
687	732	733	8	0	-3	6
688	0	0	0	0	-1	6
689	734	735	5	0.064	-3	6
690	736	737	7	49	-3	5.16666666666667
691	738	739	5	0.0635	-3	5.56521739130435
692	0	0	0	0	-1	6
693	740	741	10	0.76	-3	6
694	742	743	6	12.5	-3	5.8
695	0	0	0	0	-1	7
696	0	0	0	0	-1	5
697	744	745	3	0.225	-3	5.57142857142857
698	746	747	3	0.185	-3	6
699	0	0	0	0	-1	6
700	0	0	0	0	-1	6
701	0	0	0	0	-1	5
702	748	749	4	3.4	-3	5.08
703	750	751	6	18.5	-3	5.6
704	0	0	0	0	-1	5
705	0	0	0	0	-1	5
706	752	753	4	1.7	-3	6.66666666666667
707	0	0	0	0	-1	6
708	754	755	4	3.4	-3	5.94736842105263
709	0	0	0	0	-1	5
710	756	757	8	0.99449	-3	5
711	0	0	0	0	-1	6
712	0	0	0	0	-1	6.4
713	758	759	10	0.795	-3	6
714	760	761	8	0.99569	-3	6
715	0	0	0	0	-1	5
716	0	0	0	0	-1	7
717	0	0	0	0	-1	7
718	0	0	0	0	-1	5
719	762	763	4	0	-3	5
720	0	0	0	0	-1	5
721	0	0	0	0	-1	6
722	764	765	9	3.235	-3	5.05555555555556
723	0	0	0	0	-1	6
724	766	767	4	2.6	-3	5.15789473684211
725	768	769	9	3.3	-3	5.625
726	770	771	1	7.15	-3	5.83333333333333
727	772	773	7	0	-3	6
728	0	0	0	0	-1	5
729	774	775	5	0	-3	6
730	776	777	4	1.75	-3	5
731	0	0	0	0	-1	4
732	0	0	0	0	-1	5
733	0	0	0	0	-1	6
734	0	0	0	0	-1	6
735	0	0	0	0	-1	6
736	0	0	0	0	-1	5
737	0	0	0	0	-1	6
738	0	0	0	0	-1	5
739	778	779	3	0.105	-3	5.65
740	0	0	0	0	-1	6
741	0	0	0	0	-1	6
742	0	0	0	0	-1	7
743	780	781	5	0.0785	-3	5.66666666666667
744	782	783	2	0.5525	-3	5.16666666666667
745	784	785	3	0.27	-3	5.68181818181818
746	0	0	0	0	-1	6
747	786	787	7	41.5	-3	6
748	788	789	2	0.73	-3	5
749	0	0	0	0	-1	6
750	790	791	7	12.5	-3	5.42857142857143
751	0	0	0	0	-1	6
752	0	0	0	0	-1	6
753	792	793	6	8	-3	6.8
754	794	795	9	3.43	-3	6.06666666666667
755	0	0	0	0	-1	5.5
756	0	0	0	0	-1	5
757	0	0	0	0	-1	5
758	796	797	8	0.995585	-3	6
759	798	799	3	0	-3	6
760	0	0	0	0	-1	6
761	0	0	0	0	-1	6
762	0	0	0	0	-1	5
763	800	801	7	97.5	-3	5
764	0	0	0	0	-1	5.33333333333333
765	802	803	3	0.24	-3	5
766	804	805	1	6.95	-3	5.0625
767	0	0	0	0	-1	5.66666666666667
768	806	807	4	2.45	-3	5.23076923076923
769	808	809	7	14.5	-3	5.81481481481481
770	0	0	0	0	-1	6
771	0	0	0	0	-1	5
772	0	0	0	0	-1	6
773	810	811	5	0.0765	-3	6
774	0	0	0	0	-1	6
775	812	813	7	0	-3	6
776	0	0	0	0	-1	5
777	814	815	6	0	-3	5
778	816	817	3	0.035	-3	5.75
779	0	0	0	0	-1	5.25
780	0	0	0	0	-1	5
781	0	0	0	0	-1	6
782	0	0	0	0	-1	6
783	0	0	0	0	-1	5
784	818	819	6	19.5	-3	6
785	820	821	5	0.077	-3	5.41666666666667
786	0	0	0	0	-1	6
787	0	0	0	0	-1	6
788	822	823	8	0	-3	5
789	0	0	0	0	-1	5
790	0	0	0	0	-1	6
791	0	0	0	0	-1	5.2
792	0	0	0	0	-1	6.5
793	824	825	11	11.6	-3	7
794	0	0	0	0	-1	6.2
795	826	827	10	0.6	-3	6
796	828	829	11	0.585	-3	6
797	0	0	0	0	-1	6
798	0	0	0	0	-1	6
799	830	831	11	10.9	-3	6
800	0	0	0	0	-1	5
801	0	0	0	0	-1	5
802	0	0	0	0	-1	5
803	0	0	0	0	-1	5
804	0	0	0	0	-1	6
805	0	0	0	0	-1	5
806	832	833	10	0.495	-3	5.09090909090909
807	0	0	0	0	-1	6
808	0	0	0	0	-1	5
809	834	835	6	7.5	-3	5.88
810	0	0	0	0	-1	6
811	836	837	5	0.0785	-3	6
812	0	0	0	0	-1	5
813	0	0	0	0	-1	6
814	0	0	0	0	-1	5
815	838	839	1	8.8	-3	5
816	840	841	6	16.5	-3	5.6
817	842	843	4	2.25	-3	6
818	0	0	0	0	-1	6
819	0	0	0	0	-1	6
820	0	0	0	0	-1	5
821	844	845	1	7.85	-3	5.71428571428571
822	0	0	0	0	-1	5
823	846	847	1	8.75	-3	5
824	0	0	0	0	-1	7
825	0	0	0	0	-1	7
826	0	0	0	0	-1	6
827	848	849	5	0.048	-3	6
828	0	0	0	0	-1	5
829	850	851	5	0.1375	-3	6
830	0	0	0	0	-1	6
831	0	0	0	0	-1	6
832	0	0	0	0	-1	6
833	852	853	11	9.3	-3	5
834	854	855	7	45.5	-3	5.625
835	856	857	4	1.85	-3	6
836	0	0	0	0	-1	6
837	0	0	0	0	-1	6
838	858	859	5	0	-3	5
839	0	0	0	0	-1	5
840	0	0	0	0	-1	6
841	0	0	0	0	-1	5
842	0	0	0	0	-1	6
843	0	0	0	0	-1	6
844	0	0	0	0	-1	5
845	0	0	0	0	-1	6
846	860	861	7	17	-3	5
847	0	0	0	0	-1	5
848	0	0	0	0	-1	6
849	862	863	11	11.2	-3	6
850	864	865	9	3.37	-3	6
851	0	0	0	0	-1	6
852	0	0	0	0	-1	5
853	866	867	7	23	-3	5
854	868	869	11	9.5	-3	5.83333333333333
855	0	0	0	0	-1	5
856	870	871	1	8.4	-3	6
857	0	0	0	0	-1	6
858	0	0	0	0	-1	6
859	872	873	4	0	-3	5
860	0	0	0	0	-1	5
861	0	0	0	0	-1	5
862	0	0	0	0	-1	6
863	0	0	0	0	-1	6
864	0	0	0	0	-1	6
865	0	0	0	0	-1	6
866	0	0	0	0	-1	5
867	0	0	0	0	-1	5
868	0	0	0	0	-1	6
869	0	0	0	0	-1	5
870	874	875	1	7.55	-3	6
871	0	0	0	0	-1	6
872	0	0	0	0	-1	5
873	0	0	0	0	-1	5
874	0	0	0	0	-1	6
875	876	877	10	0.5	-3	6
876	0	0	0	0	-1	6
877	0	0	0	0	-1	6
