1	2	3	11	10.525	-3	5.62101313320826
2	4	5	2	0.345	-3	5.34044715447154
3	6	7	2	0.3975	-3	6.06991869918699
4	8	9	10	0.65	-3	5.79381443298969
5	10	11	10	0.575	-3	5.29086809470124
6	12	13	9	2.995	-3	6.43373493975903
7	14	15	11	11.55	-3	5.8224043715847
8	16	17	5	0.0585	-3	5.2972972972973
9	18	19	8	0.99624	-3	6.1
10	20	21	11	10.45	-3	5.07336956521739
11	22	23	3	0.65	-3	5.44508670520231
12	0	0	0	0	-1	5.2
13	24	25	10	0.585	-3	6.45901639344262
14	26	27	6	5.5	-3	5.664
15	28	29	10	0.585	-3	6.16379310344828
16	0	0	0	0	-1	4
17	30	31	7	38.5	-3	5.37142857142857
18	32	33	7	20.5	-3	7.16666666666667
19	34	35	11	10.45	-3	5.98148148148148
20	36	37	2	0.75	-3	5.04011461318051
21	38	39	8	0.9965	-3	5.68421052631579
22	40	41	9	3.535	-3	5.42655935613682
23	42	43	10	1.105	-3	5.86363636363636
24	44	45	6	32	-3	6.17777777777778
25	46	47	11	10.65	-3	6.52261306532663
26	48	49	9	3.58	-3	5.15789473684211
27	50	51	9	3.055	-3	5.75471698113208
28	52	53	5	0.0585	-3	5.4
29	54	55	4	1.5	-3	6.43023255813954
30	56	57	9	3.12	-3	5.07142857142857
31	58	59	11	9.7	-3	5.57142857142857
32	0	0	0	0	-1	8
33	0	0	0	0	-1	6.33333333333333
34	60	61	1	14.65	-3	5.92156862745098
35	0	0	0	0	-1	7
36	62	63	11	9.075	-3	5.09929078014184
37	64	65	4	1.3	-3	4.7910447761194
38	66	67	1	7.4	-3	6
39	68	69	4	3.2	-3	5.14285714285714
40	70	71	11	9.85	-3	5.44967880085653
41	72	73	7	18	-3	5.06666666666667
42	74	75	2	0.5475	-3	6.28571428571429
43	76	77	2	0.6975	-3	5.125
44	78	79	8	0.997885	-3	6.075
45	0	0	0	0	-1	7
46	80	81	9	3.22	-3	5.83333333333333
47	82	83	1	8.05	-3	6.59116022099447
48	84	85	2	0.62	-3	5.28571428571429
49	0	0	0	0	-1	3.66666666666667
50	0	0	0	0	-1	6.8
51	86	87	4	3.3	-3	5.72946859903382
52	88	89	8	0.99419	-3	4.72727272727273
53	90	91	6	31.5	-3	5.78947368421053
54	0	0	0	0	-1	7.2
55	92	93	2	0.5925	-3	6.38271604938272
56	0	0	0	0	-1	6
57	94	95	7	0	-3	5
58	96	97	10	0.475	-3	5.36363636363636
59	98	99	6	27.5	-3	5.8
60	100	101	2	0.285	-3	5.87755102040816
61	0	0	0	0	-1	7
62	102	103	10	0.515	-3	4.14285714285714
63	104	105	8	0.997395	-3	5.12363636363636
64	0	0	0	0	-1	3
65	106	107	6	3.5	-3	4.875
66	0	0	0	0	-1	5
67	108	109	2	0.545	-3	6.2
68	110	111	8	0.99797	-3	5
69	0	0	0	0	-1	6
70	112	113	2	0.6525	-3	5.35540069686411
71	114	115	6	7.5	-3	5.6
72	0	0	0	0	-1	3.66666666666667
73	116	117	1	6.45	-3	5.22222222222222
74	118	119	6	12	-3	6.09090909090909
75	0	0	0	0	-1	7
76	120	121	8	0.99845	-3	4.83333333333333
77	0	0	0	0	-1	6
78	122	123	4	1.85	-3	6.13157894736842
79	0	0	0	0	-1	5
80	124	125	1	12.35	-3	6.27272727272727
81	126	127	1	7.65	-3	5.14285714285714
82	128	129	5	0.084	-3	6.36734693877551
83	130	131	5	0.1105	-3	6.67424242424242
84	132	133	10	0.81	-3	5.77777777777778
85	134	135	1	7.15	-3	4.76470588235294
86	136	137	5	0.0615	-3	5.77604166666667
87	138	139	7	14	-3	5.13333333333333
88	140	141	1	5.45	-3	5.33333333333333
89	0	0	0	0	-1	4
90	142	143	5	0.069	-3	5.72222222222222
91	0	0	0	0	-1	7
92	144	145	2	0.505	-3	6.47619047619048
93	146	147	3	0.005	-3	6.05555555555556
94	0	0	0	0	-1	5
95	148	149	3	0.445	-3	5
96	0	0	0	0	-1	6
97	150	151	10	0.585	-3	5.125
98	152	153	6	24	-3	6
99	0	0	0	0	-1	5.5
100	154	155	5	0.231	-3	6.04
101	156	157	11	9.75	-3	5.70833333333333
102	158	159	7	0	-3	4
103	0	0	0	0	-1	5
104	160	161	7	10	-3	5.2283950617284
105	162	163	3	0.255	-3	4.97345132743363
106	0	0	0	0	-1	3
107	164	165	10	0.495	-3	4.90476190476191
108	166	167	6	17	-3	6
109	0	0	0	0	-1	7
110	0	0	0	0	-1	5
111	0	0	0	0	-1	5
112	168	169	7	95	-3	5.40416666666667
113	170	171	8	0.997935	-3	5.1063829787234
114	172	173	7	21	-3	5.34285714285714
115	174	175	9	3.425	-3	5.66206896551724
116	176	177	2	0.585	-3	5.83333333333333
117	178	179	2	0.82	-3	5.04761904761905
118	0	0	0	0	-1	6.33333333333333
119	0	0	0	0	-1	6
120	0	0	0	0	-1	5
121	0	0	0	0	-1	4
122	180	181	10	0.545	-3	6.33333333333333
123	182	183	8	0.99412	-3	6
124	184	185	1	10	-3	6.55555555555556
125	0	0	0	0	-1	5
126	0	0	0	0	-1	5.33333333333333
127	0	0	0	0	-1	5
128	186	187	10	0.845	-3	6.56756756756757
129	188	189	7	95.5	-3	5.75
130	190	191	4	2.55	-3	6.71774193548387
131	192	193	5	0.118	-3	6
132	194	195	8	0.9993	-3	5.92857142857143
133	0	0	0	0	-1	5.25
134	0	0	0	0	-1	4
135	196	197	11	10.8	-3	4.86666666666667
136	198	199	10	0.435	-3	5.47826086956522
137	200	201	8	0.994375	-3	5.81656804733728
138	0	0	0	0	-1	3
139	202	203	11	10.9	-3	5.28571428571429
140	0	0	0	0	-1	4
141	0	0	0	0	-1	5.6
142	204	205	5	0.0645	-3	5.28571428571429
143	206	207	4	5.4	-3	6
144	208	209	7	94	-3	6.25
145	210	211	8	0.992375	-3	6.70967741935484
146	0	0	0	0	-1	6.75
147	212	213	1	6.45	-3	5.85714285714286
148	0	0	0	0	-1	5
149	214	215	2	0	-3	5
150	216	217	3	0.325	-3	5
151	0	0	0	0	-1	5.5
152	0	0	0	0	-1	6
153	0	0	0	0	-1	6
154	218	219	11	10.35	-3	6
155	0	0	0	0	-1	7
156	220	221	11	9.35	-3	5.33333333333333
157	222	223	6	10	-3	6.08333333333333
158	0	0	0	0	-1	6
159	0	0	0	0	-1	4
160	224	225	4	1.9	-3	4.42857142857143
161	226	227	5	0.0655	-3	5.26451612903226
162	228	229	1	9.95	-3	5.06896551724138
163	230	231	10	0.565	-3	4.87272727272727
164	232	233	5	0.0895	-3	4.60869565217391
165	234	235	2	0.795	-3	5.075
166	0	0	0	0	-1	6
167	0	0	0	0	-1	6
168	236	237	10	0.595	-3	5.47783251231527
169	238	239	6	25	-3	5
170	240	241	3	0.135	-3	5.02380952380952
171	0	0	0	0	-1	5.8
172	242	243	6	4.5	-3	5.59090909090909
173	244	245	4	1.7	-3	4.92307692307692
174	246	247	5	0.1275	-3	5.71544715447155
175	248	249	1	6.5	-3	5.36363636363636
176	0	0	0	0	-1	6
177	0	0	0	0	-1	5
178	250	251	4	2.85	-3	5.1
179	0	0	0	0	-1	4
180	252	253	8	7.5	-3	6
181	254	255	3	0.405	-3	6.625
182	0	0	0	0	-1	6
183	256	257	5	0.1275	-3	6
184	0	0	0	0	-1	6
185	0	0	0	0	-1	7
186	258	259	7	39.5	-3	6.42857142857143
187	260	261	4	3	-3	7
188	262	263	8	7.9	-3	6
189	0	0	0	0	-1	5
190	264	265	3	0.54	-3	6.59770114942529
191	266	267	5	0.0625	-3	7
192	0	0	0	0	-1	6
193	0	0	0	0	-1	6
194	268	269	9	3.215	-3	6
195	0	0	0	0	-1	5
196	0	0	0	0	-1	6
197	270	271	4	2.55	-3	4.78571428571429
198	0	0	0	0	-1	4
199	272	273	8	0.99512	-3	5.61904761904762
200	274	275	2	0.89	-3	5.375
201	276	277	10	0.535	-3	5.86274509803922
202	0	0	0	0	-1	6.33333333333333
203	278	279	5	0.104	-3	5
204	0	0	0	0	-1	6
205	0	0	0	0	-1	5
206	280	281	6	17.5	-3	5.9
207	0	0	0	0	-1	7
208	282	283	4	4.45	-3	6.29032258064516
209	0	0	0	0	-1	5
210	0	0	0	0	-1	8
211	284	285	6	8.5	-3	6.62068965517241
212	0	0	0	0	-1	5.33333333333333
213	286	287	2	0.805	-3	6
214	0	0	0	0	-1	6
215	288	289	9	3.195	-3	5
216	0	0	0	0	-1	5
217	0	0	0	0	-1	5
218	290	291	4	2.05	-3	6.04761904761905
219	0	0	0	0	-1	5.66666666666667
220	0	0	0	0	-1	6
221	292	293	9	3.325	-3	5.11111111111111
222	0	0	0	0	-1	7
223	294	295	8	0.99885	-3	6
224	0	0	0	0	-1	4.6
225	0	0	0	0	-1	4
226	0	0	0	0	-1	6.4
227	296	297	8	0.997005	-3	5.22666666666667
228	298	299	4	9.3	-3	5.03703703703704
229	0	0	0	0	-1	5.5
230	300	301	9	3.255	-3	4.95454545454546
231	302	303	1	11.05	-3	4.54545454545454
232	304	305	8	0.99585	-3	4.4
233	306	307	8	0.99573	-3	5
234	308	309	3	0.27	-3	5.25
235	310	311	11	9.85	-3	5.03125
236	312	313	1	8.55	-3	5.69230769230769
237	314	315	4	2.85	-3	5.42682926829268
238	316	317	1	8.5	-3	5
239	318	319	11	9.55	-3	5
240	320	321	2	0.7125	-3	5.09523809523809
241	322	323	10	0.6	-3	4.95238095238095
242	0	0	0	0	-1	5
243	324	325	9	3.305	-3	5.76470588235294
244	0	0	0	0	-1	4
245	326	327	5	0.081	-3	5
246	328	329	3	0.325	-3	5.74789915966387
247	0	0	0	0	-1	4.75
248	0	0	0	0	-1	6
249	330	331	6	13.5	-3	5.22222222222222
250	332	333	3	0.005	-3	5.05263157894737
251	0	0	0	0	-1	6
252	334	335	1	6.2	-3	6
253	0	0	0	0	-1	6
254	0	0	0	0	-1	7
255	0	0	0	0	-1	6
256	336	337	6	19.5	-3	6
257	0	0	0	0	-1	6
258	338	339	1	7.75	-3	6.63157894736842
259	340	341	3	0.435	-3	6
260	342	343	6	29	-3	6.875
261	0	0	0	0	-1	8
262	344	345	9	3.345	-3	6
263	0	0	0	0	-1	6
264	346	347	10	0.715	-3	6.65822784810127
265	0	0	0	0	-1	6
266	0	0	0	0	-1	6
267	348	349	4	2.7	-3	7.05714285714286
268	0	0	0	0	-1	6
269	350	351	4	2.35	-3	6
270	352	353	3	0.005	-3	4.5
271	354	355	5	0.0725	-3	5
272	356	357	4	1.75	-3	5.8
273	358	359	4	1.95	-3	5.16666666666667
274	360	361	2	0.47	-3	5.46666666666667
275	0	0	0	0	-1	4
276	362	363	8	0.99479	-3	5.07692307692308
277	364	365	9	3.305	-3	5.93571428571429
278	366	367	1	6.75	-3	5.375
279	0	0	0	0	-1	4
280	368	369	6	5.5	-3	6
281	0	0	0	0	-1	5
282	370	371	9	3.745	-3	6.24137931034483
283	0	0	0	0	-1	7
284	0	0	0	0	-1	7
285	372	373	7	42.5	-3	6.54166666666667
286	0	0	0	0	-1	6
287	0	0	0	0	-1	6
288	0	0	0	0	-1	5
289	0	0	0	0	-1	5
290	374	375	11	10.1	-3	6.11111111111111
291	376	377	1	12.85	-3	6
292	378	379	3	0	-3	5
293	0	0	0	0	-1	5.5
294	380	381	10	0.71	-3	6
295	0	0	0	0	-1	6
296	382	383	11	10.35	-3	5.176
297	384	385	11	9.55	-3	5.48
298	386	387	8	0.99883	-3	5.0188679245283
299	0	0	0	0	-1	6
300	388	389	2	0.6375	-3	5.03571428571429
301	390	391	8	0.9977	-3	4.8125
302	392	393	6	18	-3	4.85714285714286
303	0	0	0	0	-1	4
304	0	0	0	0	-1	5
305	394	395	9	3.385	-3	4.25
306	0	0	0	0	-1	5
307	396	397	11	0	-3	5
308	398	399	2	0.7825	-3	5.14285714285714
309	0	0	0	0	-1	6
310	400	401	9	3.265	-3	5
311	402	403	11	9.95	-3	5.125
312	404	405	9	3.415	-3	5.79310344827586
313	406	407	1	10.05	-3	5.4
314	408	409	1	10.05	-3	5.45333333333333
315	410	411	6	16	-3	5.14285714285714
316	412	413	9	3.275	-3	5
317	414	415	6	17.5	-3	5
318	416	417	7	0	-3	5
319	0	0	0	0	-1	5
320	418	419	2	0.6625	-3	5
321	420	421	6	15.5	-3	5.25
322	0	0	0	0	-1	4.66666666666667
323	0	0	0	0	-1	5
324	422	423	5	0.0585	-3	6
325	0	0	0	0	-1	5.2
326	0	0	0	0	-1	5
327	424	425	3	0	-3	5
328	426	427	7	24	-3	5.86516853932584
329	428	429	4	1.7	-3	5.4
330	0	0	0	0	-1	5.8
331	430	431	5	0.075	-3	5
332	0	0	0	0	-1	5.5
333	432	433	1	6.55	-3	5
334	0	0	0	0	-1	6
335	0	0	0	0	-1	6
336	434	435	6	6.5	-3	6
337	0	0	0	0	-1	6
338	436	437	6	14.5	-3	6.86666666666667
339	0	0	0	0	-1	5.75
340	438	439	10	0	-3	6
341	0	0	0	0	-1	6
342	440	441	1	7.45	-3	7
343	0	0	0	0	-1	6
344	0	0	0	0	-1	6
345	0	0	0	0	-1	6
346	442	443	6	16.5	-3	6.90909090909091
347	444	445	2	0.335	-3	6.56140350877193
348	0	0	0	0	-1	7.6
349	446	447	1	10.65	-3	6.96666666666667
350	0	0	0	0	-1	6
351	0	0	0	0	-1	6
352	0	0	0	0	-1	5
353	0	0	0	0	-1	4.25
354	0	0	0	0	-1	5
355	0	0	0	0	-1	5
356	0	0	0	0	-1	5
357	448	449	9	3.465	-3	6
358	0	0	0	0	-1	6
359	0	0	0	0	-1	5
360	0	0	0	0	-1	5
361	450	451	11	11.05	-3	5.7
362	0	0	0	0	-1	6
363	452	453	4	2.45	-3	5
364	454	455	3	0.365	-3	5.76086956521739
365	456	457	2	0.6375	-3	6.02127659574468
366	0	0	0	0	-1	6
367	0	0	0	0	-1	4.75
368	0	0	0	0	-1	6
369	458	459	3	0.195	-3	6
370	460	461	3	0.515	-3	6.18518518518519
371	0	0	0	0	-1	7
372	462	463	10	0.625	-3	6.27272727272727
373	464	465	4	2.45	-3	6.76923076923077
374	466	467	11	9.75	-3	6
375	0	0	0	0	-1	6.5
376	0	0	0	0	-1	6
377	0	0	0	0	-1	6
378	0	0	0	0	-1	6
379	468	469	9	0	-3	5
380	0	0	0	0	-1	6
381	470	471	9	3.125	-3	6
382	472	473	2	0.355	-3	5.14876033057851
383	0	0	0	0	-1	6
384	474	475	2	0.585	-3	5.16666666666667
385	476	477	2	0.6575	-3	5.76923076923077
386	478	479	7	25.5	-3	4.97727272727273
387	480	481	4	3.1	-3	5.22222222222222
388	0	0	0	0	-1	5
389	0	0	0	0	-1	5.5
390	0	0	0	0	-1	4.4
391	482	483	3	0.275	-3	5
392	0	0	0	0	-1	4
393	484	485	4	0	-3	5
394	486	487	3	0.295	-3	4.1
395	0	0	0	0	-1	5
396	0	0	0	0	-1	6
397	488	489	1	7.7	-3	5
398	490	491	11	9.45	-3	5
399	0	0	0	0	-1	6
400	492	493	10	0.515	-3	5
401	494	495	4	0	-3	5
402	0	0	0	0	-1	6
403	496	497	3	0	-3	5
404	498	499	6	23.5	-3	5.66666666666667
405	500	501	7	0	-3	6
406	502	503	4	2.45	-3	5
407	0	0	0	0	-1	6
408	504	505	11	9.35	-3	5.41481481481482
409	506	507	8	0.9997	-3	5.8
410	0	0	0	0	-1	5.66666666666667
411	508	509	1	11.15	-3	5
412	0	0	0	0	-1	5
413	0	0	0	0	-1	5
414	0	0	0	0	-1	5
415	510	511	1	0.085	-3	5
416	0	0	0	0	-1	6
417	512	513	7	8.15	-3	5
418	0	0	0	0	-1	5
419	0	0	0	0	-1	5
420	0	0	0	0	-1	6
421	0	0	0	0	-1	5
422	0	0	0	0	-1	6
423	514	515	7	19	-3	6
424	0	0	0	0	-1	5
425	516	517	10	0.59	-3	5
426	518	519	7	20	-3	5.46153846153846
427	520	521	3	0.315	-3	5.93421052631579
428	0	0	0	0	-1	7
429	522	523	1	10.05	-3	5.3448275862069
430	0	0	0	0	-1	5
431	524	525	7	32.5	-3	5
432	0	0	0	0	-1	5
433	526	527	7	0	-3	5
434	528	529	5	0.0835	-3	6
435	530	531	3	0.215	-3	6
436	0	0	0	0	-1	6.4
437	532	533	5	0.0585	-3	7.1
438	0	0	0	0	-1	4
439	534	535	1	7.85	-3	6
440	0	0	0	0	-1	7
441	0	0	0	0	-1	7
442	536	537	7	0	-3	7
443	0	0	0	0	-1	6
444	538	539	8	0.99698	-3	6.75675675675676
445	540	541	3	0.425	-3	6.2
446	542	543	10	0.865	-3	7.05263157894737
447	544	545	8	0.9979	-3	6.81818181818182
448	0	0	0	0	-1	6
449	546	547	11	0	-3	6
450	0	0	0	0	-1	5
451	0	0	0	0	-1	6
452	0	0	0	0	-1	5
453	548	549	7	0	-3	5
454	550	551	3	0.13	-3	5.42105263157895
455	552	553	8	0.99583	-3	6
456	554	555	6	10.5	-3	6.1551724137931
457	556	557	4	3.1	-3	5.80555555555556
458	0	0	0	0	-1	6
459	0	0	0	0	-1	6
460	558	559	11	13.15	-3	6.125
461	0	0	0	0	-1	6.66666666666667
462	0	0	0	0	-1	6.75
463	560	561	2	0.9956	-3	6
464	562	563	7	47.5	-3	6.90909090909091
465	0	0	0	0	-1	6
466	0	0	0	0	-1	6
467	0	0	0	0	-1	6
468	0	0	0	0	-1	6
469	0	0	0	0	-1	5
470	0	0	0	0	-1	6
471	0	0	0	0	-1	6
472	0	0	0	0	-1	4
473	564	565	4	2.25	-3	5.15833333333333
474	0	0	0	0	-1	5.4
475	566	567	1	0	-3	5
476	0	0	0	0	-1	5
477	0	0	0	0	-1	6
478	568	569	9	3.315	-3	4.66666666666667
479	570	571	7	92	-3	5.02631578947368
480	0	0	0	0	-1	6
481	572	573	9	0	-3	5
482	0	0	0	0	-1	5
483	0	0	0	0	-1	5
484	0	0	0	0	-1	5
485	0	0	0	0	-1	5
486	574	575	4	2.15	-3	4
487	0	0	0	0	-1	5
488	0	0	0	0	-1	5
489	0	0	0	0	-1	5
490	0	0	0	0	-1	5
491	0	0	0	0	-1	5
492	0	0	0	0	-1	5
493	576	577	9	0	-3	5
494	0	0	0	0	-1	5
495	578	579	2	0.905	-3	5
496	0	0	0	0	-1	5
497	580	581	3	0.285	-3	5
498	582	583	3	0.235	-3	5.84615384615385
499	0	0	0	0	-1	5.2
500	0	0	0	0	-1	6
501	584	585	2	0.0795	-3	6
502	0	0	0	0	-1	5
503	0	0	0	0	-1	5
504	586	587	1	7.75	-3	5.22857142857143
505	588	589	4	1.45	-3	5.48
506	590	591	2	0.375	-3	5.92307692307692
507	0	0	0	0	-1	5
508	592	593	7	76.5	-3	5
509	0	0	0	0	-1	5
510	0	0	0	0	-1	6
511	594	595	3	0.33	-3	5
512	0	0	0	0	-1	5
513	0	0	0	0	-1	5
514	596	597	3	0.17	-3	6
515	0	0	0	0	-1	6
516	0	0	0	0	-1	5
517	598	599	3	0	-3	5
518	600	601	9	3.345	-3	6
519	602	603	7	0	-3	5
520	604	605	7	25.5	-3	5.89041095890411
521	0	0	0	0	-1	7
522	606	607	6	11	-3	5.07142857142857
523	608	609	2	0.405	-3	5.6
524	0	0	0	0	-1	5
525	610	611	1	7.6	-3	5
526	0	0	0	0	-1	5
527	0	0	0	0	-1	5
528	0	0	0	0	-1	6
529	612	613	10	0.54	-3	6
530	0	0	0	0	-1	6
531	0	0	0	0	-1	6
532	0	0	0	0	-1	8
533	614	615	9	3.225	-3	7
534	0	0	0	0	-1	6
535	0	0	0	0	-1	6
536	0	0	0	0	-1	5
537	616	617	9	3.13	-3	7
538	618	619	10	0.735	-3	6.92
539	620	621	4	1.85	-3	6.41666666666667
540	622	623	7	53	-3	6.0625
541	0	0	0	0	-1	6.75
542	624	625	2	0	-3	7
543	0	0	0	0	-1	8
544	0	0	0	0	-1	6
545	626	627	9	3.26	-3	7
546	0	0	0	0	-1	7
547	628	629	8	0.99442	-3	6
548	0	0	0	0	-1	6
549	630	631	11	10.75	-3	5
550	0	0	0	0	-1	6
551	632	633	8	0.99849	-3	5.21428571428571
552	0	0	0	0	-1	7
553	634	635	1	10.25	-3	5.96153846153846
554	636	637	7	11.5	-3	6.6
555	638	639	1	7.35	-3	6.0625
556	640	641	4	1.95	-3	5.73529411764706
557	0	0	0	0	-1	7
558	642	643	9	3.25	-3	6.05263157894737
559	0	0	0	0	-1	6.4
560	644	645	8	0.9956	-3	6
561	0	0	0	0	-1	6
562	0	0	0	0	-1	8
563	646	647	6	44	-3	6.8
564	648	649	9	3.585	-3	5.12
565	650	651	4	2.75	-3	5.35
566	0	0	0	0	-1	5
567	652	653	6	15	-3	5
568	0	0	0	0	-1	5
569	0	0	0	0	-1	4
570	654	655	2	0.6425	-3	5
571	656	657	4	2.45	-3	5.14285714285714
572	0	0	0	0	-1	5
573	658	659	5	0.1095	-3	5
574	0	0	0	0	-1	4
575	0	0	0	0	-1	4
576	0	0	0	0	-1	5
577	660	661	4	2.35	-3	5
578	0	0	0	0	-1	5
579	662	663	9	0	-3	5
580	0	0	0	0	-1	5
581	0	0	0	0	-1	5
582	664	665	1	6.45	-3	5.91666666666667
583	0	0	0	0	-1	5
584	0	0	0	0	-1	6
585	0	0	0	0	-1	6
586	666	667	1	7.15	-3	5
587	668	669	4	1.75	-3	5.5
588	0	0	0	0	-1	6
589	670	671	5	0.077	-3	5.4468085106383
590	0	0	0	0	-1	5
591	672	673	5	0.0705	-3	6
592	674	675	6	0	-3	5
593	0	0	0	0	-1	5
594	676	677	11	0	-3	5
595	678	679	3	0	-3	5
596	0	0	0	0	-1	6
597	0	0	0	0	-1	6
598	0	0	0	0	-1	6
599	0	0	0	0	-1	5
600	0	0	0	0	-1	6
601	0	0	0	0	-1	6
602	0	0	0	0	-1	5
603	680	681	9	0.635	-3	5
604	0	0	0	0	-1	7
605	682	683	10	0.665	-3	5.875
606	0	0	0	0	-1	6
607	684	685	6	7.2	-3	5
608	686	687	2	0.365	-3	5.14285714285714
609	688	689	3	0.455	-3	6
610	0	0	0	0	-1	5
611	0	0	0	0	-1	5
612	0	0	0	0	-1	6
613	0	0	0	0	-1	6
614	0	0	0	0	-1	7
615	0	0	0	0	-1	7
616	0	0	0	0	-1	7
617	690	691	2	0	-3	7
618	0	0	0	0	-1	6
619	0	0	0	0	-1	7
620	0	0	0	0	-1	6.8
621	692	693	7	22.5	-3	6.14285714285714
622	694	695	6	7.5	-3	6
623	0	0	0	0	-1	6.33333333333333
624	0	0	0	0	-1	7
625	696	697	9	0	-3	7
626	0	0	0	0	-1	7
627	0	0	0	0	-1	7
628	0	0	0	0	-1	6
629	0	0	0	0	-1	6
630	0	0	0	0	-1	5
631	698	699	7	28.5	-3	5
632	700	701	11	11.15	-3	5.15384615384615
633	0	0	0	0	-1	6
634	0	0	0	0	-1	5.5
635	702	703	6	6.5	-3	6
636	0	0	0	0	-1	6
637	704	705	1	6.85	-3	6.75
638	706	707	11	10.575	-3	5.97368421052632
639	708	709	3	0.115	-3	6.4
640	710	711	10	0.68	-3	5.4
641	712	713	6	29.5	-3	5.875
642	0	0	0	0	-1	6.33333333333333
643	714	715	10	0.625	-3	6
644	0	0	0	0	-1	6
645	0	0	0	0	-1	6
646	716	717	9	3.57	-3	6.88888888888889
647	0	0	0	0	-1	6
648	718	719	2	0.54	-3	5.11111111111111
649	0	0	0	0	-1	6
650	720	721	3	0.145	-3	5.58333333333333
651	722	723	9	3.29	-3	5
652	0	0	0	0	-1	5
653	0	0	0	0	-1	5
654	724	725	8	0	-3	5
655	726	727	2	0.015	-3	5
656	0	0	0	0	-1	6
657	0	0	0	0	-1	5
658	0	0	0	0	-1	5
659	0	0	0	0	-1	5
660	0	0	0	0	-1	5
661	0	0	0	0	-1	5
662	0	0	0	0	-1	6
663	728	729	11	9.5	-3	5
664	0	0	0	0	-1	5
665	730	731	8	0.9958	-3	6
666	732	733	7	51.5	-3	5
667	734	735	6	15.5	-3	5
668	0	0	0	0	-1	5
669	736	737	5	0.08	-3	5.72727272727273
670	738	739	5	0.0705	-3	5.30232558139535
671	740	741	10	0.685	-3	5.56862745098039
672	0	0	0	0	-1	6
673	742	743	6	8	-3	6
674	0	0	0	0	-1	7
675	744	745	7	0.0945	-3	5
676	0	0	0	0	-1	5
677	0	0	0	0	-1	5
678	0	0	0	0	-1	6
679	0	0	0	0	-1	5
680	0	0	0	0	-1	5
681	0	0	0	0	-1	5
682	746	747	5	0.099	-3	5.7962962962963
683	748	749	8	0.9981	-3	6.11111111111111
684	0	0	0	0	-1	5
685	750	751	4	5.55	-3	5
686	0	0	0	0	-1	6
687	0	0	0	0	-1	5
688	0	0	0	0	-1	6
689	752	753	4	2.3	-3	6
690	0	0	0	0	-1	7
691	0	0	0	0	-1	7
692	0	0	0	0	-1	6
693	0	0	0	0	-1	7
694	0	0	0	0	-1	6
695	754	755	10	0.75	-3	6
696	0	0	0	0	-1	6
697	756	757	9	0	-3	7
698	0	0	0	0	-1	5
699	0	0	0	0	-1	5
700	758	759	5	0.0915	-3	5.28571428571429
701	760	761	3	0.31	-3	5
702	0	0	0	0	-1	6
703	762	763	9	3.165	-3	6
704	0	0	0	0	-1	6
705	764	765	6	7.5	-3	7
706	0	0	0	0	-1	7
707	766	767	8	0.99607	-3	5.94594594594595
708	768	769	11	11.15	-3	6.66666666666667
709	0	0	0	0	-1	6
710	770	771	4	1.65	-3	5.66666666666667
711	0	0	0	0	-1	5
712	772	773	6	8.5	-3	5.91304347826087
713	0	0	0	0	-1	5
714	0	0	0	0	-1	6
715	774	775	1	8.05	-3	6
716	0	0	0	0	-1	7
717	0	0	0	0	-1	6
718	776	777	3	0.245	-3	5.19512195121951
719	778	779	4	1.85	-3	5.05172413793103
720	0	0	0	0	-1	5
721	780	781	6	6.5	-3	6
722	782	783	1	0	-3	5
723	0	0	0	0	-1	5
724	0	0	0	0	-1	6
725	784	785	7	46.5	-3	5
726	0	0	0	0	-1	6
727	786	787	7	30.5	-3	5
728	0	0	0	0	-1	5
729	0	0	0	0	-1	5
730	0	0	0	0	-1	6
731	788	789	7	0	-3	6
732	790	791	7	0	-3	5
733	0	0	0	0	-1	5
734	0	0	0	0	-1	5
735	792	793	5	0.385	-3	5
736	0	0	0	0	-1	5.33333333333333
737	794	795	3	0.5	-3	5.875
738	796	797	9	3.465	-3	5.5
739	798	799	10	0.61	-3	5
740	800	801	1	8.25	-3	5.95
741	802	803	4	1.95	-3	5.32258064516129
742	0	0	0	0	-1	6
743	0	0	0	0	-1	6
744	0	0	0	0	-1	6
745	0	0	0	0	-1	5
746	804	805	2	0.485	-3	5.82692307692308
747	0	0	0	0	-1	5
748	0	0	0	0	-1	6
749	806	807	5	0.1015	-3	6.28571428571429
750	0	0	0	0	-1	5
751	0	0	0	0	-1	5
752	0	0	0	0	-1	6
753	0	0	0	0	-1	6
754	0	0	0	0	-1	6
755	808	809	1	1.7	-3	6
756	0	0	0	0	-1	7
757	0	0	0	0	-1	7
758	0	0	0	0	-1	6
759	0	0	0	0	-1	5
760	0	0	0	0	-1	5
761	0	0	0	0	-1	5
762	0	0	0	0	-1	6
763	810	811	8	1.00002	-3	6
764	0	0	0	0	-1	7
765	0	0	0	0	-1	7
766	812	813	8	0.99478	-3	5.97058823529412
767	0	0	0	0	-1	5.66666666666667
768	0	0	0	0	-1	6.8
769	0	0	0	0	-1	6
770	0	0	0	0	-1	5
771	0	0	0	0	-1	6
772	0	0	0	0	-1	5.5
773	814	815	8	0.99549	-3	5.95238095238095
774	0	0	0	0	-1	6
775	816	817	1	9.35	-3	6
776	818	819	11	10.1	-3	5.26923076923077
777	820	821	9	3.32	-3	5.06666666666667
778	822	823	10	0.535	-3	5.14285714285714
779	824	825	11	9.75	-3	5
780	0	0	0	0	-1	6
781	0	0	0	0	-1	6
782	0	0	0	0	-1	6
783	826	827	2	0.43	-3	5
784	0	0	0	0	-1	5
785	828	829	10	0	-3	5
786	0	0	0	0	-1	5
787	830	831	9	0	-3	5
788	0	0	0	0	-1	5
789	832	833	8	0	-3	6
790	0	0	0	0	-1	5
791	0	0	0	0	-1	5
792	0	0	0	0	-1	5
793	0	0	0	0	-1	5
794	834	835	3	0.38	-3	6
795	0	0	0	0	-1	5.5
796	836	837	11	9.45	-3	5.35
797	838	839	10	0.75	-3	6
798	0	0	0	0	-1	5
799	0	0	0	0	-1	5
800	840	841	4	1.95	-3	6.125
801	0	0	0	0	-1	5.25
802	842	843	5	0.1515	-3	5.17391304347826
803	844	845	6	8	-3	5.75
804	846	847	9	3.355	-3	5.53846153846154
805	848	849	10	0.605	-3	5.92307692307692
806	0	0	0	0	-1	6.66666666666667
807	0	0	0	0	-1	6
808	0	0	0	0	-1	7
809	850	851	8	0.995765	-3	6
810	852	853	6	16	-3	6
811	0	0	0	0	-1	6
812	854	855	9	3.395	-3	5.83333333333333
813	856	857	5	0.063	-3	6
814	0	0	0	0	-1	5.66666666666667
815	0	0	0	0	-1	6
816	0	0	0	0	-1	6
817	0	0	0	0	-1	6
818	858	859	8	0.996125	-3	5.20833333333333
819	0	0	0	0	-1	6
820	860	861	7	31.5	-3	5
821	0	0	0	0	-1	5.33333333333333
822	862	863	8	0.99577	-3	5
823	864	865	2	0.68	-3	5.33333333333333
824	866	867	1	7.7	-3	5
825	868	869	10	0.535	-3	5
826	0	0	0	0	-1	5
827	0	0	0	0	-1	5
828	0	0	0	0	-1	7
829	870	871	3	0.105	-3	5
830	0	0	0	0	-1	6
831	872	873	8	0.998405	-3	5
832	0	0	0	0	-1	6
833	874	875	6	0	-3	6
834	0	0	0	0	-1	6
835	0	0	0	0	-1	6
836	0	0	0	0	-1	6
837	876	877	10	0.78	-3	5.23529411764706
838	0	0	0	0	-1	6
839	0	0	0	0	-1	6
840	878	879	6	12.5	-3	6.33333333333333
841	880	881	1	7.2	-3	6
842	882	883	2	0	-3	5
843	884	885	2	0.39	-3	5.44444444444444
844	0	0	0	0	-1	5
845	886	887	2	0.505	-3	5.85714285714286
846	0	0	0	0	-1	5
847	888	889	5	0.0695	-3	5.77777777777778
848	890	891	6	10	-3	6
849	892	893	7	36	-3	5.8
850	894	895	5	0.0685	-3	6
851	0	0	0	0	-1	6
852	896	897	7	0	-3	6
853	0	0	0	0	-1	6
854	0	0	0	0	-1	5
855	0	0	0	0	-1	6
856	0	0	0	0	-1	6
857	0	0	0	0	-1	6
858	898	899	4	1.9	-3	5.10526315789474
859	0	0	0	0	-1	5.6
860	0	0	0	0	-1	5
861	900	901	11	0	-3	5
862	0	0	0	0	-1	5
863	902	903	8	0	-3	5
864	0	0	0	0	-1	5
865	0	0	0	0	-1	6
866	904	905	2	0	-3	5
867	0	0	0	0	-1	5
868	906	907	2	0	-3	5
869	0	0	0	0	-1	5
870	0	0	0	0	-1	5
871	0	0	0	0	-1	5
872	908	909	4	0	-3	5
873	0	0	0	0	-1	5
874	0	0	0	0	-1	5
875	910	911	10	0.585	-3	6
876	912	913	4	2.15	-3	5.13333333333333
877	0	0	0	0	-1	6
878	0	0	0	0	-1	7
879	0	0	0	0	-1	6
880	0	0	0	0	-1	6
881	914	915	6	0	-3	6
882	0	0	0	0	-1	5
883	0	0	0	0	-1	5
884	0	0	0	0	-1	5
885	0	0	0	0	-1	5.8
886	0	0	0	0	-1	5.5
887	0	0	0	0	-1	6
888	0	0	0	0	-1	5
889	916	917	7	0	-3	6
890	0	0	0	0	-1	6
891	0	0	0	0	-1	6
892	0	0	0	0	-1	5.4
893	918	919	5	0.087	-3	6
894	0	0	0	0	-1	6
895	0	0	0	0	-1	6
896	0	0	0	0	-1	5
897	920	921	9	3.195	-3	6
898	922	923	8	0.995395	-3	5
899	924	925	10	0.535	-3	5.25
900	0	0	0	0	-1	6
901	926	927	9	3.175	-3	5
902	0	0	0	0	-1	5
903	928	929	5	0.076	-3	5
904	0	0	0	0	-1	6
905	0	0	0	0	-1	5
906	0	0	0	0	-1	6
907	930	931	5	0.0815	-3	5
908	0	0	0	0	-1	6
909	932	933	6	14.5	-3	5
910	0	0	0	0	-1	6
911	0	0	0	0	-1	6
912	934	935	7	20	-3	5
913	0	0	0	0	-1	6
914	0	0	0	0	-1	5
915	936	937	6	17	-3	6
916	0	0	0	0	-1	5
917	938	939	7	58.5	-3	6
918	0	0	0	0	-1	6
919	940	941	2	0.57	-3	6
920	0	0	0	0	-1	6
921	0	0	0	0	-1	6
922	0	0	0	0	-1	5
923	942	943	7	36.5	-3	5
924	944	945	1	7.25	-3	5
925	0	0	0	0	-1	6
926	0	0	0	0	-1	5
927	946	947	9	0	-3	5
928	0	0	0	0	-1	5
929	0	0	0	0	-1	5
930	948	949	3	0.24	-3	5
931	0	0	0	0	-1	5
932	0	0	0	0	-1	5
933	0	0	0	0	-1	5
934	0	0	0	0	-1	5
935	0	0	0	0	-1	5
936	0	0	0	0	-1	6
937	0	0	0	0	-1	6
938	0	0	0	0	-1	6
939	0	0	0	0	-1	6
940	0	0	0	0	-1	6
941	0	0	0	0	-1	6
942	950	951	10	0	-3	5
943	0	0	0	0	-1	5
944	0	0	0	0	-1	5
945	0	0	0	0	-1	5
946	0	0	0	0	-1	7
947	0	0	0	0	-1	5
948	0	0	0	0	-1	5
949	952	953	9	0	-3	5
950	0	0	0	0	-1	5
951	954	955	6	5.5	-3	5
952	0	0	0	0	-1	6
953	956	957	2	0.595	-3	5
954	0	0	0	0	-1	5
955	0	0	0	0	-1	5
956	0	0	0	0	-1	5
957	958	959	5	0	-3	5
958	0	0	0	0	-1	5
959	0	0	0	0	-1	5
