1	2	3	3	0.295	-3	5.635397123202
2	4	5	11	10.25	-3	5.44271412680756
3	6	7	11	10.75	-3	5.88285714285714
4	8	9	2	0.6525	-3	5.25899280575539
5	10	11	10	0.675	-3	5.74052478134111
6	12	13	5	0.0955	-3	5.50534759358289
7	14	15	8	0.99553	-3	6.3159509202454
8	16	17	7	39.5	-3	5.38655462184874
9	18	19	1	6.85	-3	5.03015075376884
10	20	21	2	1	-3	5.57086614173228
11	22	23	8	0.99289	-3	6.2247191011236
12	24	25	7	67.5	-3	5.6140350877193
13	26	27	2	0.275	-3	5.15730337078652
14	28	29	11	11.95	-3	6.5390625
15	30	31	7	76.5	-3	6.17171717171717
16	32	33	10	0.535	-3	5.52941176470588
17	34	35	8	0.996765	-3	5.25668449197861
18	36	37	7	22	-3	4.5
19	38	39	4	2.15	-3	5.06417112299465
20	40	41	9	3.355	-3	5.61133603238866
21	42	43	4	1.95	-3	4.14285714285714
22	44	45	3	0.21	-3	7.08333333333333
23	46	47	3	0.18	-3	6.09090909090909
24	48	49	6	30	-3	5.7803738317757
25	50	51	7	80.5	-3	5.11267605633803
26	0	0	0	0	-1	6.25
27	52	53	6	28.5	-3	5.10588235294118
28	54	55	10	0.465	-3	6.38666666666667
29	56	57	10	0.575	-3	6.75471698113208
30	58	59	5	0.051	-3	6.22162162162162
31	60	61	4	3.9	-3	5.46153846153846
32	62	63	7	14.5	-3	5.16
33	64	65	1	6.75	-3	5.68333333333333
34	66	67	1	6.6	-3	5.09876543209877
35	68	69	11	9.55	-3	5.37735849056604
36	0	0	0	0	-1	3.66666666666667
37	70	71	5	0.1955	-3	4.77777777777778
38	72	73	7	42.5	-3	4.93333333333333
39	74	75	5	0.13	-3	5.18556701030928
40	76	77	7	9.5	-3	5.8448275862069
41	78	79	8	0.9967	-3	5.53968253968254
42	0	0	0	0	-1	5
43	0	0	0	0	-1	3.8
44	80	81	2	0.4	-3	6.9
45	0	0	0	0	-1	8
46	82	83	4	2.25	-3	6.38636363636364
47	84	85	3	0.195	-3	5.6969696969697
48	86	87	10	0.665	-3	5.74509803921569
49	88	89	5	0.0735	-3	6.5
50	90	91	2	0.385	-3	5.30769230769231
51	92	93	8	0.99808	-3	5
52	94	95	8	0.9995	-3	5.21311475409836
53	96	97	11	9.7	-3	4.83333333333333
54	98	99	8	0.99412	-3	5.42857142857143
55	100	101	5	0.078	-3	6.48529411764706
56	102	103	7	199	-3	6.3125
57	104	105	1	7.35	-3	6.94594594594595
58	0	0	0	0	-1	5
59	106	107	11	11.45	-3	6.24175824175824
60	108	109	2	0.35	-3	5.77777777777778
61	0	0	0	0	-1	4.75
62	0	0	0	0	-1	4
63	110	111	11	9.7	-3	5.23404255319149
64	112	113	10	0.69	-3	5.33333333333333
65	114	115	7	28.5	-3	5.8
66	116	117	9	3.385	-3	5.46153846153846
67	118	119	7	43.5	-3	5.02941176470588
68	120	121	4	2.05	-3	5.24285714285714
69	122	123	2	0.6325	-3	5.63888888888889
70	124	125	6	8.5	-3	5
71	0	0	0	0	-1	3
72	126	127	8	0.996965	-3	5.10169491525424
73	128	129	5	0.0635	-3	4.61290322580645
74	130	131	1	6.95	-3	5.1304347826087
75	0	0	0	0	-1	6.2
76	132	133	4	1.8	-3	4.83333333333333
77	134	135	9	3.145	-3	5.96153846153846
78	136	137	10	0.585	-3	5.60919540229885
79	138	139	5	0.092	-3	4.73333333333333
80	0	0	0	0	-1	6
81	140	141	1	5.45	-3	7.125
82	142	143	2	0.6	-3	6.14814814814815
83	144	145	7	47	-3	6.76470588235294
84	0	0	0	0	-1	5
85	146	147	9	3.395	-3	5.79310344827586
86	148	149	8	1.0007	-3	5.50793650793651
87	150	151	2	0.315	-3	6.12820512820513
88	152	153	7	60.5	-3	7
89	0	0	0	0	-1	5.33333333333333
90	154	155	10	0.535	-3	5.625
91	156	157	8	0.99733	-3	5.16666666666667
92	158	159	7	84.5	-3	4.93939393939394
93	160	161	7	104	-3	5.16666666666667
94	162	163	10	1.32	-3	5.10416666666667
95	164	165	4	2.95	-3	5.61538461538461
96	166	167	4	14.6	-3	5.04761904761905
97	0	0	0	0	-1	3.33333333333333
98	0	0	0	0	-1	6
99	0	0	0	0	-1	5
100	168	169	5	0.0675	-3	6.57377049180328
101	170	171	9	3.355	-3	5.71428571428571
102	172	173	9	3.26	-3	6.21428571428571
103	0	0	0	0	-1	7
104	174	175	5	0.069	-3	6.57142857142857
105	176	177	2	0.475	-3	7.03333333333333
106	178	179	3	0.525	-3	6.06306306306306
107	180	181	9	3.39	-3	6.52112676056338
108	0	0	0	0	-1	5
109	182	183	1	0	-3	6
110	184	185	9	3.375	-3	5.03448275862069
111	186	187	2	0.625	-3	5.55555555555556
112	188	189	6	16	-3	5.15384615384615
113	0	0	0	0	-1	6.5
114	190	191	5	0.1	-3	5.91304347826087
115	192	193	8	0.99696	-3	5.68181818181818
116	194	195	3	0.12	-3	5.125
117	0	0	0	0	-1	6
118	0	0	0	0	-1	4
119	196	197	9	3.09	-3	5.07692307692308
120	198	199	7	87	-3	5.54545454545455
121	200	201	5	0.0765	-3	5.10416666666667
122	202	203	4	2.45	-3	5.6969696969697
123	0	0	0	0	-1	5
124	0	0	0	0	-1	5
125	0	0	0	0	-1	5
126	204	205	6	3.5	-3	4.97142857142857
127	206	207	11	9.75	-3	5.29166666666667
128	0	0	0	0	-1	3
129	208	209	9	3.305	-3	4.78571428571429
130	0	0	0	0	-1	6
131	210	211	6	4	-3	5.10112359550562
132	0	0	0	0	-1	4
133	0	0	0	0	-1	5.25
134	0	0	0	0	-1	5
135	212	213	4	1.65	-3	6
136	214	215	11	11.45	-3	5.43333333333333
137	216	217	7	11.5	-3	5.79761904761905
138	218	219	8	10.65	-3	5
139	0	0	0	0	-1	4
140	220	221	9	3.635	-3	7
141	0	0	0	0	-1	8
142	222	223	2	0.555	-3	6.36842105263158
143	224	225	6	8.5	-3	5.625
144	226	227	7	42.5	-3	7
145	0	0	0	0	-1	6.2
146	228	229	11	10.4	-3	5.68181818181818
147	230	231	3	0.27	-3	6.14285714285714
148	232	233	1	12.45	-3	5.528
149	0	0	0	0	-1	3
150	234	235	8	0.99845	-3	6.38235294117647
151	236	237	5	0.0915	-3	5.93181818181818
152	0	0	0	0	-1	7
153	0	0	0	0	-1	7
154	0	0	0	0	-1	5
155	238	239	9	3.125	-3	5.83333333333333
156	0	0	0	0	-1	6
157	240	241	6	31.5	-3	5.11764705882353
158	0	0	0	0	-1	4
159	242	243	2	0.46	-3	5
160	244	245	9	3.3	-3	5.33333333333333
161	0	0	0	0	-1	5
162	246	247	7	10.5	-3	5.06521739130435
163	0	0	0	0	-1	6
164	248	249	8	0.9997	-3	5.33333333333333
165	0	0	0	0	-1	6.25
166	250	251	9	2.89	-3	4.94736842105263
167	0	0	0	0	-1	6
168	252	253	7	45	-3	6.35714285714286
169	254	255	3	0.51	-3	7.05263157894737
170	0	0	0	0	-1	6
171	0	0	0	0	-1	5.5
172	0	0	0	0	-1	6.6
173	256	257	8	0.99522	-3	6
174	0	0	0	0	-1	6.8
175	0	0	0	0	-1	6
176	258	259	7	63.5	-3	6.96428571428572
177	0	0	0	0	-1	8
178	260	261	10	0.75	-3	5.85915492957746
179	262	263	2	0.36	-3	6.425
180	264	265	2	0.61	-3	6.55072463768116
181	0	0	0	0	-1	5.5
182	0	0	0	0	-1	6
183	266	267	2	0.37	-3	6
184	268	269	4	2.45	-3	5.07692307692308
185	0	0	0	0	-1	4.66666666666667
186	270	271	7	28.5	-3	5.47058823529412
187	0	0	0	0	-1	7
188	272	273	7	13.5	-3	5.08333333333333
189	0	0	0	0	-1	6
190	274	275	5	0.0805	-3	5.86363636363636
191	0	0	0	0	-1	7
192	276	277	6	11.5	-3	6
193	278	279	3	0.235	-3	5.39130434782609
194	0	0	0	0	-1	6
195	280	281	11	0	-3	5
196	0	0	0	0	-1	5.5
197	282	283	2	0.345	-3	5.06349206349206
198	284	285	1	7.15	-3	5.75
199	286	287	6	18.5	-3	5
200	288	289	6	20	-3	5.33333333333333
201	290	291	10	0.615	-3	5.02777777777778
202	292	293	9	3.48	-3	5.85
203	294	295	7	70	-3	5.46153846153846
204	0	0	0	0	-1	6
205	296	297	7	12.5	-3	4.90909090909091
206	298	299	3	0.125	-3	5.06666666666667
207	300	301	1	9.15	-3	5.66666666666667
208	302	303	6	15.5	-3	5.05882352941176
209	304	305	9	3.37	-3	4.36363636363636
210	0	0	0	0	-1	4.33333333333333
211	306	307	8	0.997165	-3	5.12790697674419
212	0	0	0	0	-1	5.5
213	308	309	2	0.285	-3	6.04347826086957
214	310	311	11	10.75	-3	5.30357142857143
215	312	313	1	7	-3	5.64705882352941
216	0	0	0	0	-1	7
217	314	315	5	0.094	-3	5.76829268292683
218	316	317	2	0.5825	-3	5
219	0	0	0	0	-1	5
220	0	0	0	0	-1	7
221	0	0	0	0	-1	7
222	0	0	0	0	-1	6
223	318	319	10	0.8	-3	6.77777777777778
224	0	0	0	0	-1	5
225	320	321	9	3.62	-3	5.83333333333333
226	322	323	3	0.115	-3	6.90909090909091
227	0	0	0	0	-1	8
228	0	0	0	0	-1	5
229	324	325	7	77.5	-3	5.75
230	326	327	10	0.915	-3	6
231	0	0	0	0	-1	7
232	328	329	8	0.996145	-3	5.58620689655172
233	330	331	8	0.9989	-3	4.77777777777778
234	332	333	1	10.15	-3	6.05
235	334	335	1	12.4	-3	6.85714285714286
236	336	337	2	0.395	-3	5.85365853658537
237	0	0	0	0	-1	7
238	0	0	0	0	-1	5
239	0	0	0	0	-1	6
240	338	339	2	0.42	-3	5
241	0	0	0	0	-1	6
242	340	341	8	0.99595	-3	5
243	342	343	7	120.5	-3	5
244	0	0	0	0	-1	5
245	0	0	0	0	-1	6
246	0	0	0	0	-1	4
247	344	345	2	0.54	-3	5.08888888888889
248	0	0	0	0	-1	6
249	0	0	0	0	-1	5
250	0	0	0	0	-1	4
251	346	347	3	0	-3	5
252	348	349	2	0.2	-3	6.6
253	350	351	2	0.23	-3	6
254	352	353	2	0.405	-3	7.17647058823529
255	0	0	0	0	-1	6
256	354	355	10	0.555	-3	6
257	0	0	0	0	-1	6
258	356	357	8	0.995395	-3	7
259	0	0	0	0	-1	6
260	358	359	8	0.996755	-3	5.60526315789474
261	360	361	6	26.5	-3	6.15151515151515
262	362	363	8	0.9971	-3	6.89473684210526
263	364	365	3	0.75	-3	6
264	366	367	5	0.109	-3	6.45
265	368	369	6	6.5	-3	7.22222222222222
266	0	0	0	0	-1	6
267	0	0	0	0	-1	6
268	370	371	7	24	-3	5
269	0	0	0	0	-1	6
270	372	373	4	1.9	-3	5.2
271	374	375	9	3.175	-3	5.85714285714286
272	0	0	0	0	-1	4.5
273	376	377	1	6.55	-3	5.13636363636364
274	378	379	8	0.996495	-3	5.78125
275	380	381	6	11.5	-3	6.08333333333333
276	0	0	0	0	-1	5
277	382	383	2	0.425	-3	6.16666666666667
278	384	385	11	9.85	-3	5.21428571428571
279	386	387	5	0.079	-3	5.66666666666667
280	0	0	0	0	-1	4
281	388	389	5	0.99574	-3	5
282	0	0	0	0	-1	5.5
283	390	391	5	0.107	-3	5.04918032786885
284	392	393	1	6.95	-3	5.33333333333333
285	394	395	8	0.99695	-3	6
286	0	0	0	0	-1	5
287	0	0	0	0	-1	5
288	396	397	4	0	-3	5
289	0	0	0	0	-1	5.8
290	398	399	7	72	-3	5
291	400	401	7	74.5	-3	5.07692307692308
292	402	403	10	1.965	-3	5.75
293	404	405	1	0.025	-3	6
294	0	0	0	0	-1	6
295	406	407	8	0.997455	-3	5.22222222222222
296	408	409	8	0.99646	-3	4.57142857142857
297	0	0	0	0	-1	5
298	410	411	3	0.08	-3	5
299	412	413	1	8.55	-3	5.14285714285714
300	0	0	0	0	-1	6
301	0	0	0	0	-1	5.25
302	414	415	2	0.7425	-3	5.11111111111111
303	416	417	2	0.7875	-3	5
304	418	419	9	0	-3	4
305	0	0	0	0	-1	5
306	420	421	8	0.997065	-3	5.28
307	422	423	7	51	-3	5.0655737704918
308	0	0	0	0	-1	7
309	424	425	3	0.015	-3	6.02222222222222
310	426	427	7	22.5	-3	5.61904761904762
311	428	429	6	6.5	-3	5.11428571428571
312	430	431	4	3.475	-3	5.48148148148148
313	432	433	6	9.5	-3	6.28571428571429
314	434	435	1	5.5	-3	5.83333333333333
315	436	437	11	11.4	-3	5.3
316	0	0	0	0	-1	5
317	0	0	0	0	-1	5
318	438	439	2	0.565	-3	6.66666666666667
319	0	0	0	0	-1	7
320	0	0	0	0	-1	6
321	0	0	0	0	-1	5
322	440	441	11	11.45	-3	7
323	0	0	0	0	-1	6
324	442	443	1	8.55	-3	5.83333333333333
325	0	0	0	0	-1	5
326	0	0	0	0	-1	6
327	0	0	0	0	-1	6
328	444	445	1	7.7	-3	5.18181818181818
329	446	447	11	9.65	-3	5.62857142857143
330	0	0	0	0	-1	4
331	0	0	0	0	-1	5.4
332	448	449	8	0.9977	-3	5.92857142857143
333	450	451	1	11.25	-3	6.33333333333333
334	0	0	0	0	-1	6.2
335	452	453	5	0.0735	-3	7.22222222222222
336	454	455	4	1.45	-3	5.66666666666667
337	456	457	1	6.3	-3	6
338	0	0	0	0	-1	5
339	458	459	7	3.365	-3	5
340	0	0	0	0	-1	5
341	460	461	2	0	-3	5
342	462	463	6	26.5	-3	5
343	464	465	2	0	-3	5
344	466	467	10	0.59	-3	5.19354838709677
345	468	469	1	10.15	-3	4.85714285714286
346	0	0	0	0	-1	6
347	470	471	2	1.00171	-3	5
348	0	0	0	0	-1	5.66666666666667
349	472	473	5	0.0605	-3	6.72727272727273
350	0	0	0	0	-1	6
351	474	475	11	11.15	-3	6
352	476	477	8	0.994235	-3	7.06666666666667
353	0	0	0	0	-1	8
354	0	0	0	0	-1	6
355	0	0	0	0	-1	6
356	478	479	3	0.505	-3	7
357	0	0	0	0	-1	7
358	480	481	5	0.0695	-3	6.08333333333333
359	482	483	5	0.0695	-3	5.38461538461539
360	484	485	10	0.825	-3	6.2258064516129
361	0	0	0	0	-1	5
362	486	487	5	0.0665	-3	6.33333333333333
363	488	489	10	0.665	-3	7.15384615384615
364	490	491	4	4.475	-3	5.89473684210526
365	0	0	0	0	-1	7
366	492	493	11	11.75	-3	6.625
367	494	495	3	0.695	-3	6.1
368	0	0	0	0	-1	8
369	0	0	0	0	-1	7
370	0	0	0	0	-1	5
371	496	497	7	35.5	-3	5
372	0	0	0	0	-1	5
373	0	0	0	0	-1	5.4
374	0	0	0	0	-1	5
375	498	499	8	0.996175	-3	6
376	0	0	0	0	-1	5
377	500	501	9	3.43	-3	5.375
378	502	503	2	0.54	-3	5.57142857142857
379	504	505	1	7.75	-3	5.94444444444444
380	506	507	3	0.175	-3	6
381	0	0	0	0	-1	7
382	0	0	0	0	-1	7
383	508	509	1	7.35	-3	6.0625
384	510	511	10	0.755	-3	5.09090909090909
385	0	0	0	0	-1	5.66666666666667
386	0	0	0	0	-1	5
387	512	513	8	0.9975	-3	5.85714285714286
388	0	0	0	0	-1	5
389	0	0	0	0	-1	5
390	514	515	3	0.265	-3	5.03333333333333
391	0	0	0	0	-1	6
392	0	0	0	0	-1	5.66666666666667
393	0	0	0	0	-1	5
394	0	0	0	0	-1	6
395	516	517	6	9.35	-3	6
396	0	0	0	0	-1	6
397	518	519	10	0	-3	5
398	520	521	6	24.5	-3	5
399	0	0	0	0	-1	5
400	0	0	0	0	-1	5.25
401	0	0	0	0	-1	5
402	522	523	6	18	-3	5.9
403	0	0	0	0	-1	5
404	0	0	0	0	-1	6
405	524	525	2	19	-3	6
406	0	0	0	0	-1	5.66666666666667
407	526	527	5	0	-3	5
408	0	0	0	0	-1	5
409	0	0	0	0	-1	4
410	528	529	2	0.665	-3	5
411	0	0	0	0	-1	5
412	0	0	0	0	-1	6
413	0	0	0	0	-1	5
414	530	531	8	0.99608	-3	5
415	0	0	0	0	-1	5.33333333333333
416	0	0	0	0	-1	5
417	0	0	0	0	-1	5
418	0	0	0	0	-1	6
419	532	533	2	0.825	-3	4
420	534	535	10	0.535	-3	5.14285714285714
421	0	0	0	0	-1	6
422	536	537	10	0.69	-3	5.15789473684211
423	538	539	9	3.565	-3	4.91304347826087
424	540	541	7	28.5	-3	6.25
425	542	543	6	5.5	-3	5.97297297297297
426	0	0	0	0	-1	5
427	544	545	8	0.995235	-3	5.72222222222222
428	546	547	9	3.5	-3	4.86666666666667
429	548	549	7	13.5	-3	5.3
430	550	551	1	5.9	-3	5.76190476190476
431	552	553	1	6.55	-3	4.5
432	0	0	0	0	-1	7
433	0	0	0	0	-1	6
434	554	555	9	3.815	-3	6.25
435	556	557	11	12.9	-3	5.75
436	558	559	9	3.445	-3	5.625
437	0	0	0	0	-1	4
438	0	0	0	0	-1	7
439	0	0	0	0	-1	6.33333333333333
440	0	0	0	0	-1	7
441	0	0	0	0	-1	7
442	560	561	5	0.263	-3	6
443	0	0	0	0	-1	5.4
444	0	0	0	0	-1	5.75
445	562	563	1	9.3	-3	4.85714285714286
446	564	565	8	0.99718	-3	5.40909090909091
447	566	567	5	0.0935	-3	5.78688524590164
448	568	569	6	14.5	-3	6
449	0	0	0	0	-1	5
450	0	0	0	0	-1	7
451	0	0	0	0	-1	6
452	0	0	0	0	-1	8
453	570	571	9	2.965	-3	6.83333333333333
454	0	0	0	0	-1	7
455	572	573	4	2.35	-3	5.58823529411765
456	0	0	0	0	-1	5
457	574	575	1	9.65	-3	6.04545454545455
458	0	0	0	0	-1	5
459	576	577	2	0.715	-3	5
460	0	0	0	0	-1	6
461	578	579	8	0.99675	-3	5
462	580	581	9	0	-3	5
463	0	0	0	0	-1	5
464	0	0	0	0	-1	6
465	582	583	11	10	-3	5
466	584	585	10	0.525	-3	5
467	586	587	9	3.085	-3	5.3
468	588	589	3	0.5	-3	5
469	0	0	0	0	-1	4
470	590	591	4	1.9	-3	5
471	0	0	0	0	-1	5
472	592	593	11	11.4	-3	6.44444444444444
473	594	595	4	3	-3	6.92307692307692
474	0	0	0	0	-1	6
475	596	597	4	3.36	-3	6
476	0	0	0	0	-1	8
477	598	599	10	0.655	-3	6.92307692307692
478	0	0	0	0	-1	7
479	0	0	0	0	-1	7
480	0	0	0	0	-1	7
481	0	0	0	0	-1	6
482	0	0	0	0	-1	6
483	600	601	7	14	-3	5.27272727272727
484	602	603	6	6.5	-3	6.46153846153846
485	604	605	8	0.9976	-3	6.05555555555556
486	0	0	0	0	-1	7
487	0	0	0	0	-1	6
488	0	0	0	0	-1	8
489	606	607	3	0.745	-3	7
490	608	609	3	0	-3	6
491	0	0	0	0	-1	5
492	0	0	0	0	-1	7.2
493	610	611	2	0.265	-3	6.54285714285714
494	612	613	2	0.505	-3	6.05263157894737
495	0	0	0	0	-1	7
496	614	615	6	0	-3	5
497	0	0	0	0	-1	5
498	0	0	0	0	-1	6
499	0	0	0	0	-1	6
500	0	0	0	0	-1	6
501	0	0	0	0	-1	5
502	616	617	9	3.29	-3	6
503	618	619	8	0.994915	-3	5.25
504	620	621	2	0.635	-3	6
505	0	0	0	0	-1	5.66666666666667
506	0	0	0	0	-1	6
507	622	623	11	0	-3	6
508	624	625	9	3.395	-3	6
509	0	0	0	0	-1	7
510	626	627	5	0	-3	5
511	0	0	0	0	-1	5.5
512	0	0	0	0	-1	5
513	628	629	1	9.35	-3	6
514	630	631	7	104.5	-3	5.01754385964912
515	0	0	0	0	-1	5.33333333333333
516	0	0	0	0	-1	6
517	0	0	0	0	-1	6
518	0	0	0	0	-1	6
519	0	0	0	0	-1	5
520	632	633	7	0	-3	5
521	0	0	0	0	-1	5
522	0	0	0	0	-1	5.5
523	634	635	4	2.3	-3	6
524	636	637	3	0.14	-3	6
525	0	0	0	0	-1	6
526	0	0	0	0	-1	6
527	0	0	0	0	-1	5
528	0	0	0	0	-1	5
529	0	0	0	0	-1	5
530	0	0	0	0	-1	5
531	0	0	0	0	-1	5
532	0	0	0	0	-1	4
533	0	0	0	0	-1	4
534	638	639	8	0.99649	-3	5
535	640	641	7	58	-3	5.27272727272727
536	642	643	7	46.5	-3	5.06060606060606
537	0	0	0	0	-1	5.8
538	644	645	10	0.585	-3	4.95454545454545
539	0	0	0	0	-1	4
540	0	0	0	0	-1	7
541	0	0	0	0	-1	6
542	0	0	0	0	-1	5.5
543	646	647	2	0.415	-3	6
544	0	0	0	0	-1	5
545	648	649	4	2.7	-3	5.8125
546	650	651	7	10	-3	4.75
547	652	653	9	0	-3	5
548	0	0	0	0	-1	5.6
549	654	655	9	3.42	-3	5.2
550	0	0	0	0	-1	5
551	656	657	9	3.41	-3	5.84210526315789
552	0	0	0	0	-1	4
553	0	0	0	0	-1	5
554	0	0	0	0	-1	6.75
555	658	659	11	1.25	-3	6
556	660	661	4	2.2	-3	5.80357142857143
557	0	0	0	0	-1	5
558	662	663	9	3.38	-3	5.83333333333333
559	0	0	0	0	-1	5
560	664	665	1	0	-3	6
561	0	0	0	0	-1	6
562	0	0	0	0	-1	5
563	0	0	0	0	-1	4
564	666	667	5	0.082	-3	5.82352941176471
565	668	669	3	0.305	-3	5.14814814814815
566	670	671	10	0.645	-3	5.72413793103448
567	0	0	0	0	-1	7
568	672	673	10	0.795	-3	6
569	0	0	0	0	-1	6
570	0	0	0	0	-1	6
571	0	0	0	0	-1	7
572	674	675	4	1.85	-3	5.36363636363636
573	676	677	6	9	-3	6
574	678	679	10	0.75	-3	6.33333333333333
575	680	681	9	2.995	-3	5.9375
576	682	683	9	0	-3	5
577	0	0	0	0	-1	5
578	0	0	0	0	-1	5
579	0	0	0	0	-1	5
580	0	0	0	0	-1	6
581	684	685	1	7.75	-3	5
582	686	687	7	0	-3	5
583	0	0	0	0	-1	5
584	0	0	0	0	-1	5
585	688	689	6	22.5	-3	5
586	0	0	0	0	-1	5
587	690	691	5	0.17	-3	5.54545454545455
588	0	0	0	0	-1	5
589	692	693	3	0	-3	5
590	0	0	0	0	-1	5
591	694	695	3	0	-3	5
592	0	0	0	0	-1	6.8
593	0	0	0	0	-1	6
594	696	697	2	0.4	-3	7
595	0	0	0	0	-1	6.5
596	698	699	5	17	-3	6
597	0	0	0	0	-1	6
598	0	0	0	0	-1	6
599	700	701	6	13	-3	7
600	0	0	0	0	-1	6
601	702	703	11	11.2	-3	5.15789473684211
602	704	705	6	4.5	-3	6
603	706	707	7	43	-3	6.85714285714286
604	708	709	5	0.0635	-3	6
605	0	0	0	0	-1	6.5
606	710	711	1	11	-3	7
607	0	0	0	0	-1	7
608	0	0	0	0	-1	5
609	712	713	2	0.395	-3	6
610	0	0	0	0	-1	5
611	714	715	9	3.34	-3	6.58823529411765
612	716	717	8	0.996095	-3	6
613	718	719	11	11.6	-3	6.16666666666667
614	0	0	0	0	-1	6
615	0	0	0	0	-1	5
616	0	0	0	0	-1	6
617	0	0	0	0	-1	6
618	0	0	0	0	-1	6
619	720	721	11	9.95	-3	5
620	722	723	1	7.05	-3	6
621	0	0	0	0	-1	6
622	0	0	0	0	-1	5
623	724	725	6	9	-3	6
624	726	727	7	0	-3	6
625	0	0	0	0	-1	6
626	0	0	0	0	-1	6
627	728	729	7	38.5	-3	5
628	0	0	0	0	-1	6
629	0	0	0	0	-1	6
630	730	731	4	1.75	-3	5
631	732	733	5	0.0725	-3	5.06666666666667
632	0	0	0	0	-1	6
633	0	0	0	0	-1	5
634	0	0	0	0	-1	6
635	0	0	0	0	-1	6
636	0	0	0	0	-1	6
637	0	0	0	0	-1	6
638	0	0	0	0	-1	5
639	734	735	7	0	-3	5
640	736	737	9	3.34	-3	5.125
641	0	0	0	0	-1	5.66666666666667
642	738	739	1	7.25	-3	5
643	0	0	0	0	-1	5.4
644	740	741	6	10	-3	5
645	0	0	0	0	-1	4.5
646	742	743	2	0	-3	6
647	744	745	7	13.5	-3	6
648	746	747	1	6.85	-3	6
649	0	0	0	0	-1	5
650	0	0	0	0	-1	4
651	0	0	0	0	-1	5
652	0	0	0	0	-1	6
653	748	749	8	0	-3	5
654	750	751	7	32.5	-3	4.71428571428571
655	752	753	1	6	-3	5.625
656	0	0	0	0	-1	5
657	754	755	10	0.525	-3	5.94117647058824
658	0	0	0	0	-1	5
659	756	757	10	3.955	-3	6
660	758	759	2	0.445	-3	5.56521739130435
661	760	761	10	0.615	-3	5.96969696969697
662	0	0	0	0	-1	5
663	0	0	0	0	-1	6
664	0	0	0	0	-1	6
665	0	0	0	0	-1	6
666	762	763	6	6	-3	6
667	0	0	0	0	-1	5.4
668	0	0	0	0	-1	4
669	764	765	7	25.5	-3	5.24
670	766	767	2	0.6275	-3	5.83673469387755
671	768	769	6	7.5	-3	5.11111111111111
672	770	771	1	9.85	-3	6
673	0	0	0	0	-1	6
674	772	773	2	0.375	-3	5.66666666666667
675	0	0	0	0	-1	5
676	0	0	0	0	-1	6
677	0	0	0	0	-1	6
678	0	0	0	0	-1	6
679	0	0	0	0	-1	7
680	0	0	0	0	-1	5
681	774	775	8	0.999	-3	6
682	0	0	0	0	-1	5
683	776	777	2	0.595	-3	5
684	0	0	0	0	-1	5
685	0	0	0	0	-1	5
686	0	0	0	0	-1	6
687	778	779	5	0.081	-3	5
688	0	0	0	0	-1	5
689	0	0	0	0	-1	5
690	0	0	0	0	-1	5.2
691	780	781	3	0.69	-3	5.83333333333333
692	0	0	0	0	-1	6
693	0	0	0	0	-1	5
694	0	0	0	0	-1	5
695	782	783	3	0.495	-3	5
696	784	785	3	0.38	-3	7
697	0	0	0	0	-1	7
698	786	787	9	3.525	-3	6
699	0	0	0	0	-1	6
700	788	789	7	20	-3	7
701	790	791	4	2.05	-3	7
702	792	793	6	17.5	-3	5.0625
703	0	0	0	0	-1	5.66666666666667
704	0	0	0	0	-1	6
705	0	0	0	0	-1	6
706	0	0	0	0	-1	7
707	0	0	0	0	-1	6.5
708	0	0	0	0	-1	6
709	794	795	7	0.3	-3	6
710	0	0	0	0	-1	7
711	0	0	0	0	-1	7
712	796	797	1	2.2	-3	6
713	798	799	4	2.5	-3	6
714	800	801	4	5.25	-3	6.54545454545455
715	0	0	0	0	-1	8
716	0	0	0	0	-1	6
717	0	0	0	0	-1	6
718	0	0	0	0	-1	7
719	0	0	0	0	-1	6
720	0	0	0	0	-1	5
721	0	0	0	0	-1	5
722	0	0	0	0	-1	6
723	802	803	11	9.55	-3	6
724	0	0	0	0	-1	6
725	0	0	0	0	-1	6
726	0	0	0	0	-1	5
727	804	805	4	0.6375	-3	6
728	806	807	2	0	-3	5
729	0	0	0	0	-1	5
730	808	809	2	0.545	-3	5
731	810	811	3	0.25	-3	5
732	0	0	0	0	-1	6
733	0	0	0	0	-1	5
734	0	0	0	0	-1	5
735	812	813	7	0.99677	-3	5
736	0	0	0	0	-1	5.5
737	814	815	10	0.555	-3	5
738	816	817	2	0.705	-3	5
739	818	819	7	32.5	-3	5
740	0	0	0	0	-1	5
741	820	821	3	0.145	-3	5
742	0	0	0	0	-1	5
743	822	823	11	0	-3	6
744	0	0	0	0	-1	6
745	0	0	0	0	-1	6
746	0	0	0	0	-1	6
747	824	825	4	3.44	-3	6
748	0	0	0	0	-1	5
749	0	0	0	0	-1	5
750	0	0	0	0	-1	4
751	0	0	0	0	-1	5
752	0	0	0	0	-1	5
753	826	827	11	11.15	-3	5.83333333333333
754	828	829	8	0.99469	-3	5.66666666666667
755	830	831	8	0.9949	-3	6.09090909090909
756	832	833	2	0.535	-3	6
757	0	0	0	0	-1	6
758	0	0	0	0	-1	5
759	834	835	10	0.62	-3	5.72222222222222
760	836	837	6	12	-3	6.04347826086957
761	838	839	8	0.996335	-3	5.8
762	0	0	0	0	-1	6
763	0	0	0	0	-1	6
764	840	841	6	5.5	-3	5.57142857142857
765	842	843	10	0.485	-3	5.11111111111111
766	844	845	9	3.17	-3	5.88636363636364
767	0	0	0	0	-1	5.4
768	0	0	0	0	-1	6
769	846	847	6	0.0925	-3	5
770	0	0	0	0	-1	6
771	0	0	0	0	-1	6
772	0	0	0	0	-1	6
773	0	0	0	0	-1	5
774	0	0	0	0	-1	6
775	848	849	2	0.63	-3	6
776	0	0	0	0	-1	5
777	0	0	0	0	-1	5
778	0	0	0	0	-1	5
779	0	0	0	0	-1	5
780	0	0	0	0	-1	6
781	0	0	0	0	-1	5
782	850	851	4	6.4	-3	5
783	852	853	8	0	-3	5
784	0	0	0	0	-1	7
785	0	0	0	0	-1	7
786	854	855	7	49	-3	6
787	0	0	0	0	-1	6
788	0	0	0	0	-1	7
789	0	0	0	0	-1	7
790	0	0	0	0	-1	7
791	0	0	0	0	-1	7
792	856	857	4	2.45	-3	5
793	0	0	0	0	-1	5.25
794	0	0	0	0	-1	5
795	858	859	1	9.35	-3	6
796	0	0	0	0	-1	7
797	860	861	1	11.85	-3	6
798	0	0	0	0	-1	6
799	0	0	0	0	-1	6
800	862	863	3	0.4	-3	6.44444444444444
801	864	865	8	0.9968	-3	7
802	0	0	0	0	-1	6
803	0	0	0	0	-1	6
804	0	0	0	0	-1	6
805	866	867	1	7	-3	6
806	0	0	0	0	-1	6
807	868	869	2	0.635	-3	5
808	0	0	0	0	-1	5
809	870	871	8	0.9959	-3	5
810	872	873	1	8	-3	5
811	0	0	0	0	-1	5
812	0	0	0	0	-1	5
813	0	0	0	0	-1	5
814	0	0	0	0	-1	5
815	0	0	0	0	-1	5
816	874	875	2	0.665	-3	5
817	0	0	0	0	-1	5
818	876	877	3	0	-3	5
819	878	879	7	33.5	-3	5
820	880	881	3	0	-3	5
821	882	883	2	0.755	-3	5
822	0	0	0	0	-1	5
823	0	0	0	0	-1	6
824	884	885	10	0	-3	6
825	0	0	0	0	-1	6
826	0	0	0	0	-1	5
827	0	0	0	0	-1	6
828	0	0	0	0	-1	5.5
829	0	0	0	0	-1	6
830	0	0	0	0	-1	6
831	0	0	0	0	-1	7
832	0	0	0	0	-1	6
833	0	0	0	0	-1	6
834	886	887	5	0.0735	-3	5.44444444444444
835	888	889	1	6.15	-3	6
836	0	0	0	0	-1	7
837	890	891	5	0.0835	-3	6
838	892	893	5	0.079	-3	5.66666666666667
839	0	0	0	0	-1	6
840	0	0	0	0	-1	5
841	0	0	0	0	-1	6
842	0	0	0	0	-1	5.66666666666667
843	894	895	3	0	-3	5
844	896	897	4	2.3	-3	5.7
845	898	899	5	0.091	-3	6.04166666666667
846	0	0	0	0	-1	6
847	900	901	1	0	-3	5
848	902	903	8	0.99985	-3	6
849	0	0	0	0	-1	6
850	0	0	0	0	-1	5
851	0	0	0	0	-1	5
852	0	0	0	0	-1	6
853	0	0	0	0	-1	5
854	0	0	0	0	-1	6
855	0	0	0	0	-1	6
856	904	905	4	0	-3	5
857	0	0	0	0	-1	5
858	0	0	0	0	-1	6
859	906	907	3	0.47	-3	6
860	0	0	0	0	-1	6
861	0	0	0	0	-1	6
862	0	0	0	0	-1	7
863	908	909	10	0.96	-3	6.34782608695652
864	0	0	0	0	-1	7
865	0	0	0	0	-1	7
866	0	0	0	0	-1	6
867	0	0	0	0	-1	6
868	0	0	0	0	-1	5
869	0	0	0	0	-1	5
870	0	0	0	0	-1	5
871	910	911	11	0	-3	5
872	0	0	0	0	-1	5
873	0	0	0	0	-1	5
874	0	0	0	0	-1	5
875	0	0	0	0	-1	5
876	0	0	0	0	-1	5
877	912	913	9	3.2	-3	5
878	0	0	0	0	-1	5
879	0	0	0	0	-1	5
880	0	0	0	0	-1	5
881	914	915	11	10.05	-3	5
882	0	0	0	0	-1	5
883	916	917	1	0	-3	5
884	0	0	0	0	-1	6
885	918	919	1	0.095	-3	6
886	0	0	0	0	-1	5
887	0	0	0	0	-1	5.8
888	0	0	0	0	-1	6
889	0	0	0	0	-1	6
890	920	921	5	0.077	-3	6
891	0	0	0	0	-1	6
892	0	0	0	0	-1	5.8
893	0	0	0	0	-1	5
894	0	0	0	0	-1	6
895	922	923	11	9.3	-3	5
896	924	925	6	4	-3	5.85714285714286
897	926	927	8	0.9993	-3	5.33333333333333
898	928	929	10	0.615	-3	6
899	0	0	0	0	-1	6.5
900	0	0	0	0	-1	6
901	930	931	5	0.078	-3	5
902	0	0	0	0	-1	6
903	0	0	0	0	-1	6
904	0	0	0	0	-1	5
905	932	933	3	0.37	-3	5
906	0	0	0	0	-1	6
907	934	935	11	11.1	-3	6
908	936	937	11	12.9	-3	6.25
909	0	0	0	0	-1	7
910	0	0	0	0	-1	5
911	938	939	11	9.3	-3	5
912	0	0	0	0	-1	5
913	0	0	0	0	-1	5
914	940	941	3	0	-3	5
915	0	0	0	0	-1	5
916	0	0	0	0	-1	5
917	0	0	0	0	-1	5
918	0	0	0	0	-1	5
919	0	0	0	0	-1	6
920	942	943	10	0.595	-3	6
921	0	0	0	0	-1	6
922	944	945	9	0	-3	5
923	946	947	7	0	-3	5
924	0	0	0	0	-1	5
925	948	949	2	0.35	-3	5.92307692307692
926	0	0	0	0	-1	5
927	0	0	0	0	-1	6
928	950	951	2	0.615	-3	6
929	952	953	6	19	-3	6
930	0	0	0	0	-1	5
931	0	0	0	0	-1	5
932	0	0	0	0	-1	5
933	0	0	0	0	-1	5
934	0	0	0	0	-1	6
935	0	0	0	0	-1	6
936	954	955	10	0.675	-3	6.16666666666667
937	0	0	0	0	-1	7
938	0	0	0	0	-1	5
939	0	0	0	0	-1	5
940	0	0	0	0	-1	8
941	956	957	7	91.5	-3	5
942	0	0	0	0	-1	6
943	0	0	0	0	-1	6
944	0	0	0	0	-1	6
945	958	959	2	0.325	-3	5
946	0	0	0	0	-1	7
947	960	961	1	9.7	-3	5
948	962	963	10	0.545	-3	6
949	0	0	0	0	-1	5.8
950	964	965	8	0.076	-3	6
951	0	0	0	0	-1	6
952	0	0	0	0	-1	6
953	0	0	0	0	-1	6
954	966	967	5	0.087	-3	6.3
955	0	0	0	0	-1	6
956	0	0	0	0	-1	5
957	0	0	0	0	-1	5
958	0	0	0	0	-1	5
959	0	0	0	0	-1	5
960	0	0	0	0	-1	5
961	0	0	0	0	-1	5
962	968	969	7	24.5	-3	6
963	0	0	0	0	-1	6
964	0	0	0	0	-1	6
965	970	971	11	0	-3	6
966	972	973	3	12.65	-3	6
967	0	0	0	0	-1	7
968	0	0	0	0	-1	6
969	0	0	0	0	-1	6
970	0	0	0	0	-1	6
971	0	0	0	0	-1	6
972	974	975	11	11.9	-3	6
973	0	0	0	0	-1	6
974	0	0	0	0	-1	6
975	0	0	0	0	-1	6
