1	2	3	10	0.645	-3	5.6541588492808
2	4	5	3	0.265	-3	5.3781979977753
3	6	7	2	0.425	-3	6.00857142857143
4	8	9	2	0.9675	-3	5.27447552447552
5	10	11	11	10.45	-3	5.55963302752294
6	12	13	8	0.99596	-3	6.23478260869565
7	14	15	8	0.99309	-3	5.7887323943662
8	16	17	2	0.6525	-3	5.31934306569343
9	18	19	2	1.065	-3	4.25
10	20	21	8	1.0007	-3	5.24528301886792
11	22	23	11	11.55	-3	6.13913043478261
12	24	25	9	3.365	-3	6.64423076923077
13	26	27	2	0.355	-3	6.05809128630705
14	28	29	1	5.5	-3	7.16666666666667
15	30	31	3	0.52	-3	5.74052478134111
16	32	33	11	9.65	-3	5.42582417582418
17	34	35	11	11.35	-3	5.10869565217391
18	36	37	11	11.1	-3	4.47058823529412
19	38	39	6	4	-3	3.71428571428571
20	40	41	8	0.99629	-3	5.25592417061611
21	0	0	0	0	-1	3
22	42	43	2	0.275	-3	5.86885245901639
23	44	45	2	0.26	-3	6.44444444444445
24	46	47	4	1.65	-3	6.74626865671642
25	48	49	2	0.415	-3	6.45945945945946
26	50	51	3	0.615	-3	6.21379310344828
27	52	53	5	0.1385	-3	5.82291666666667
28	54	55	3	0.04	-3	7
29	0	0	0	0	-1	8
30	56	57	5	0.0935	-3	5.65771812080537
31	58	59	8	0.99706	-3	6.28888888888889
32	60	61	10	0.565	-3	5.19083969465649
33	62	63	5	0.0535	-3	5.55793991416309
34	64	65	7	14.5	-3	4.98101265822785
35	66	67	6	31.5	-3	5.88461538461539
36	68	69	3	0.115	-3	4.21428571428571
37	0	0	0	0	-1	5.66666666666667
38	0	0	0	0	-1	5
39	70	71	1	7.15	-3	3.5
40	72	73	7	93.5	-3	5.68181818181818
41	74	75	10	0.575	-3	5.20634920634921
42	76	77	3	0.415	-3	6.85714285714286
43	78	79	5	0.0605	-3	5.74074074074074
44	80	81	6	38.25	-3	6
45	82	83	2	0.305	-3	6.53333333333333
46	84	85	3	0.43	-3	6.28571428571429
47	86	87	6	18.5	-3	6.8
48	88	89	1	7.05	-3	6.34375
49	0	0	0	0	-1	7.2
50	90	91	11	11.85	-3	6.16176470588235
51	92	93	3	0.71	-3	7
52	94	95	7	53.5	-3	5.8953488372093
53	96	97	11	9.45	-3	5.2
54	0	0	0	0	-1	7
55	98	99	4	2.15	-3	7
56	100	101	11	10.525	-3	5.79555555555556
57	102	103	1	7.6	-3	5.23287671232877
58	104	105	8	0.99701	-3	5.69230769230769
59	106	107	5	0.1135	-3	6.53125
60	108	109	11	9.125	-3	5.06666666666667
61	110	111	11	9.25	-3	5.35714285714286
62	112	113	4	5.3	-3	5.06666666666667
63	114	115	3	0.245	-3	5.59174311926605
64	116	117	8	0.995935	-3	4.63636363636364
65	118	119	8	0.997185	-3	5.072
66	120	121	7	11.5	-3	5.84
67	0	0	0	0	-1	7
68	122	123	8	0.996765	-3	4
69	0	0	0	0	-1	5
70	0	0	0	0	-1	4
71	0	0	0	0	-1	3
72	124	125	2	0.28	-3	5.83333333333333
73	0	0	0	0	-1	5
74	126	127	9	3.055	-3	5.07070707070707
75	128	129	4	1.95	-3	5.35555555555556
76	130	131	3	0.355	-3	7
77	0	0	0	0	-1	6
78	0	0	0	0	-1	4.5
79	132	133	6	11.5	-3	5.84
80	134	135	6	29	-3	6
81	0	0	0	0	-1	6
82	136	137	10	0.625	-3	6.86666666666667
83	138	139	4	1.85	-3	6.36666666666667
84	0	0	0	0	-1	6
85	0	0	0	0	-1	7
86	140	141	4	1.9	-3	6.97777777777778
87	142	143	11	11.8	-3	6.26666666666667
88	144	145	8	0.995495	-3	6.11111111111111
89	146	147	10	0.74	-3	6.64285714285714
90	148	149	9	3.185	-3	6.09230769230769
91	150	151	7	34	-3	7.66666666666667
92	0	0	0	0	-1	7
93	0	0	0	0	-1	7
94	152	153	11	11.5	-3	6.13725490196079
95	154	155	11	10.3	-3	5.54285714285714
96	156	157	11	9.2	-3	5.11111111111111
97	0	0	0	0	-1	6
98	0	0	0	0	-1	7
99	0	0	0	0	-1	7
100	158	159	1	9.05	-3	5.48760330578512
101	160	161	11	11.45	-3	6.15384615384616
102	162	163	9	3.635	-3	5.63157894736842
103	164	165	8	0.99826	-3	5.09259259259259
104	166	167	9	3.225	-3	5.9
105	0	0	0	0	-1	5
106	168	169	3	0.625	-3	6.67857142857143
107	0	0	0	0	-1	5.5
108	0	0	0	0	-1	4
109	170	171	8	0.9984	-3	5.11111111111111
110	172	173	1	7.15	-3	5.66666666666667
111	174	175	1	6.7	-3	5.27272727272727
112	0	0	0	0	-1	5
113	0	0	0	0	-1	6
114	176	177	4	3.1	-3	5.63131313131313
115	178	179	9	3.26	-3	5.2
116	180	181	1	6.9	-3	5.16666666666667
117	182	183	10	0.62	-3	4.33333333333333
118	184	185	11	10.15	-3	5.21311475409836
119	186	187	1	8.45	-3	4.9375
120	0	0	0	0	-1	6.5
121	188	189	4	6.45	-3	5.78260869565217
122	190	191	9	3.285	-3	4.22222222222222
123	0	0	0	0	-1	3
124	0	0	0	0	-1	4
125	192	193	2	0.7225	-3	5.94117647058824
126	0	0	0	0	-1	4.5
127	194	195	5	0.0795	-3	5.09473684210526
128	196	197	9	3.29	-3	5.6875
129	198	199	1	6.95	-3	5.28378378378378
130	0	0	0	0	-1	7
131	0	0	0	0	-1	7
132	200	201	7	17	-3	5.72413793103448
133	202	203	1	11.95	-3	6
134	204	205	1	0	-3	6
135	0	0	0	0	-1	6
136	206	207	8	0.9919	-3	7
137	0	0	0	0	-1	6.33333333333333
138	0	0	0	0	-1	7
139	208	209	9	3.61	-3	6.2962962962963
140	210	211	10	0.715	-3	7.57142857142857
141	212	213	3	0.295	-3	6.86842105263158
142	214	215	1	8.95	-3	6.08333333333333
143	0	0	0	0	-1	7
144	0	0	0	0	-1	6
145	0	0	0	0	-1	7
146	0	0	0	0	-1	6
147	216	217	2	0.345	-3	7
148	218	219	7	50	-3	6.42105263157895
149	220	221	3	0.565	-3	5.95652173913044
150	0	0	0	0	-1	7.33333333333333
151	0	0	0	0	-1	8
152	222	223	3	0.365	-3	6
153	224	225	8	0.99763	-3	6.77777777777778
154	226	227	8	0.99711	-3	5.21428571428571
155	228	229	2	0.3675	-3	5.76190476190476
156	0	0	0	0	-1	5.5
157	230	231	2	0	-3	5
158	232	233	7	48.5	-3	5.40384615384615
159	0	0	0	0	-1	6
160	234	235	11	10.575	-3	6.02739726027397
161	236	237	8	0.994155	-3	6.45161290322581
162	238	239	3	0.22	-3	5.75
163	0	0	0	0	-1	5
164	240	241	9	2.935	-3	5.17142857142857
165	242	243	4	1.75	-3	4.94736842105263
166	244	245	4	0	-3	6
167	0	0	0	0	-1	5
168	246	247	8	0.999	-3	6.41666666666667
169	248	249	8	0.9989	-3	6.875
170	250	251	5	0.0785	-3	5.09859154929577
171	0	0	0	0	-1	6
172	0	0	0	0	-1	5
173	252	253	6	21.5	-3	5.88888888888889
174	254	255	2	0.41	-3	5.66666666666667
175	256	257	9	3.32	-3	5.21052631578947
176	258	259	9	3.84	-3	5.59459459459459
177	260	261	10	0.585	-3	6.15384615384615
178	262	263	9	3.18	-3	5
179	264	265	8	0.996135	-3	5.4
180	0	0	0	0	-1	5.4
181	266	267	3	0	-3	5
182	268	269	4	5.175	-3	4.47368421052632
183	0	0	0	0	-1	3
184	270	271	5	0.2265	-3	5.09090909090909
185	272	273	7	57	-3	5.52941176470588
186	274	275	2	0.6775	-3	4.75
187	276	277	5	0.079	-3	5.17857142857143
188	278	279	5	0.085	-3	5.85714285714286
189	0	0	0	0	-1	5
190	0	0	0	0	-1	6
191	0	0	0	0	-1	4
192	280	281	7	19.5	-3	6
193	0	0	0	0	-1	5.5
194	282	283	1	7.7	-3	5.31578947368421
195	284	285	11	10.2	-3	4.94736842105263
196	286	287	4	1.45	-3	5.83333333333333
197	0	0	0	0	-1	5.25
198	0	0	0	0	-1	6
199	288	289	8	0.9993	-3	5.26388888888889
200	290	291	3	0.61	-3	6
201	292	293	10	0.585	-3	5.38461538461539
202	294	295	6	27	-3	5.94736842105263
203	0	0	0	0	-1	6.5
204	0	0	0	0	-1	5
205	296	297	6	19.5	-3	6
206	0	0	0	0	-1	7
207	0	0	0	0	-1	7
208	298	299	9	3.215	-3	6.24
209	0	0	0	0	-1	7
210	0	0	0	0	-1	8
211	0	0	0	0	-1	7
212	0	0	0	0	-1	6
213	300	301	4	2.025	-3	6.94285714285714
214	302	303	11	0.99502	-3	6
215	0	0	0	0	-1	6.5
216	0	0	0	0	-1	7
217	0	0	0	0	-1	7
218	304	305	2	0.345	-3	6.58064516129032
219	306	307	6	31.5	-3	5.71428571428571
220	308	309	6	41.5	-3	6.06410256410256
221	310	311	1	10.2	-3	5.35714285714286
222	312	313	1	8	-3	6.45454545454546
223	314	315	6	20.5	-3	5.83870967741935
224	316	317	10	0.78	-3	7
225	0	0	0	0	-1	6.33333333333333
226	0	0	0	0	-1	6
227	318	319	2	0.405	-3	5.08333333333333
228	320	321	5	0.0835	-3	5.28571428571429
229	322	323	11	0	-3	6
230	0	0	0	0	-1	6
231	324	325	10	0	-3	5
232	326	327	2	0.545	-3	5.55882352941176
233	328	329	9	3.495	-3	5.11111111111111
234	0	0	0	0	-1	7
235	330	331	5	0.0895	-3	6
236	332	333	11	12	-3	6.125
237	334	335	3	0.105	-3	6.56521739130435
238	336	337	4	2.05	-3	5.92307692307692
239	0	0	0	0	-1	5
240	0	0	0	0	-1	5.66666666666667
241	338	339	6	25.5	-3	5.125
242	0	0	0	0	-1	3.5
243	340	341	3	0.02	-3	5.11764705882353
244	0	0	0	0	-1	7
245	342	343	3	0	-3	6
246	344	345	7	33	-3	7
247	0	0	0	0	-1	5.6
248	0	0	0	0	-1	6.33333333333333
249	346	347	9	0	-3	7
250	348	349	1	6.45	-3	5.20588235294118
251	350	351	10	0.535	-3	5
252	352	353	2	0.6375	-3	6
253	0	0	0	0	-1	5
254	0	0	0	0	-1	5
255	0	0	0	0	-1	6
256	354	355	10	0.605	-3	5.07692307692308
257	356	357	10	0.575	-3	5.5
258	358	359	6	24.5	-3	5.60326086956522
259	0	0	0	0	-1	4
260	0	0	0	0	-1	6
261	0	0	0	0	-1	7
262	0	0	0	0	-1	5
263	360	361	9	0.085	-3	5
264	0	0	0	0	-1	5
265	362	363	11	10.75	-3	5.66666666666667
266	0	0	0	0	-1	5
267	0	0	0	0	-1	5
268	364	365	10	0.535	-3	4.55555555555556
269	0	0	0	0	-1	3
270	366	367	3	0.175	-3	5.13953488372093
271	0	0	0	0	-1	3
272	368	369	6	12	-3	5.69230769230769
273	0	0	0	0	-1	5
274	370	371	9	3.375	-3	4.33333333333333
275	372	373	10	0.475	-3	4.88888888888889
276	0	0	0	0	-1	6
277	374	375	4	3.3	-3	5.04166666666667
278	376	377	11	12.85	-3	5.9
279	0	0	0	0	-1	5
280	0	0	0	0	-1	6
281	378	379	11	10.15	-3	6
282	380	381	7	77.5	-3	5.875
283	382	383	3	0.51	-3	5.16666666666667
284	384	385	1	8.7	-3	5
285	0	0	0	0	-1	4
286	0	0	0	0	-1	5
287	386	387	2	0.625	-3	5.90909090909091
288	388	389	2	0.6	-3	5.18518518518519
289	390	391	7	18.5	-3	5.5
290	392	393	8	0.99491	-3	6.06666666666667
291	0	0	0	0	-1	5
292	0	0	0	0	-1	5
293	394	395	5	0.1015	-3	5.83333333333333
294	396	397	9	3.35	-3	6
295	0	0	0	0	-1	5
296	0	0	0	0	-1	6
297	0	0	0	0	-1	6
298	0	0	0	0	-1	7
299	398	399	4	2.45	-3	6.17391304347826
300	400	401	3	0.45	-3	6.75
301	402	403	2	0	-3	7
302	0	0	0	0	-1	5
303	404	405	5	0.062	-3	6
304	406	407	4	9.55	-3	6.42857142857143
305	0	0	0	0	-1	8
306	0	0	0	0	-1	6
307	0	0	0	0	-1	5
308	408	409	2	0.215	-3	6.02666666666667
309	0	0	0	0	-1	7
310	410	411	11	10.9	-3	5.18181818181818
311	0	0	0	0	-1	6
312	0	0	0	0	-1	5.75
313	412	413	10	0.695	-3	6.85714285714286
314	414	415	1	10.35	-3	5.75862068965517
315	0	0	0	0	-1	7
316	0	0	0	0	-1	7
317	0	0	0	0	-1	7
318	416	417	1	8	-3	4.88888888888889
319	0	0	0	0	-1	5.66666666666667
320	0	0	0	0	-1	6
321	0	0	0	0	-1	5
322	0	0	0	0	-1	4
323	418	419	2	0.375	-3	6
324	0	0	0	0	-1	5
325	0	0	0	0	-1	5
326	420	421	3	0.22	-3	6
327	422	423	10	1.02	-3	5.34782608695652
328	424	425	10	1.175	-3	5.06060606060606
329	0	0	0	0	-1	5.66666666666667
330	426	427	11	10.65	-3	5.97101449275362
331	0	0	0	0	-1	7
332	0	0	0	0	-1	7
333	428	429	3	0.62	-3	6
334	430	431	10	0.795	-3	7
335	432	433	5	0.0675	-3	6.375
336	0	0	0	0	-1	5.75
337	434	435	1	7.05	-3	6
338	436	437	7	53	-3	5.03448275862069
339	0	0	0	0	-1	6
340	0	0	0	0	-1	6
341	438	439	8	1.0007	-3	5.0625
342	0	0	0	0	-1	6
343	440	441	4	3.6	-3	6
344	0	0	0	0	-1	7
345	0	0	0	0	-1	7
346	0	0	0	0	-1	7
347	442	443	4	6.175	-3	7
348	0	0	0	0	-1	5
349	444	445	7	35	-3	5.30434782608696
350	446	447	10	0.525	-3	5
351	0	0	0	0	-1	5
352	0	0	0	0	-1	6
353	0	0	0	0	-1	6
354	448	449	2	0.595	-3	5.125
355	450	451	7	78.5	-3	5
356	0	0	0	0	-1	6.5
357	452	453	7	70	-3	5.3
358	454	455	7	8.5	-3	5.66887417218543
359	456	457	6	26.5	-3	5.3030303030303
360	0	0	0	0	-1	5
361	0	0	0	0	-1	5
362	0	0	0	0	-1	6
363	0	0	0	0	-1	5
364	458	459	3	0	-3	5
365	460	461	3	0.12	-3	4.27272727272727
366	462	463	6	21.5	-3	5.06666666666667
367	464	465	4	2.55	-3	5.30769230769231
368	0	0	0	0	-1	5.4
369	466	467	2	0.675	-3	5.875
370	468	469	2	0.6725	-3	4
371	0	0	0	0	-1	5
372	0	0	0	0	-1	4
373	470	471	10	0.55	-3	5
374	472	473	10	0.545	-3	5.15
375	0	0	0	0	-1	4.5
376	474	475	11	11.7	-3	5.94444444444444
377	0	0	0	0	-1	5.5
378	476	477	6	16.5	-3	6
379	0	0	0	0	-1	6
380	478	479	1	0	-3	6
381	0	0	0	0	-1	5
382	480	481	10	0.49	-3	5.10714285714286
383	0	0	0	0	-1	6
384	482	483	1	8	-3	5
385	484	485	10	0.5	-3	5
386	486	487	3	0.525	-3	6
387	0	0	0	0	-1	5
388	488	489	9	3.355	-3	5.12765957446809
389	490	491	1	7.65	-3	5.57142857142857
390	0	0	0	0	-1	4.5
391	492	493	10	0.605	-3	5.625
392	0	0	0	0	-1	7
393	494	495	5	0.1125	-3	6
394	0	0	0	0	-1	6
395	0	0	0	0	-1	5
396	496	497	2	0.55	-3	6
397	0	0	0	0	-1	6
398	498	499	8	0.99401	-3	6
399	500	501	9	3.315	-3	6.36363636363636
400	502	503	5	0.063	-3	7
401	0	0	0	0	-1	6
402	0	0	0	0	-1	5
403	504	505	7	3.5	-3	7
404	0	0	0	0	-1	6
405	0	0	0	0	-1	6
406	506	507	2	0.29	-3	6.48148148148148
407	0	0	0	0	-1	5
408	508	509	4	2.35	-3	5.54545454545455
409	510	511	1	6.55	-3	6.109375
410	512	513	5	6.5	-3	5
411	0	0	0	0	-1	6
412	0	0	0	0	-1	6.5
413	0	0	0	0	-1	7
414	514	515	7	28.5	-3	5.33333333333333
415	516	517	7	16.5	-3	5.8695652173913
416	0	0	0	0	-1	4.33333333333333
417	518	519	3	0.34	-3	5.16666666666667
418	0	0	0	0	-1	6
419	520	521	9	3.3	-3	6
420	522	523	10	0.725	-3	6
421	0	0	0	0	-1	6
422	524	525	8	0.99716	-3	5.37777777777778
423	0	0	0	0	-1	4
424	526	527	1	8.1	-3	5.03125
425	0	0	0	0	-1	6
426	0	0	0	0	-1	5.5
427	528	529	7	105.5	-3	5.98507462686567
428	0	0	0	0	-1	6
429	0	0	0	0	-1	6
430	530	531	6	25.5	-3	7.16666666666667
431	0	0	0	0	-1	6
432	0	0	0	0	-1	7
433	532	533	11	11.55	-3	6.23076923076923
434	0	0	0	0	-1	6
435	0	0	0	0	-1	6
436	534	535	10	0.685	-3	5.1
437	536	537	3	0.325	-3	5
438	538	539	1	10.55	-3	5.14285714285714
439	0	0	0	0	-1	5
440	0	0	0	0	-1	6
441	0	0	0	0	-1	6
442	0	0	0	0	-1	7
443	0	0	0	0	-1	7
444	0	0	0	0	-1	6
445	540	541	2	0.44	-3	5.15789473684211
446	542	543	11	9.55	-3	5
447	544	545	6	0.089	-3	5
448	546	547	9	3.22	-3	5.22222222222222
449	548	549	9	0	-3	5
450	550	551	3	0	-3	5
451	0	0	0	0	-1	5
452	552	553	1	7.15	-3	5
453	0	0	0	0	-1	5.75
454	0	0	0	0	-1	4.8
455	554	555	2	0.465	-3	5.6986301369863
456	556	557	7	47	-3	5
457	558	559	11	11.05	-3	5.45454545454545
458	0	0	0	0	-1	5
459	0	0	0	0	-1	5
460	560	561	5	0.1095	-3	4.11111111111111
461	0	0	0	0	-1	5
462	562	563	5	0.1105	-3	5.03703703703704
463	0	0	0	0	-1	5.33333333333333
464	564	565	5	0.077	-3	5.1
465	0	0	0	0	-1	6
466	0	0	0	0	-1	5
467	566	567	11	11.15	-3	6
468	0	0	0	0	-1	4
469	0	0	0	0	-1	4
470	568	569	3	0.185	-3	5
471	0	0	0	0	-1	5
472	570	571	1	9.1	-3	5
473	572	573	3	0.055	-3	5.42857142857143
474	574	575	8	0.993785	-3	5.83333333333333
475	576	577	10	0.595	-3	6
476	0	0	0	0	-1	6
477	0	0	0	0	-1	6
478	0	0	0	0	-1	8
479	578	579	2	0.35	-3	6
480	580	581	7	38.5	-3	5
481	582	583	6	19	-3	5.17647058823529
482	584	585	1	7.85	-3	5
483	586	587	4	0	-3	5
484	588	589	11	9.45	-3	5
485	590	591	3	0.39	-3	5
486	592	593	6	0	-3	6
487	0	0	0	0	-1	6
488	594	595	7	104	-3	5.20689655172414
489	596	597	7	0	-3	5
490	0	0	0	0	-1	5
491	0	0	0	0	-1	6
492	598	599	3	0.57	-3	6
493	600	601	8	0.9996	-3	5.4
494	602	603	10	0	-3	6
495	0	0	0	0	-1	6
496	604	605	11	10.85	-3	6
497	0	0	0	0	-1	6
498	0	0	0	0	-1	6
499	0	0	0	0	-1	6
500	606	607	11	12.35	-3	6.5
501	0	0	0	0	-1	6
502	0	0	0	0	-1	7
503	0	0	0	0	-1	7
504	0	0	0	0	-1	5
505	608	609	2	0	-3	7
506	610	611	7	20	-3	6.75
507	612	613	11	10.35	-3	6.09090909090909
508	0	0	0	0	-1	5
509	614	615	1	9.55	-3	6
510	0	0	0	0	-1	5
511	616	617	5	0.0555	-3	6.14516129032258
512	618	619	8	0.99884	-3	5
513	0	0	0	0	-1	5
514	0	0	0	0	-1	6
515	0	0	0	0	-1	5
516	0	0	0	0	-1	5.4
517	620	621	6	0	-3	6
518	0	0	0	0	-1	6
519	0	0	0	0	-1	5
520	0	0	0	0	-1	6
521	622	623	5	0.07	-3	6
522	0	0	0	0	-1	6
523	624	625	2	0.515	-3	6
524	626	627	10	0.785	-3	5.11538461538461
525	628	629	9	3.475	-3	5.73684210526316
526	630	631	6	11	-3	5.07692307692308
527	632	633	5	0.0815	-3	4.83333333333333
528	634	635	10	0.695	-3	6
529	0	0	0	0	-1	5
530	0	0	0	0	-1	7
531	0	0	0	0	-1	8
532	0	0	0	0	-1	6.66666666666667
533	636	637	2	0.57	-3	6.1
534	0	0	0	0	-1	6
535	0	0	0	0	-1	5
536	638	639	8	0.996695	-3	5
537	640	641	11	9.7	-3	5
538	642	643	4	3.2	-3	5
539	0	0	0	0	-1	6
540	0	0	0	0	-1	6
541	644	645	3	0.195	-3	5.11111111111111
542	646	647	3	0	-3	5
543	0	0	0	0	-1	5
544	0	0	0	0	-1	5
545	0	0	0	0	-1	5
546	0	0	0	0	-1	6
547	648	649	10	0.595	-3	5.125
548	0	0	0	0	-1	4
549	650	651	2	0.635	-3	5
550	0	0	0	0	-1	7
551	652	653	10	0.625	-3	5
552	0	0	0	0	-1	5
553	0	0	0	0	-1	5
554	654	655	9	3.25	-3	5.92
555	656	657	11	11.1	-3	5.65289256198347
556	0	0	0	0	-1	5
557	658	659	9	3.22	-3	5
558	660	661	7	64	-3	5.29411764705882
559	0	0	0	0	-1	6
560	662	663	9	3.5	-3	4
561	0	0	0	0	-1	5
562	664	665	10	0.525	-3	5
563	0	0	0	0	-1	5.5
564	0	0	0	0	-1	5.5
565	666	667	6	27	-3	5
566	0	0	0	0	-1	6
567	0	0	0	0	-1	6
568	668	669	5	0.0945	-3	5
569	0	0	0	0	-1	5
570	670	671	4	0.155	-3	5
571	672	673	9	0	-3	5
572	0	0	0	0	-1	5
573	0	0	0	0	-1	5.6
574	0	0	0	0	-1	5
575	0	0	0	0	-1	6
576	674	675	1	7.4	-3	6
577	0	0	0	0	-1	6
578	0	0	0	0	-1	6
579	0	0	0	0	-1	6
580	676	677	7	0	-3	5
581	0	0	0	0	-1	5
582	0	0	0	0	-1	6
583	678	679	3	0.285	-3	5.06666666666667
584	680	681	4	0.0825	-3	5
585	0	0	0	0	-1	5
586	0	0	0	0	-1	5
587	682	683	5	0	-3	5
588	0	0	0	0	-1	5
589	684	685	11	9.55	-3	5
590	686	687	6	0	-3	5
591	688	689	2	0.275	-3	5
592	0	0	0	0	-1	6
593	690	691	2	0.51	-3	6
594	692	693	9	3.23	-3	5.35294117647059
595	694	695	3	0.42	-3	5
596	0	0	0	0	-1	5
597	696	697	1	0	-3	5
598	0	0	0	0	-1	6
599	0	0	0	0	-1	6
600	0	0	0	0	-1	6
601	698	699	7	24	-3	5.14285714285714
602	0	0	0	0	-1	6
603	700	701	4	0	-3	6
604	0	0	0	0	-1	6
605	0	0	0	0	-1	6
606	0	0	0	0	-1	7
607	0	0	0	0	-1	6.2
608	0	0	0	0	-1	6
609	0	0	0	0	-1	7
610	0	0	0	0	-1	6
611	702	703	3	0.25	-3	7
612	0	0	0	0	-1	6
613	0	0	0	0	-1	7
614	0	0	0	0	-1	6
615	0	0	0	0	-1	6
616	0	0	0	0	-1	7
617	704	705	11	10.4	-3	6.10169491525424
618	0	0	0	0	-1	5
619	0	0	0	0	-1	5
620	0	0	0	0	-1	5
621	0	0	0	0	-1	6
622	0	0	0	0	-1	6
623	0	0	0	0	-1	6
624	0	0	0	0	-1	6
625	706	707	1	0	-3	6
626	708	709	5	0.0675	-3	5.04347826086957
627	0	0	0	0	-1	5.66666666666667
628	710	711	9	3.29	-3	5.92307692307692
629	712	713	2	0.635	-3	5.33333333333333
630	0	0	0	0	-1	6
631	714	715	10	0.75	-3	5.04
632	0	0	0	0	-1	4
633	0	0	0	0	-1	5
634	716	717	2	0.6525	-3	6.10526315789474
635	718	719	3	0.255	-3	5.95744680851064
636	0	0	0	0	-1	6.25
637	720	721	5	0.0735	-3	6
638	0	0	0	0	-1	5
639	722	723	9	0	-3	5
640	724	725	6	22.5	-3	5
641	0	0	0	0	-1	5
642	0	0	0	0	-1	5
643	0	0	0	0	-1	5
644	726	727	11	9.45	-3	5
645	728	729	2	0.5525	-3	5.33333333333333
646	0	0	0	0	-1	5
647	730	731	6	35	-3	5
648	732	733	3	0	-3	5
649	0	0	0	0	-1	6
650	0	0	0	0	-1	5
651	0	0	0	0	-1	5
652	0	0	0	0	-1	5
653	0	0	0	0	-1	5
654	0	0	0	0	-1	5.66666666666667
655	734	735	5	0.074	-3	5.95454545454545
656	736	737	5	0.0775	-3	5.55913978494624
657	738	739	11	12.85	-3	5.96428571428571
658	0	0	0	0	-1	5
659	0	0	0	0	-1	5
660	740	741	9	3.405	-3	5.08333333333333
661	0	0	0	0	-1	5.8
662	742	743	5	0.087	-3	4
663	0	0	0	0	-1	4
664	0	0	0	0	-1	5
665	744	745	5	0	-3	5
666	746	747	4	0	-3	5
667	0	0	0	0	-1	5
668	748	749	10	0.535	-3	5
669	0	0	0	0	-1	5
670	0	0	0	0	-1	5
671	0	0	0	0	-1	5
672	0	0	0	0	-1	5
673	0	0	0	0	-1	5
674	750	751	1	5.7	-3	6
675	0	0	0	0	-1	6
676	0	0	0	0	-1	6
677	752	753	3	2.15	-3	5
678	0	0	0	0	-1	6
679	754	755	3	0	-3	5
680	0	0	0	0	-1	6
681	756	757	3	3.4	-3	5
682	0	0	0	0	-1	6
683	0	0	0	0	-1	5
684	0	0	0	0	-1	5
685	0	0	0	0	-1	5
686	0	0	0	0	-1	6
687	758	759	5	0.0865	-3	5
688	0	0	0	0	-1	5
689	0	0	0	0	-1	5
690	0	0	0	0	-1	6
691	0	0	0	0	-1	6
692	760	761	7	0	-3	5
693	762	763	6	7.5	-3	5.75
694	764	765	9	0	-3	5
695	0	0	0	0	-1	5
696	0	0	0	0	-1	6
697	766	767	4	2.25	-3	5
698	0	0	0	0	-1	6
699	768	769	11	0.99995	-3	5
700	0	0	0	0	-1	5
701	770	771	1	8.5	-3	6
702	0	0	0	0	-1	5
703	772	773	9	3.025	-3	7
704	774	775	9	3.45	-3	5.96428571428571
705	776	777	2	0.315	-3	6.2258064516129
706	0	0	0	0	-1	5
707	0	0	0	0	-1	6
708	0	0	0	0	-1	5.2
709	778	779	8	0.99672	-3	5
710	0	0	0	0	-1	5
711	780	781	4	2.25	-3	6
712	0	0	0	0	-1	5
713	0	0	0	0	-1	6
714	782	783	8	0.9977	-3	5.11111111111111
715	784	785	8	0.9976	-3	5
716	786	787	1	8.3	-3	6.16666666666667
717	788	789	10	0	-3	6
718	790	791	5	0.0775	-3	6
719	792	793	5	0.0565	-3	5.88888888888889
720	0	0	0	0	-1	6
721	0	0	0	0	-1	6
722	0	0	0	0	-1	5
723	794	795	1	10.35	-3	5
724	796	797	4	0	-3	5
725	0	0	0	0	-1	5
726	0	0	0	0	-1	5
727	0	0	0	0	-1	5
728	0	0	0	0	-1	5.66666666666667
729	0	0	0	0	-1	5
730	798	799	4	0	-3	5
731	0	0	0	0	-1	5
732	0	0	0	0	-1	7
733	800	801	7	56.5	-3	5
734	0	0	0	0	-1	5.5
735	802	803	10	0.525	-3	6
736	804	805	6	6.5	-3	5.32432432432432
737	806	807	3	0.045	-3	5.71428571428571
738	808	809	3	0.175	-3	6.08
739	0	0	0	0	-1	5
740	0	0	0	0	-1	5.2
741	0	0	0	0	-1	5
742	0	0	0	0	-1	4
743	0	0	0	0	-1	4
744	0	0	0	0	-1	6
745	810	811	10	0.535	-3	5
746	0	0	0	0	-1	6
747	812	813	3	0	-3	5
748	0	0	0	0	-1	5
749	0	0	0	0	-1	5
750	0	0	0	0	-1	6
751	814	815	9	3.445	-3	6
752	0	0	0	0	-1	5
753	0	0	0	0	-1	5
754	0	0	0	0	-1	6
755	0	0	0	0	-1	5
756	816	817	7	81	-3	5
757	0	0	0	0	-1	5
758	0	0	0	0	-1	5
759	0	0	0	0	-1	5
760	0	0	0	0	-1	6
761	818	819	9	3.06	-3	5
762	0	0	0	0	-1	5
763	820	821	9	3.275	-3	6
764	0	0	0	0	-1	7
765	0	0	0	0	-1	5
766	822	823	9	0	-3	5
767	824	825	11	0	-3	5
768	0	0	0	0	-1	5
769	0	0	0	0	-1	5
770	0	0	0	0	-1	6
771	0	0	0	0	-1	6
772	0	0	0	0	-1	7
773	826	827	2	0.25	-3	7
774	828	829	5	0.059	-3	6
775	0	0	0	0	-1	5.5
776	830	831	10	0.845	-3	6.44444444444444
777	832	833	5	0.066	-3	5.92307692307692
778	0	0	0	0	-1	5
779	834	835	10	0	-3	5
780	0	0	0	0	-1	6
781	0	0	0	0	-1	6
782	836	837	4	1.9	-3	5
783	0	0	0	0	-1	6
784	838	839	6	0	-3	5
785	840	841	7	0	-3	5
786	842	843	8	0.99693	-3	6.09090909090909
787	0	0	0	0	-1	7
788	0	0	0	0	-1	5
789	844	845	10	0.665	-3	6
790	0	0	0	0	-1	6
791	0	0	0	0	-1	6
792	0	0	0	0	-1	5
793	846	847	9	3.355	-3	5.94117647058824
794	0	0	0	0	-1	5
795	0	0	0	0	-1	5
796	0	0	0	0	-1	5
797	848	849	3	0	-3	5
798	0	0	0	0	-1	5
799	850	851	10	0.485	-3	5
800	0	0	0	0	-1	5
801	0	0	0	0	-1	5
802	0	0	0	0	-1	6
803	852	853	1	6.8	-3	6
804	854	855	4	2	-3	5.83333333333333
805	856	857	4	1.75	-3	5.2258064516129
806	858	859	10	0.525	-3	5.88888888888889
807	860	861	11	10.9	-3	5.55172413793103
808	862	863	4	1.65	-3	6.125
809	0	0	0	0	-1	5
810	0	0	0	0	-1	5
811	864	865	9	15.5	-3	5
812	0	0	0	0	-1	5
813	0	0	0	0	-1	5
814	0	0	0	0	-1	6
815	0	0	0	0	-1	6
816	866	867	11	0	-3	5
817	0	0	0	0	-1	5
818	0	0	0	0	-1	5
819	868	869	1	0	-3	5
820	0	0	0	0	-1	7
821	0	0	0	0	-1	5.8
822	0	0	0	0	-1	5
823	870	871	2	0.4125	-3	5
824	0	0	0	0	-1	5
825	872	873	5	0.0875	-3	5
826	0	0	0	0	-1	7
827	0	0	0	0	-1	7
828	0	0	0	0	-1	6
829	874	875	3	0.5	-3	6
830	0	0	0	0	-1	7
831	876	877	9	3.215	-3	6.28571428571429
832	0	0	0	0	-1	5
833	878	879	9	3.275	-3	6
834	0	0	0	0	-1	7
835	0	0	0	0	-1	5
836	0	0	0	0	-1	5
837	880	881	9	0	-3	5
838	0	0	0	0	-1	5
839	0	0	0	0	-1	5
840	0	0	0	0	-1	5
841	882	883	2	0.625	-3	5
842	884	885	2	0.445	-3	6
843	0	0	0	0	-1	7
844	0	0	0	0	-1	6
845	0	0	0	0	-1	6
846	886	887	11	10.95	-3	6
847	0	0	0	0	-1	5
848	0	0	0	0	-1	5
849	0	0	0	0	-1	5
850	888	889	11	0	-3	5
851	0	0	0	0	-1	5
852	0	0	0	0	-1	6
853	0	0	0	0	-1	6
854	0	0	0	0	-1	6
855	0	0	0	0	-1	5
856	0	0	0	0	-1	6.33333333333333
857	890	891	7	20	-3	5.10714285714286
858	0	0	0	0	-1	5.25
859	892	893	11	9.9	-3	6
860	894	895	5	0.0785	-3	5.69565217391304
861	896	897	2	3.25	-3	5
862	0	0	0	0	-1	6.5
863	898	899	10	0.615	-3	6.09090909090909
864	0	0	0	0	-1	5
865	0	0	0	0	-1	5
866	0	0	0	0	-1	4
867	900	901	1	7.3	-3	5
868	0	0	0	0	-1	6
869	0	0	0	0	-1	5
870	0	0	0	0	-1	5
871	0	0	0	0	-1	5
872	902	903	9	0	-3	5
873	0	0	0	0	-1	5
874	904	905	9	3.24	-3	6
875	0	0	0	0	-1	6
876	0	0	0	0	-1	7
877	906	907	5	0.071	-3	6.09090909090909
878	0	0	0	0	-1	6
879	908	909	10	0.71	-3	6
880	0	0	0	0	-1	7
881	910	911	3	0.21	-3	5
882	912	913	11	0	-3	5
883	0	0	0	0	-1	5
884	0	0	0	0	-1	6
885	914	915	10	0	-3	6
886	0	0	0	0	-1	6
887	916	917	9	0.073	-3	6
888	0	0	0	0	-1	5
889	0	0	0	0	-1	5
890	0	0	0	0	-1	4.5
891	918	919	1	5.75	-3	5.20833333333333
892	0	0	0	0	-1	6
893	920	921	10	0.615	-3	6
894	0	0	0	0	-1	5
895	922	923	3	0.12	-3	5.76190476190476
896	0	0	0	0	-1	5
897	0	0	0	0	-1	5
898	924	925	6	9.5	-3	6.04761904761905
899	0	0	0	0	-1	7
900	926	927	4	0	-3	5
901	0	0	0	0	-1	5
902	0	0	0	0	-1	6
903	0	0	0	0	-1	5
904	928	929	11	9.7	-3	6
905	930	931	7	39.5	-3	6
906	932	933	3	0.485	-3	6
907	0	0	0	0	-1	7
908	0	0	0	0	-1	6
909	0	0	0	0	-1	6
910	0	0	0	0	-1	5
911	0	0	0	0	-1	5
912	0	0	0	0	-1	6
913	934	935	8	0.99847	-3	5
914	0	0	0	0	-1	7
915	936	937	8	0.09	-3	6
916	0	0	0	0	-1	6
917	938	939	2	0.53	-3	6
918	0	0	0	0	-1	6
919	940	941	4	2.35	-3	5.13636363636364
920	942	943	2	0	-3	6
921	0	0	0	0	-1	6
922	944	945	11	10.25	-3	5.5
923	946	947	11	10.25	-3	6
924	0	0	0	0	-1	6.33333333333333
925	948	949	3	0.055	-3	6
926	0	0	0	0	-1	6
927	950	951	8	0.996935	-3	5
928	0	0	0	0	-1	6
929	0	0	0	0	-1	6
930	952	953	3	0.42	-3	6
931	0	0	0	0	-1	6
932	954	955	11	0	-3	6
933	0	0	0	0	-1	6
934	0	0	0	0	-1	5
935	0	0	0	0	-1	5
936	0	0	0	0	-1	6
937	0	0	0	0	-1	6
938	956	957	9	0	-3	6
939	0	0	0	0	-1	6
940	958	959	1	6.85	-3	5.05555555555556
941	0	0	0	0	-1	5.5
942	0	0	0	0	-1	6
943	960	961	8	0	-3	6
944	962	963	5	0.082	-3	5.16666666666667
945	0	0	0	0	-1	6
946	0	0	0	0	-1	6
947	964	965	1	7.35	-3	6
948	0	0	0	0	-1	6
949	0	0	0	0	-1	6
950	0	0	0	0	-1	5
951	966	967	3	0	-3	5
952	0	0	0	0	-1	6
953	0	0	0	0	-1	6
954	0	0	0	0	-1	7
955	968	969	8	0.99697	-3	6
956	0	0	0	0	-1	6
957	970	971	9	3.13	-3	6
958	972	973	8	0	-3	5
959	974	975	5	0.0735	-3	5.11111111111111
960	0	0	0	0	-1	7
961	976	977	10	0.99526	-3	6
962	0	0	0	0	-1	5.5
963	0	0	0	0	-1	5
964	0	0	0	0	-1	6
965	0	0	0	0	-1	6
966	0	0	0	0	-1	5
967	978	979	10	0.5	-3	5
968	0	0	0	0	-1	6
969	0	0	0	0	-1	6
970	0	0	0	0	-1	6
971	0	0	0	0	-1	6
972	0	0	0	0	-1	5
973	980	981	9	3.495	-3	5
974	982	983	11	9.95	-3	5
975	0	0	0	0	-1	5.33333333333333
976	0	0	0	0	-1	6
977	0	0	0	0	-1	6
978	0	0	0	0	-1	5
979	0	0	0	0	-1	5
980	0	0	0	0	-1	5
981	0	0	0	0	-1	5
982	0	0	0	0	-1	5
983	0	0	0	0	-1	5
