1	2	3	10	0.685	-3	5.65165728580363
2	4	5	2	0.3175	-3	5.44074074074074
3	6	7	1	5.75	-3	6.09055876685934
4	8	9	2	0.235	-3	6.12359550561798
5	10	11	8	0.99569	-3	5.37941473259334
6	12	13	1	5.45	-3	7.22727272727273
7	14	15	8	0.996215	-3	6.04024144869215
8	16	17	5	0.0645	-3	5.61904761904762
9	18	19	9	3.08	-3	6.27941176470588
10	20	21	11	10.15	-3	5.61711711711712
11	22	23	11	11.55	-3	5.31079323797139
12	24	25	2	0.38	-3	6.9375
13	26	27	3	0	-3	8
14	28	29	8	0.99535	-3	6.5103448275862
15	30	31	1	11.55	-3	5.84659090909091
16	32	33	4	2	-3	5.25
17	34	35	7	13.5	-3	6.11111111111111
18	0	0	0	0	-1	7.5
19	36	37	5	0.0585	-3	6.203125
20	38	39	5	0.0695	-3	5.14925373134328
21	40	41	5	0.0575	-3	5.81935483870968
22	42	43	10	0.575	-3	5.27001356852103
23	44	45	11	11.85	-3	6.25
24	0	0	0	0	-1	6
25	46	47	10	0.79	-3	7.07142857142857
26	0	0	0	0	-1	6
27	0	0	0	0	-1	8
28	48	49	10	0.745	-3	6.6304347826087
29	50	51	9	3.18	-3	6.30188679245283
30	52	53	4	2.35	-3	5.74754098360656
31	54	55	1	15.3	-3	6.48936170212766
32	56	57	1	7.05	-3	5.66666666666667
33	0	0	0	0	-1	4
34	0	0	0	0	-1	7
35	58	59	6	0.485	-3	6
36	60	61	7	9	-3	6.85714285714286
37	62	63	10	0.64	-3	6.02
38	64	65	1	6.4	-3	5.77777777777778
39	66	67	4	1.25	-3	4.91836734693878
40	68	69	6	36.5	-3	5.5
41	70	71	3	0.005	-3	5.90243902439024
42	72	73	8	1.0007	-3	5.0857908847185
43	74	75	11	10.15	-3	5.45879120879121
44	76	77	5	0.109	-3	6.6
45	78	79	2	0.75	-3	6.09090909090909
46	0	0	0	0	-1	7.5
47	80	81	2	0.49	-3	7
48	82	83	2	0.33	-3	7.11538461538462
49	84	85	2	0.38	-3	6.43939393939394
50	86	87	1	0	-3	7
51	88	89	2	0.28	-3	6.17777777777778
52	90	91	7	57.5	-3	5.5875
53	92	93	10	1.045	-3	5.92413793103448
54	94	95	9	3.35	-3	6.55555555555556
55	0	0	0	0	-1	5
56	0	0	0	0	-1	5
57	96	97	7	63.5	-3	6
58	0	0	0	0	-1	7
59	98	99	2	0	-3	6
60	0	0	0	0	-1	6.33333333333333
61	100	101	11	11.25	-3	7
62	102	103	8	0.99486	-3	6.25714285714286
63	104	105	6	11.5	-3	5.46666666666667
64	0	0	0	0	-1	5
65	106	107	1	8.2	-3	6
66	0	0	0	0	-1	3.66666666666667
67	108	109	5	0.0725	-3	5
68	110	111	8	0.99278	-3	5.54838709677419
69	0	0	0	0	-1	4
70	112	113	8	0.993815	-3	5.4
71	114	115	7	9	-3	5.97222222222222
72	116	117	9	3.565	-3	5.09703504043126
73	0	0	0	0	-1	3
74	118	119	1	10.75	-3	5.36595744680851
75	120	121	7	14.5	-3	5.62790697674419
76	122	123	7	25.5	-3	6.75
77	0	0	0	0	-1	6
78	124	125	7	32.5	-3	6.14285714285714
79	0	0	0	0	-1	5
80	0	0	0	0	-1	7
81	0	0	0	0	-1	7
82	126	127	7	9	-3	6.57142857142857
83	128	129	5	0.0635	-3	7.31578947368421
84	130	131	9	3.235	-3	6.89655172413793
85	132	133	7	20.5	-3	6.08108108108108
86	0	0	0	0	-1	6
87	134	135	11	11.6	-3	7
88	0	0	0	0	-1	7
89	136	137	8	0.99607	-3	6.075
90	138	139	5	0.134	-3	5.675
91	140	141	11	10.15	-3	5.325
92	142	143	11	11.45	-3	5.99248120300752
93	144	145	6	12.5	-3	5.16666666666667
94	146	147	9	2.95	-3	6.61363636363637
95	0	0	0	0	-1	4
96	0	0	0	0	-1	6
97	0	0	0	0	-1	6
98	0	0	0	0	-1	5
99	148	149	4	1.6	-3	6
100	0	0	0	0	-1	7
101	150	151	9	3.2	-3	7
102	152	153	1	8.15	-3	6.66666666666667
103	154	155	3	0.53	-3	5.82352941176471
104	156	157	2	0.2975	-3	5.11111111111111
105	158	159	6	16.5	-3	6
106	160	161	3	0.005	-3	6.08333333333333
107	0	0	0	0	-1	5.5
108	162	163	3	0.045	-3	4.57142857142857
109	164	165	7	14	-3	5.07692307692308
110	166	167	1	5.3	-3	6.16666666666667
111	168	169	4	3.8	-3	5.4
112	0	0	0	0	-1	6.25
113	170	171	1	7.25	-3	5.09090909090909
114	0	0	0	0	-1	6.75
115	172	173	4	1.675	-3	5.94230769230769
116	174	175	2	0.825	-3	5.10569105691057
117	0	0	0	0	-1	3.5
118	176	177	2	0.7125	-3	5.33031674208145
119	178	179	7	42	-3	5.92857142857143
120	180	181	9	3.535	-3	5.07692307692308
121	182	183	8	0.9997	-3	5.68965517241379
122	184	185	10	0.56	-3	7
123	0	0	0	0	-1	6
124	186	187	4	2.15	-3	6
125	188	189	1	12.95	-3	6.375
126	0	0	0	0	-1	6
127	0	0	0	0	-1	6.8
128	0	0	0	0	-1	6.75
129	190	191	7	25	-3	7.46666666666667
130	192	193	8	0.994515	-3	6.625
131	0	0	0	0	-1	7
132	0	0	0	0	-1	5.5
133	194	195	6	12.5	-3	6.15151515151515
134	0	0	0	0	-1	7
135	0	0	0	0	-1	7
136	196	197	1	7.05	-3	5.9375
137	198	199	2	0.35	-3	6.625
138	200	201	2	0.555	-3	5.78787878787879
139	202	203	9	3.365	-3	5.14285714285714
140	204	205	3	0.6	-3	5.11538461538461
141	206	207	10	0.915	-3	5.71428571428571
142	208	209	6	26	-3	5.8695652173913
143	210	211	2	0.36	-3	6.77777777777778
144	0	0	0	0	-1	7
145	212	213	6	23	-3	5
146	0	0	0	0	-1	7.33333333333333
147	214	215	9	3.275	-3	6.5609756097561
148	0	0	0	0	-1	6
149	0	0	0	0	-1	6
150	0	0	0	0	-1	7
151	0	0	0	0	-1	7
152	216	217	7	35.5	-3	6.14285714285714
153	218	219	6	4.5	-3	7
154	220	221	10	0.58	-3	5.93333333333333
155	0	0	0	0	-1	5
156	222	223	3	0	-3	5
157	0	0	0	0	-1	6
158	0	0	0	0	-1	6
159	0	0	0	0	-1	6
160	0	0	0	0	-1	7
161	224	225	11	9.75	-3	5.9
162	0	0	0	0	-1	4
163	0	0	0	0	-1	5
164	0	0	0	0	-1	4
165	226	227	10	0.6	-3	5.10526315789474
166	0	0	0	0	-1	6.5
167	0	0	0	0	-1	6
168	228	229	9	3.52	-3	5.45833333333333
169	0	0	0	0	-1	4
170	230	231	9	3.36	-3	4.75
171	0	0	0	0	-1	6
172	0	0	0	0	-1	5
173	232	233	1	6.3	-3	5.96078431372549
174	234	235	7	26.5	-3	5.17230769230769
175	236	237	6	3.5	-3	4.61363636363636
176	238	239	6	8.5	-3	5.36945812807882
177	240	241	1	6.5	-3	4.88888888888889
178	242	243	11	9.9	-3	6
179	0	0	0	0	-1	5
180	244	245	5	0.069	-3	5.27272727272727
181	0	0	0	0	-1	4
182	246	247	1	6.75	-3	5.74766355140187
183	248	249	10	0.675	-3	5
184	0	0	0	0	-1	7
185	0	0	0	0	-1	7
186	0	0	0	0	-1	6
187	250	251	1	2.35	-3	6
188	0	0	0	0	-1	7
189	0	0	0	0	-1	6
190	252	253	10	0	-3	8
191	254	255	4	2.05	-3	7.11111111111111
192	0	0	0	0	-1	6.25
193	0	0	0	0	-1	7
194	0	0	0	0	-1	7
195	256	257	3	0.405	-3	6.125
196	258	259	2	0.575	-3	5.5
197	260	261	7	16.5	-3	6.08333333333333
198	0	0	0	0	-1	7
199	0	0	0	0	-1	6.25
200	262	263	3	0.565	-3	5.93421052631579
201	264	265	8	0.99716	-3	5.30434782608696
202	266	267	3	0.39	-3	5.25
203	0	0	0	0	-1	3
204	268	269	7	134.5	-3	5.08
205	0	0	0	0	-1	6
206	270	271	11	10.6	-3	6.14285714285714
207	272	273	8	0.99717	-3	5.28571428571429
208	274	275	4	5.75	-3	6.03488372093023
209	276	277	8	1.00192	-3	5.37931034482759
210	0	0	0	0	-1	8
211	278	279	9	3.425	-3	6.625
212	0	0	0	0	-1	5
213	280	281	6	0	-3	5
214	282	283	7	42.5	-3	6.47058823529412
215	284	285	3	0.52	-3	7
216	0	0	0	0	-1	6.33333333333333
217	0	0	0	0	-1	6
218	0	0	0	0	-1	7
219	286	287	4	0.99381	-3	7
220	288	289	2	0.28	-3	6
221	0	0	0	0	-1	5.66666666666667
222	0	0	0	0	-1	5
223	290	291	10	0	-3	5
224	0	0	0	0	-1	5.75
225	292	293	6	0.6	-3	6
226	294	295	2	0.375	-3	5.02857142857143
227	0	0	0	0	-1	6
228	296	297	1	7.65	-3	5.66666666666667
229	298	299	3	0.115	-3	5.25
230	0	0	0	0	-1	6
231	300	301	7	28.5	-3	4.57142857142857
232	302	303	9	3.565	-3	5.64285714285714
233	304	305	7	18.5	-3	6.01136363636364
234	306	307	2	0.7275	-3	4.98913043478261
235	308	309	11	10.15	-3	5.24463519313305
236	0	0	0	0	-1	3
237	310	311	1	8.6	-3	4.69047619047619
238	312	313	7	11.5	-3	5.72727272727273
239	314	315	1	8.35	-3	5.3
240	0	0	0	0	-1	4
241	316	317	5	0.095	-3	5
242	0	0	0	0	-1	6
243	0	0	0	0	-1	6
244	0	0	0	0	-1	6
245	318	319	7	13	-3	4.85714285714286
246	320	321	7	25	-3	5.30769230769231
247	322	323	8	0.99721	-3	5.80851063829787
248	324	325	9	3.42	-3	4.875
249	0	0	0	0	-1	6
250	0	0	0	0	-1	4
251	326	327	1	9.25	-3	6
252	0	0	0	0	-1	5
253	0	0	0	0	-1	8
254	0	0	0	0	-1	6
255	328	329	10	0.73	-3	7.25
256	330	331	10	0.765	-3	6.06896551724138
257	0	0	0	0	-1	6.66666666666667
258	0	0	0	0	-1	5.8
259	0	0	0	0	-1	5
260	0	0	0	0	-1	7
261	332	333	7	34	-3	5.95238095238095
262	334	335	7	53.5	-3	6.01470588235294
263	336	337	11	9.85	-3	5.25
264	338	339	6	11	-3	5
265	340	341	4	1.85	-3	5.7
266	0	0	0	0	-1	6
267	342	343	11	9.3	-3	5.11764705882353
268	344	345	1	6.95	-3	5
269	0	0	0	0	-1	5.5
270	0	0	0	0	-1	7
271	0	0	0	0	-1	5.8
272	0	0	0	0	-1	5
273	0	0	0	0	-1	6
274	346	347	8	1.0005	-3	6.09722222222222
275	348	349	1	8.5	-3	5.71428571428571
276	350	351	4	3.2	-3	5.30769230769231
277	0	0	0	0	-1	6
278	352	353	10	0.89	-3	6.83333333333333
279	0	0	0	0	-1	6
280	0	0	0	0	-1	5
281	354	355	3	0.28	-3	5
282	356	357	10	0.72	-3	6.61538461538462
283	358	359	4	0.355	-3	6
284	0	0	0	0	-1	7
285	0	0	0	0	-1	7
286	0	0	0	0	-1	6
287	360	361	10	0.585	-3	7
288	0	0	0	0	-1	6
289	362	363	6	11.5	-3	6
290	0	0	0	0	-1	5
291	364	365	10	0.67	-3	5
292	0	0	0	0	-1	5
293	0	0	0	0	-1	6
294	0	0	0	0	-1	5.5
295	366	367	2	0.555	-3	5
296	368	369	3	0.015	-3	6
297	0	0	0	0	-1	5
298	370	371	3	0.025	-3	5.11111111111111
299	0	0	0	0	-1	5.66666666666667
300	0	0	0	0	-1	4
301	0	0	0	0	-1	5.33333333333333
302	372	373	4	1.9	-3	5.16666666666667
303	0	0	0	0	-1	6
304	374	375	6	8.5	-3	6.3125
305	376	377	11	12.25	-3	5.94444444444444
306	378	379	6	7.5	-3	5.08108108108108
307	380	381	10	0.505	-3	4.61111111111111
308	382	383	7	31.5	-3	5.18461538461538
309	384	385	8	0.99777	-3	5.55263157894737
310	386	387	8	0.996885	-3	4.54838709677419
311	388	389	9	3.115	-3	5.09090909090909
312	0	0	0	0	-1	5
313	390	391	4	2.35	-3	5.8
314	392	393	10	0.605	-3	5.4
315	394	395	9	3.31	-3	5.02222222222222
316	0	0	0	0	-1	5
317	396	397	3	0.27	-3	5
318	0	0	0	0	-1	5
319	0	0	0	0	-1	4
320	398	399	2	0.7475	-3	5.66666666666667
321	400	401	9	3.505	-3	5
322	402	403	10	0.645	-3	5.93877551020408
323	404	405	4	2.35	-3	5.66666666666667
324	406	407	7	0	-3	5
325	0	0	0	0	-1	4
326	0	0	0	0	-1	6
327	0	0	0	0	-1	6
328	408	409	1	6.9	-3	7
329	0	0	0	0	-1	8
330	410	411	8	0.99432	-3	6.28571428571429
331	412	413	9	3.385	-3	6
332	414	415	10	0.71	-3	6.07692307692308
333	416	417	7	43	-3	5.75
334	418	419	2	0.255	-3	6.07017543859649
335	420	421	11	9.75	-3	5.72727272727273
336	0	0	0	0	-1	5
337	0	0	0	0	-1	6
338	422	423	9	3.47	-3	5
339	424	425	6	0	-3	5
340	0	0	0	0	-1	6
341	426	427	9	3.645	-3	5.5
342	0	0	0	0	-1	5.66666666666667
343	0	0	0	0	-1	5
344	0	0	0	0	-1	5
345	428	429	6	1.75	-3	5
346	430	431	2	0.41	-3	6.12857142857143
347	0	0	0	0	-1	5
348	0	0	0	0	-1	5
349	432	433	6	15.5	-3	6.25
350	434	435	5	0.078	-3	5.57142857142857
351	436	437	5	0.095	-3	5
352	438	439	2	11.65	-3	7
353	0	0	0	0	-1	6
354	0	0	0	0	-1	5
355	0	0	0	0	-1	5
356	0	0	0	0	-1	6
357	440	441	9	3.205	-3	6.69565217391304
358	0	0	0	0	-1	6
359	442	443	11	3.18	-3	6
360	0	0	0	0	-1	7
361	0	0	0	0	-1	7
362	0	0	0	0	-1	6
363	0	0	0	0	-1	6
364	0	0	0	0	-1	5
365	0	0	0	0	-1	5
366	444	445	8	0	-3	5
367	446	447	11	9.4	-3	5
368	0	0	0	0	-1	6
369	448	449	7	14	-3	6
370	0	0	0	0	-1	6
371	450	451	3	0.095	-3	5
372	0	0	0	0	-1	6
373	0	0	0	0	-1	5
374	452	453	2	0.35	-3	6.09090909090909
375	0	0	0	0	-1	6.8
376	454	455	8	0.99529	-3	5.8955223880597
377	0	0	0	0	-1	6.6
378	456	457	3	0.26	-3	5
379	458	459	1	6.9	-3	5.17647058823529
380	0	0	0	0	-1	4
381	460	461	1	8.65	-3	4.84615384615385
382	462	463	3	0.195	-3	5.83333333333333
383	464	465	8	1.0005	-3	5.16402116402116
384	466	467	10	0.545	-3	5.45161290322581
385	468	469	10	0	-3	6
386	470	471	10	0.49	-3	4.92
387	472	473	11	0	-3	3
388	0	0	0	0	-1	5.33333333333333
389	474	475	3	0.355	-3	5
390	476	477	1	9.2	-3	5.66666666666667
391	478	479	8	0.99925	-3	6
392	480	481	6	11.5	-3	5.54716981132075
393	482	483	2	0.605	-3	5.29166666666667
394	484	485	2	0.665	-3	4.97058823529412
395	486	487	2	0.47	-3	5.18181818181818
396	488	489	11	0	-3	5
397	0	0	0	0	-1	5
398	0	0	0	0	-1	5
399	0	0	0	0	-1	6
400	490	491	1	6.5	-3	4.83333333333333
401	0	0	0	0	-1	6
402	492	493	9	3.39	-3	5.82051282051282
403	494	495	6	13.5	-3	6.4
404	496	497	6	19.5	-3	5.25
405	498	499	7	52	-3	5.89655172413793
406	0	0	0	0	-1	6
407	0	0	0	0	-1	5
408	0	0	0	0	-1	7
409	0	0	0	0	-1	7
410	0	0	0	0	-1	7
411	0	0	0	0	-1	6
412	500	501	6	44.5	-3	6
413	502	503	8	0.994635	-3	6
414	0	0	0	0	-1	7
415	504	505	9	3.215	-3	6
416	0	0	0	0	-1	5
417	506	507	3	0.355	-3	6
418	508	509	1	10.45	-3	6.625
419	510	511	9	3.24	-3	5.97959183673469
420	0	0	0	0	-1	5
421	512	513	11	1.7	-3	6
422	0	0	0	0	-1	5
423	0	0	0	0	-1	5
424	0	0	0	0	-1	6
425	514	515	5	7.35	-3	5
426	0	0	0	0	-1	6
427	0	0	0	0	-1	5
428	0	0	0	0	-1	5
429	0	0	0	0	-1	5
430	516	517	2	0.275	-3	6.26315789473684
431	518	519	1	10.75	-3	5.96875
432	520	521	1	0	-3	6
433	0	0	0	0	-1	7
434	0	0	0	0	-1	6
435	522	523	3	0.47	-3	5.33333333333333
436	0	0	0	0	-1	5
437	524	525	11	0	-3	5
438	526	527	3	0.505	-3	7
439	0	0	0	0	-1	7
440	528	529	6	6.5	-3	6.8
441	0	0	0	0	-1	6
442	0	0	0	0	-1	5
443	530	531	4	2.75	-3	6
444	0	0	0	0	-1	5
445	532	533	4	2	-3	5
446	534	535	11	0	-3	5
447	536	537	1	0	-3	5
448	0	0	0	0	-1	6
449	0	0	0	0	-1	6
450	538	539	9	0	-3	5
451	0	0	0	0	-1	5
452	0	0	0	0	-1	7
453	540	541	3	0.035	-3	6
454	542	543	5	0.0625	-3	5.95348837209302
455	544	545	10	0.51	-3	5.79166666666667
456	546	547	1	9.45	-3	4.88888888888889
457	548	549	5	0.0535	-3	5.09090909090909
458	550	551	2	0.505	-3	5.66666666666667
459	552	553	5	0.066	-3	5.07142857142857
460	554	555	6	0	-3	5
461	0	0	0	0	-1	4
462	0	0	0	0	-1	6
463	0	0	0	0	-1	5
464	556	557	9	3.54	-3	5.1505376344086
465	0	0	0	0	-1	6
466	558	559	7	34	-3	5.1875
467	560	561	8	0.99702	-3	5.73333333333333
468	0	0	0	0	-1	5
469	562	563	3	0.315	-3	6
470	0	0	0	0	-1	4.6
471	564	565	11	10.5	-3	5
472	0	0	0	0	-1	5
473	0	0	0	0	-1	3
474	566	567	11	0	-3	5
475	0	0	0	0	-1	5
476	568	569	4	2.2	-3	5.8
477	0	0	0	0	-1	5
478	0	0	0	0	-1	6
479	570	571	2	0.48	-3	6
480	572	573	10	0	-3	5
481	574	575	8	0.99645	-3	5.6304347826087
482	576	577	2	0.505	-3	5.37735849056604
483	578	579	4	2.05	-3	5.05263157894737
484	580	581	7	98	-3	5
485	0	0	0	0	-1	4.5
486	0	0	0	0	-1	5.66666666666667
487	582	583	7	117	-3	5
488	0	0	0	0	-1	7
489	584	585	10	0.63	-3	5
490	0	0	0	0	-1	4
491	0	0	0	0	-1	5
492	586	587	9	3.315	-3	5.61111111111111
493	588	589	3	0.13	-3	6
494	0	0	0	0	-1	7
495	590	591	2	0.375	-3	6
496	592	593	7	20.5	-3	5
497	0	0	0	0	-1	6.33333333333333
498	594	595	9	3.335	-3	5.95238095238095
499	596	597	11	10.75	-3	5.75
500	598	599	1	7.1	-3	6
501	0	0	0	0	-1	6
502	600	601	4	1.95	-3	6
503	0	0	0	0	-1	6
504	0	0	0	0	-1	6
505	602	603	7	22.5	-3	6
506	0	0	0	0	-1	6
507	0	0	0	0	-1	6
508	0	0	0	0	-1	6.25
509	0	0	0	0	-1	7
510	604	605	4	1.65	-3	5.84615384615385
511	606	607	5	0.0585	-3	6.02777777777778
512	0	0	0	0	-1	5
513	608	609	2	0.325	-3	6
514	0	0	0	0	-1	5
515	0	0	0	0	-1	5
516	610	611	2	0.255	-3	6
517	612	613	2	0.325	-3	6.4
518	614	615	7	19.5	-3	6.07142857142857
519	0	0	0	0	-1	5.25
520	0	0	0	0	-1	5
521	0	0	0	0	-1	6
522	0	0	0	0	-1	5.75
523	0	0	0	0	-1	5
524	0	0	0	0	-1	6
525	0	0	0	0	-1	5
526	0	0	0	0	-1	7
527	0	0	0	0	-1	7
528	0	0	0	0	-1	6.4
529	616	617	7	20.5	-3	6.93333333333333
530	0	0	0	0	-1	6
531	0	0	0	0	-1	6
532	618	619	8	0	-3	5
533	0	0	0	0	-1	5
534	0	0	0	0	-1	6
535	620	621	10	0.435	-3	5
536	0	0	0	0	-1	7
537	622	623	9	3.155	-3	5
538	0	0	0	0	-1	7
539	0	0	0	0	-1	5
540	0	0	0	0	-1	6
541	0	0	0	0	-1	6
542	624	625	1	7.2	-3	5.57142857142857
543	626	627	7	24.5	-3	6.02777777777778
544	0	0	0	0	-1	5
545	628	629	2	0.675	-3	5.86363636363636
546	630	631	3	0.06	-3	4.94117647058824
547	0	0	0	0	-1	4
548	0	0	0	0	-1	6
549	632	633	2	0.385	-3	5.04761904761905
550	0	0	0	0	-1	5
551	0	0	0	0	-1	6
552	0	0	0	0	-1	6
553	634	635	11	10.2	-3	5.03703703703704
554	0	0	0	0	-1	6
555	636	637	6	6.5	-3	5
556	638	639	9	3.155	-3	5.13661202185792
557	0	0	0	0	-1	6
558	0	0	0	0	-1	6
559	640	641	3	0	-3	5
560	642	643	6	13.5	-3	5.84615384615385
561	0	0	0	0	-1	5
562	0	0	0	0	-1	6
563	0	0	0	0	-1	6
564	644	645	2	0.995	-3	5.05263157894737
565	0	0	0	0	-1	4
566	0	0	0	0	-1	7
567	646	647	10	0.525	-3	5
568	648	649	1	7.6	-3	5.85714285714286
569	0	0	0	0	-1	5
570	0	0	0	0	-1	6
571	0	0	0	0	-1	6
572	0	0	0	0	-1	6
573	650	651	1	6.9	-3	5
574	652	653	6	22.5	-3	5.33333333333333
575	654	655	2	0.6475	-3	5.7741935483871
576	656	657	6	24.5	-3	5.17857142857143
577	658	659	2	0.535	-3	5.6
578	0	0	0	0	-1	5
579	660	661	5	0.071	-3	5.125
580	662	663	5	0.0855	-3	5
581	664	665	3	21	-3	5
582	666	667	10	0	-3	5
583	0	0	0	0	-1	5
584	0	0	0	0	-1	5
585	0	0	0	0	-1	5
586	668	669	11	11.15	-3	5.9
587	670	671	1	7.75	-3	5.25
588	672	673	1	7.05	-3	6.42857142857143
589	674	675	9	3.43	-3	5.78571428571429
590	0	0	0	0	-1	6
591	0	0	0	0	-1	6
592	0	0	0	0	-1	6
593	676	677	9	3.105	-3	4.81818181818182
594	678	679	3	0.06	-3	6
595	680	681	2	0.675	-3	5.88888888888889
596	682	683	1	8.55	-3	5.85714285714286
597	0	0	0	0	-1	5
598	0	0	0	0	-1	6
599	684	685	6	0	-3	6
600	0	0	0	0	-1	6
601	0	0	0	0	-1	6
602	686	687	2	0.515	-3	6
603	0	0	0	0	-1	6
604	0	0	0	0	-1	5
605	688	689	1	9.7	-3	5.91666666666667
606	0	0	0	0	-1	6.5
607	690	691	8	0.99815	-3	6
608	0	0	0	0	-1	6
609	0	0	0	0	-1	6
610	692	693	9	0	-3	6
611	0	0	0	0	-1	6
612	694	695	4	2.55	-3	6.83333333333333
613	696	697	8	0.9979	-3	6.26315789473684
614	0	0	0	0	-1	5.75
615	698	699	3	0.155	-3	6.125
616	0	0	0	0	-1	6
617	700	701	3	0	-3	7
618	0	0	0	0	-1	6
619	702	703	8	0.995145	-3	5
620	0	0	0	0	-1	5
621	0	0	0	0	-1	5
622	0	0	0	0	-1	5
623	704	705	8	0	-3	5
624	0	0	0	0	-1	4.5
625	0	0	0	0	-1	6
626	0	0	0	0	-1	6.2
627	706	707	10	0.565	-3	6
628	708	709	3	0.22	-3	5.90476190476191
629	0	0	0	0	-1	5
630	710	711	10	0.43	-3	5
631	0	0	0	0	-1	4.8
632	0	0	0	0	-1	5.33333333333333
633	0	0	0	0	-1	5
634	712	713	2	0.6825	-3	5
635	0	0	0	0	-1	5.33333333333333
636	714	715	4	0	-3	5
637	0	0	0	0	-1	5
638	716	717	1	12.2	-3	4.93103448275862
639	718	719	1	10.25	-3	5.17532467532468
640	0	0	0	0	-1	7
641	720	721	3	0.085	-3	5
642	0	0	0	0	-1	5.5
643	0	0	0	0	-1	6
644	722	723	6	6	-3	5
645	0	0	0	0	-1	5.5
646	0	0	0	0	-1	5
647	0	0	0	0	-1	5
648	0	0	0	0	-1	5.5
649	724	725	1	8.8	-3	6
650	0	0	0	0	-1	5
651	0	0	0	0	-1	5
652	726	727	4	2.1	-3	5.83333333333333
653	728	729	6	0	-3	5
654	730	731	4	2.45	-3	5.82758620689655
655	0	0	0	0	-1	5
656	732	733	11	0	-3	5
657	0	0	0	0	-1	6
658	734	735	6	13	-3	6.125
659	736	737	11	9.35	-3	5.35294117647059
660	0	0	0	0	-1	6
661	0	0	0	0	-1	5
662	738	739	9	3.155	-3	5
663	740	741	7	0	-3	5
664	742	743	10	0.595	-3	5
665	0	0	0	0	-1	5
666	0	0	0	0	-1	7
667	0	0	0	0	-1	5
668	744	745	7	53.5	-3	6
669	0	0	0	0	-1	5
670	0	0	0	0	-1	5.5
671	0	0	0	0	-1	5
672	0	0	0	0	-1	6.75
673	0	0	0	0	-1	6
674	746	747	6	8.5	-3	6
675	0	0	0	0	-1	5.25
676	0	0	0	0	-1	4
677	748	749	10	0.59	-3	5
678	0	0	0	0	-1	6
679	750	751	1	11.7	-3	6
680	752	753	5	0	-3	6
681	0	0	0	0	-1	5
682	0	0	0	0	-1	5
683	754	755	2	0	-3	6
684	0	0	0	0	-1	6
685	756	757	5	0.07	-3	6
686	0	0	0	0	-1	6
687	0	0	0	0	-1	6
688	0	0	0	0	-1	5.5
689	758	759	2	0.3575	-3	6
690	0	0	0	0	-1	6
691	0	0	0	0	-1	6
692	0	0	0	0	-1	5
693	760	761	4	0.5	-3	6
694	0	0	0	0	-1	6
695	0	0	0	0	-1	7
696	762	763	1	0.335	-3	6
697	764	765	8	0.99915	-3	6.625
698	766	767	7	30.5	-3	6.5
699	0	0	0	0	-1	6
700	0	0	0	0	-1	5
701	768	769	2	0	-3	7
702	0	0	0	0	-1	5
703	0	0	0	0	-1	5
704	0	0	0	0	-1	5
705	0	0	0	0	-1	5
706	770	771	11	11.95	-3	6
707	772	773	7	35.5	-3	6
708	774	775	4	2.45	-3	6
709	0	0	0	0	-1	5.5
710	0	0	0	0	-1	5
711	0	0	0	0	-1	5
712	0	0	0	0	-1	5
713	776	777	10	0.48	-3	5
714	0	0	0	0	-1	6
715	0	0	0	0	-1	5
716	778	779	11	9.55	-3	5
717	0	0	0	0	-1	4.6
718	780	781	1	9.95	-3	5.18300653594771
719	0	0	0	0	-1	4
720	0	0	0	0	-1	5
721	782	783	10	0.525	-3	5
722	0	0	0	0	-1	5
723	784	785	7	43.5	-3	5
724	786	787	9	8.45	-3	6
725	0	0	0	0	-1	6
726	0	0	0	0	-1	6
727	0	0	0	0	-1	5.5
728	0	0	0	0	-1	6
729	788	789	2	0.55	-3	5
730	790	791	4	2.15	-3	5.92307692307692
731	0	0	0	0	-1	5
732	0	0	0	0	-1	7
733	0	0	0	0	-1	5
734	0	0	0	0	-1	7
735	792	793	4	0.996685	-3	6
736	0	0	0	0	-1	6
737	794	795	5	0.1085	-3	5.21428571428571
738	0	0	0	0	-1	5
739	796	797	11	0	-3	5
740	0	0	0	0	-1	5
741	798	799	8	0	-3	5
742	0	0	0	0	-1	5
743	800	801	6	0	-3	5
744	802	803	11	10.9	-3	6
745	0	0	0	0	-1	6
746	0	0	0	0	-1	6
747	0	0	0	0	-1	6
748	0	0	0	0	-1	5
749	804	805	8	0	-3	5
750	806	807	2	0.695	-3	6
751	0	0	0	0	-1	6
752	0	0	0	0	-1	6
753	808	809	8	7	-3	6
754	0	0	0	0	-1	7
755	0	0	0	0	-1	6
756	0	0	0	0	-1	6
757	0	0	0	0	-1	6
758	810	811	11	10	-3	6
759	0	0	0	0	-1	6
760	0	0	0	0	-1	5
761	812	813	2	0.245	-3	6
762	0	0	0	0	-1	6
763	0	0	0	0	-1	6
764	814	815	5	0.08	-3	6.83333333333333
765	0	0	0	0	-1	6
766	0	0	0	0	-1	6
767	0	0	0	0	-1	7
768	0	0	0	0	-1	6
769	816	817	6	8	-3	7
770	818	819	9	6.65	-3	6
771	0	0	0	0	-1	6
772	820	821	4	2.25	-3	6
773	0	0	0	0	-1	6
774	0	0	0	0	-1	6
775	0	0	0	0	-1	6
776	0	0	0	0	-1	5
777	0	0	0	0	-1	5
778	822	823	4	2.825	-3	5
779	824	825	7	34.5	-3	5
780	826	827	7	99	-3	5.16666666666667
781	0	0	0	0	-1	6
782	828	829	1	0	-3	5
783	0	0	0	0	-1	5
784	830	831	2	8.5	-3	5
785	0	0	0	0	-1	5
786	832	833	11	9.525	-3	6
787	0	0	0	0	-1	6
788	834	835	1	0	-3	5
789	0	0	0	0	-1	5
790	836	837	11	9.45	-3	6
791	838	839	9	3.375	-3	5.71428571428571
792	0	0	0	0	-1	5
793	840	841	8	0.99802	-3	6
794	842	843	1	7.85	-3	5.15384615384615
795	0	0	0	0	-1	6
796	0	0	0	0	-1	6
797	844	845	5	0.0745	-3	5
798	0	0	0	0	-1	6
799	846	847	3	0.45	-3	5
800	0	0	0	0	-1	5
801	848	849	1	0.495	-3	5
802	0	0	0	0	-1	6
803	0	0	0	0	-1	6
804	0	0	0	0	-1	6
805	850	851	1	0.315	-3	5
806	0	0	0	0	-1	6
807	0	0	0	0	-1	6
808	852	853	10	0.615	-3	6
809	0	0	0	0	-1	6
810	0	0	0	0	-1	6
811	0	0	0	0	-1	6
812	854	855	9	3.25	-3	6
813	0	0	0	0	-1	6
814	0	0	0	0	-1	6
815	0	0	0	0	-1	7
816	0	0	0	0	-1	7
817	856	857	5	0.102	-3	7
818	858	859	6	20	-3	6
819	0	0	0	0	-1	6
820	860	861	6	0.074	-3	6
821	0	0	0	0	-1	6
822	862	863	7	0	-3	5
823	0	0	0	0	-1	5
824	0	0	0	0	-1	5
825	0	0	0	0	-1	5
826	864	865	1	7.05	-3	5.21428571428572
827	866	867	11	9.45	-3	5.02631578947368
828	0	0	0	0	-1	5
829	868	869	1	7.25	-3	5
830	870	871	11	9.7	-3	5
831	0	0	0	0	-1	5
832	0	0	0	0	-1	6
833	0	0	0	0	-1	6
834	0	0	0	0	-1	6
835	0	0	0	0	-1	5
836	872	873	10	0.595	-3	6
837	874	875	2	0	-3	6
838	876	877	2	0.555	-3	5.83333333333333
839	0	0	0	0	-1	5
840	0	0	0	0	-1	6
841	0	0	0	0	-1	6
842	878	879	10	0.635	-3	5.25
843	0	0	0	0	-1	5
844	0	0	0	0	-1	5
845	0	0	0	0	-1	5
846	880	881	11	0	-3	5
847	0	0	0	0	-1	5
848	0	0	0	0	-1	4
849	0	0	0	0	-1	5
850	0	0	0	0	-1	5
851	0	0	0	0	-1	5
852	0	0	0	0	-1	6
853	0	0	0	0	-1	6
854	0	0	0	0	-1	6
855	0	0	0	0	-1	6
856	0	0	0	0	-1	7
857	0	0	0	0	-1	7
858	0	0	0	0	-1	6
859	0	0	0	0	-1	6
860	0	0	0	0	-1	6
861	882	883	10	0	-3	6
862	0	0	0	0	-1	5
863	884	885	1	0	-3	5
864	886	887	9	3.43	-3	5.46153846153846
865	888	889	5	0.068	-3	5.18181818181818
866	890	891	7	116.5	-3	5.07142857142857
867	892	893	9	3.27	-3	5
868	0	0	0	0	-1	5
869	0	0	0	0	-1	5
870	0	0	0	0	-1	5
871	894	895	3	0	-3	5
872	896	897	8	0	-3	6
873	0	0	0	0	-1	6
874	0	0	0	0	-1	6
875	898	899	4	0	-3	6
876	0	0	0	0	-1	5
877	0	0	0	0	-1	6
878	0	0	0	0	-1	5.5
879	0	0	0	0	-1	5
880	0	0	0	0	-1	6
881	0	0	0	0	-1	5
882	0	0	0	0	-1	6
883	900	901	2	0.51	-3	6
884	0	0	0	0	-1	5
885	902	903	8	0.99874	-3	5
886	904	905	9	3.345	-3	5.3
887	0	0	0	0	-1	6
888	0	0	0	0	-1	4.75
889	906	907	2	0.4	-3	5.2
890	0	0	0	0	-1	5.25
891	908	909	2	0.6425	-3	5
892	910	911	6	21	-3	5
893	912	913	9	3.29	-3	5
894	0	0	0	0	-1	5
895	0	0	0	0	-1	5
896	0	0	0	0	-1	7
897	0	0	0	0	-1	6
898	0	0	0	0	-1	5
899	914	915	9	0	-3	6
900	0	0	0	0	-1	6
901	0	0	0	0	-1	6
902	916	917	9	0	-3	5
903	0	0	0	0	-1	5
904	0	0	0	0	-1	6
905	918	919	7	0	-3	5
906	920	921	7	59	-3	5.5
907	922	923	7	88.5	-3	5.14814814814815
908	924	925	9	2.15	-3	5
909	0	0	0	0	-1	5
910	926	927	4	0	-3	5
911	928	929	11	0	-3	5
912	0	0	0	0	-1	5
913	0	0	0	0	-1	5
914	0	0	0	0	-1	6
915	930	931	8	0.996975	-3	6
916	0	0	0	0	-1	5
917	932	933	2	0.495	-3	5
918	0	0	0	0	-1	5
919	934	935	3	0.095	-3	5
920	936	937	7	40.5	-3	5.77777777777778
921	0	0	0	0	-1	5
922	938	939	11	9.85	-3	5.11111111111111
923	940	941	2	0.62	-3	5.44444444444444
924	0	0	0	0	-1	6
925	942	943	10	0.51	-3	5
926	0	0	0	0	-1	6
927	944	945	7	143.5	-3	5
928	0	0	0	0	-1	6
929	946	947	2	0.56	-3	5
930	0	0	0	0	-1	6
931	0	0	0	0	-1	6
932	0	0	0	0	-1	5
933	948	949	7	0	-3	5
934	0	0	0	0	-1	5
935	0	0	0	0	-1	5
936	0	0	0	0	-1	5
937	950	951	11	0	-3	6
938	952	953	2	0.655	-3	5.06451612903226
939	954	955	10	0.565	-3	5.4
940	0	0	0	0	-1	6
941	956	957	2	0.7375	-3	5.16666666666667
942	0	0	0	0	-1	5
943	0	0	0	0	-1	5
944	0	0	0	0	-1	5
945	0	0	0	0	-1	5
946	0	0	0	0	-1	5
947	0	0	0	0	-1	5
948	0	0	0	0	-1	5
949	958	959	5	0	-3	5
950	0	0	0	0	-1	5
951	960	961	10	0.495	-3	6
952	962	963	2	0.495	-3	5.025
953	964	965	2	0.685	-3	5.13636363636364
954	0	0	0	0	-1	6
955	966	967	4	1.85	-3	5
956	0	0	0	0	-1	5
957	0	0	0	0	-1	6
958	0	0	0	0	-1	6
959	0	0	0	0	-1	5
960	0	0	0	0	-1	6
961	0	0	0	0	-1	6
962	968	969	7	35	-3	5.06666666666667
963	970	971	10	0.515	-3	5
964	0	0	0	0	-1	5.5
965	972	973	5	0.0755	-3	5.05555555555556
966	0	0	0	0	-1	5
967	0	0	0	0	-1	5
968	0	0	0	0	-1	6
969	974	975	7	0	-3	5
970	976	977	4	0	-3	5
971	978	979	3	0.085	-3	5
972	0	0	0	0	-1	5.25
973	980	981	9	0	-3	5
974	0	0	0	0	-1	6
975	982	983	3	0	-3	5
976	0	0	0	0	-1	7
977	0	0	0	0	-1	5
978	0	0	0	0	-1	5
979	984	985	9	0	-3	5
980	0	0	0	0	-1	5
981	986	987	8	0.996175	-3	5
982	0	0	0	0	-1	3
983	988	989	8	0.9969	-3	5
984	0	0	0	0	-1	5
985	990	991	8	0.545	-3	5
986	0	0	0	0	-1	5
987	992	993	11	0	-3	5
988	0	0	0	0	-1	5
989	994	995	7	0	-3	5
990	0	0	0	0	-1	6
991	996	997	4	2.05	-3	5
992	0	0	0	0	-1	8
993	998	999	8	0.99655	-3	5
994	0	0	0	0	-1	6
995	1000	1001	5	0	-3	5
996	0	0	0	0	-1	5
997	0	0	0	0	-1	5
998	0	0	0	0	-1	5
999	1002	1003	5	0	-3	5
1000	0	0	0	0	-1	6
1001	1004	1005	6	0	-3	5
1002	0	0	0	0	-1	7
1003	1006	1007	6	25	-3	5
1004	0	0	0	0	-1	5
1005	1008	1009	9	3.345	-3	5
1006	1010	1011	5	0	-3	5
1007	0	0	0	0	-1	5
1008	0	0	0	0	-1	5
1009	0	0	0	0	-1	5
1010	0	0	0	0	-1	5
1011	1012	1013	2	0.705	-3	5
1012	0	0	0	0	-1	5
1013	0	0	0	0	-1	5
