1	2	3	2	0.425	-3	5.62038774233896
2	4	5	7	47.5	-3	6.07910750507099
3	6	7	11	11.45	-3	5.41591320072332
4	8	9	5	0.0785	-3	6.21865889212828
5	10	11	5	0.0645	-3	5.76
6	12	13	2	0.6525	-3	5.31034482758621
7	14	15	6	27.5	-3	6.28333333333333
8	16	17	8	0.99538	-3	6.39896373056995
9	18	19	10	0.585	-3	5.98666666666667
10	20	21	7	51	-3	6.42857142857143
11	22	23	8	0.99532	-3	5.60655737704918
12	24	25	4	1.65	-3	5.44067796610169
13	26	27	3	0.065	-3	5.0593471810089
14	28	29	10	0.805	-3	6.17
15	30	31	11	12.5	-3	6.85
16	32	33	3	0.395	-3	6.68965517241379
17	34	35	3	0.405	-3	6.16037735849057
18	36	37	2	0.28	-3	5.51612903225806
19	38	39	5	0.1055	-3	6.10924369747899
20	0	0	0	0	-1	7.33333333333333
21	40	41	10	0.53	-3	6.32
22	42	43	5	0.0705	-3	6.33333333333333
23	44	45	1	9.6	-3	5.50467289719626
24	46	47	5	0.1295	-3	5.10344827586207
25	48	49	11	10.35	-3	5.47377326565144
26	50	51	7	14.5	-3	4.85470085470085
27	52	53	11	9.15	-3	5.16818181818182
28	54	55	5	0.0545	-3	5.94366197183099
29	56	57	11	11.75	-3	6.72413793103448
30	58	59	1	6.45	-3	6.5625
31	0	0	0	0	-1	8
32	60	61	3	0.305	-3	6.85714285714286
33	62	63	4	1.95	-3	6.47368421052632
34	64	65	7	11	-3	5.64864864864865
35	66	67	4	4.7	-3	6.43478260869565
36	0	0	0	0	-1	7
37	68	69	8	0.99671	-3	5.41379310344828
38	70	71	11	10.95	-3	6.22093023255814
39	72	73	2	0.405	-3	5.81818181818182
40	0	0	0	0	-1	7
41	74	75	5	0.0635	-3	6.15
42	0	0	0	0	-1	6
43	76	77	11	11.5	-3	6.71428571428571
44	78	79	7	104.5	-3	5.58441558441558
45	80	81	6	34	-3	5.3
46	82	83	4	1.55	-3	5.24
47	84	85	8	0.99767	-3	4.25
48	86	87	7	45.5	-3	5.32458233890215
49	88	89	6	7.5	-3	5.83720930232558
50	90	91	8	0.99685	-3	4.52777777777778
51	92	93	2	0.9525	-3	5
52	94	95	1	8.15	-3	5.90909090909091
53	96	97	8	0.9983	-3	5.12918660287081
54	98	99	10	0.565	-3	5.47058823529412
55	100	101	8	1.0014	-3	6.09259259259259
56	0	0	0	0	-1	6
57	102	103	4	1.55	-3	6.84
58	0	0	0	0	-1	5
59	104	105	10	0.87	-3	6.66666666666667
60	106	107	4	2.15	-3	6.3
61	108	109	4	1.3	-3	7
62	110	111	7	27.5	-3	5.5
63	112	113	10	0.645	-3	6.73333333333333
64	0	0	0	0	-1	4
65	114	115	6	30.5	-3	5.74285714285714
66	116	117	2	0.315	-3	6.33870967741936
67	118	119	7	13.5	-3	7.28571428571429
68	120	121	4	2.1	-3	5.6
69	122	123	3	0	-3	5
70	124	125	10	0.735	-3	6
71	126	127	4	2.05	-3	6.57575757575758
72	128	129	1	8.95	-3	5.96296296296296
73	130	131	9	3.21	-3	5.16666666666667
74	132	133	1	8	-3	6
75	0	0	0	0	-1	7
76	0	0	0	0	-1	5
77	134	135	4	0	-3	7
78	136	137	9	3.465	-3	5.66176470588235
79	138	139	3	10.4	-3	5
80	140	141	4	2.55	-3	5.24137931034483
81	0	0	0	0	-1	7
82	142	143	1	6.3	-3	5.46666666666667
83	144	145	7	39.5	-3	4.9
84	0	0	0	0	-1	5
85	0	0	0	0	-1	3
86	146	147	3	0.195	-3	5.4945652173913
87	148	149	11	9.05	-3	5.19148936170213
88	150	151	2	0.465	-3	5.39393939393939
89	152	153	1	13.85	-3	5.94244604316547
90	154	155	10	0.605	-3	4.75
91	156	157	3	0.045	-3	3.75
92	158	159	5	0.1955	-3	5.0945945945946
93	160	161	11	10.85	-3	4
94	0	0	0	0	-1	5
95	162	163	7	23.5	-3	6
96	164	165	1	6.85	-3	5.04242424242424
97	166	167	11	9.45	-3	5.45454545454545
98	0	0	0	0	-1	4.8
99	168	169	11	12.65	-3	5.75
100	170	171	5	0.0825	-3	6.1875
101	172	173	3	0.64	-3	5.33333333333333
102	0	0	0	0	-1	8
103	174	175	3	0.215	-3	6.79166666666667
104	176	177	2	0.595	-3	6.83333333333333
105	0	0	0	0	-1	6
106	178	179	1	6.75	-3	6.66666666666667
107	0	0	0	0	-1	5.75
108	0	0	0	0	-1	6
109	180	181	2	0.375	-3	7.05405405405406
110	182	183	7	17.5	-3	5.33333333333333
111	0	0	0	0	-1	6
112	184	185	8	0.994805	-3	6
113	186	187	3	0.535	-3	6.91666666666667
114	188	189	1	6.3	-3	5.66666666666667
115	0	0	0	0	-1	7
116	190	191	9	3.03	-3	6.6
117	192	193	6	4.5	-3	5.86363636363636
118	0	0	0	0	-1	7.66666666666667
119	0	0	0	0	-1	7
120	194	195	11	10.25	-3	5.2
121	196	197	4	4.2	-3	6
122	0	0	0	0	-1	7
123	198	199	6	11	-3	5
124	200	201	9	3.455	-3	5.8125
125	202	203	10	0.775	-3	6.28571428571429
126	204	205	2	0.315	-3	6
127	206	207	7	28	-3	6.76
128	208	209	5	0.205	-3	6.375
129	210	211	10	0.91	-3	5.78947368421053
130	0	0	0	0	-1	5
131	0	0	0	0	-1	6
132	212	213	10	0.86	-3	5.85714285714286
133	0	0	0	0	-1	6.66666666666667
134	0	0	0	0	-1	6
135	0	0	0	0	-1	7
136	214	215	8	0.99589	-3	5.55769230769231
137	216	217	3	0.41	-3	6
138	218	219	9	3.37	-3	5
139	0	0	0	0	-1	5
140	0	0	0	0	-1	5
141	220	221	10	0.67	-3	5.46666666666667
142	222	223	5	0.0685	-3	4.83333333333333
143	224	225	3	0.085	-3	5.625
144	226	227	9	3.315	-3	5.07692307692308
145	228	229	3	0.045	-3	4.57142857142857
146	230	231	9	3.545	-3	5.65979381443299
147	232	233	5	0.1015	-3	5.31034482758621
148	234	235	2	0.56	-3	4.4
149	236	237	5	0.0625	-3	5.24545454545455
150	0	0	0	0	-1	6
151	238	239	10	0.895	-3	5.31034482758621
152	240	241	7	24.5	-3	5.96323529411765
153	0	0	0	0	-1	5
154	242	243	1	7.3	-3	4.92
155	0	0	0	0	-1	3.33333333333333
156	244	245	4	2.6	-3	3.85714285714286
157	0	0	0	0	-1	3
158	246	247	5	0.091	-3	5.12328767123288
159	0	0	0	0	-1	3
160	248	249	5	0.068	-3	3.66666666666667
161	0	0	0	0	-1	6
162	0	0	0	0	-1	6
163	250	251	8	0	-3	6
164	252	253	2	0.935	-3	4.71428571428571
165	254	255	9	3.335	-3	5.10948905109489
166	256	257	6	26.5	-3	5
167	258	259	3	0.13	-3	5.58823529411765
168	260	261	11	0	-3	6
169	0	0	0	0	-1	5
170	262	263	10	0.7	-3	5.93103448275862
171	264	265	8	0.99955	-3	6.57894736842105
172	0	0	0	0	-1	6
173	0	0	0	0	-1	5
174	266	267	10	0	-3	7
175	268	269	5	0.09	-3	6.54545454545454
176	270	271	11	11.9	-3	7
177	0	0	0	0	-1	6.33333333333333
178	0	0	0	0	-1	7
179	0	0	0	0	-1	6.33333333333333
180	272	273	5	0.0675	-3	6.96551724137931
181	274	275	10	0.74	-3	7.375
182	0	0	0	0	-1	5.66666666666667
183	0	0	0	0	-1	5
184	0	0	0	0	-1	6
185	0	0	0	0	-1	6
186	276	277	1	0	-3	7
187	0	0	0	0	-1	6
188	0	0	0	0	-1	5
189	278	279	10	0.57	-3	5.70967741935484
190	0	0	0	0	-1	7.2
191	280	281	2	0.275	-3	6.51428571428572
192	0	0	0	0	-1	5
193	282	283	8	0.99546	-3	6.05555555555556
194	284	285	7	27.5	-3	5
195	0	0	0	0	-1	6
196	286	287	5	0.0965	-3	6
197	0	0	0	0	-1	6
198	0	0	0	0	-1	5
199	0	0	0	0	-1	5
200	288	289	2	0.24	-3	5.92592592592593
201	0	0	0	0	-1	5.2
202	0	0	0	0	-1	7
203	290	291	11	10.35	-3	6.11764705882353
204	0	0	0	0	-1	6
205	292	293	1	7.85	-3	6
206	294	295	3	0.42	-3	6.9375
207	296	297	6	10	-3	6.44444444444444
208	298	299	3	0.35	-3	6.16666666666667
209	0	0	0	0	-1	7
210	300	301	11	10.7	-3	5.88235294117647
211	0	0	0	0	-1	5
212	302	303	4	1.7	-3	5.92307692307692
213	0	0	0	0	-1	5
214	0	0	0	0	-1	4.8
215	304	305	5	0.0875	-3	5.63829787234043
216	306	307	10	0.28	-3	6
217	0	0	0	0	-1	6
218	308	309	11	0	-3	5
219	0	0	0	0	-1	5
220	0	0	0	0	-1	5
221	310	311	11	10.45	-3	5.7
222	0	0	0	0	-1	5
223	0	0	0	0	-1	4
224	312	313	9	3.21	-3	6
225	314	315	9	3.075	-3	5.30769230769231
226	316	317	8	0.99538	-3	5
227	0	0	0	0	-1	5.5
228	0	0	0	0	-1	4.25
229	0	0	0	0	-1	5
230	318	319	10	0.535	-3	5.74117647058824
231	320	321	11	10.25	-3	5.08333333333333
232	322	323	11	9.95	-3	5.47058823529412
233	324	325	9	3.3	-3	4.73684210526316
234	326	327	6	51.5	-3	5.1
235	0	0	0	0	-1	3
236	0	0	0	0	-1	7
237	328	329	10	0.615	-3	5.23744292237443
238	330	331	9	3.305	-3	5.25
239	0	0	0	0	-1	7
240	332	333	3	0.075	-3	6.27272727272727
241	334	335	10	0.855	-3	5.86407766990291
242	336	337	8	0.996315	-3	5.14285714285714
243	338	339	7	13	-3	4.63636363636364
244	0	0	0	0	-1	4
245	0	0	0	0	-1	3.66666666666667
246	340	341	11	9.85	-3	5.01818181818182
247	342	343	4	2.9	-3	5.44444444444444
248	0	0	0	0	-1	3.33333333333333
249	0	0	0	0	-1	4
250	0	0	0	0	-1	6
251	344	345	6	50.5	-3	6
252	346	347	11	11.05	-3	4.8695652173913
253	0	0	0	0	-1	4
254	348	349	3	0.225	-3	5.02857142857143
255	350	351	7	15.5	-3	5.375
256	0	0	0	0	-1	5
257	0	0	0	0	-1	5
258	352	353	7	20.5	-3	5.94736842105263
259	354	355	10	0.695	-3	5.13333333333333
260	0	0	0	0	-1	6
261	356	357	2	0.59	-3	6
262	358	359	11	12.85	-3	5.88888888888889
263	0	0	0	0	-1	6.5
264	360	361	4	2.35	-3	6.6875
265	0	0	0	0	-1	6
266	0	0	0	0	-1	4
267	362	363	1	5.2	-3	7
268	0	0	0	0	-1	6
269	364	365	5	0.108	-3	7
270	0	0	0	0	-1	7
271	0	0	0	0	-1	7
272	366	367	10	0.545	-3	7
273	368	369	6	13	-3	6.83333333333333
274	370	371	9	3.345	-3	7.16666666666667
275	0	0	0	0	-1	8
276	0	0	0	0	-1	6
277	0	0	0	0	-1	7
278	0	0	0	0	-1	6
279	372	373	3	0.35	-3	5.625
280	374	375	3	0.475	-3	6.7
281	376	377	9	3.185	-3	6.26666666666667
282	0	0	0	0	-1	5
283	378	379	5	0.072	-3	6.26666666666667
284	0	0	0	0	-1	5
285	0	0	0	0	-1	5
286	0	0	0	0	-1	6
287	0	0	0	0	-1	6
288	0	0	0	0	-1	5
289	380	381	10	0.615	-3	5.96153846153846
290	382	383	9	3.245	-3	6
291	0	0	0	0	-1	6.4
292	0	0	0	0	-1	6
293	0	0	0	0	-1	6
294	0	0	0	0	-1	6
295	384	385	2	0	-3	7
296	0	0	0	0	-1	7
297	386	387	6	22.5	-3	6.28571428571429
298	0	0	0	0	-1	6
299	0	0	0	0	-1	7
300	388	389	8	0.99805	-3	5.66666666666667
301	390	391	10	0.64	-3	6
302	0	0	0	0	-1	5.5
303	392	393	4	7.2	-3	6
304	394	395	7	60.5	-3	5.48387096774194
305	396	397	6	34	-3	5.9375
306	0	0	0	0	-1	6
307	398	399	10	0.585	-3	6
308	0	0	0	0	-1	5
309	400	401	5	0.0935	-3	5
310	402	403	2	0.415	-3	5.875
311	0	0	0	0	-1	5
312	0	0	0	0	-1	5
313	404	405	5	0.0675	-3	6.1
314	0	0	0	0	-1	6
315	406	407	6	4.5	-3	5.1
316	0	0	0	0	-1	5
317	408	409	8	0.997	-3	5
318	410	411	2	0.495	-3	5.23076923076923
319	412	413	1	7.45	-3	5.83333333333333
320	414	415	6	6.5	-3	5
321	0	0	0	0	-1	6
322	416	417	4	2.25	-3	5.28260869565217
323	418	419	9	3.06	-3	5.86363636363636
324	420	421	1	8.65	-3	5.27272727272727
325	422	423	1	8.55	-3	4
326	424	425	3	9.25	-3	5
327	0	0	0	0	-1	6
328	426	427	1	11.25	-3	5.15079365079365
329	428	429	8	0.99719	-3	5.35483870967742
330	430	431	11	10.85	-3	5.53333333333333
331	432	433	9	3.39	-3	4.92307692307692
332	434	435	8	0.99506	-3	6.7
333	436	437	9	3.18	-3	6.08695652173913
334	438	439	7	95.5	-3	5.8
335	440	441	7	51.5	-3	6.625
336	442	443	5	0.073	-3	5.07692307692308
337	0	0	0	0	-1	6
338	444	445	5	0.1185	-3	4.8
339	0	0	0	0	-1	3
340	446	447	7	26.5	-3	4.86842105263158
341	448	449	3	0.025	-3	5.35294117647059
342	450	451	2	0.6975	-3	5.81818181818182
343	452	453	8	0.999975	-3	4.85714285714286
344	0	0	0	0	-1	6
345	0	0	0	0	-1	6
346	454	455	9	3.61	-3	5
347	0	0	0	0	-1	4
348	456	457	8	0.99684	-3	5.1875
349	458	459	6	11.5	-3	4.89473684210526
350	0	0	0	0	-1	4
351	460	461	8	0.996335	-3	5.46666666666667
352	0	0	0	0	-1	5
353	462	463	1	0	-3	6
354	464	465	11	11.25	-3	4.91666666666667
355	0	0	0	0	-1	6
356	0	0	0	0	-1	6
357	0	0	0	0	-1	6
358	466	467	8	0.99519	-3	5.91666666666667
359	0	0	0	0	-1	5.66666666666667
360	468	469	4	2.25	-3	6.4
361	470	471	4	4.6	-3	7.16666666666667
362	0	0	0	0	-1	7
363	472	473	1	0	-3	7
364	0	0	0	0	-1	7
365	0	0	0	0	-1	7
366	0	0	0	0	-1	7
367	0	0	0	0	-1	7
368	0	0	0	0	-1	6
369	0	0	0	0	-1	7
370	0	0	0	0	-1	7
371	0	0	0	0	-1	8
372	474	475	6	16.5	-3	5.85714285714286
373	476	477	10	0.695	-3	5.3
374	478	479	7	20	-3	6.91666666666667
375	480	481	8	0.99702	-3	6.375
376	482	483	4	1.75	-3	6.5
377	484	485	3	0.535	-3	6.11111111111111
378	486	487	7	17	-3	6.44444444444444
379	488	489	11	12.55	-3	6
380	0	0	0	0	-1	5.5
381	490	491	8	0.997535	-3	6.04545454545455
382	492	493	11	3.13	-3	6
383	0	0	0	0	-1	6
384	0	0	0	0	-1	5
385	494	495	8	0	-3	7
386	0	0	0	0	-1	6
387	0	0	0	0	-1	7
388	0	0	0	0	-1	5
389	0	0	0	0	-1	6
390	0	0	0	0	-1	6
391	496	497	9	0	-3	6
392	498	499	8	0.99394	-3	6
393	0	0	0	0	-1	6
394	500	501	8	0.99629	-3	5.21428571428571
395	502	503	1	8.85	-3	5.70588235294118
396	504	505	11	9.15	-3	5.86666666666667
397	0	0	0	0	-1	7
398	0	0	0	0	-1	6
399	0	0	0	0	-1	6
400	0	0	0	0	-1	5
401	0	0	0	0	-1	5
402	0	0	0	0	-1	6
403	0	0	0	0	-1	5
404	0	0	0	0	-1	6.25
405	506	507	2	0.48	-3	6
406	0	0	0	0	-1	5.5
407	508	509	1	6.9	-3	5
408	510	511	2	0	-3	5
409	0	0	0	0	-1	5
410	0	0	0	0	-1	6
411	512	513	5	0.085	-3	5
412	514	515	5	0.0985	-3	5.71739130434783
413	516	517	7	37.5	-3	6.03846153846154
414	0	0	0	0	-1	5
415	518	519	2	0.5	-3	5
416	520	521	7	33.5	-3	5.08
417	522	523	5	0.0795	-3	5.52380952380952
418	0	0	0	0	-1	5
419	524	525	8	1.0004	-3	5.95
420	0	0	0	0	-1	6
421	526	527	6	6.5	-3	5.11111111111111
422	0	0	0	0	-1	4
423	0	0	0	0	-1	4
424	528	529	11	8.9	-3	5
425	0	0	0	0	-1	5
426	530	531	7	114.5	-3	5.16935483870968
427	0	0	0	0	-1	4
428	532	533	3	0.49	-3	5.06451612903226
429	534	535	4	3.1	-3	5.5
430	536	537	1	9.2	-3	6
431	538	539	4	2.05	-3	5.22222222222222
432	0	0	0	0	-1	5
433	0	0	0	0	-1	4.75
434	0	0	0	0	-1	6
435	540	541	3	0.065	-3	7
436	0	0	0	0	-1	7
437	542	543	7	23.5	-3	6
438	544	545	10	0.525	-3	5.82608695652174
439	0	0	0	0	-1	5
440	0	0	0	0	-1	7
441	0	0	0	0	-1	6
442	0	0	0	0	-1	5.5
443	546	547	4	0	-3	5
444	548	549	8	0	-3	5
445	0	0	0	0	-1	3
446	550	551	7	22	-3	4.5
447	552	553	3	0.025	-3	5
448	554	555	4	2.25	-3	5.58333333333333
449	0	0	0	0	-1	4.8
450	0	0	0	0	-1	5.33333333333333
451	556	557	10	0.715	-3	6
452	558	559	6	7	-3	5
453	0	0	0	0	-1	4
454	0	0	0	0	-1	5
455	0	0	0	0	-1	5
456	560	561	9	3.255	-3	5
457	562	563	7	39.5	-3	5.6
458	564	565	1	8.55	-3	4.64705882352941
459	566	567	7	86	-3	5
460	568	569	4	2.05	-3	5.75
461	570	571	5	0.0835	-3	5.14285714285714
462	0	0	0	0	-1	5
463	572	573	5	0.0875	-3	6
464	574	575	8	0.9994	-3	5
465	0	0	0	0	-1	4
466	576	577	4	2.35	-3	6
467	0	0	0	0	-1	5.6
468	578	579	8	0.99362	-3	6.66666666666667
469	0	0	0	0	-1	6
470	0	0	0	0	-1	7
471	0	0	0	0	-1	8
472	0	0	0	0	-1	5
473	580	581	6	10.5	-3	7
474	582	583	3	0.28	-3	6
475	0	0	0	0	-1	5
476	584	585	3	0.365	-3	5
477	0	0	0	0	-1	5.75
478	0	0	0	0	-1	6
479	586	587	11	10.85	-3	7
480	0	0	0	0	-1	7
481	0	0	0	0	-1	6
482	0	0	0	0	-1	7
483	0	0	0	0	-1	6
484	588	589	10	0.76	-3	6
485	0	0	0	0	-1	6.33333333333333
486	0	0	0	0	-1	8
487	590	591	3	0.475	-3	6.25
488	0	0	0	0	-1	6
489	0	0	0	0	-1	6
490	0	0	0	0	-1	6.2
491	0	0	0	0	-1	6
492	0	0	0	0	-1	6
493	592	593	4	3	-3	6
494	0	0	0	0	-1	5
495	594	595	8	0	-3	7
496	0	0	0	0	-1	5
497	596	597	11	0.99767	-3	6
498	0	0	0	0	-1	6
499	0	0	0	0	-1	6
500	0	0	0	0	-1	6
501	598	599	11	9.1	-3	5.08333333333333
502	600	601	6	34	-3	5.8
503	0	0	0	0	-1	5
504	0	0	0	0	-1	5
505	602	603	3	0.6	-3	5.92857142857143
506	0	0	0	0	-1	6
507	0	0	0	0	-1	6
508	0	0	0	0	-1	5
509	604	605	11	0	-3	5
510	0	0	0	0	-1	5
511	0	0	0	0	-1	5
512	606	607	6	6	-3	5.125
513	0	0	0	0	-1	4.5
514	608	609	4	1.85	-3	5.8
515	610	611	1	7.15	-3	5.16666666666667
516	612	613	7	33	-3	6.125
517	0	0	0	0	-1	5
518	0	0	0	0	-1	5
519	0	0	0	0	-1	5
520	614	615	2	0.485	-3	4.95
521	0	0	0	0	-1	5.6
522	616	617	3	0.475	-3	5.16666666666667
523	618	619	4	2.9	-3	6
524	620	621	6	6	-3	5.89473684210526
525	0	0	0	0	-1	7
526	0	0	0	0	-1	6
527	622	623	10	0.695	-3	5
528	0	0	0	0	-1	5
529	624	625	5	0	-3	5
530	626	627	6	12.5	-3	5.21428571428572
531	628	629	9	3.12	-3	5
532	630	631	2	0.535	-3	5.03333333333333
533	0	0	0	0	-1	6
534	632	633	5	0.118	-3	5.65116279069767
535	634	635	6	13.5	-3	5.15789473684211
536	0	0	0	0	-1	6
537	0	0	0	0	-1	6
538	0	0	0	0	-1	6
539	636	637	4	0	-3	5
540	0	0	0	0	-1	7
541	0	0	0	0	-1	7
542	638	639	4	1.85	-3	5.88235294117647
543	0	0	0	0	-1	6.5
544	640	641	11	10.625	-3	5.33333333333333
545	642	643	7	32.5	-3	5.86046511627907
546	0	0	0	0	-1	7
547	644	645	5	0.1045	-3	5
548	0	0	0	0	-1	6
549	646	647	5	0.091	-3	5
550	648	649	4	1.4	-3	4.83333333333333
551	0	0	0	0	-1	4
552	650	651	11	9.65	-3	5
553	0	0	0	0	-1	5
554	652	653	2	0.72	-3	5.7
555	0	0	0	0	-1	5
556	0	0	0	0	-1	6
557	0	0	0	0	-1	6
558	0	0	0	0	-1	5
559	0	0	0	0	-1	5
560	654	655	11	7.35	-3	5
561	0	0	0	0	-1	5
562	0	0	0	0	-1	5
563	656	657	11	9.35	-3	5.81818181818182
564	658	659	8	0.99641	-3	4.25
565	660	661	6	0.062	-3	5
566	0	0	0	0	-1	5
567	662	663	3	0.3	-3	5
568	664	665	10	0.435	-3	5.55555555555556
569	666	667	6	0	-3	6
570	668	669	11	9.7	-3	5.33333333333333
571	670	671	9	3.345	-3	5
572	672	673	1	9.55	-3	6
573	0	0	0	0	-1	6
574	0	0	0	0	-1	5
575	0	0	0	0	-1	5
576	0	0	0	0	-1	6
577	0	0	0	0	-1	6
578	0	0	0	0	-1	6
579	0	0	0	0	-1	6.8
580	0	0	0	0	-1	7
581	0	0	0	0	-1	7
582	0	0	0	0	-1	6
583	674	675	6	6.5	-3	6
584	0	0	0	0	-1	5
585	0	0	0	0	-1	5
586	0	0	0	0	-1	7
587	676	677	5	0.0705	-3	7
588	0	0	0	0	-1	6
589	0	0	0	0	-1	6
590	0	0	0	0	-1	7
591	678	679	9	3.05	-3	6
592	0	0	0	0	-1	6
593	0	0	0	0	-1	6
594	0	0	0	0	-1	7
595	680	681	1	10.5	-3	7
596	0	0	0	0	-1	5
597	0	0	0	0	-1	6
598	0	0	0	0	-1	6
599	682	683	6	24	-3	5
600	684	685	4	2.4	-3	5.92307692307692
601	0	0	0	0	-1	5
602	686	687	6	26.5	-3	6
603	0	0	0	0	-1	5
604	0	0	0	0	-1	3
605	688	689	1	8	-3	5
606	0	0	0	0	-1	5.33333333333333
607	0	0	0	0	-1	5
608	690	691	3	0.185	-3	5.42857142857143
609	692	693	6	16.5	-3	5.87878787878788
610	0	0	0	0	-1	6
611	0	0	0	0	-1	5
612	694	695	4	5.75	-3	6.04761904761905
613	0	0	0	0	-1	6.66666666666667
614	0	0	0	0	-1	4.66666666666667
615	696	697	11	9.35	-3	5
616	698	699	6	5.5	-3	5
617	0	0	0	0	-1	5.5
618	700	701	2	0.505	-3	6.28571428571429
619	0	0	0	0	-1	5
620	702	703	1	9.55	-3	5.75
621	704	705	1	8.1	-3	6
622	706	707	4	0	-3	5
623	0	0	0	0	-1	5
624	0	0	0	0	-1	6
625	0	0	0	0	-1	5
626	708	709	7	0	-3	5
627	710	711	9	3.275	-3	5.25
628	0	0	0	0	-1	5
629	712	713	7	139.5	-3	5
630	714	715	6	32.5	-3	5.16666666666667
631	716	717	11	9.6	-3	5
632	718	719	10	1.965	-3	5.7
633	0	0	0	0	-1	5
634	0	0	0	0	-1	6
635	720	721	11	9.9	-3	5
636	0	0	0	0	-1	6
637	722	723	7	23	-3	5
638	0	0	0	0	-1	5
639	724	725	3	0.145	-3	6
640	0	0	0	0	-1	6
641	0	0	0	0	-1	5
642	726	727	8	0.99636	-3	5.58333333333333
643	728	729	10	0.585	-3	5.90540540540541
644	0	0	0	0	-1	5
645	730	731	4	0	-3	5
646	732	733	7	0	-3	5
647	0	0	0	0	-1	5
648	0	0	0	0	-1	4
649	0	0	0	0	-1	5
650	734	735	6	12	-3	5
651	736	737	7	36	-3	5
652	0	0	0	0	-1	6
653	0	0	0	0	-1	5.4
654	0	0	0	0	-1	4
655	738	739	10	0.49	-3	5
656	0	0	0	0	-1	5
657	740	741	1	9	-3	5.9
658	0	0	0	0	-1	4.66666666666667
659	0	0	0	0	-1	4
660	0	0	0	0	-1	6
661	0	0	0	0	-1	5
662	0	0	0	0	-1	5
663	742	743	2	0.68	-3	5
664	0	0	0	0	-1	6
665	744	745	9	3.35	-3	5.42857142857143
666	0	0	0	0	-1	6
667	746	747	5	0.167	-3	6
668	0	0	0	0	-1	5
669	0	0	0	0	-1	6
670	0	0	0	0	-1	5
671	748	749	7	0	-3	5
672	0	0	0	0	-1	6
673	0	0	0	0	-1	6
674	0	0	0	0	-1	6
675	0	0	0	0	-1	6
676	0	0	0	0	-1	7
677	0	0	0	0	-1	7
678	0	0	0	0	-1	6
679	0	0	0	0	-1	6
680	750	751	8	0.99453	-3	7
681	0	0	0	0	-1	7
682	752	753	11	0	-3	5
683	0	0	0	0	-1	5
684	754	755	1	7.4	-3	6
685	0	0	0	0	-1	5.66666666666667
686	756	757	6	22.5	-3	6
687	0	0	0	0	-1	6
688	0	0	0	0	-1	5
689	0	0	0	0	-1	5
690	0	0	0	0	-1	5
691	0	0	0	0	-1	6
692	758	759	9	3.495	-3	6
693	760	761	5	0.07	-3	5.6
694	762	763	8	0.997075	-3	6
695	0	0	0	0	-1	7
696	0	0	0	0	-1	5
697	764	765	6	9.65	-3	5
698	0	0	0	0	-1	5
699	766	767	3	0	-3	5
700	0	0	0	0	-1	7
701	0	0	0	0	-1	6
702	0	0	0	0	-1	5.33333333333333
703	0	0	0	0	-1	6
704	0	0	0	0	-1	6
705	768	769	3	0.23	-3	6
706	0	0	0	0	-1	6
707	770	771	10	0	-3	5
708	0	0	0	0	-1	5
709	772	773	9	3.325	-3	5
710	774	775	6	24	-3	5.53571428571429
711	776	777	4	8.05	-3	5.10714285714286
712	778	779	3	0	-3	5
713	0	0	0	0	-1	5
714	0	0	0	0	-1	5
715	0	0	0	0	-1	6
716	0	0	0	0	-1	5
717	780	781	9	3.095	-3	5
718	782	783	2	0.44	-3	5.75675675675676
719	0	0	0	0	-1	5
720	784	785	11	0	-3	5
721	786	787	4	0	-3	5
722	0	0	0	0	-1	5
723	0	0	0	0	-1	5
724	0	0	0	0	-1	6
725	788	789	1	7.2	-3	6
726	790	791	7	31.5	-3	5.8
727	0	0	0	0	-1	4.5
728	792	793	8	0.994125	-3	5.55555555555556
729	794	795	1	9.25	-3	5.95384615384615
730	0	0	0	0	-1	6
731	0	0	0	0	-1	5
732	0	0	0	0	-1	6
733	0	0	0	0	-1	5
734	796	797	1	7.65	-3	5
735	0	0	0	0	-1	5
736	798	799	8	0	-3	5
737	0	0	0	0	-1	5
738	0	0	0	0	-1	5
739	800	801	2	0.76	-3	5
740	0	0	0	0	-1	6
741	0	0	0	0	-1	5.5
742	0	0	0	0	-1	5
743	802	803	5	0	-3	5
744	0	0	0	0	-1	6
745	0	0	0	0	-1	5
746	0	0	0	0	-1	6
747	0	0	0	0	-1	6
748	0	0	0	0	-1	6
749	804	805	2	3.395	-3	5
750	0	0	0	0	-1	7
751	0	0	0	0	-1	7
752	0	0	0	0	-1	4
753	806	807	3	0.165	-3	5
754	808	809	3	0.28	-3	6
755	0	0	0	0	-1	6
756	810	811	6	12.5	-3	6
757	0	0	0	0	-1	6
758	812	813	7	23.5	-3	5.95
759	0	0	0	0	-1	6.33333333333333
760	814	815	11	10.25	-3	6
761	0	0	0	0	-1	5
762	816	817	8	0.99675	-3	6.06666666666667
763	0	0	0	0	-1	5.8
764	818	819	4	0	-3	5
765	0	0	0	0	-1	5
766	0	0	0	0	-1	5
767	820	821	4	0.515	-3	5
768	0	0	0	0	-1	6
769	822	823	11	0.08	-3	6
770	0	0	0	0	-1	5
771	0	0	0	0	-1	5
772	824	825	10	0.535	-3	5
773	0	0	0	0	-1	5
774	826	827	8	0.99608	-3	6
775	828	829	11	9.45	-3	5.23529411764706
776	830	831	3	0.025	-3	5.09090909090909
777	0	0	0	0	-1	6
778	0	0	0	0	-1	6
779	0	0	0	0	-1	5
780	0	0	0	0	-1	5
781	832	833	10	0	-3	5
782	834	835	9	3.345	-3	5.25
783	836	837	5	0.085	-3	5.89655172413793
784	0	0	0	0	-1	5
785	838	839	3	0.15	-3	5
786	0	0	0	0	-1	5
787	840	841	11	0	-3	5
788	0	0	0	0	-1	6
789	842	843	11	10.9	-3	6
790	844	845	3	0.085	-3	6
791	0	0	0	0	-1	5
792	0	0	0	0	-1	5
793	846	847	4	2.05	-3	5.71428571428571
794	848	849	7	72.5	-3	6
795	850	851	3	0.34	-3	5.78571428571429
796	0	0	0	0	-1	5
797	0	0	0	0	-1	5
798	0	0	0	0	-1	6
799	852	853	4	9.75	-3	5
800	854	855	8	0	-3	5
801	0	0	0	0	-1	5
802	0	0	0	0	-1	5
803	856	857	2	0.8825	-3	5
804	0	0	0	0	-1	5
805	0	0	0	0	-1	5
806	0	0	0	0	-1	5
807	0	0	0	0	-1	5
808	0	0	0	0	-1	6
809	0	0	0	0	-1	6
810	0	0	0	0	-1	6
811	858	859	5	57	-3	6
812	0	0	0	0	-1	5.5
813	860	861	4	2.15	-3	6
814	0	0	0	0	-1	6
815	0	0	0	0	-1	6
816	0	0	0	0	-1	6
817	0	0	0	0	-1	7
818	0	0	0	0	-1	6
819	862	863	8	0.997	-3	5
820	0	0	0	0	-1	5
821	0	0	0	0	-1	5
822	0	0	0	0	-1	5
823	864	865	11	10.1	-3	6
824	0	0	0	0	-1	5
825	0	0	0	0	-1	5
826	0	0	0	0	-1	6
827	0	0	0	0	-1	6
828	866	867	5	0.081	-3	5
829	868	869	1	9.1	-3	5.66666666666667
830	0	0	0	0	-1	6
831	870	871	2	0.44	-3	5.05660377358491
832	0	0	0	0	-1	6
833	872	873	3	0.095	-3	5
834	874	875	5	0.083	-3	5
835	0	0	0	0	-1	6
836	0	0	0	0	-1	5
837	876	877	1	10.15	-3	6
838	0	0	0	0	-1	5
839	878	879	9	0	-3	5
840	0	0	0	0	-1	5
841	0	0	0	0	-1	5
842	0	0	0	0	-1	6
843	0	0	0	0	-1	6
844	0	0	0	0	-1	6
845	0	0	0	0	-1	6
846	0	0	0	0	-1	5
847	880	881	1	9	-3	5.83333333333333
848	882	883	9	3.455	-3	6.02
849	0	0	0	0	-1	5
850	0	0	0	0	-1	5
851	884	885	1	9.85	-3	5.91666666666667
852	0	0	0	0	-1	5
853	0	0	0	0	-1	5
854	0	0	0	0	-1	6
855	886	887	3	0.99655	-3	5
856	888	889	5	0.103	-3	5
857	0	0	0	0	-1	5
858	0	0	0	0	-1	6
859	0	0	0	0	-1	6
860	0	0	0	0	-1	6
861	890	891	8	0.99577	-3	6
862	0	0	0	0	-1	5
863	0	0	0	0	-1	5
864	0	0	0	0	-1	6
865	0	0	0	0	-1	6
866	0	0	0	0	-1	5
867	892	893	2	0.5925	-3	5
868	0	0	0	0	-1	6
869	0	0	0	0	-1	5
870	0	0	0	0	-1	6
871	894	895	7	85.5	-3	5.03846153846154
872	0	0	0	0	-1	5
873	896	897	6	0	-3	5
874	0	0	0	0	-1	5
875	0	0	0	0	-1	5
876	0	0	0	0	-1	6
877	0	0	0	0	-1	6
878	0	0	0	0	-1	5
879	898	899	5	0.133	-3	5
880	0	0	0	0	-1	6
881	0	0	0	0	-1	5
882	900	901	2	0.6375	-3	5.97674418604651
883	902	903	1	7.35	-3	6.28571428571429
884	0	0	0	0	-1	5
885	904	905	4	0.67	-3	6
886	906	907	8	0.996065	-3	5
887	0	0	0	0	-1	5
888	908	909	7	0	-3	5
889	0	0	0	0	-1	5
890	0	0	0	0	-1	6
891	910	911	9	3.425	-3	6
892	912	913	10	0	-3	5
893	0	0	0	0	-1	5
894	914	915	5	0.085	-3	5
895	916	917	3	0.035	-3	5.09090909090909
896	0	0	0	0	-1	5
897	0	0	0	0	-1	5
898	0	0	0	0	-1	5
899	0	0	0	0	-1	5
900	0	0	0	0	-1	6
901	0	0	0	0	-1	5.66666666666667
902	918	919	4	2.25	-3	6.16666666666667
903	0	0	0	0	-1	7
904	0	0	0	0	-1	4
905	920	921	2	0.595	-3	6
906	0	0	0	0	-1	5
907	922	923	11	0	-3	5
908	0	0	0	0	-1	5
909	924	925	10	0.565	-3	5
910	0	0	0	0	-1	6
911	0	0	0	0	-1	6
912	0	0	0	0	-1	6
913	926	927	6	39.5	-3	5
914	0	0	0	0	-1	5
915	928	929	6	22.5	-3	5
916	0	0	0	0	-1	5.5
917	930	931	3	0.175	-3	5.05
918	0	0	0	0	-1	6
919	0	0	0	0	-1	6.5
920	932	933	9	3.175	-3	6
921	0	0	0	0	-1	6
922	0	0	0	0	-1	5
923	934	935	8	0.9967	-3	5
924	0	0	0	0	-1	5
925	0	0	0	0	-1	5
926	0	0	0	0	-1	5
927	0	0	0	0	-1	5
928	936	937	4	0	-3	5
929	0	0	0	0	-1	5
930	938	939	9	3.425	-3	5
931	940	941	11	9.4	-3	5.1
932	0	0	0	0	-1	6
933	0	0	0	0	-1	6
934	942	943	3	0	-3	5
935	0	0	0	0	-1	5
936	0	0	0	0	-1	6
937	944	945	7	65	-3	5
938	0	0	0	0	-1	5
939	0	0	0	0	-1	5
940	0	0	0	0	-1	6
941	946	947	9	3.29	-3	5
942	0	0	0	0	-1	6
943	948	949	10	0.6725	-3	5
944	0	0	0	0	-1	5
945	0	0	0	0	-1	5
946	0	0	0	0	-1	5
947	950	951	6	0	-3	5
948	0	0	0	0	-1	5
949	0	0	0	0	-1	5
950	0	0	0	0	-1	5
951	952	953	2	0.605	-3	5
952	0	0	0	0	-1	5
953	0	0	0	0	-1	5
