1	2	3	3	0.295	-3	5.62789243277048
2	4	5	10	0.585	-3	5.4054054054054
3	6	7	2	0.385	-3	5.90576652601969
4	8	9	2	0.37	-3	5.20967741935484
5	10	11	5	0.0735	-3	5.59251101321586
6	12	13	7	45	-3	6.31076923076923
7	14	15	10	0.635	-3	5.56476683937824
8	16	17	4	2.1	-3	5.8
9	18	19	8	0.997455	-3	5.18115942028985
10	20	21	2	0.905	-3	5.82
11	22	23	11	10.25	-3	5.48026315789474
12	24	25	11	9.75	-3	6.44957983193277
13	26	27	8	0.99532	-3	5.93103448275862
14	28	29	2	0.535	-3	5.24309392265193
15	30	31	11	10.85	-3	5.84878048780488
16	32	33	8	0.992455	-3	5.33333333333333
17	34	35	2	0.31	-3	6.18181818181818
18	36	37	9	3.735	-3	5.22551928783383
19	38	39	7	12	-3	4.98701298701299
20	40	41	5	0.046	-3	5.8551724137931
21	0	0	0	0	-1	4.8
22	42	43	4	5.8	-3	5.31578947368421
23	44	45	7	80	-3	5.8421052631579
24	46	47	5	0.086	-3	5.70967741935484
25	48	49	8	0.99765	-3	6.56038647342995
26	50	51	8	0.99508	-3	6.4
27	52	53	11	9.9	-3	5.83333333333333
28	54	55	6	20	-3	5.41071428571429
29	56	57	3	0.485	-3	4.97101449275362
30	58	59	1	11.5	-3	5.47747747747748
31	60	61	1	12.15	-3	6.28723404255319
32	0	0	0	0	-1	6
33	62	63	7	63.5	-3	5.14285714285714
34	0	0	0	0	-1	7
35	64	65	3	0.225	-3	6
36	66	67	9	3.445	-3	5.23652694610778
37	0	0	0	0	-1	4
38	0	0	0	0	-1	3
39	68	69	7	14.5	-3	5.01315789473684
40	70	71	5	0.0435	-3	6.5
41	72	73	8	0.995565	-3	5.78625954198473
42	74	75	9	3.54	-3	5.28292682926829
43	0	0	0	0	-1	7
44	76	77	9	3.7	-3	5.9
45	0	0	0	0	-1	4.8
46	78	79	1	14.65	-3	5.86363636363636
47	80	81	3	0.525	-3	5.33333333333333
48	82	83	10	0.615	-3	6.62941176470588
49	84	85	10	0.73	-3	6.24324324324324
50	86	87	10	0.55	-3	6.25
51	0	0	0	0	-1	7
52	88	89	9	3.325	-3	5.5
53	90	91	1	7.45	-3	6.1
54	92	93	5	0.072	-3	5.53571428571429
55	94	95	1	12.05	-3	5.03571428571429
56	96	97	1	9.95	-3	5.2093023255814
57	98	99	8	0.99865	-3	4.57692307692308
58	100	101	5	0.0925	-3	5.2967032967033
59	102	103	5	0.072	-3	6.3
60	104	105	1	8.25	-3	6.375
61	106	107	11	11.2	-3	5.78571428571429
62	0	0	0	0	-1	5
63	0	0	0	0	-1	5.33333333333333
64	0	0	0	0	-1	6
65	0	0	0	0	-1	6
66	108	109	2	0.7975	-3	5.1875
67	110	111	2	1	-3	5.45161290322581
68	112	113	1	9.4	-3	4.66666666666667
69	114	115	6	8.5	-3	5.05970149253731
70	0	0	0	0	-1	6
71	0	0	0	0	-1	7.4
72	116	117	3	0.175	-3	6.02777777777778
73	118	119	3	0.215	-3	5.49152542372881
74	120	121	4	1.55	-3	5.34463276836158
75	122	123	2	0.7325	-3	4.89285714285714
76	124	125	7	14	-3	5.85714285714286
77	126	127	8	0.99411	-3	6.5
78	128	129	8	0.9977	-3	5.80952380952381
79	0	0	0	0	-1	7
80	130	131	10	0.75	-3	5
81	0	0	0	0	-1	6
82	132	133	8	0.99664	-3	6.26190476190476
83	134	135	4	2.35	-3	6.75
84	136	137	11	12.75	-3	5.89473684210526
85	138	139	10	0.935	-3	6.61111111111111
86	0	0	0	0	-1	6.6
87	140	141	2	0.23	-3	6
88	142	143	8	0.997545	-3	5.34782608695652
89	144	145	11	9.3	-3	5.88888888888889
90	0	0	0	0	-1	5.4
91	146	147	7	79.5	-3	6.2
92	148	149	10	0.475	-3	5.9
93	150	151	10	0.585	-3	5.421875
94	152	153	5	0.071	-3	5.11538461538461
95	0	0	0	0	-1	4
96	154	155	8	0.9973	-3	5.06060606060606
97	156	157	6	23.5	-3	5.7
98	158	159	1	11.95	-3	4.93333333333333
99	160	161	11	9.75	-3	4.09090909090909
100	162	163	7	83	-3	5.53191489361702
101	164	165	10	1.46	-3	5.04545454545455
102	0	0	0	0	-1	5
103	166	167	9	3.175	-3	6.36842105263158
104	168	169	9	3.43	-3	6.07142857142857
105	170	171	11	11.45	-3	6.43939393939394
106	0	0	0	0	-1	5.25
107	172	173	4	2.9	-3	6
108	174	175	11	9.53333333333333	-3	5.2719298245614
109	176	177	1	7	-3	4.75
110	178	179	5	0.054	-3	5.48333333333333
111	0	0	0	0	-1	4.5
112	0	0	0	0	-1	5
113	0	0	0	0	-1	4
114	180	181	5	0.092	-3	5.57142857142857
115	182	183	11	9.95	-3	5
116	184	185	1	6.95	-3	6.17543859649123
117	186	187	9	3.565	-3	5.46666666666667
118	188	189	11	10.05	-3	5.64285714285714
119	190	191	3	0.27	-3	5.11764705882353
120	192	193	6	23	-3	4.75
121	194	195	7	47.5	-3	5.37278106508876
122	196	197	8	0.995225	-3	5.125
123	0	0	0	0	-1	3.5
124	198	199	11	11.1	-3	4.66666666666667
125	200	201	7	35.5	-3	5.94871794871795
126	0	0	0	0	-1	7
127	0	0	0	0	-1	6.25
128	0	0	0	0	-1	6
129	202	203	1	10.65	-3	5.71428571428571
130	0	0	0	0	-1	5
131	0	0	0	0	-1	5
132	204	205	5	0.0605	-3	6.35897435897436
133	0	0	0	0	-1	5
134	206	207	5	0.0615	-3	6.64210526315789
135	208	209	1	10.55	-3	7.06060606060606
136	210	211	4	2.95	-3	5.76470588235294
137	0	0	0	0	-1	7
138	212	213	2	0.355	-3	6.83333333333333
139	214	215	11	9.95	-3	6.16666666666667
140	0	0	0	0	-1	6
141	0	0	0	0	-1	6
142	216	217	10	0.835	-3	5.09090909090909
143	218	219	7	60.5	-3	5.58333333333333
144	0	0	0	0	-1	5
145	220	221	11	9.45	-3	6
146	222	223	11	10.25	-3	6.03448275862069
147	224	225	10	0.755	-3	7
148	0	0	0	0	-1	5
149	226	227	5	0.0705	-3	6.05882352941176
150	228	229	5	0.09	-3	5.26086956521739
151	230	231	5	0.08	-3	5.83333333333333
152	0	0	0	0	-1	6
153	232	233	10	0.615	-3	5.08
154	234	235	1	7.9	-3	5.22222222222222
155	236	237	8	0.997735	-3	4.86666666666667
156	0	0	0	0	-1	5.4
157	0	0	0	0	-1	6
158	238	239	3	0.565	-3	5.27272727272727
159	0	0	0	0	-1	4
160	240	241	6	12	-3	3.57142857142857
161	0	0	0	0	-1	5
162	242	243	4	2.7	-3	5.67567567567568
163	244	245	1	7.2	-3	5
164	246	247	4	1.6	-3	4.97560975609756
165	0	0	0	0	-1	6
166	248	249	7	42.5	-3	6.44444444444444
167	0	0	0	0	-1	5
168	250	251	1	7.65	-3	6
169	0	0	0	0	-1	7
170	252	253	1	10.3	-3	6.21428571428571
171	254	255	11	12.3	-3	6.60526315789474
172	0	0	0	0	-1	6
173	0	0	0	0	-1	6
174	256	257	8	0.99667	-3	5.10958904109589
175	258	259	7	24	-3	5.34838709677419
176	0	0	0	0	-1	4
177	260	261	7	48.5	-3	4.825
178	262	263	5	0.0465	-3	5.11111111111111
179	264	265	4	2.35	-3	5.54901960784314
180	0	0	0	0	-1	5.8
181	0	0	0	0	-1	5
182	266	267	4	2.25	-3	4.96551724137931
183	0	0	0	0	-1	6
184	268	269	9	3.605	-3	5.95555555555556
185	270	271	11	12.4	-3	7
186	272	273	5	0.0705	-3	5.28571428571429
187	0	0	0	0	-1	8
188	274	275	4	1.95	-3	5.44
189	276	277	4	1.95	-3	5.94117647058824
190	278	279	8	0.99574	-3	5
191	0	0	0	0	-1	7
192	0	0	0	0	-1	5.5
193	0	0	0	0	-1	4
194	280	281	2	0.5475	-3	5.55681818181818
195	282	283	9	3.47	-3	5.17283950617284
196	0	0	0	0	-1	4
197	284	285	7	27.5	-3	5.22727272727273
198	0	0	0	0	-1	5.33333333333333
199	0	0	0	0	-1	4
200	286	287	4	2	-3	5.83333333333333
201	288	289	5	0.1195	-3	6.04761904761905
202	0	0	0	0	-1	5
203	290	291	8	1.0004	-3	5.90909090909091
204	292	293	4	1.75	-3	5.75
205	294	295	11	11	-3	6.51612903225806
206	296	297	3	0.335	-3	6.88461538461539
207	298	299	10	0.825	-3	6.55072463768116
208	300	301	11	11.45	-3	6.89285714285714
209	0	0	0	0	-1	8
210	302	303	5	0.2325	-3	5.85714285714286
211	0	0	0	0	-1	5.33333333333333
212	304	305	2	0.315	-3	6.90909090909091
213	0	0	0	0	-1	6
214	0	0	0	0	-1	7
215	0	0	0	0	-1	6
216	306	307	2	0.285	-3	5
217	0	0	0	0	-1	6
218	308	309	7	0	-3	6
219	0	0	0	0	-1	5
220	0	0	0	0	-1	6
221	310	311	11	9.6	-3	6
222	312	313	3	0.415	-3	6.33333333333333
223	314	315	8	0.9999	-3	5.9
224	0	0	0	0	-1	7
225	0	0	0	0	-1	7
226	316	317	7	17	-3	5.75
227	0	0	0	0	-1	6.8
228	318	319	11	11.55	-3	5.40740740740741
229	320	321	7	17.5	-3	5.05263157894737
230	0	0	0	0	-1	5
231	322	323	9	3.215	-3	6
232	324	325	1	9.55	-3	5
233	0	0	0	0	-1	5.5
234	326	327	7	70.5	-3	5
235	328	329	11	10.75	-3	5.5
236	0	0	0	0	-1	4.33333333333333
237	330	331	5	0.099	-3	5
238	332	333	7	59.5	-3	4.83333333333333
239	0	0	0	0	-1	5.8
240	0	0	0	0	-1	3
241	0	0	0	0	-1	4
242	334	335	7	21.5	-3	5.55555555555556
243	336	337	2	0.615	-3	6
244	0	0	0	0	-1	5
245	0	0	0	0	-1	5
246	0	0	0	0	-1	3
247	338	339	7	34.5	-3	5.025
248	340	341	4	2.8	-3	6.66666666666667
249	342	343	3	0.655	-3	6
250	0	0	0	0	-1	6
251	0	0	0	0	-1	6
252	344	345	2	0.485	-3	6.46153846153846
253	346	347	5	0.067	-3	6
254	348	349	8	0.9997	-3	6.76923076923077
255	350	351	1	8.75	-3	6.25
256	352	353	10	0.44	-3	5.02222222222222
257	354	355	8	0.99691	-3	5.25
258	356	357	6	13.5	-3	5.11363636363636
259	358	359	7	31.5	-3	5.44144144144144
260	360	361	10	0.395	-3	4.95833333333333
261	362	363	7	51.5	-3	4.625
262	0	0	0	0	-1	6
263	364	365	3	0.03	-3	5
264	366	367	5	0.0645	-3	5.72972972972973
265	368	369	5	0.093	-3	5.07142857142857
266	370	371	4	2.05	-3	4.81818181818182
267	372	373	9	3.3	-3	5
268	374	375	7	24.5	-3	6.15625
269	376	377	8	0.99345	-3	5.46153846153846
270	378	379	7	26.5	-3	6.57142857142857
271	0	0	0	0	-1	7.6
272	380	381	2	0.52	-3	5
273	0	0	0	0	-1	6
274	382	383	5	0.066	-3	5
275	384	385	2	0.7075	-3	5.78571428571429
276	0	0	0	0	-1	5
277	386	387	4	5.2	-3	6.14285714285714
278	0	0	0	0	-1	5
279	388	389	4	0	-3	5
280	390	391	6	4.5	-3	5.92
281	392	393	6	11.5	-3	5.41269841269841
282	394	395	3	0.125	-3	5.09722222222222
283	396	397	4	2.3	-3	5.77777777777778
284	0	0	0	0	-1	6
285	0	0	0	0	-1	5
286	398	399	8	0.99624	-3	5.33333333333333
287	400	401	9	3.575	-3	6.08333333333333
288	402	403	6	20.5	-3	6.02439024390244
289	0	0	0	0	-1	7
290	404	405	9	3.05	-3	6
291	0	0	0	0	-1	5.5
292	406	407	4	1.6	-3	6
293	0	0	0	0	-1	5
294	0	0	0	0	-1	5.8
295	408	409	3	0.415	-3	6.65384615384616
296	0	0	0	0	-1	8
297	410	411	2	0.195	-3	6.73913043478261
298	412	413	6	5.5	-3	6.41304347826087
299	414	415	8	0.99698	-3	6.82608695652174
300	416	417	10	1.01	-3	6.14285714285714
301	418	419	3	0.43	-3	7.14285714285714
302	420	421	9	3.185	-3	6
303	0	0	0	0	-1	5
304	422	423	1	10.25	-3	7
305	0	0	0	0	-1	6.75
306	0	0	0	0	-1	5
307	424	425	8	0	-3	5
308	0	0	0	0	-1	5
309	426	427	7	49.5	-3	6
310	0	0	0	0	-1	6
311	0	0	0	0	-1	6
312	0	0	0	0	-1	6.75
313	0	0	0	0	-1	6
314	428	429	3	0.545	-3	5.84210526315789
315	0	0	0	0	-1	7
316	0	0	0	0	-1	5.4
317	0	0	0	0	-1	6
318	430	431	10	0.555	-3	5.23809523809524
319	432	433	9	0	-3	6
320	0	0	0	0	-1	6
321	434	435	5	0.1025	-3	5
322	436	437	10	0.595	-3	6.27272727272727
323	0	0	0	0	-1	5.25
324	0	0	0	0	-1	5
325	0	0	0	0	-1	5
326	0	0	0	0	-1	5
327	438	439	9	0	-3	5
328	0	0	0	0	-1	6
329	0	0	0	0	-1	5
330	440	441	3	0	-3	5
331	0	0	0	0	-1	5
332	0	0	0	0	-1	4
333	0	0	0	0	-1	5
334	0	0	0	0	-1	6
335	442	443	2	0.4175	-3	5.45454545454545
336	444	445	1	9.6	-3	6.11111111111111
337	0	0	0	0	-1	5
338	0	0	0	0	-1	5.33333333333333
339	446	447	6	29	-3	5
340	448	449	3	0.515	-3	6.33333333333333
341	450	451	4	0	-3	7
342	0	0	0	0	-1	6
343	0	0	0	0	-1	6
344	452	453	8	0.99522	-3	6.75
345	0	0	0	0	-1	6
346	0	0	0	0	-1	6
347	454	455	2	0.415	-3	6
348	456	457	8	0.996385	-3	6.90909090909091
349	0	0	0	0	-1	6
350	0	0	0	0	-1	7
351	458	459	2	0.42	-3	6.1
352	0	0	0	0	-1	4.66666666666667
353	460	461	11	9.25	-3	5.04761904761905
354	462	463	8	0.996855	-3	5.4375
355	464	465	2	0.585	-3	5
356	466	467	8	0.99494	-3	5.06976744186047
357	0	0	0	0	-1	7
358	468	469	3	0.155	-3	5.73076923076923
359	470	471	7	38.5	-3	5.35294117647059
360	0	0	0	0	-1	4
361	472	473	3	0.235	-3	5
362	0	0	0	0	-1	3
363	474	475	2	0.84	-3	4.85714285714286
364	0	0	0	0	-1	5
365	476	477	9	0	-3	5
366	478	479	6	23.5	-3	6.22222222222222
367	480	481	4	1.65	-3	5.57142857142857
368	482	483	5	0.0615	-3	4.91666666666667
369	0	0	0	0	-1	6
370	484	485	3	0	-3	5
371	0	0	0	0	-1	4.33333333333333
372	486	487	5	0.0875	-3	5
373	488	489	4	0.7075	-3	5
374	490	491	8	0.995165	-3	5.86666666666667
375	492	493	3	0.07	-3	6.41176470588235
376	494	495	11	13.45	-3	6
377	0	0	0	0	-1	5
378	0	0	0	0	-1	7
379	0	0	0	0	-1	6
380	0	0	0	0	-1	5
381	496	497	2	0	-3	5
382	498	499	5	0.9962	-3	5
383	0	0	0	0	-1	5
384	500	501	4	2.05	-3	6
385	0	0	0	0	-1	5
386	502	503	5	0.0625	-3	6
387	0	0	0	0	-1	7
388	0	0	0	0	-1	6
389	504	505	6	2.05	-3	5
390	0	0	0	0	-1	5.5
391	506	507	4	1.7	-3	5.95652173913043
392	508	509	3	0.13	-3	5.58064516129032
393	510	511	5	0.109	-3	5.25
394	512	513	2	0.8675	-3	4.94736842105263
395	514	515	7	48.5	-3	5.15094339622642
396	0	0	0	0	-1	5
397	516	517	2	0.555	-3	5.875
398	0	0	0	0	-1	6
399	518	519	3	0.125	-3	5
400	520	521	8	0.996565	-3	5.95238095238095
401	0	0	0	0	-1	7
402	522	523	2	0.615	-3	6.17647058823529
403	524	525	11	10.5	-3	5.91666666666667
404	526	527	3	0.495	-3	6
405	0	0	0	0	-1	6
406	0	0	0	0	-1	5.8
407	0	0	0	0	-1	7
408	528	529	9	3.385	-3	6.83333333333333
409	530	531	3	0.485	-3	6.25
410	0	0	0	0	-1	6
411	532	533	9	3.34	-3	6.80952380952381
412	534	535	11	11.35	-3	6
413	536	537	7	19.5	-3	6.52777777777778
414	0	0	0	0	-1	7
415	538	539	3	0.475	-3	6.42857142857143
416	540	541	9	3.205	-3	6
417	0	0	0	0	-1	7
418	542	543	9	3.39	-3	6.84615384615385
419	544	545	3	0.475	-3	7.625
420	0	0	0	0	-1	6
421	546	547	10	0	-3	6
422	0	0	0	0	-1	7
423	0	0	0	0	-1	7
424	0	0	0	0	-1	5
425	548	549	8	0.9962	-3	5
426	0	0	0	0	-1	6
427	0	0	0	0	-1	6
428	550	551	8	0.99722	-3	6
429	0	0	0	0	-1	5
430	552	553	4	3.05	-3	5.0625
431	0	0	0	0	-1	5.8
432	0	0	0	0	-1	5
433	0	0	0	0	-1	6
434	554	555	10	0	-3	5
435	0	0	0	0	-1	5
436	0	0	0	0	-1	7
437	556	557	11	10.65	-3	6.11111111111111
438	0	0	0	0	-1	5
439	558	559	3	0.45	-3	5
440	0	0	0	0	-1	5
441	560	561	2	1.11	-3	5
442	562	563	9	3.425	-3	5.18181818181818
443	564	565	2	0.49	-3	5.72727272727273
444	0	0	0	0	-1	6.33333333333333
445	566	567	2	0.51	-3	6
446	568	569	3	0.595	-3	5
447	570	571	11	0	-3	5
448	0	0	0	0	-1	6
449	0	0	0	0	-1	7
450	0	0	0	0	-1	5
451	0	0	0	0	-1	7
452	0	0	0	0	-1	6
453	572	573	5	0.077	-3	6.85714285714286
454	0	0	0	0	-1	6
455	574	575	9	0.565	-3	6
456	0	0	0	0	-1	6.5
457	576	577	5	0.0715	-3	6.95
458	0	0	0	0	-1	7
459	578	579	8	0.996425	-3	6
460	0	0	0	0	-1	5.25
461	580	581	6	10	-3	5.02631578947368
462	582	583	6	12.5	-3	5.25
463	0	0	0	0	-1	6
464	0	0	0	0	-1	5
465	584	585	4	4.15	-3	5
466	586	587	1	7	-3	5.44444444444444
467	588	589	2	0.475	-3	4.97058823529412
468	590	591	11	9.95	-3	6
469	592	593	9	3.265	-3	5.5
470	594	595	4	1.55	-3	5.05263157894737
471	596	597	11	10.4	-3	5.43939393939394
472	598	599	2	1.0225	-3	5.04545454545455
473	0	0	0	0	-1	4
474	0	0	0	0	-1	4.5
475	600	601	4	1.75	-3	5
476	0	0	0	0	-1	5
477	602	603	3	0.07	-3	5
478	0	0	0	0	-1	6
479	0	0	0	0	-1	7
480	0	0	0	0	-1	5
481	604	605	5	0.1275	-3	5.69565217391304
482	0	0	0	0	-1	4
483	606	607	2	0.65	-3	5
484	0	0	0	0	-1	5
485	0	0	0	0	-1	5
486	0	0	0	0	-1	5
487	608	609	4	2.55	-3	5
488	0	0	0	0	-1	6
489	610	611	5	0.51	-3	5
490	612	613	4	2	-3	5.92857142857143
491	0	0	0	0	-1	5
492	614	615	3	0.01	-3	6
493	616	617	11	9.8	-3	6.77777777777778
494	0	0	0	0	-1	6
495	0	0	0	0	-1	6
496	0	0	0	0	-1	5
497	618	619	11	11.55	-3	5
498	0	0	0	0	-1	5
499	0	0	0	0	-1	5
500	0	0	0	0	-1	6
501	620	621	5	0.0705	-3	6
502	0	0	0	0	-1	6
503	622	623	6	8	-3	6
504	0	0	0	0	-1	6
505	624	625	11	9.75	-3	5
506	0	0	0	0	-1	5
507	0	0	0	0	-1	6
508	626	627	7	21.5	-3	5.86666666666667
509	628	629	5	0.165	-3	5.3125
510	630	631	5	0.0795	-3	5.2
511	0	0	0	0	-1	6
512	632	633	5	0	-3	5
513	0	0	0	0	-1	4
514	0	0	0	0	-1	6
515	634	635	11	10.15	-3	5.13461538461539
516	0	0	0	0	-1	5
517	636	637	11	7.65	-3	6
518	0	0	0	0	-1	5
519	0	0	0	0	-1	5
520	638	639	6	19	-3	5.9
521	0	0	0	0	-1	7
522	640	641	10	0.78	-3	6.07142857142857
523	0	0	0	0	-1	6.66666666666667
524	642	643	6	27.5	-3	5.71428571428571
525	644	645	11	0	-3	6
526	0	0	0	0	-1	6
527	0	0	0	0	-1	6
528	646	647	3	0.335	-3	6.9375
529	0	0	0	0	-1	6
530	648	649	8	0.99365	-3	6.14285714285714
531	0	0	0	0	-1	7
532	650	651	8	0.997175	-3	6.9375
533	0	0	0	0	-1	6.4
534	0	0	0	0	-1	6
535	652	653	7	0	-3	6
536	654	655	1	8.45	-3	7
537	656	657	1	8.85	-3	6.37037037037037
538	0	0	0	0	-1	7
539	0	0	0	0	-1	6
540	0	0	0	0	-1	6
541	0	0	0	0	-1	6
542	658	659	1	7.75	-3	7
543	0	0	0	0	-1	5
544	0	0	0	0	-1	8
545	0	0	0	0	-1	7.4
546	0	0	0	0	-1	6
547	660	661	11	11.55	-3	6
548	0	0	0	0	-1	5
549	0	0	0	0	-1	5
550	662	663	4	2.4	-3	6.06666666666667
551	0	0	0	0	-1	5
552	664	665	5	0.0885	-3	5
553	0	0	0	0	-1	6
554	0	0	0	0	-1	6
555	0	0	0	0	-1	5
556	666	667	1	11.25	-3	6
557	0	0	0	0	-1	7
558	0	0	0	0	-1	5
559	0	0	0	0	-1	5
560	668	669	11	0	-3	5
561	0	0	0	0	-1	5
562	0	0	0	0	-1	5.4
563	0	0	0	0	-1	5
564	670	671	4	2.3	-3	6.16666666666667
565	0	0	0	0	-1	5.2
566	0	0	0	0	-1	6
567	0	0	0	0	-1	6
568	672	673	10	0.98	-3	5
569	674	675	7	0	-3	5
570	0	0	0	0	-1	6
571	676	677	4	4.2	-3	5
572	0	0	0	0	-1	7
573	0	0	0	0	-1	6
574	0	0	0	0	-1	5
575	678	679	10	0.51	-3	6
576	0	0	0	0	-1	6
577	0	0	0	0	-1	7
578	0	0	0	0	-1	6
579	0	0	0	0	-1	6
580	680	681	6	8	-3	5.08333333333333
581	682	683	5	0.076	-3	5
582	0	0	0	0	-1	5
583	0	0	0	0	-1	5.6
584	684	685	11	0	-3	5
585	0	0	0	0	-1	5
586	0	0	0	0	-1	4.5
587	0	0	0	0	-1	6.2
588	0	0	0	0	-1	4
589	686	687	3	0.005	-3	5.03125
590	0	0	0	0	-1	6
591	0	0	0	0	-1	6
592	688	689	4	0	-3	6
593	690	691	2	0	-3	5
594	0	0	0	0	-1	6
595	692	693	2	0.56	-3	5
596	694	695	11	9.85	-3	5.35185185185185
597	696	697	9	3.215	-3	5.83333333333333
598	698	699	8	0.99606	-3	5
599	0	0	0	0	-1	6
600	0	0	0	0	-1	5
601	700	701	6	14	-3	5
602	0	0	0	0	-1	5
603	0	0	0	0	-1	5
604	702	703	6	24.5	-3	5.8
605	0	0	0	0	-1	5
606	704	705	2	0	-3	5
607	0	0	0	0	-1	5
608	0	0	0	0	-1	5
609	706	707	8	0.998405	-3	5
610	708	709	6	35.5	-3	5
611	0	0	0	0	-1	5
612	0	0	0	0	-1	5.5
613	710	711	3	0.055	-3	6
614	0	0	0	0	-1	6
615	0	0	0	0	-1	6
616	0	0	0	0	-1	6
617	712	713	7	27	-3	7
618	0	0	0	0	-1	5
619	0	0	0	0	-1	5
620	714	715	6	10	-3	6
621	0	0	0	0	-1	6
622	0	0	0	0	-1	6
623	716	717	1	6.65	-3	6
624	0	0	0	0	-1	5
625	0	0	0	0	-1	5
626	718	719	6	4.5	-3	5.57142857142857
627	720	721	11	10.15	-3	6.125
628	722	723	2	0.6625	-3	5.26666666666667
629	0	0	0	0	-1	6
630	724	725	1	6.95	-3	5.33333333333333
631	726	727	1	7.9	-3	5
632	0	0	0	0	-1	6
633	728	729	10	0	-3	5
634	730	731	11	9.15	-3	5.06382978723404
635	0	0	0	0	-1	5.8
636	0	0	0	0	-1	5
637	732	733	9	3.49	-3	6
638	734	735	6	14.5	-3	5.94736842105263
639	0	0	0	0	-1	5
640	736	737	2	0.54	-3	6
641	0	0	0	0	-1	7
642	0	0	0	0	-1	5.33333333333333
643	0	0	0	0	-1	6
644	0	0	0	0	-1	7
645	738	739	8	0.99649	-3	6
646	0	0	0	0	-1	6.8
647	740	741	2	0.255	-3	7
648	0	0	0	0	-1	7
649	742	743	11	11.8	-3	6
650	744	745	3	0	-3	7
651	0	0	0	0	-1	6
652	0	0	0	0	-1	6
653	0	0	0	0	-1	6
654	0	0	0	0	-1	7
655	0	0	0	0	-1	7
656	746	747	10	0.715	-3	6
657	748	749	6	15	-3	6.58823529411765
658	0	0	0	0	-1	7
659	750	751	4	5.5	-3	7
660	0	0	0	0	-1	6
661	0	0	0	0	-1	6
662	752	753	8	0.99685	-3	6
663	0	0	0	0	-1	6.33333333333333
664	754	755	11	0	-3	5
665	0	0	0	0	-1	5
666	0	0	0	0	-1	6
667	0	0	0	0	-1	6
668	0	0	0	0	-1	7
669	756	757	5	0.082	-3	5
670	0	0	0	0	-1	7
671	0	0	0	0	-1	6
672	0	0	0	0	-1	5
673	758	759	10	0	-3	5
674	0	0	0	0	-1	6
675	760	761	4	0	-3	5
676	762	763	4	0	-3	5
677	0	0	0	0	-1	5
678	0	0	0	0	-1	6
679	0	0	0	0	-1	6
680	764	765	11	9.45	-3	5
681	0	0	0	0	-1	6
682	766	767	1	0	-3	5
683	768	769	4	1.95	-3	5
684	0	0	0	0	-1	5
685	770	771	8	0.0885	-3	5
686	0	0	0	0	-1	5.25
687	772	773	3	0.08	-3	5
688	0	0	0	0	-1	5
689	774	775	1	8.1	-3	6
690	0	0	0	0	-1	5
691	0	0	0	0	-1	5
692	776	777	10	0.5	-3	5
693	778	779	2	0.6475	-3	5
694	780	781	6	34.5	-3	5.62962962962963
695	782	783	4	2.7	-3	5.07407407407407
696	0	0	0	0	-1	5
697	784	785	9	3.395	-3	5.90909090909091
698	786	787	5	0	-3	5
699	0	0	0	0	-1	5
700	0	0	0	0	-1	5
701	788	789	7	0	-3	5
702	790	791	2	0.605	-3	5.88888888888889
703	0	0	0	0	-1	5
704	0	0	0	0	-1	6
705	792	793	7	3.5	-3	5
706	794	795	1	0	-3	5
707	796	797	8	0.99886	-3	5
708	798	799	7	3.42	-3	5
709	0	0	0	0	-1	5
710	0	0	0	0	-1	6
711	800	801	5	0	-3	6
712	0	0	0	0	-1	7
713	0	0	0	0	-1	7
714	0	0	0	0	-1	6
715	0	0	0	0	-1	6
716	0	0	0	0	-1	6
717	802	803	5	7.75	-3	6
718	0	0	0	0	-1	6
719	0	0	0	0	-1	5.25
720	804	805	6	9.5	-3	6
721	0	0	0	0	-1	7
722	806	807	10	0.605	-3	5.5
723	808	809	7	0	-3	5
724	0	0	0	0	-1	5
725	810	811	3	0.005	-3	5.5
726	0	0	0	0	-1	5
727	812	813	6	19.5	-3	5
728	0	0	0	0	-1	5
729	814	815	11	10.1	-3	5
730	0	0	0	0	-1	6
731	816	817	2	0.525	-3	5.02222222222222
732	0	0	0	0	-1	6
733	0	0	0	0	-1	6
734	818	819	4	2.25	-3	6
735	820	821	10	0.62	-3	5.83333333333333
736	0	0	0	0	-1	6
737	0	0	0	0	-1	6
738	822	823	2	0.605	-3	6
739	824	825	7	42	-3	6
740	0	0	0	0	-1	7
741	826	827	7	5.5	-3	7
742	0	0	0	0	-1	6
743	0	0	0	0	-1	6
744	0	0	0	0	-1	5
745	0	0	0	0	-1	7
746	0	0	0	0	-1	5.25
747	828	829	6	15.5	-3	6.5
748	830	831	6	9.5	-3	6.71428571428571
749	0	0	0	0	-1	6
750	832	833	1	8.6	-3	7
751	0	0	0	0	-1	7
752	0	0	0	0	-1	6
753	0	0	0	0	-1	6
754	0	0	0	0	-1	5
755	834	835	2	0.495	-3	5
756	0	0	0	0	-1	5
757	0	0	0	0	-1	5
758	0	0	0	0	-1	5
759	0	0	0	0	-1	5
760	0	0	0	0	-1	7
761	0	0	0	0	-1	5
762	0	0	0	0	-1	6
763	836	837	3	0.54	-3	5
764	838	839	5	0	-3	5
765	0	0	0	0	-1	5
766	0	0	0	0	-1	5
767	840	841	4	1.45	-3	5
768	842	843	8	0.995945	-3	5
769	844	845	7	83.25	-3	5
770	0	0	0	0	-1	5
771	0	0	0	0	-1	5
772	846	847	6	0	-3	5
773	0	0	0	0	-1	5
774	0	0	0	0	-1	6
775	0	0	0	0	-1	6
776	0	0	0	0	-1	5
777	848	849	6	0	-3	5
778	850	851	6	0	-3	5
779	0	0	0	0	-1	5
780	852	853	2	0.525	-3	5.73913043478261
781	0	0	0	0	-1	5
782	854	855	2	0.39	-3	5.03846153846154
783	0	0	0	0	-1	6
784	856	857	10	0.575	-3	6
785	0	0	0	0	-1	5.66666666666667
786	0	0	0	0	-1	5
787	858	859	8	0.99588	-3	5
788	0	0	0	0	-1	5
789	0	0	0	0	-1	5
790	860	861	8	0	-3	6
791	862	863	2	0.615	-3	5.81818181818182
792	0	0	0	0	-1	6
793	0	0	0	0	-1	5
794	0	0	0	0	-1	5
795	864	865	11	0	-3	5
796	0	0	0	0	-1	5
797	866	867	8	0	-3	5
798	0	0	0	0	-1	6
799	868	869	9	0	-3	5
800	0	0	0	0	-1	5
801	0	0	0	0	-1	6
802	870	871	8	0.99587	-3	6
803	0	0	0	0	-1	6
804	0	0	0	0	-1	6
805	0	0	0	0	-1	6
806	0	0	0	0	-1	6
807	0	0	0	0	-1	5.2
808	0	0	0	0	-1	5
809	872	873	2	0.6975	-3	5
810	0	0	0	0	-1	6
811	874	875	3	0.055	-3	5.33333333333333
812	876	877	8	0	-3	5
813	0	0	0	0	-1	5
814	0	0	0	0	-1	5
815	0	0	0	0	-1	5
816	878	879	2	0.5	-3	5.06666666666667
817	880	881	4	3.85	-3	5
818	0	0	0	0	-1	6
819	882	883	7	26.5	-3	6
820	0	0	0	0	-1	6
821	0	0	0	0	-1	5
822	884	885	11	10.95	-3	6
823	0	0	0	0	-1	6
824	0	0	0	0	-1	6
825	0	0	0	0	-1	6
826	0	0	0	0	-1	5
827	886	887	11	11.7	-3	7
828	0	0	0	0	-1	7
829	0	0	0	0	-1	6
830	0	0	0	0	-1	6.25
831	888	889	8	0.99566	-3	6.9
832	0	0	0	0	-1	7
833	0	0	0	0	-1	7
834	0	0	0	0	-1	5
835	0	0	0	0	-1	5
836	0	0	0	0	-1	5
837	0	0	0	0	-1	5
838	0	0	0	0	-1	5
839	890	891	2	0.525	-3	5
840	0	0	0	0	-1	5
841	0	0	0	0	-1	5
842	0	0	0	0	-1	5
843	892	893	9	0	-3	5
844	894	895	4	0	-3	5
845	0	0	0	0	-1	5
846	0	0	0	0	-1	5
847	896	897	2	0.715	-3	5
848	0	0	0	0	-1	6
849	898	899	7	0	-3	5
850	0	0	0	0	-1	7
851	900	901	9	3.26	-3	5
852	0	0	0	0	-1	5
853	902	903	9	3.295	-3	5.85
854	0	0	0	0	-1	6
855	904	905	8	0.99585	-3	5
856	0	0	0	0	-1	6
857	0	0	0	0	-1	6
858	0	0	0	0	-1	5
859	0	0	0	0	-1	5
860	0	0	0	0	-1	6
861	906	907	4	2.1	-3	6
862	0	0	0	0	-1	5
863	908	909	9	3.525	-3	5.9
864	0	0	0	0	-1	5
865	910	911	10	0.56	-3	5
866	0	0	0	0	-1	6
867	912	913	10	0.56	-3	5
868	0	0	0	0	-1	6
869	914	915	8	0.998	-3	5
870	0	0	0	0	-1	6
871	0	0	0	0	-1	6
872	0	0	0	0	-1	5
873	0	0	0	0	-1	5
874	0	0	0	0	-1	5
875	0	0	0	0	-1	5.75
876	0	0	0	0	-1	4
877	0	0	0	0	-1	5
878	916	917	2	0	-3	5
879	0	0	0	0	-1	6
880	918	919	4	1.75	-3	5
881	0	0	0	0	-1	5
882	0	0	0	0	-1	6
883	920	921	3	0.115	-3	6
884	0	0	0	0	-1	6
885	0	0	0	0	-1	6
886	0	0	0	0	-1	7
887	0	0	0	0	-1	7
888	922	923	11	12.15	-3	7
889	0	0	0	0	-1	6.66666666666667
890	0	0	0	0	-1	5
891	0	0	0	0	-1	5
892	0	0	0	0	-1	6
893	924	925	9	9.45	-3	5
894	0	0	0	0	-1	5
895	926	927	3	0	-3	5
896	928	929	1	0	-3	5
897	0	0	0	0	-1	5
898	0	0	0	0	-1	6
899	0	0	0	0	-1	5
900	0	0	0	0	-1	5
901	0	0	0	0	-1	5
902	930	931	8	0.99726	-3	6
903	932	933	4	2.15	-3	5.66666666666667
904	934	935	5	0	-3	5
905	936	937	8	0.515	-3	5
906	0	0	0	0	-1	6
907	0	0	0	0	-1	6
908	0	0	0	0	-1	6
909	0	0	0	0	-1	5.66666666666667
910	938	939	11	0	-3	5
911	0	0	0	0	-1	5
912	0	0	0	0	-1	5
913	0	0	0	0	-1	5
914	940	941	9	0	-3	5
915	0	0	0	0	-1	5
916	0	0	0	0	-1	5
917	942	943	6	20.5	-3	5
918	0	0	0	0	-1	5
919	944	945	7	73.5	-3	5
920	0	0	0	0	-1	6
921	0	0	0	0	-1	6
922	0	0	0	0	-1	7
923	0	0	0	0	-1	7
924	0	0	0	0	-1	5
925	0	0	0	0	-1	5
926	0	0	0	0	-1	5
927	0	0	0	0	-1	5
928	0	0	0	0	-1	4
929	946	947	7	17	-3	5
930	948	949	10	0.505	-3	6
931	0	0	0	0	-1	6
932	950	951	7	65	-3	5.85714285714286
933	0	0	0	0	-1	5
934	0	0	0	0	-1	5
935	0	0	0	0	-1	5
936	0	0	0	0	-1	7
937	0	0	0	0	-1	5
938	0	0	0	0	-1	6
939	952	953	7	79.5	-3	5
940	0	0	0	0	-1	5
941	954	955	1	8.3	-3	5
942	0	0	0	0	-1	5
943	956	957	8	0	-3	5
944	958	959	11	9.65	-3	5
945	960	961	9	3.245	-3	5
946	0	0	0	0	-1	5
947	962	963	2	0	-3	5
948	0	0	0	0	-1	6
949	0	0	0	0	-1	6
950	964	965	8	0.105	-3	6
951	0	0	0	0	-1	5
952	0	0	0	0	-1	5
953	0	0	0	0	-1	5
954	0	0	0	0	-1	5
955	0	0	0	0	-1	5
956	0	0	0	0	-1	6
957	966	967	7	0	-3	5
958	968	969	4	2.15	-3	5
959	0	0	0	0	-1	5
960	970	971	6	0	-3	5
961	0	0	0	0	-1	5
962	0	0	0	0	-1	6
963	0	0	0	0	-1	5
964	0	0	0	0	-1	5
965	0	0	0	0	-1	6
966	0	0	0	0	-1	7
967	0	0	0	0	-1	5
968	972	973	10	0	-3	5
969	0	0	0	0	-1	5
970	0	0	0	0	-1	5
971	974	975	8	0.24	-3	5
972	0	0	0	0	-1	7
973	976	977	2	0.6875	-3	5
974	0	0	0	0	-1	5
975	0	0	0	0	-1	5
976	0	0	0	0	-1	5
977	0	0	0	0	-1	5
