1	2	3	3	0.295	-3	5.64602876797999
2	4	5	10	0.615	-3	5.47640449438202
3	6	7	8	0.99553	-3	5.85895627644569
4	8	9	6	6.5	-3	5.29050279329609
5	10	11	11	10.525	-3	5.75920679886686
6	12	13	10	0.675	-3	6.51639344262295
7	14	15	7	81.5	-3	5.72231686541738
8	16	17	11	11.45	-3	5.01941747572816
9	18	19	5	0.2225	-3	5.35483870967742
10	20	21	8	0.99565	-3	5.4739336492891
11	22	23	5	0.0415	-3	6.1830985915493
12	24	25	11	10.85	-3	6.1
13	26	27	8	0.994185	-3	6.80555555555556
14	28	29	11	10.55	-3	5.82530120481928
15	30	31	6	32.5	-3	5.14606741573034
16	32	33	3	0.11	-3	4.96774193548387
17	34	35	6	4.5	-3	5.5
18	36	37	11	10.35	-3	5.37122969837587
19	0	0	0	0	-1	3
20	38	39	9	3.41	-3	6.04
21	40	41	10	0.685	-3	5.39784946236559
22	42	43	7	61	-3	5.5
23	44	45	1	5.7	-3	6.21323529411765
24	0	0	0	0	-1	5
25	46	47	2	0.375	-3	6.14583333333333
26	48	49	8	0.99389	-3	6.38888888888889
27	50	51	2	0.445	-3	6.94444444444444
28	52	53	5	0.1115	-3	5.57467532467532
29	54	55	10	0.64	-3	6.23157894736842
30	56	57	1	6.95	-3	5.03508771929825
31	58	59	11	10.15	-3	5.34375
32	60	61	11	9.9	-3	4.6875
33	62	63	7	10	-3	5.26666666666667
34	0	0	0	0	-1	5
35	64	65	7	10.5	-3	5.83333333333333
36	66	67	8	0.99579	-3	5.23024054982818
37	68	69	7	43.5	-3	5.66428571428571
38	70	71	3	0.22	-3	5.94736842105263
39	72	73	4	1.65	-3	6.33333333333333
40	74	75	9	3.54	-3	5.27659574468085
41	76	77	5	0.0935	-3	5.52173913043478
42	0	0	0	0	-1	6
43	0	0	0	0	-1	5
44	78	79	6	25	-3	6.77272727272727
45	80	81	4	5.15	-3	6.10526315789474
46	82	83	7	17.5	-3	6.31034482758621
47	84	85	1	9.4	-3	5.89473684210526
48	86	87	5	0.1525	-3	6.8
49	88	89	7	25	-3	5.875
50	90	91	10	0.705	-3	7
51	0	0	0	0	-1	6
52	92	93	2	0.345	-3	5.65648854961832
53	94	95	10	0.575	-3	5.10869565217391
54	96	97	5	0.058	-3	5.68518518518519
55	98	99	10	0.695	-3	6.4485294117647
56	0	0	0	0	-1	6
57	100	101	11	9.65	-3	5
58	102	103	1	9.55	-3	5
59	104	105	3	0.525	-3	6.1
60	106	107	9	3.32	-3	4.85185185185185
61	108	109	4	2.85	-3	4.47619047619048
62	0	0	0	0	-1	6
63	110	111	5	0.2135	-3	5.21428571428571
64	0	0	0	0	-1	6
65	0	0	0	0	-1	5.66666666666667
66	112	113	4	2.25	-3	5.07692307692308
67	114	115	8	0.99722	-3	5.26359832635983
68	116	117	4	2.15	-3	5.77083333333333
69	118	119	2	0.445	-3	5.43181818181818
70	120	121	7	63.5	-3	6
71	0	0	0	0	-1	5
72	0	0	0	0	-1	7
73	0	0	0	0	-1	6
74	122	123	9	3.495	-3	5.38271604938272
75	124	125	2	0.7325	-3	4.61538461538461
76	126	127	8	0.996505	-3	5.67241379310345
77	128	129	5	0.1065	-3	5.26470588235294
78	130	131	4	2.25	-3	6.94736842105263
79	0	0	0	0	-1	5.66666666666667
80	132	133	11	12.15	-3	6.05555555555556
81	0	0	0	0	-1	7
82	134	135	11	12.35	-3	6.75
83	136	137	10	0.615	-3	5.76923076923077
84	138	139	8	0.99444	-3	6
85	0	0	0	0	-1	5
86	0	0	0	0	-1	7
87	0	0	0	0	-1	6
88	0	0	0	0	-1	5
89	140	141	5	0	-3	6
90	142	143	11	11.3	-3	7.42857142857143
91	144	145	10	0.735	-3	6.93181818181818
92	146	147	10	0.815	-3	6.01298701298701
93	148	149	10	0.665	-3	5.50810810810811
94	0	0	0	0	-1	4
95	150	151	6	30.5	-3	5.21428571428571
96	0	0	0	0	-1	4
97	152	153	5	0.074	-3	5.7843137254902
98	154	155	6	5.5	-3	6.6875
99	156	157	8	1	-3	6.375
100	158	159	10	0.68	-3	4.94444444444444
101	160	161	2	0.39	-3	5.10526315789474
102	162	163	4	2.75	-3	5
103	0	0	0	0	-1	5
104	164	165	7	95.5	-3	5.5
105	0	0	0	0	-1	7
106	0	0	0	0	-1	4
107	166	167	6	5.5	-3	5
108	168	169	7	10	-3	4.75
109	0	0	0	0	-1	3.6
110	170	171	3	0.19	-3	5.15384615384615
111	0	0	0	0	-1	6
112	172	173	1	6.65	-3	5
113	174	175	9	3.29	-3	5.66666666666667
114	176	177	11	9.05	-3	5.34722222222222
115	178	179	2	0.635	-3	5.13684210526316
116	180	181	1	6.95	-3	5.92307692307692
117	182	183	8	0.995345	-3	5.59090909090909
118	184	185	5	0.0315	-3	6.1
119	186	187	7	62.5	-3	5.23529411764706
120	0	0	0	0	-1	6
121	0	0	0	0	-1	6
122	188	189	8	0.9967	-3	5.35064935064935
123	0	0	0	0	-1	6
124	190	191	6	18	-3	5.11111111111111
125	0	0	0	0	-1	3.5
126	192	193	10	1.015	-3	4.75
127	194	195	7	51	-3	5.82
128	196	197	11	9.45	-3	5
129	198	199	2	0.52	-3	5.42857142857143
130	200	201	3	0.045	-3	7.11764705882353
131	0	0	0	0	-1	5.5
132	202	203	2	0.905	-3	5.97916666666667
133	204	205	10	0.695	-3	6.66666666666667
134	206	207	9	3.22	-3	6.6
135	208	209	3	0.485	-3	7
136	210	211	6	21	-3	6
137	0	0	0	0	-1	5
138	0	0	0	0	-1	6
139	0	0	0	0	-1	6
140	0	0	0	0	-1	5
141	212	213	6	20.5	-3	6
142	0	0	0	0	-1	6.5
143	0	0	0	0	-1	7.8
144	214	215	6	17	-3	6.5
145	216	217	8	0.994725	-3	7.02777777777778
146	218	219	3	0.415	-3	5.80392156862745
147	220	221	1	12.4	-3	6.42307692307692
148	222	223	11	9.65	-3	5.32575757575758
149	224	225	10	0.775	-3	5.9622641509434
150	226	227	7	14	-3	5.26829268292683
151	0	0	0	0	-1	3
152	228	229	6	5.5	-3	6.57142857142857
153	230	231	8	0.996755	-3	5.65909090909091
154	232	233	8	0.9993	-3	7.5
155	234	235	7	19.5	-3	6.5
156	236	237	11	11.55	-3	6.42553191489362
157	238	239	11	12.45	-3	5.9
158	240	241	8	0.9981	-3	5
159	0	0	0	0	-1	4.5
160	0	0	0	0	-1	5.5
161	242	243	9	3.105	-3	5.05882352941176
162	0	0	0	0	-1	5
163	0	0	0	0	-1	5
164	0	0	0	0	-1	6
165	0	0	0	0	-1	5
166	244	245	5	0.1045	-3	5.2
167	246	247	9	3.405	-3	4.625
168	0	0	0	0	-1	3
169	248	249	8	0.99652	-3	4.86666666666667
170	250	251	10	0.57	-3	5.5
171	252	253	1	9.75	-3	5.03448275862069
172	254	255	1	6.4	-3	5.26315789473684
173	256	257	9	3.345	-3	4.81481481481481
174	0	0	0	0	-1	5
175	0	0	0	0	-1	6
176	258	259	8	0.996475	-3	5.92307692307692
177	260	261	9	3.495	-3	5.29007633587786
178	262	263	9	3.165	-3	5.25925925925926
179	264	265	11	9.3	-3	4.97560975609756
180	266	267	9	3.495	-3	5.72413793103448
181	268	269	7	21	-3	6.17391304347826
182	270	271	10	0.45	-3	5.28571428571429
183	272	273	3	0.22	-3	5.73333333333333
184	0	0	0	0	-1	7
185	274	275	9	3.405	-3	6
186	276	277	10	0.435	-3	5.14285714285714
187	278	279	7	115	-3	5.66666666666667
188	280	281	4	1.5	-3	5.07407407407407
189	282	283	7	22	-3	5.5
190	284	285	7	29.5	-3	5
191	0	0	0	0	-1	6
192	0	0	0	0	-1	5.2
193	0	0	0	0	-1	4
194	286	287	3	0.27	-3	5.90243902439024
195	288	289	10	0.725	-3	5.44444444444444
196	0	0	0	0	-1	5.5
197	290	291	8	1.0002	-3	4.90909090909091
198	292	293	11	9.4	-3	5.75
199	294	295	9	2.905	-3	5.23076923076923
200	296	297	6	17	-3	7
201	298	299	8	0.99176	-3	7.28571428571429
202	300	301	5	0.0655	-3	6
203	0	0	0	0	-1	4
204	302	303	3	0.01	-3	6.375
205	0	0	0	0	-1	7.25
206	0	0	0	0	-1	6
207	304	305	6	3.5	-3	6.75
208	0	0	0	0	-1	7
209	0	0	0	0	-1	7
210	306	307	3	0.38	-3	6
211	0	0	0	0	-1	6
212	0	0	0	0	-1	6
213	0	0	0	0	-1	6
214	0	0	0	0	-1	7
215	0	0	0	0	-1	6
216	308	309	5	0.0595	-3	7.14285714285714
217	310	311	8	0	-3	7
218	312	313	2	0.245	-3	5.28571428571429
219	314	315	9	3.01	-3	6
220	316	317	4	1.75	-3	6.10526315789474
221	318	319	10	0.83	-3	7.28571428571429
222	320	321	2	0.565	-3	5.17333333333333
223	322	323	11	10.25	-3	5.52631578947368
224	324	325	10	0.755	-3	6.16216216216216
225	326	327	11	10.25	-3	5.5
226	0	0	0	0	-1	6.5
227	328	329	8	0.9981	-3	5.20512820512821
228	0	0	0	0	-1	6
229	0	0	0	0	-1	6.8
230	330	331	1	8.7	-3	5.95
231	332	333	5	0.081	-3	5.41666666666667
232	0	0	0	0	-1	7.75
233	0	0	0	0	-1	7
234	334	335	10	0.675	-3	7.28571428571429
235	336	337	2	0.475	-3	6.21052631578947
236	338	339	2	0.4	-3	6.28333333333333
237	340	341	9	3.13	-3	6.6764705882353
238	342	343	4	3.55	-3	6
239	0	0	0	0	-1	5
240	344	345	7	93.5	-3	5
241	0	0	0	0	-1	5
242	0	0	0	0	-1	5.33333333333333
243	0	0	0	0	-1	5
244	346	347	6	4.5	-3	5.07692307692308
245	0	0	0	0	-1	6
246	0	0	0	0	-1	4
247	0	0	0	0	-1	5
248	348	349	6	6.25	-3	5
249	0	0	0	0	-1	4
250	350	351	2	0.6225	-3	5.16666666666667
251	0	0	0	0	-1	6
252	352	353	10	0.565	-3	5.07407407407407
253	0	0	0	0	-1	4.5
254	354	355	6	0	-3	5
255	356	357	9	3.35	-3	5.83333333333333
256	358	359	5	0.075	-3	5
257	360	361	5	0.074	-3	4.28571428571429
258	0	0	0	0	-1	5
259	362	363	4	37.5	-3	6
260	364	365	4	4.65	-3	5.2734375
261	0	0	0	0	-1	6
262	366	367	3	0.225	-3	5
263	368	369	8	0.99895	-3	5.35
264	0	0	0	0	-1	4.5
265	370	371	4	2.25	-3	5.02702702702703
266	0	0	0	0	-1	6
267	372	373	2	1	-3	5.11111111111111
268	374	375	5	0.0845	-3	6.66666666666667
269	0	0	0	0	-1	6
270	0	0	0	0	-1	6
271	376	377	5	0.065	-3	5.09090909090909
272	378	379	7	15	-3	5.84615384615385
273	0	0	0	0	-1	5
274	380	381	4	0	-3	6
275	0	0	0	0	-1	6
276	0	0	0	0	-1	6
277	382	383	5	0.044	-3	5.07692307692308
278	0	0	0	0	-1	6
279	0	0	0	0	-1	5
280	0	0	0	0	-1	6
281	384	385	5	0.06	-3	5.03846153846154
282	386	387	2	0.68	-3	5.16666666666667
283	388	389	3	0.015	-3	5.60526315789474
284	0	0	0	0	-1	5
285	390	391	3	0	-3	5
286	392	393	9	3.645	-3	5.875
287	0	0	0	0	-1	7
288	0	0	0	0	-1	6
289	0	0	0	0	-1	5
290	394	395	9	3.18	-3	5
291	0	0	0	0	-1	4
292	0	0	0	0	-1	5
293	396	397	11	9.85	-3	5.85714285714286
294	0	0	0	0	-1	6
295	398	399	5	0.109	-3	5.09090909090909
296	400	401	4	2.15	-3	7
297	0	0	0	0	-1	7
298	0	0	0	0	-1	8
299	402	403	6	12.5	-3	7.16666666666667
300	404	405	10	0.775	-3	6.20833333333333
301	406	407	8	0.99714	-3	5.92957746478873
302	0	0	0	0	-1	7
303	0	0	0	0	-1	6
304	0	0	0	0	-1	6
305	408	409	10	0.545	-3	7
306	0	0	0	0	-1	6
307	410	411	10	0.535	-3	6
308	0	0	0	0	-1	8
309	412	413	3	0.38	-3	7
310	0	0	0	0	-1	5
311	0	0	0	0	-1	7
312	0	0	0	0	-1	4
313	414	415	1	8.45	-3	5.5
314	416	417	11	9.55	-3	6.25
315	418	419	6	4	-3	5.88
316	0	0	0	0	-1	6.6
317	420	421	1	10.7	-3	5.92857142857143
318	0	0	0	0	-1	8
319	0	0	0	0	-1	7
320	422	423	8	0.996915	-3	5.22857142857143
321	0	0	0	0	-1	4.4
322	424	425	10	0.595	-3	5.79411764705882
323	426	427	2	0.465	-3	5.1304347826087
324	428	429	11	9.15	-3	6.03125
325	0	0	0	0	-1	7
326	430	431	10	0.88	-3	5.33333333333333
327	0	0	0	0	-1	6
328	432	433	5	0.1195	-3	5.33333333333333
329	434	435	10	0.635	-3	4.91666666666667
330	0	0	0	0	-1	5.2
331	436	437	2	0.42	-3	6.2
332	438	439	5	0.0775	-3	5
333	440	441	7	37.5	-3	5.625
334	0	0	0	0	-1	7
335	0	0	0	0	-1	8
336	442	443	2	0.285	-3	6
337	444	445	4	2.7	-3	6.66666666666667
338	446	447	3	0.345	-3	6.40909090909091
339	448	449	7	13.5	-3	5.9375
340	450	451	8	0.998	-3	6
341	452	453	1	7.8	-3	6.82142857142857
342	454	455	6	21	-3	6
343	0	0	0	0	-1	6
344	456	457	3	0	-3	5
345	458	459	1	9.4	-3	5
346	460	461	7	11	-3	5
347	0	0	0	0	-1	5.2
348	462	463	11	10.75	-3	5
349	0	0	0	0	-1	5
350	0	0	0	0	-1	6
351	0	0	0	0	-1	5
352	464	465	10	0.54	-3	5
353	466	467	2	0.5675	-3	5.25
354	0	0	0	0	-1	6
355	468	469	5	0.0685	-3	5
356	0	0	0	0	-1	5
357	0	0	0	0	-1	6
358	470	471	1	8.35	-3	5
359	0	0	0	0	-1	5
360	0	0	0	0	-1	4
361	0	0	0	0	-1	4.66666666666667
362	472	473	3	0	-3	6
363	0	0	0	0	-1	6
364	474	475	4	2.15	-3	5.26190476190476
365	0	0	0	0	-1	6
366	476	477	6	0	-3	5
367	478	479	10	0	-3	5
368	480	481	4	2.55	-3	5.26470588235294
369	482	483	8	1.00005	-3	5.83333333333333
370	484	485	9	3.39	-3	4.85714285714286
371	486	487	6	15.5	-3	5.06666666666667
372	488	489	1	6.25	-3	5.42857142857143
373	0	0	0	0	-1	4
374	0	0	0	0	-1	6
375	0	0	0	0	-1	7
376	0	0	0	0	-1	5.66666666666667
377	490	491	2	0.67	-3	4.875
378	0	0	0	0	-1	5
379	492	493	4	5.75	-3	5.88
380	0	0	0	0	-1	5
381	0	0	0	0	-1	6
382	0	0	0	0	-1	6
383	494	495	5	0.112	-3	5.04
384	0	0	0	0	-1	6
385	496	497	10	0.665	-3	5
386	498	499	10	0	-3	5
387	0	0	0	0	-1	5.66666666666667
388	0	0	0	0	-1	5
389	500	501	1	7.75	-3	5.67647058823529
390	0	0	0	0	-1	6
391	502	503	9	3.6	-3	5
392	504	505	5	0.0665	-3	5.94444444444444
393	0	0	0	0	-1	5.25
394	0	0	0	0	-1	5
395	506	507	8	0	-3	5
396	0	0	0	0	-1	5.66666666666667
397	0	0	0	0	-1	6
398	0	0	0	0	-1	6
399	508	509	8	0.99667	-3	5
400	0	0	0	0	-1	7
401	0	0	0	0	-1	7
402	0	0	0	0	-1	8
403	0	0	0	0	-1	7
404	510	511	3	0.125	-3	6.4375
405	512	513	3	0.265	-3	5.75
406	514	515	5	0.0785	-3	5.83870967741935
407	516	517	8	0.9985	-3	6.55555555555556
408	0	0	0	0	-1	7
409	0	0	0	0	-1	7
410	0	0	0	0	-1	6
411	0	0	0	0	-1	6
412	0	0	0	0	-1	7
413	0	0	0	0	-1	7
414	0	0	0	0	-1	6
415	518	519	6	9	-3	5.14285714285714
416	520	521	2	2.96	-3	6
417	0	0	0	0	-1	7
418	0	0	0	0	-1	5
419	522	523	4	1.85	-3	5.95652173913043
420	524	525	5	0.093	-3	5.83333333333333
421	526	527	7	20	-3	6
422	528	529	11	9.3	-3	5.71428571428571
423	530	531	10	0.555	-3	5.17460317460317
424	532	533	3	0.365	-3	5.47368421052632
425	534	535	5	0.0915	-3	6.2
426	0	0	0	0	-1	5
427	0	0	0	0	-1	5.6
428	0	0	0	0	-1	5
429	536	537	4	4.55	-3	6.1
430	538	539	8	1.000375	-3	5.11111111111111
431	0	0	0	0	-1	6
432	540	541	6	0	-3	5
433	542	543	5	0.342	-3	5.45
434	0	0	0	0	-1	3
435	544	545	1	11.65	-3	5.09090909090909
436	546	547	3	0.445	-3	6.07692307692308
437	0	0	0	0	-1	7
438	0	0	0	0	-1	5
439	0	0	0	0	-1	5
440	548	549	1	11.95	-3	5.83333333333333
441	0	0	0	0	-1	5
442	0	0	0	0	-1	5.5
443	550	551	9	3.05	-3	6.09090909090909
444	0	0	0	0	-1	6
445	0	0	0	0	-1	7
446	552	553	5	0	-3	6
447	554	555	5	0.113	-3	6.51428571428572
448	0	0	0	0	-1	5.33333333333333
449	556	557	11	11.45	-3	6.07692307692308
450	0	0	0	0	-1	5
451	0	0	0	0	-1	6.2
452	0	0	0	0	-1	6
453	558	559	9	3.34	-3	7
454	0	0	0	0	-1	6
455	0	0	0	0	-1	6
456	0	0	0	0	-1	6
457	0	0	0	0	-1	5
458	560	561	1	8.05	-3	5
459	0	0	0	0	-1	5
460	0	0	0	0	-1	5
461	562	563	1	0	-3	5
462	0	0	0	0	-1	5
463	564	565	4	0	-3	5
464	566	567	4	1.85	-3	5
465	0	0	0	0	-1	5
466	0	0	0	0	-1	5.66666666666667
467	0	0	0	0	-1	5
468	568	569	1	0	-3	5
469	0	0	0	0	-1	5
470	0	0	0	0	-1	5
471	0	0	0	0	-1	5
472	0	0	0	0	-1	6
473	570	571	4	0	-3	6
474	572	573	10	0.495	-3	5.34666666666667
475	574	575	4	2.45	-3	5.13725490196078
476	0	0	0	0	-1	6
477	576	577	7	63.5	-3	5
478	0	0	0	0	-1	6
479	0	0	0	0	-1	5
480	578	579	3	0.035	-3	5.34782608695652
481	580	581	4	3.7	-3	5.09090909090909
482	0	0	0	0	-1	6
483	0	0	0	0	-1	5
484	0	0	0	0	-1	4
485	0	0	0	0	-1	5
486	582	583	7	41	-3	5.18181818181818
487	584	585	3	0.025	-3	5
488	0	0	0	0	-1	5.2
489	0	0	0	0	-1	6
490	586	587	10	0.595	-3	5
491	0	0	0	0	-1	4
492	588	589	8	0.99623	-3	5.83333333333333
493	0	0	0	0	-1	7
494	590	591	4	4.25	-3	5
495	0	0	0	0	-1	6
496	592	593	1	0	-3	5
497	594	595	5	0	-3	5
498	0	0	0	0	-1	5
499	596	597	10	0.64	-3	5
500	598	599	7	36.5	-3	6
501	600	601	8	0.99833	-3	5.45
502	0	0	0	0	-1	5
503	0	0	0	0	-1	5
504	0	0	0	0	-1	5.5
505	602	603	6	4.5	-3	5.97058823529412
506	0	0	0	0	-1	5
507	604	605	11	9.6	-3	5
508	0	0	0	0	-1	5
509	0	0	0	0	-1	5
510	606	607	10	0.64	-3	6
511	608	609	7	26.5	-3	7
512	0	0	0	0	-1	6
513	0	0	0	0	-1	5.33333333333333
514	610	611	10	0.93	-3	6
515	612	613	1	6.55	-3	5.6969696969697
516	614	615	2	0	-3	7
517	0	0	0	0	-1	5.66666666666667
518	0	0	0	0	-1	5
519	0	0	0	0	-1	5.5
520	0	0	0	0	-1	6
521	0	0	0	0	-1	6
522	616	617	2	0.27	-3	6.16666666666667
523	618	619	8	0.9966	-3	5.88235294117647
524	0	0	0	0	-1	6
525	0	0	0	0	-1	5
526	0	0	0	0	-1	6
527	0	0	0	0	-1	6
528	0	0	0	0	-1	5.33333333333333
529	0	0	0	0	-1	6
530	620	621	3	0.475	-3	5
531	622	623	1	11.1	-3	5.2972972972973
532	624	625	9	3.365	-3	5.81818181818182
533	626	627	7	41.5	-3	5
534	628	629	5	0.063	-3	5.90909090909091
535	0	0	0	0	-1	7
536	630	631	8	0.996395	-3	6.03571428571429
537	0	0	0	0	-1	7
538	632	633	4	1.85	-3	5
539	0	0	0	0	-1	6
540	0	0	0	0	-1	5
541	634	635	7	28.5	-3	5
542	636	637	2	0.6125	-3	5.7
543	638	639	8	0.99668	-3	5.2
544	640	641	7	17.5	-3	5
545	0	0	0	0	-1	6
546	0	0	0	0	-1	7
547	642	643	3	0.615	-3	6
548	644	645	9	3.14	-3	5.72727272727273
549	0	0	0	0	-1	7
550	0	0	0	0	-1	6.33333333333333
551	646	647	6	9.5	-3	6
552	0	0	0	0	-1	7
553	648	649	9	3.285	-3	6
554	650	651	6	5.5	-3	6.62068965517241
555	0	0	0	0	-1	6
556	652	653	2	0.485	-3	6
557	0	0	0	0	-1	6.5
558	654	655	5	0.1	-3	6.90476190476191
559	0	0	0	0	-1	8
560	656	657	2	0	-3	5
561	0	0	0	0	-1	5
562	0	0	0	0	-1	6
563	658	659	10	0.55	-3	5
564	0	0	0	0	-1	6
565	660	661	2	1.1075	-3	5
566	0	0	0	0	-1	5
567	662	663	4	0	-3	5
568	0	0	0	0	-1	6
569	664	665	7	0.051	-3	5
570	0	0	0	0	-1	5
571	0	0	0	0	-1	6
572	666	667	1	7.95	-3	5
573	668	669	2	0.6625	-3	5.43333333333333
574	670	671	8	0.996	-3	5.20689655172414
575	672	673	5	0.0695	-3	5.04545454545455
576	0	0	0	0	-1	5
577	0	0	0	0	-1	5
578	674	675	5	0.0785	-3	5.66666666666667
579	676	677	3	0.235	-3	5.23529411764706
580	678	679	2	0	-3	5
581	0	0	0	0	-1	5.5
582	0	0	0	0	-1	5
583	680	681	11	9.55	-3	5.33333333333333
584	0	0	0	0	-1	5
585	682	683	4	2.75	-3	5
586	684	685	4	2.25	-3	4.83333333333333
587	0	0	0	0	-1	6
588	686	687	7	37	-3	6
589	688	689	9	3.455	-3	5.71428571428571
590	690	691	3	0.01	-3	5.04347826086957
591	0	0	0	0	-1	4
592	0	0	0	0	-1	7
593	692	693	3	0	-3	5
594	0	0	0	0	-1	4
595	694	695	9	3.385	-3	5
596	0	0	0	0	-1	5
597	696	697	2	0	-3	5
598	698	699	5	0	-3	6
599	700	701	11	27.5	-3	6
600	702	703	3	0.265	-3	5.2
601	704	705	5	0.099	-3	5.7
602	0	0	0	0	-1	5.66666666666667
603	0	0	0	0	-1	6
604	0	0	0	0	-1	5
605	0	0	0	0	-1	5
606	706	707	1	6.7	-3	6
607	0	0	0	0	-1	6
608	0	0	0	0	-1	7
609	0	0	0	0	-1	7
610	708	709	8	0.99621	-3	6.03571428571429
611	0	0	0	0	-1	5
612	0	0	0	0	-1	5
613	710	711	11	11.05	-3	5.79310344827586
614	0	0	0	0	-1	6
615	0	0	0	0	-1	7
616	0	0	0	0	-1	6.5
617	0	0	0	0	-1	6
618	0	0	0	0	-1	5.5
619	712	713	6	5.5	-3	5.93333333333333
620	714	715	7	0	-3	5
621	716	717	1	12.75	-3	5
622	718	719	2	0.38	-3	5.16666666666667
623	720	721	9	3.03	-3	5.85714285714286
624	722	723	6	14.5	-3	6
625	0	0	0	0	-1	5
626	0	0	0	0	-1	5
627	724	725	11	0	-3	5
628	0	0	0	0	-1	7
629	726	727	9	3.46	-3	5.66666666666667
630	0	0	0	0	-1	5
631	728	729	7	71	-3	6.07407407407407
632	0	0	0	0	-1	5
633	0	0	0	0	-1	5
634	0	0	0	0	-1	5
635	0	0	0	0	-1	5
636	730	731	9	3.07	-3	5.77777777777778
637	0	0	0	0	-1	5
638	0	0	0	0	-1	5.4
639	0	0	0	0	-1	5
640	0	0	0	0	-1	5
641	732	733	11	0	-3	5
642	0	0	0	0	-1	6
643	0	0	0	0	-1	6
644	0	0	0	0	-1	6
645	734	735	2	0.345	-3	5.5
646	736	737	11	1.00035	-3	6
647	0	0	0	0	-1	6
648	0	0	0	0	-1	6
649	0	0	0	0	-1	6
650	0	0	0	0	-1	7
651	738	739	1	8.45	-3	6.54166666666667
652	740	741	2	0.465	-3	6
653	0	0	0	0	-1	6
654	742	743	11	12.2	-3	6.95
655	0	0	0	0	-1	6
656	0	0	0	0	-1	7
657	744	745	8	0.996525	-3	5
658	0	0	0	0	-1	5
659	0	0	0	0	-1	5
660	0	0	0	0	-1	5
661	0	0	0	0	-1	5
662	0	0	0	0	-1	5
663	746	747	1	9.05	-3	5
664	0	0	0	0	-1	5
665	0	0	0	0	-1	5
666	748	749	5	0.076	-3	5.07142857142857
667	0	0	0	0	-1	4
668	750	751	8	0.99675	-3	5.53846153846154
669	752	753	7	60	-3	5.23809523809524
670	0	0	0	0	-1	6
671	754	755	7	89	-3	5.14814814814815
672	0	0	0	0	-1	5.25
673	756	757	3	0.13	-3	5
674	0	0	0	0	-1	5
675	0	0	0	0	-1	6
676	758	759	4	1.9	-3	5
677	760	761	2	0.555	-3	5.57142857142857
678	0	0	0	0	-1	6
679	762	763	3	0.245	-3	5
680	0	0	0	0	-1	6
681	0	0	0	0	-1	5.2
682	764	765	11	0	-3	5
683	766	767	7	0	-3	5
684	0	0	0	0	-1	4
685	0	0	0	0	-1	5
686	768	769	5	0.0715	-3	6
687	0	0	0	0	-1	6
688	770	771	2	0.75	-3	5.55555555555556
689	0	0	0	0	-1	6
690	0	0	0	0	-1	5.25
691	772	773	11	10.75	-3	5
692	0	0	0	0	-1	5
693	774	775	11	10.1	-3	5
694	0	0	0	0	-1	5
695	0	0	0	0	-1	5
696	0	0	0	0	-1	6
697	776	777	10	6.5	-3	5
698	0	0	0	0	-1	4
699	778	779	11	0.0665	-3	6
700	780	781	7	39	-3	6
701	0	0	0	0	-1	6
702	782	783	3	0.245	-3	5
703	0	0	0	0	-1	6
704	784	785	8	0.998525	-3	6
705	0	0	0	0	-1	5
706	0	0	0	0	-1	6
707	0	0	0	0	-1	6
708	786	787	8	0.995615	-3	6
709	0	0	0	0	-1	6.25
710	788	789	1	7.15	-3	5.625
711	790	791	9	3.27	-3	6
712	0	0	0	0	-1	5
713	792	793	3	0.51	-3	6
714	0	0	0	0	-1	5
715	794	795	1	8.3	-3	5
716	796	797	10	0.465	-3	5
717	0	0	0	0	-1	5
718	0	0	0	0	-1	6
719	798	799	8	0.99945	-3	5.10714285714286
720	0	0	0	0	-1	5
721	800	801	3	0.605	-3	6
722	0	0	0	0	-1	6
723	0	0	0	0	-1	6
724	0	0	0	0	-1	6
725	802	803	7	68.5	-3	5
726	804	805	3	0.35	-3	5.85714285714286
727	0	0	0	0	-1	5
728	806	807	3	0.325	-3	6.18181818181818
729	0	0	0	0	-1	5.6
730	0	0	0	0	-1	6
731	808	809	4	2.2	-3	5.66666666666667
732	0	0	0	0	-1	5
733	810	811	1	0	-3	5
734	0	0	0	0	-1	5
735	0	0	0	0	-1	5.75
736	0	0	0	0	-1	6
737	812	813	5	0.0725	-3	6
738	0	0	0	0	-1	6
739	814	815	9	3.165	-3	6.65
740	0	0	0	0	-1	6
741	0	0	0	0	-1	6
742	816	817	7	17.5	-3	7
743	0	0	0	0	-1	6
744	0	0	0	0	-1	5
745	0	0	0	0	-1	5
746	0	0	0	0	-1	5
747	0	0	0	0	-1	5
748	0	0	0	0	-1	5.5
749	818	819	6	20	-3	5
750	820	821	6	20	-3	5.40625
751	822	823	8	0.9969	-3	6.14285714285714
752	824	825	10	0.555	-3	5
753	826	827	4	1.85	-3	5.55555555555556
754	828	829	2	0.47	-3	5.11538461538461
755	0	0	0	0	-1	6
756	830	831	7	44	-3	5
757	0	0	0	0	-1	5
758	0	0	0	0	-1	5
759	832	833	7	0	-3	5
760	0	0	0	0	-1	6
761	0	0	0	0	-1	5
762	0	0	0	0	-1	5
763	0	0	0	0	-1	5
764	0	0	0	0	-1	6
765	0	0	0	0	-1	5
766	0	0	0	0	-1	5
767	834	835	4	4.15	-3	5
768	0	0	0	0	-1	6
769	0	0	0	0	-1	6
770	836	837	2	0.485	-3	5.71428571428571
771	0	0	0	0	-1	5
772	0	0	0	0	-1	5
773	838	839	6	15.5	-3	5
774	840	841	9	3.28	-3	5
775	0	0	0	0	-1	5
776	0	0	0	0	-1	5
777	0	0	0	0	-1	5
778	0	0	0	0	-1	6
779	0	0	0	0	-1	6
780	0	0	0	0	-1	6
781	0	0	0	0	-1	6
782	0	0	0	0	-1	5
783	0	0	0	0	-1	5
784	0	0	0	0	-1	6
785	0	0	0	0	-1	6
786	842	843	9	3.305	-3	6
787	0	0	0	0	-1	6
788	844	845	1	6.85	-3	5.875
789	846	847	8	0.996235	-3	5.375
790	0	0	0	0	-1	6
791	848	849	1	8.25	-3	6
792	850	851	8	0.9975	-3	6
793	852	853	5	17.5	-3	6
794	0	0	0	0	-1	5
795	854	855	9	0	-3	5
796	856	857	8	0	-3	5
797	0	0	0	0	-1	5
798	0	0	0	0	-1	5
799	0	0	0	0	-1	5.6
800	0	0	0	0	-1	6
801	0	0	0	0	-1	6
802	0	0	0	0	-1	5
803	0	0	0	0	-1	5
804	0	0	0	0	-1	6
805	0	0	0	0	-1	5.66666666666667
806	858	859	1	9.35	-3	6.5
807	860	861	3	0.57	-3	6.0625
808	0	0	0	0	-1	5.8
809	0	0	0	0	-1	5
810	0	0	0	0	-1	6
811	862	863	1	0	-3	5
812	0	0	0	0	-1	6
813	0	0	0	0	-1	6
814	0	0	0	0	-1	7
815	864	865	8	0.998645	-3	6.53333333333333
816	0	0	0	0	-1	8
817	866	867	8	0.996185	-3	6.94444444444444
818	868	869	8	0.995915	-3	5
819	0	0	0	0	-1	5
820	870	871	2	0.545	-3	5.68421052631579
821	872	873	3	0.14	-3	5
822	0	0	0	0	-1	7
823	874	875	1	3.34	-3	6
824	0	0	0	0	-1	5
825	0	0	0	0	-1	5
826	876	877	2	0.75	-3	5.83333333333333
827	0	0	0	0	-1	5
828	0	0	0	0	-1	6
829	878	879	8	0.996485	-3	5.08
830	880	881	5	0	-3	5
831	882	883	5	0	-3	5
832	0	0	0	0	-1	4
833	884	885	6	11	-3	5
834	0	0	0	0	-1	5
835	0	0	0	0	-1	5
836	0	0	0	0	-1	5.5
837	0	0	0	0	-1	6
838	886	887	9	0	-3	5
839	0	0	0	0	-1	5
840	888	889	1	0	-3	5
841	890	891	9	0	-3	5
842	0	0	0	0	-1	6
843	0	0	0	0	-1	6
844	0	0	0	0	-1	5
845	892	893	8	0	-3	6
846	0	0	0	0	-1	6
847	894	895	9	3.375	-3	5.16666666666667
848	896	897	7	26.5	-3	6
849	0	0	0	0	-1	6
850	0	0	0	0	-1	6
851	0	0	0	0	-1	6
852	898	899	6	0	-3	6
853	0	0	0	0	-1	6
854	0	0	0	0	-1	7
855	0	0	0	0	-1	5
856	0	0	0	0	-1	6
857	0	0	0	0	-1	5
858	0	0	0	0	-1	6
859	0	0	0	0	-1	7
860	900	901	1	9.25	-3	6
861	0	0	0	0	-1	6.33333333333333
862	0	0	0	0	-1	4
863	0	0	0	0	-1	5
864	902	903	9	3.195	-3	6.61538461538461
865	0	0	0	0	-1	6
866	0	0	0	0	-1	6.75
867	0	0	0	0	-1	7
868	0	0	0	0	-1	5
869	904	905	2	0	-3	5
870	906	907	3	0.105	-3	6
871	908	909	5	0.09	-3	5.5
872	0	0	0	0	-1	5
873	0	0	0	0	-1	5
874	0	0	0	0	-1	5
875	0	0	0	0	-1	6
876	0	0	0	0	-1	6
877	0	0	0	0	-1	5
878	910	911	3	0.09	-3	5
879	912	913	1	8.05	-3	5.22222222222222
880	0	0	0	0	-1	5
881	914	915	11	0	-3	5
882	0	0	0	0	-1	6
883	916	917	3	0.1	-3	5
884	0	0	0	0	-1	5
885	0	0	0	0	-1	5
886	0	0	0	0	-1	6
887	918	919	5	0.0475	-3	5
888	0	0	0	0	-1	6
889	920	921	10	0.625	-3	5
890	0	0	0	0	-1	5
891	0	0	0	0	-1	5
892	0	0	0	0	-1	5
893	922	923	2	0.39	-3	6
894	0	0	0	0	-1	6
895	0	0	0	0	-1	5
896	0	0	0	0	-1	6
897	0	0	0	0	-1	6
898	0	0	0	0	-1	5
899	0	0	0	0	-1	6
900	0	0	0	0	-1	6
901	924	925	9	3.115	-3	6
902	0	0	0	0	-1	6
903	926	927	3	0.47	-3	6.72727272727273
904	0	0	0	0	-1	5
905	928	929	8	0.385	-3	5
906	0	0	0	0	-1	6
907	0	0	0	0	-1	6
908	930	931	5	0.0815	-3	5.66666666666667
909	0	0	0	0	-1	5
910	0	0	0	0	-1	5
911	932	933	4	3.245	-3	5
912	0	0	0	0	-1	6
913	0	0	0	0	-1	5
914	0	0	0	0	-1	6
915	0	0	0	0	-1	5
916	0	0	0	0	-1	5
917	0	0	0	0	-1	5
918	0	0	0	0	-1	5
919	0	0	0	0	-1	5
920	0	0	0	0	-1	5
921	0	0	0	0	-1	5
922	0	0	0	0	-1	6
923	0	0	0	0	-1	6
924	0	0	0	0	-1	6
925	934	935	4	2.95	-3	6
926	936	937	1	9.4	-3	6.88888888888889
927	0	0	0	0	-1	6
928	0	0	0	0	-1	6
929	0	0	0	0	-1	5
930	0	0	0	0	-1	5.25
931	0	0	0	0	-1	6
932	938	939	5	0.0675	-3	5
933	0	0	0	0	-1	5
934	0	0	0	0	-1	6
935	0	0	0	0	-1	6
936	0	0	0	0	-1	6.5
937	940	941	9	3.245	-3	7
938	0	0	0	0	-1	5
939	942	943	6	10	-3	5
940	0	0	0	0	-1	7
941	0	0	0	0	-1	7
942	0	0	0	0	-1	5
943	944	945	10	0	-3	5
944	0	0	0	0	-1	6
945	946	947	6	15	-3	5
946	0	0	0	0	-1	5
947	948	949	10	0	-3	5
948	0	0	0	0	-1	6
949	950	951	1	7.2	-3	5
950	0	0	0	0	-1	5
951	0	0	0	0	-1	5
