1	2	3	10	0.675	-3	5.63914946841776
2	4	5	3	0.265	-3	5.40649606299212
3	6	7	11	10.75	-3	6.04459691252144
4	8	9	2	0.7525	-3	5.30448222565687
5	10	11	11	10.55	-3	5.58536585365854
6	12	13	8	0.996215	-3	5.7027972027972
7	14	15	8	0.99535	-3	6.37373737373737
8	16	17	11	10.25	-3	5.375
9	18	19	11	11.75	-3	4.96396396396396
10	20	21	10	0.585	-3	5.29113924050633
11	22	23	9	3.275	-3	6.11363636363637
12	24	25	7	18.5	-3	6.24
13	26	27	2	0.545	-3	5.65134099616858
14	28	29	11	11.65	-3	6.65384615384615
15	30	31	1	7.25	-3	6.22279792746114
16	32	33	7	95	-3	5.25895316804407
17	34	35	4	3.725	-3	5.61849710982659
18	36	37	5	0.255	-3	4.88461538461538
19	38	39	7	14	-3	6.14285714285714
20	40	41	2	0.445	-3	5.15267175572519
21	42	43	3	0.345	-3	5.4622641509434
22	44	45	6	7.5	-3	6.25882352941177
23	46	47	4	4.7	-3	5.85106382978723
24	0	0	0	0	-1	7.5
25	48	49	1	5.95	-3	6.1304347826087
26	50	51	7	57.5	-3	5.81111111111111
27	52	53	8	1.0018	-3	5.2962962962963
28	54	55	9	3.62	-3	6.39130434782609
29	56	57	9	3.365	-3	6.86206896551724
30	58	59	8	0.995395	-3	5.66666666666667
31	60	61	3	0.775	-3	6.2906976744186
32	62	63	10	0.495	-3	5.28440366972477
33	64	65	8	0.996065	-3	5.02777777777778
34	66	67	11	12.85	-3	5.66459627329193
35	68	69	6	12.5	-3	5
36	70	71	11	9.05	-3	4.92156862745098
37	0	0	0	0	-1	3
38	0	0	0	0	-1	5
39	72	73	6	29.5	-3	6.33333333333333
40	74	75	8	0.99685	-3	5.38888888888889
41	76	77	11	9.05	-3	4.98701298701299
42	78	79	1	9.75	-3	5.72727272727273
43	80	81	5	0.0815	-3	5.2741935483871
44	82	83	3	0.535	-3	6.52631578947368
45	84	85	4	4.8	-3	6.04255319148936
46	86	87	7	9.5	-3	5.95454545454546
47	0	0	0	0	-1	4.33333333333333
48	0	0	0	0	-1	5
49	88	89	1	6.55	-3	6.23809523809524
50	90	91	6	33	-3	5.99206349206349
51	92	93	2	0.3	-3	5.38888888888889
52	94	95	2	0.8025	-3	5.275
53	0	0	0	0	-1	7
54	96	97	2	0.38	-3	6.45454545454546
55	0	0	0	0	-1	5
56	98	99	7	17.5	-3	7.09090909090909
57	100	101	7	74.5	-3	6.56
58	0	0	0	0	-1	5
59	102	103	11	11.9	-3	5.93333333333333
60	104	105	9	3.205	-3	6.32142857142857
61	0	0	0	0	-1	5
62	106	107	11	9.125	-3	5.03508771929825
63	108	109	9	3.155	-3	5.33703703703704
64	110	111	6	16	-3	5.14285714285714
65	112	113	5	0.074	-3	5
66	114	115	3	0.035	-3	5.72297297297297
67	116	117	7	13.5	-3	5
68	118	119	4	4.35	-3	5.33333333333333
69	0	0	0	0	-1	4
70	0	0	0	0	-1	6
71	120	121	2	0.9175	-3	4.8659793814433
72	0	0	0	0	-1	6
73	0	0	0	0	-1	7
74	122	123	1	9.55	-3	5.90476190476191
75	124	125	5	0.067	-3	5.06060606060606
76	126	127	6	11	-3	4.6
77	128	129	11	10.35	-3	5.08064516129032
78	130	131	9	3.49	-3	5.56410256410256
79	0	0	0	0	-1	7
80	132	133	5	0.0635	-3	5.06666666666667
81	134	135	5	0.0925	-3	5.46875
82	136	137	11	11.05	-3	6.79166666666667
83	138	139	9	3.125	-3	6.07142857142857
84	140	141	10	0.62	-3	5.95348837209302
85	0	0	0	0	-1	7
86	0	0	0	0	-1	7
87	142	143	6	25	-3	5.90476190476191
88	144	145	10	0.76	-3	6.5
89	146	147	7	9.35	-3	6
90	148	149	11	9.75	-3	6.01626016260163
91	0	0	0	0	-1	5
92	0	0	0	0	-1	7
93	150	151	3	0.17	-3	5.22448979591837
94	152	153	9	2.95	-3	5.24
95	0	0	0	0	-1	5.8
96	154	155	5	0.0735	-3	6.88888888888889
97	156	157	3	0.135	-3	6.15384615384615
98	158	159	2	0.37	-3	7.3125
99	160	161	6	9.5	-3	6.88235294117647
100	162	163	9	3.705	-3	6.27777777777778
101	164	165	10	0.845	-3	7.28571428571429
102	166	167	8	0.996465	-3	5.85714285714286
103	0	0	0	0	-1	7
104	168	169	9	2.935	-3	6.60869565217391
105	170	171	11	11.45	-3	6.21311475409836
106	0	0	0	0	-1	4
107	172	173	3	0.16	-3	5.07272727272727
108	174	175	5	0.1025	-3	5
109	176	177	1	7.75	-3	5.36991869918699
110	0	0	0	0	-1	6
111	178	179	7	123	-3	5
112	180	181	2	0.46	-3	5
113	182	183	10	0.495	-3	5
114	184	185	5	0.053	-3	5.88405797101449
115	186	187	6	10.5	-3	5.58227848101266
116	0	0	0	0	-1	6
117	188	189	1	5.1	-3	4.81818181818182
118	0	0	0	0	-1	4.66666666666667
119	190	191	7	14	-3	5.66666666666667
120	192	193	7	14.5	-3	5.05633802816901
121	194	195	9	3.28	-3	4.34615384615385
122	196	197	1	28	-3	6
123	0	0	0	0	-1	5
124	0	0	0	0	-1	5.66666666666667
125	198	199	7	120	-3	5
126	200	201	7	45	-3	3.66666666666667
127	202	203	8	0.9989	-3	5.22222222222222
128	204	205	1	12.4	-3	5.09836065573771
129	0	0	0	0	-1	4
130	206	207	10	0.645	-3	5.62857142857143
131	0	0	0	0	-1	5
132	0	0	0	0	-1	5.66666666666667
133	208	209	10	0.595	-3	5
134	210	211	9	3.165	-3	5.70588235294118
135	212	213	11	8.8	-3	5.2
136	0	0	0	0	-1	8
137	214	215	7	10.5	-3	6.68181818181818
138	0	0	0	0	-1	7
139	216	217	11	11.5	-3	5.91666666666667
140	218	219	1	9.05	-3	5.75862068965517
141	220	221	7	61.5	-3	6.35714285714286
142	222	223	10	0.575	-3	5.92682926829268
143	0	0	0	0	-1	5
144	224	225	11	10.2	-3	6.83333333333333
145	0	0	0	0	-1	6
146	0	0	0	0	-1	6
147	0	0	0	0	-1	6
148	226	227	3	0.565	-3	5.81481481481481
149	228	229	9	2.955	-3	6.17391304347826
150	0	0	0	0	-1	6
151	230	231	8	0.999425	-3	5.19148936170213
152	0	0	0	0	-1	6
153	232	233	5	0.109	-3	5.20833333333333
154	234	235	2	0.235	-3	6.69230769230769
155	0	0	0	0	-1	7.4
156	236	237	11	11.2	-3	6.66666666666667
157	238	239	10	0.81	-3	6
158	240	241	3	0.465	-3	7
159	0	0	0	0	-1	8
160	0	0	0	0	-1	6
161	242	243	9	3.125	-3	6.9375
162	244	245	2	0.335	-3	6.06666666666667
163	0	0	0	0	-1	7.33333333333333
164	0	0	0	0	-1	7.66666666666667
165	0	0	0	0	-1	7
166	246	247	11	11.25	-3	6
167	0	0	0	0	-1	5
168	0	0	0	0	-1	5
169	248	249	3	0.465	-3	6.64444444444445
170	250	251	3	0.335	-3	6.07407407407408
171	252	253	10	0.695	-3	6.48780487804878
172	254	255	4	1.25	-3	5
173	256	257	5	0.0695	-3	5.2
174	258	259	11	0	-3	5
175	260	261	5	0.1145	-3	5
176	262	263	8	0.997925	-3	5.2816091954023
177	264	265	3	0.245	-3	5.58333333333333
178	0	0	0	0	-1	5
179	0	0	0	0	-1	5
180	0	0	0	0	-1	5
181	266	267	10	0	-3	5
182	0	0	0	0	-1	5
183	268	269	1	7.55	-3	5
184	270	271	4	1.85	-3	6.28571428571429
185	272	273	11	11.25	-3	5.83870967741935
186	274	275	10	0.645	-3	5.11538461538461
187	276	277	9	3.175	-3	5.81132075471698
188	0	0	0	0	-1	4
189	278	279	3	0	-3	5
190	0	0	0	0	-1	5
191	0	0	0	0	-1	6
192	280	281	10	0.62	-3	4.44444444444444
193	282	283	10	0.51	-3	5.26415094339623
194	284	285	4	2.15	-3	5.16666666666667
195	286	287	11	9.8	-3	4.1
196	288	289	6	7	-3	6
197	0	0	0	0	-1	6
198	290	291	5	0.103	-3	5
199	0	0	0	0	-1	5
200	0	0	0	0	-1	5
201	0	0	0	0	-1	3
202	292	293	10	0	-3	5
203	0	0	0	0	-1	6
204	294	295	5	0.071	-3	5.11666666666667
205	0	0	0	0	-1	4
206	296	297	3	0.285	-3	5.54838709677419
207	0	0	0	0	-1	6.25
208	0	0	0	0	-1	5.4
209	298	299	3	0.495	-3	4.90909090909091
210	300	301	9	3.085	-3	6
211	302	303	6	21	-3	5.44444444444444
212	0	0	0	0	-1	3
213	304	305	6	6.5	-3	5.35714285714286
214	306	307	2	0.33	-3	6.92307692307692
215	308	309	11	11.6	-3	6.33333333333333
216	0	0	0	0	-1	5
217	310	311	8	0.99841	-3	6.1
218	312	313	3	0.325	-3	6.07142857142857
219	314	315	4	2.7	-3	5.46666666666667
220	316	317	10	0.645	-3	6.23076923076923
221	0	0	0	0	-1	8
222	318	319	7	11.5	-3	6
223	320	321	6	7	-3	5.84210526315789
224	0	0	0	0	-1	7
225	0	0	0	0	-1	6
226	322	323	1	14.15	-3	5.89130434782609
227	324	325	4	2	-3	5.375
228	0	0	0	0	-1	7.5
229	326	327	5	0.0605	-3	6.13432835820896
230	328	329	5	0.084	-3	5.08571428571429
231	330	331	9	3.25	-3	5.5
232	332	333	5	0.1055	-3	5.28846153846154
233	334	335	1	8.8	-3	5
234	0	0	0	0	-1	6
235	336	337	6	9	-3	6.81818181818182
236	0	0	0	0	-1	6
237	0	0	0	0	-1	7
238	0	0	0	0	-1	5.5
239	338	339	1	6.25	-3	6.05555555555556
240	340	341	11	11.85	-3	7
241	0	0	0	0	-1	7
242	0	0	0	0	-1	6
243	342	343	5	0	-3	7
244	0	0	0	0	-1	6.33333333333333
245	344	345	3	0.425	-3	6
246	346	347	2	0	-3	6
247	0	0	0	0	-1	6
248	348	349	5	0.0675	-3	6.22222222222222
249	350	351	10	0.715	-3	6.75
250	352	353	9	3.255	-3	5.94117647058824
251	354	355	2	0.4	-3	6.17021276595745
252	0	0	0	0	-1	5.66666666666667
253	356	357	10	0.715	-3	6.55263157894737
254	0	0	0	0	-1	7
255	358	359	8	0.99779	-3	4.94117647058824
256	0	0	0	0	-1	6
257	360	361	9	3.28	-3	5.11111111111111
258	0	0	0	0	-1	7
259	362	363	10	0.605	-3	5
260	0	0	0	0	-1	5
261	0	0	0	0	-1	5
262	364	365	7	10	-3	5.26627218934911
263	0	0	0	0	-1	5.8
264	366	367	10	0.585	-3	5.54545454545454
265	368	369	8	0.997875	-3	6
266	0	0	0	0	-1	7
267	370	371	11	9.35	-3	5
268	0	0	0	0	-1	5
269	372	373	6	0	-3	5
270	0	0	0	0	-1	6
271	0	0	0	0	-1	7
272	374	375	11	10.95	-3	5.58064516129032
273	376	377	5	0.0835	-3	6.09677419354839
274	378	379	7	10	-3	5.04166666666667
275	0	0	0	0	-1	6
276	0	0	0	0	-1	5
277	380	381	1	7.45	-3	5.84313725490196
278	0	0	0	0	-1	5
279	382	383	11	12.95	-3	5
280	384	385	8	0.99623	-3	4.52941176470588
281	0	0	0	0	-1	3
282	386	387	1	6.8	-3	4.83333333333333
283	388	389	3	0.195	-3	5.39024390243902
284	0	0	0	0	-1	5
285	0	0	0	0	-1	6
286	0	0	0	0	-1	3.4
287	390	391	8	0.99558	-3	4.33333333333333
288	0	0	0	0	-1	6
289	392	393	5	3.215	-3	6
290	0	0	0	0	-1	5
291	0	0	0	0	-1	5
292	0	0	0	0	-1	5
293	394	395	4	26	-3	5
294	396	397	1	8.95	-3	5.5
295	398	399	6	4	-3	5.04
296	400	401	6	8	-3	6
297	402	403	2	0.415	-3	5.44
298	404	405	8	0.99705	-3	5
299	0	0	0	0	-1	4.5
300	0	0	0	0	-1	6
301	0	0	0	0	-1	6
302	406	407	6	8.5	-3	5.16666666666667
303	0	0	0	0	-1	6
304	0	0	0	0	-1	6
305	408	409	2	0.595	-3	5.25
306	0	0	0	0	-1	6.66666666666667
307	410	411	7	0.99528	-3	7
308	0	0	0	0	-1	5
309	412	413	5	0.064	-3	6.5
310	414	415	1	10.8	-3	6
311	0	0	0	0	-1	7
312	0	0	0	0	-1	6.33333333333333
313	416	417	10	0	-3	6
314	418	419	6	12.5	-3	5.11111111111111
315	420	421	9	3.11	-3	6
316	0	0	0	0	-1	6.66666666666667
317	422	423	11	10.7	-3	6.1
318	0	0	0	0	-1	6
319	424	425	2	0.345	-3	6
320	0	0	0	0	-1	5
321	426	427	2	0.535	-3	5.94117647058824
322	428	429	10	1.08	-3	5.86666666666667
323	0	0	0	0	-1	7
324	0	0	0	0	-1	5.6
325	0	0	0	0	-1	5
326	430	431	9	3.045	-3	6.75
327	432	433	3	0.145	-3	6.05084745762712
328	434	435	9	3.325	-3	4.88235294117647
329	436	437	6	9.5	-3	5.27777777777778
330	438	439	3	0.54	-3	5.36363636363636
331	0	0	0	0	-1	7
332	440	441	10	0.705	-3	5.26
333	0	0	0	0	-1	6
334	442	443	4	0.645	-3	5
335	444	445	3	0.365	-3	5
336	0	0	0	0	-1	6
337	446	447	6	29	-3	6.9
338	0	0	0	0	-1	7
339	0	0	0	0	-1	6
340	0	0	0	0	-1	7
341	0	0	0	0	-1	7
342	0	0	0	0	-1	4
343	448	449	5	0	-3	7
344	450	451	11	12.9	-3	6
345	0	0	0	0	-1	6
346	0	0	0	0	-1	5
347	452	453	6	11	-3	6
348	0	0	0	0	-1	7
349	454	455	4	2.35	-3	6
350	456	457	8	1.00166	-3	6.375
351	458	459	4	1.85	-3	6.85714285714286
352	0	0	0	0	-1	5
353	460	461	7	36	-3	6.03225806451613
354	462	463	5	0.0675	-3	6.34615384615385
355	464	465	6	26.5	-3	5.95238095238095
356	0	0	0	0	-1	7
357	466	467	5	0.0745	-3	6.45161290322581
358	468	469	2	0.625	-3	5
359	0	0	0	0	-1	4
360	0	0	0	0	-1	5.4
361	470	471	11	9.45	-3	5
362	472	473	11	0	-3	5
363	0	0	0	0	-1	5
364	0	0	0	0	-1	6
365	474	475	5	0.0805	-3	5.24848484848485
366	476	477	8	0.996	-3	5.7027027027027
367	478	479	11	9.15	-3	5.3448275862069
368	0	0	0	0	-1	6
369	0	0	0	0	-1	6
370	0	0	0	0	-1	5
371	0	0	0	0	-1	5
372	0	0	0	0	-1	6
373	480	481	11	0.615	-3	5
374	482	483	5	0.071	-3	5.69230769230769
375	0	0	0	0	-1	5
376	0	0	0	0	-1	6
377	484	485	5	0.0935	-3	6.33333333333333
378	0	0	0	0	-1	4.5
379	486	487	1	9.35	-3	5.15
380	488	489	2	0.445	-3	5.78378378378378
381	0	0	0	0	-1	6
382	0	0	0	0	-1	5
383	0	0	0	0	-1	5
384	0	0	0	0	-1	6
385	490	491	1	7.55	-3	4.33333333333333
386	0	0	0	0	-1	4
387	492	493	1	7.35	-3	5
388	494	495	8	0.997065	-3	5.5
389	496	497	4	0.245	-3	5
390	0	0	0	0	-1	3.8
391	498	499	4	2.25	-3	4.6
392	500	501	9	0.99644	-3	6
393	0	0	0	0	-1	6
394	0	0	0	0	-1	5
395	0	0	0	0	-1	5
396	0	0	0	0	-1	5.8
397	0	0	0	0	-1	5.2
398	0	0	0	0	-1	4
399	502	503	11	9.75	-3	5.06122448979592
400	0	0	0	0	-1	6
401	0	0	0	0	-1	6
402	504	505	7	77	-3	5.90909090909091
403	506	507	9	3.37	-3	5.07142857142857
404	0	0	0	0	-1	5
405	0	0	0	0	-1	5
406	0	0	0	0	-1	5.5
407	0	0	0	0	-1	5
408	508	509	2	0.335	-3	5.1
409	0	0	0	0	-1	6
410	0	0	0	0	-1	6
411	510	511	1	8.95	-3	7
412	0	0	0	0	-1	6
413	0	0	0	0	-1	6.8
414	512	513	2	0.28	-3	6
415	0	0	0	0	-1	6
416	0	0	0	0	-1	5
417	0	0	0	0	-1	6
418	514	515	9	3.21	-3	5
419	0	0	0	0	-1	6
420	0	0	0	0	-1	6
421	0	0	0	0	-1	6
422	0	0	0	0	-1	7
423	516	517	10	0.655	-3	6
424	0	0	0	0	-1	6
425	518	519	7	17	-3	6
426	520	521	1	6.2	-3	6
427	0	0	0	0	-1	5.5
428	522	523	8	0.996605	-3	5.90476190476191
429	0	0	0	0	-1	5.33333333333333
430	0	0	0	0	-1	6
431	524	525	5	0.0585	-3	6.85714285714286
432	0	0	0	0	-1	7
433	526	527	10	0.995	-3	5.98181818181818
434	528	529	10	0.74	-3	4.66666666666667
435	530	531	1	6.6	-3	5
436	0	0	0	0	-1	6
437	532	533	9	3.295	-3	5.23529411764706
438	534	535	3	0.435	-3	5.14285714285714
439	0	0	0	0	-1	5.75
440	536	537	10	0.695	-3	5.53333333333333
441	538	539	1	7.65	-3	5.14285714285714
442	0	0	0	0	-1	6
443	0	0	0	0	-1	5
444	0	0	0	0	-1	5
445	0	0	0	0	-1	5
446	540	541	3	0.415	-3	7
447	0	0	0	0	-1	6
448	0	0	0	0	-1	5
449	0	0	0	0	-1	7
450	0	0	0	0	-1	6
451	0	0	0	0	-1	6
452	0	0	0	0	-1	6
453	0	0	0	0	-1	6
454	0	0	0	0	-1	6
455	0	0	0	0	-1	6
456	542	543	1	13.1	-3	6.16666666666667
457	0	0	0	0	-1	7
458	0	0	0	0	-1	6
459	544	545	2	0.5825	-3	6.92307692307692
460	0	0	0	0	-1	6.5
461	546	547	4	2.55	-3	5.96296296296296
462	548	549	5	0	-3	6
463	550	551	8	0.99662	-3	6.52941176470588
464	552	553	4	2.1	-3	6
465	0	0	0	0	-1	5.5
466	554	555	3	0.455	-3	6
467	556	557	11	12.45	-3	6.63636363636364
468	558	559	4	1.75	-3	5
469	560	561	1	7.55	-3	5
470	0	0	0	0	-1	5
471	562	563	3	0	-3	5
472	0	0	0	0	-1	5
473	564	565	6	0	-3	5
474	566	567	1	5.9	-3	5.15315315315315
475	568	569	7	27.5	-3	5.44444444444444
476	0	0	0	0	-1	5
477	570	571	10	0.555	-3	5.74285714285714
478	0	0	0	0	-1	6
479	572	573	7	28	-3	5.24
480	0	0	0	0	-1	6
481	574	575	9	3.24	-3	5
482	0	0	0	0	-1	5
483	576	577	10	0.525	-3	5.78260869565217
484	0	0	0	0	-1	7
485	578	579	3	0.015	-3	6
486	580	581	11	10.35	-3	5.10526315789474
487	0	0	0	0	-1	6
488	582	583	7	37.5	-3	5.375
489	584	585	2	0.7025	-3	5.89655172413793
490	0	0	0	0	-1	4
491	586	587	4	2.35	-3	4.5
492	0	0	0	0	-1	5
493	588	589	5	0	-3	5
494	590	591	8	0.996165	-3	5.33333333333333
495	592	593	9	3.345	-3	5.81818181818182
496	0	0	0	0	-1	5
497	594	595	9	3.39	-3	5
498	0	0	0	0	-1	5
499	596	597	10	0.53	-3	4.33333333333333
500	0	0	0	0	-1	7
501	598	599	9	3.215	-3	6
502	600	601	3	0.325	-3	5
503	602	603	3	0.275	-3	5.27272727272727
504	0	0	0	0	-1	6
505	0	0	0	0	-1	5
506	604	605	4	2.6	-3	5
507	0	0	0	0	-1	5.25
508	0	0	0	0	-1	6
509	606	607	3	0	-3	5
510	0	0	0	0	-1	7
511	0	0	0	0	-1	7
512	0	0	0	0	-1	6
513	0	0	0	0	-1	6
514	0	0	0	0	-1	5
515	0	0	0	0	-1	5
516	608	609	7	0	-3	6
517	0	0	0	0	-1	6
518	0	0	0	0	-1	6
519	610	611	9	0	-3	6
520	0	0	0	0	-1	6
521	612	613	3	0.36	-3	6
522	0	0	0	0	-1	5
523	614	615	6	10.5	-3	5.92682926829268
524	0	0	0	0	-1	7
525	0	0	0	0	-1	6.5
526	616	617	2	0.365	-3	5.91836734693878
527	618	619	3	0.485	-3	6.5
528	0	0	0	0	-1	4
529	0	0	0	0	-1	5
530	0	0	0	0	-1	5
531	620	621	5	0.0675	-3	5
532	622	623	11	9.85	-3	5.13333333333333
533	0	0	0	0	-1	6
534	0	0	0	0	-1	6
535	0	0	0	0	-1	5
536	624	625	6	10.5	-3	5.125
537	626	627	5	0.595	-3	6
538	628	629	1	7.2	-3	5.26315789473684
539	630	631	4	1.85	-3	5
540	0	0	0	0	-1	7
541	0	0	0	0	-1	7
542	0	0	0	0	-1	6
543	0	0	0	0	-1	7
544	632	633	1	13.3	-3	6.96
545	0	0	0	0	-1	6
546	634	635	1	7.8	-3	6.04347826086957
547	0	0	0	0	-1	5.5
548	0	0	0	0	-1	6
549	636	637	8	0	-3	6
550	638	639	4	2.05	-3	6.14285714285714
551	640	641	10	0.87	-3	6.8
552	642	643	7	0	-3	6
553	644	645	7	17.5	-3	6
554	0	0	0	0	-1	6
555	0	0	0	0	-1	6
556	646	647	7	41	-3	6.57142857142857
557	0	0	0	0	-1	8
558	648	649	2	0	-3	5
559	650	651	7	68.5	-3	5
560	652	653	5	0	-3	5
561	654	655	4	2.1	-3	5
562	0	0	0	0	-1	7
563	656	657	6	18.5	-3	5
564	0	0	0	0	-1	5
565	0	0	0	0	-1	5
566	0	0	0	0	-1	4
567	658	659	7	24.5	-3	5.16363636363636
568	660	661	2	0.64	-3	5.08333333333333
569	662	663	1	6.75	-3	5.54761904761905
570	664	665	2	0.7175	-3	5.57894736842105
571	666	667	10	0.575	-3	5.9375
572	668	669	8	0.6	-3	6
573	670	671	2	0.655	-3	4.94444444444444
574	0	0	0	0	-1	5
575	672	673	11	0	-3	5
576	0	0	0	0	-1	5.25
577	674	675	1	6.7	-3	5.89473684210526
578	0	0	0	0	-1	6
579	0	0	0	0	-1	6
580	0	0	0	0	-1	5.5
581	676	677	6	9.5	-3	5
582	0	0	0	0	-1	6
583	0	0	0	0	-1	5
584	678	679	3	0.135	-3	5.92592592592593
585	0	0	0	0	-1	5.5
586	0	0	0	0	-1	4
587	0	0	0	0	-1	5
588	0	0	0	0	-1	5
589	0	0	0	0	-1	5
590	680	681	5	0.0645	-3	5.58333333333333
591	682	683	11	0	-3	5
592	684	685	3	4.05	-3	6
593	0	0	0	0	-1	5
594	686	687	11	10.65	-3	5
595	0	0	0	0	-1	5
596	0	0	0	0	-1	5
597	0	0	0	0	-1	4
598	0	0	0	0	-1	6
599	688	689	5	0.078	-3	6
600	690	691	4	9.2	-3	5
601	692	693	9	3.115	-3	5
602	0	0	0	0	-1	6
603	694	695	2	0.925	-3	5.11111111111111
604	696	697	10	0	-3	5
605	0	0	0	0	-1	5
606	0	0	0	0	-1	6
607	698	699	5	0.106	-3	5
608	0	0	0	0	-1	5
609	700	701	4	2.1	-3	6
610	0	0	0	0	-1	6
611	0	0	0	0	-1	6
612	0	0	0	0	-1	6
613	702	703	9	3.385	-3	6
614	704	705	8	0.99875	-3	5.83333333333333
615	706	707	8	0.9971	-3	6.05882352941176
616	708	709	6	11	-3	5.66666666666667
617	710	711	9	3.005	-3	6.02941176470588
618	0	0	0	0	-1	6
619	0	0	0	0	-1	7
620	0	0	0	0	-1	5
621	712	713	10	0	-3	5
622	714	715	11	9.35	-3	5
623	0	0	0	0	-1	5.66666666666667
624	0	0	0	0	-1	5.5
625	716	717	11	10.2	-3	5
626	718	719	11	9.75	-3	6
627	0	0	0	0	-1	6
628	720	721	3	0.07	-3	5.07142857142857
629	0	0	0	0	-1	5.8
630	722	723	6	0	-3	5
631	724	725	1	8.2	-3	5
632	726	727	10	0	-3	7
633	0	0	0	0	-1	6
634	0	0	0	0	-1	6.2
635	0	0	0	0	-1	6
636	0	0	0	0	-1	6
637	0	0	0	0	-1	6
638	728	729	3	0.51	-3	6
639	0	0	0	0	-1	7
640	730	731	4	2.15	-3	7
641	0	0	0	0	-1	6.5
642	0	0	0	0	-1	6
643	732	733	5	0.082	-3	6
644	0	0	0	0	-1	6
645	734	735	5	0.086	-3	6
646	736	737	4	3.025	-3	6.75
647	0	0	0	0	-1	6
648	0	0	0	0	-1	6
649	738	739	4	1.5	-3	5
650	0	0	0	0	-1	5
651	0	0	0	0	-1	5
652	0	0	0	0	-1	5
653	740	741	3	0.015	-3	5
654	0	0	0	0	-1	5
655	0	0	0	0	-1	5
656	742	743	8	12.5	-3	5
657	0	0	0	0	-1	5
658	744	745	3	0.15	-3	5
659	746	747	8	0.995605	-3	5.2093023255814
660	0	0	0	0	-1	6
661	748	749	2	0.675	-3	5
662	0	0	0	0	-1	5
663	750	751	8	0.997525	-3	5.74193548387097
664	752	753	4	2.05	-3	5.6875
665	0	0	0	0	-1	5
666	754	755	9	3.27	-3	6
667	0	0	0	0	-1	5.75
668	0	0	0	0	-1	5
669	756	757	8	0.997325	-3	6
670	0	0	0	0	-1	5
671	0	0	0	0	-1	4.66666666666667
672	0	0	0	0	-1	8
673	758	759	9	3.275	-3	5
674	0	0	0	0	-1	5
675	760	761	9	3.495	-3	5.94444444444444
676	762	763	6	0	-3	5
677	0	0	0	0	-1	5
678	764	765	6	14.5	-3	5.77777777777778
679	766	767	8	0.9955	-3	6
680	0	0	0	0	-1	6
681	768	769	10	0.59	-3	5.375
682	0	0	0	0	-1	5
683	770	771	10	0.005	-3	5
684	772	773	1	8	-3	6
685	0	0	0	0	-1	6
686	0	0	0	0	-1	5
687	0	0	0	0	-1	5
688	774	775	10	0.505	-3	6
689	0	0	0	0	-1	6
690	776	777	5	0.1035	-3	5
691	0	0	0	0	-1	5
692	0	0	0	0	-1	5
693	0	0	0	0	-1	5
694	778	779	5	0.075	-3	5
695	0	0	0	0	-1	6
696	0	0	0	0	-1	6
697	780	781	1	7.65	-3	5
698	782	783	4	0	-3	5
699	0	0	0	0	-1	5
700	0	0	0	0	-1	6
701	0	0	0	0	-1	6
702	0	0	0	0	-1	6
703	0	0	0	0	-1	6
704	784	785	8	0.997145	-3	5.90909090909091
705	0	0	0	0	-1	5
706	0	0	0	0	-1	6.5
707	786	787	8	0.99845	-3	6
708	788	789	6	4.5	-3	5.44444444444444
709	790	791	5	0.0705	-3	6
710	0	0	0	0	-1	5
711	792	793	9	3.04	-3	6.06060606060606
712	0	0	0	0	-1	6
713	794	795	6	28.5	-3	5
714	796	797	4	0	-3	5
715	0	0	0	0	-1	5
716	0	0	0	0	-1	5
717	0	0	0	0	-1	5
718	0	0	0	0	-1	6
719	0	0	0	0	-1	6
720	798	799	7	29.5	-3	5
721	0	0	0	0	-1	5.5
722	0	0	0	0	-1	6
723	0	0	0	0	-1	5
724	0	0	0	0	-1	5
725	800	801	1	0	-3	5
726	0	0	0	0	-1	6
727	802	803	6	0	-3	7
728	0	0	0	0	-1	6
729	0	0	0	0	-1	6
730	0	0	0	0	-1	7
731	0	0	0	0	-1	7
732	0	0	0	0	-1	6
733	0	0	0	0	-1	6
734	0	0	0	0	-1	6
735	0	0	0	0	-1	6
736	804	805	10	0	-3	7
737	806	807	9	3.265	-3	6.33333333333333
738	0	0	0	0	-1	5
739	808	809	6	0	-3	5
740	0	0	0	0	-1	5
741	0	0	0	0	-1	5
742	0	0	0	0	-1	5
743	0	0	0	0	-1	5
744	810	811	1	1.65	-3	5
745	812	813	4	1.5	-3	5
746	0	0	0	0	-1	5.8
747	814	815	1	6.5	-3	5.17283950617284
748	0	0	0	0	-1	5
749	0	0	0	0	-1	5
750	816	817	9	3.275	-3	5.92
751	0	0	0	0	-1	5
752	0	0	0	0	-1	6
753	818	819	8	0.99684	-3	5.54545454545455
754	0	0	0	0	-1	6
755	820	821	8	0	-3	6
756	0	0	0	0	-1	6
757	0	0	0	0	-1	6
758	0	0	0	0	-1	5
759	0	0	0	0	-1	5
760	822	823	6	0.595	-3	6
761	0	0	0	0	-1	5
762	0	0	0	0	-1	5
763	824	825	1	6.75	-3	5
764	0	0	0	0	-1	5
765	826	827	11	10.525	-3	5.875
766	828	829	8	0.99505	-3	6
767	0	0	0	0	-1	6
768	0	0	0	0	-1	5
769	0	0	0	0	-1	6
770	0	0	0	0	-1	5
771	830	831	11	0	-3	5
772	0	0	0	0	-1	6
773	0	0	0	0	-1	6
774	0	0	0	0	-1	6
775	832	833	1	8.25	-3	6
776	834	835	5	0	-3	5
777	0	0	0	0	-1	5
778	0	0	0	0	-1	5
779	836	837	11	0	-3	5
780	0	0	0	0	-1	5
781	0	0	0	0	-1	5
782	0	0	0	0	-1	5
783	838	839	1	10.4	-3	5
784	0	0	0	0	-1	5
785	840	841	7	17.5	-3	5.95238095238095
786	0	0	0	0	-1	6
787	0	0	0	0	-1	6
788	0	0	0	0	-1	6
789	0	0	0	0	-1	5
790	0	0	0	0	-1	6
791	0	0	0	0	-1	6
792	0	0	0	0	-1	7
793	842	843	5	0.1005	-3	6.03125
794	0	0	0	0	-1	5
795	0	0	0	0	-1	5
796	0	0	0	0	-1	5
797	844	845	3	17	-3	5
798	0	0	0	0	-1	5
799	0	0	0	0	-1	5
800	0	0	0	0	-1	5
801	846	847	10	0.765	-3	5
802	0	0	0	0	-1	7
803	848	849	7	0	-3	7
804	0	0	0	0	-1	6
805	850	851	4	2.35	-3	7
806	0	0	0	0	-1	6
807	0	0	0	0	-1	7
808	0	0	0	0	-1	6
809	0	0	0	0	-1	5
810	0	0	0	0	-1	5
811	852	853	8	0.99543	-3	5
812	0	0	0	0	-1	5
813	0	0	0	0	-1	5
814	0	0	0	0	-1	5.75
815	854	855	1	7.25	-3	5.14285714285714
816	0	0	0	0	-1	5.4
817	856	857	6	9	-3	6.05
818	0	0	0	0	-1	5
819	858	859	3	0.105	-3	5.66666666666667
820	0	0	0	0	-1	6
821	860	861	4	13.5	-3	6
822	0	0	0	0	-1	5
823	862	863	4	0	-3	6
824	0	0	0	0	-1	5
825	0	0	0	0	-1	5
826	0	0	0	0	-1	5.66666666666667
827	0	0	0	0	-1	6
828	864	865	4	2.45	-3	6
829	0	0	0	0	-1	6
830	0	0	0	0	-1	5
831	866	867	5	0.097	-3	5
832	0	0	0	0	-1	6
833	0	0	0	0	-1	6
834	0	0	0	0	-1	7
835	868	869	4	0	-3	5
836	0	0	0	0	-1	5
837	870	871	3	0.325	-3	5
838	0	0	0	0	-1	5
839	0	0	0	0	-1	5
840	0	0	0	0	-1	5.5
841	0	0	0	0	-1	6
842	0	0	0	0	-1	6
843	872	873	7	21.5	-3	6.1
844	0	0	0	0	-1	5
845	0	0	0	0	-1	5
846	0	0	0	0	-1	5
847	0	0	0	0	-1	5
848	0	0	0	0	-1	7
849	874	875	6	0	-3	7
850	0	0	0	0	-1	7
851	0	0	0	0	-1	7
852	0	0	0	0	-1	5
853	876	877	8	0	-3	5
854	878	879	7	35.5	-3	5.22916666666667
855	880	881	2	0.405	-3	5
856	0	0	0	0	-1	4
857	882	883	3	0.1	-3	6.15789473684211
858	0	0	0	0	-1	5
859	884	885	10	0.53	-3	5.85714285714286
860	0	0	0	0	-1	6
861	0	0	0	0	-1	6
862	0	0	0	0	-1	6
863	886	887	5	0.0945	-3	6
864	888	889	6	17.5	-3	6
865	0	0	0	0	-1	6
866	0	0	0	0	-1	5
867	0	0	0	0	-1	5
868	0	0	0	0	-1	5
869	890	891	6	19.5	-3	5
870	0	0	0	0	-1	5
871	0	0	0	0	-1	5
872	892	893	9	3.305	-3	6
873	0	0	0	0	-1	7
874	0	0	0	0	-1	6
875	894	895	11	0	-3	7
876	0	0	0	0	-1	5
877	896	897	10	0.575	-3	5
878	898	899	10	0.515	-3	5.64285714285714
879	900	901	9	3.52	-3	5.05882352941177
880	0	0	0	0	-1	4.5
881	902	903	6	16.5	-3	5.03703703703704
882	904	905	2	0.565	-3	6
883	906	907	10	0.6	-3	6.5
884	0	0	0	0	-1	5.5
885	0	0	0	0	-1	6
886	908	909	6	19	-3	6
887	0	0	0	0	-1	6
888	910	911	6	16	-3	6
889	0	0	0	0	-1	6
890	912	913	8	0	-3	5
891	914	915	1	9.05	-3	5
892	0	0	0	0	-1	6
893	0	0	0	0	-1	6
894	0	0	0	0	-1	6
895	916	917	8	0	-3	7
896	918	919	9	0	-3	5
897	920	921	8	0.996945	-3	5
898	0	0	0	0	-1	6
899	922	923	9	3.455	-3	5.54545454545455
900	924	925	7	52.5	-3	5
901	926	927	7	75.5	-3	5.18181818181818
902	0	0	0	0	-1	5
903	0	0	0	0	-1	5.25
904	0	0	0	0	-1	6
905	0	0	0	0	-1	6
906	0	0	0	0	-1	6
907	0	0	0	0	-1	7
908	928	929	3	0	-3	6
909	0	0	0	0	-1	6
910	0	0	0	0	-1	6
911	0	0	0	0	-1	6
912	0	0	0	0	-1	6
913	930	931	5	0.0925	-3	5
914	0	0	0	0	-1	5
915	0	0	0	0	-1	5
916	0	0	0	0	-1	6
917	0	0	0	0	-1	7
918	0	0	0	0	-1	5
919	0	0	0	0	-1	5
920	0	0	0	0	-1	5
921	0	0	0	0	-1	5
922	932	933	2	0.56	-3	5.375
923	0	0	0	0	-1	6
924	934	935	10	0	-3	5
925	936	937	5	0.0755	-3	5
926	0	0	0	0	-1	5
927	938	939	5	0.0785	-3	5.33333333333333
928	0	0	0	0	-1	7
929	0	0	0	0	-1	6
930	0	0	0	0	-1	5
931	0	0	0	0	-1	5
932	0	0	0	0	-1	6
933	0	0	0	0	-1	5
934	0	0	0	0	-1	6
935	940	941	7	46.5	-3	5
936	942	943	9	0	-3	5
937	944	945	3	0.065	-3	5
938	0	0	0	0	-1	5
939	0	0	0	0	-1	6
940	0	0	0	0	-1	5
941	0	0	0	0	-1	5
942	0	0	0	0	-1	5
943	946	947	4	0	-3	5
944	948	949	7	0	-3	5
945	0	0	0	0	-1	5
946	0	0	0	0	-1	6
947	0	0	0	0	-1	5
948	0	0	0	0	-1	6
949	950	951	9	0.045	-3	5
950	0	0	0	0	-1	5
951	0	0	0	0	-1	5
