1	2	3	2	0.425	-3	5.6172607879925
2	4	5	5	0.0785	-3	6.0383877159309
3	6	7	8	0.99241	-3	5.41372912801484
4	8	9	6	19.5	-3	6.26164874551971
5	10	11	11	11.15	-3	5.78099173553719
6	12	13	5	0.0455	-3	7
7	14	15	2	0.7725	-3	5.3943661971831
8	16	17	4	1.75	-3	6.41145833333333
9	18	19	3	0.31	-3	5.93103448275862
10	20	21	7	67.5	-3	5.56179775280899
11	22	23	8	0.99486	-3	6.390625
12	0	0	0	0	-1	8
13	24	25	6	21.5	-3	6.7
14	26	27	3	0.515	-3	5.46868250539957
15	28	29	6	7.5	-3	4.89928057553957
16	30	31	11	9.9	-3	6.09677419354839
17	32	33	4	2.075	-3	6.47204968944099
18	34	35	11	10.7	-3	5.63888888888889
19	36	37	9	3.395	-3	6.13725490196078
20	38	39	8	0.998905	-3	5.64748201438849
21	40	41	5	0.0805	-3	5.25641025641026
22	42	43	8	0.99349	-3	6.9
23	44	45	6	25.5	-3	6.2962962962963
24	46	47	11	12.95	-3	7
25	0	0	0	0	-1	6
26	48	49	7	74.5	-3	5.43367935409458
27	50	51	10	0.58	-3	5.98305084745763
28	52	53	2	1.01	-3	4.56603773584906
29	54	55	5	0.2225	-3	5.1046511627907
30	56	57	1	8.25	-3	5.33333333333333
31	58	59	7	13.5	-3	6.28
32	60	61	8	0.995365	-3	6.7258064516129
33	62	63	8	0.99512	-3	6.31313131313131
34	64	65	1	7.25	-3	5.42307692307692
35	66	67	10	0.43	-3	6.2
36	68	69	1	10.7	-3	6.04761904761905
37	70	71	2	0.38	-3	6.55555555555556
38	72	73	9	3.035	-3	5.53571428571429
39	74	75	9	3.175	-3	6.11111111111111
40	76	77	11	10.05	-3	5.625
41	78	79	3	0.545	-3	5.16129032258065
42	0	0	0	0	-1	6
43	80	81	10	0.725	-3	7
44	82	83	10	0.675	-3	6.38
45	0	0	0	0	-1	5.25
46	0	0	0	0	-1	6
47	84	85	9	3.37	-3	7.16666666666667
48	86	87	8	0.994925	-3	5.49777117384844
49	88	89	7	107	-3	5.21134020618557
50	90	91	3	0.55	-3	5
51	92	93	4	3.55	-3	6.20833333333333
52	94	95	6	3.5	-3	4.78571428571429
53	96	97	4	3.25	-3	3.72727272727273
54	98	99	11	11.45	-3	5.20987654320988
55	0	0	0	0	-1	3.4
56	0	0	0	0	-1	5
57	0	0	0	0	-1	6
58	100	101	4	1.675	-3	6
59	102	103	5	0.0615	-3	6.46666666666667
60	104	105	9	3.195	-3	7.11428571428572
61	106	107	6	8	-3	6.22222222222222
62	108	109	4	2.6	-3	6.66666666666667
63	110	111	10	0.64	-3	6.2
64	112	113	10	0.875	-3	5.68421052631579
65	114	115	6	30	-3	4.71428571428571
66	0	0	0	0	-1	7
67	116	117	10	0	-3	6
68	118	119	4	4.7	-3	6.1
69	0	0	0	0	-1	5
70	0	0	0	0	-1	7
71	0	0	0	0	-1	6
72	120	121	2	0.375	-3	6.25
73	122	123	3	0.515	-3	5.48076923076923
74	124	125	5	0.0965	-3	5.875
75	126	127	6	7.5	-3	6.45454545454546
76	0	0	0	0	-1	5.25
77	0	0	0	0	-1	6
78	128	129	2	0.375	-3	5.06896551724138
79	0	0	0	0	-1	6.5
80	0	0	0	0	-1	7
81	0	0	0	0	-1	7
82	130	131	3	0.415	-3	6.08333333333333
83	132	133	5	0.0985	-3	6.65384615384615
84	0	0	0	0	-1	8
85	0	0	0	0	-1	7
86	134	135	5	0.058	-3	5.90243902439024
87	136	137	11	9.975	-3	5.44162436548223
88	138	139	1	5.4	-3	5.29508196721312
89	140	141	9	3.09	-3	5.06944444444444
90	0	0	0	0	-1	6
91	142	143	9	3.225	-3	4.77777777777778
92	144	145	6	29	-3	5.97058823529412
93	146	147	10	0.67	-3	6.78571428571429
94	0	0	0	0	-1	3
95	148	149	5	0.0625	-3	4.875
96	150	151	9	3.515	-3	4
97	0	0	0	0	-1	3
98	152	153	8	0.99816	-3	5.10810810810811
99	154	155	9	3.565	-3	6.28571428571429
100	156	157	6	6.5	-3	5.71428571428571
101	0	0	0	0	-1	6.66666666666667
102	158	159	8	0.99429	-3	6.75
103	160	161	10	0.805	-3	6.14285714285714
104	0	0	0	0	-1	5
105	162	163	1	5.05	-3	7.1764705882353
106	164	165	8	0.995675	-3	6
107	166	167	7	26	-3	6.6
108	168	169	1	7.15	-3	6.88235294117647
109	170	171	1	7.95	-3	6.14285714285714
110	172	173	11	11.5	-3	5.65
111	174	175	2	0.355	-3	6.4
112	176	177	8	0.99538	-3	6
113	178	179	11	1.295	-3	5
114	0	0	0	0	-1	4.33333333333333
115	0	0	0	0	-1	5
116	0	0	0	0	-1	3
117	180	181	4	0.0545	-3	6
118	182	183	11	9.75	-3	6.02857142857143
119	0	0	0	0	-1	6.6
120	184	185	6	5.5	-3	6
121	0	0	0	0	-1	7
122	186	187	10	0.595	-3	5.5609756097561
123	188	189	4	2.1	-3	5.18181818181818
124	190	191	6	7	-3	5.93333333333333
125	0	0	0	0	-1	5
126	0	0	0	0	-1	6
127	192	193	2	0.285	-3	6.83333333333333
128	194	195	4	1.9	-3	5.16666666666667
129	196	197	6	36.5	-3	5
130	0	0	0	0	-1	6.66666666666667
131	0	0	0	0	-1	6
132	198	199	3	0	-3	7
133	200	201	6	13	-3	6.25
134	202	203	5	0.0565	-3	5.58333333333333
135	204	205	11	12.85	-3	6.03448275862069
136	206	207	6	24	-3	5.19933554817276
137	208	209	7	13.5	-3	5.69310344827586
138	0	0	0	0	-1	7
139	210	211	7	78.5	-3	5.28099173553719
140	0	0	0	0	-1	5.75
141	212	213	9	3.225	-3	5.02941176470588
142	214	215	1	8.25	-3	5
143	0	0	0	0	-1	3
144	216	217	4	2.35	-3	6.0625
145	0	0	0	0	-1	4.5
146	0	0	0	0	-1	6
147	0	0	0	0	-1	7
148	218	219	1	8	-3	4.28571428571429
149	220	221	3	0.255	-3	5
150	0	0	0	0	-1	3.8
151	0	0	0	0	-1	4.33333333333333
152	222	223	9	3.475	-3	5.03174603174603
153	224	225	9	3.36	-3	5.54545454545455
154	0	0	0	0	-1	7
155	0	0	0	0	-1	6
156	0	0	0	0	-1	5.33333333333333
157	0	0	0	0	-1	6
158	0	0	0	0	-1	6
159	226	227	10	0.77	-3	7
160	228	229	7	18	-3	6
161	0	0	0	0	-1	7
162	0	0	0	0	-1	8
163	230	231	5	0.0675	-3	7.125
164	0	0	0	0	-1	5
165	232	233	7	20	-3	6.21428571428571
166	234	235	3	0	-3	7
167	0	0	0	0	-1	6
168	0	0	0	0	-1	6
169	236	237	3	0.335	-3	6.9375
170	238	239	7	48.5	-3	6
171	0	0	0	0	-1	7
172	240	241	5	0.062	-3	5.09090909090909
173	242	243	4	3.7	-3	6.33333333333333
174	244	245	4	10.65	-3	6.64705882352941
175	246	247	7	30.5	-3	6
176	0	0	0	0	-1	6
177	0	0	0	0	-1	6
178	0	0	0	0	-1	5
179	0	0	0	0	-1	5
180	0	0	0	0	-1	6
181	248	249	1	6.45	-3	6
182	0	0	0	0	-1	5
183	250	251	7	35	-3	6.09090909090909
184	0	0	0	0	-1	6
185	0	0	0	0	-1	6
186	252	253	4	1.9	-3	5.16129032258065
187	254	255	4	2.35	-3	5.80392156862745
188	256	257	8	0.996305	-3	5.4
189	258	259	3	0.565	-3	5
190	0	0	0	0	-1	5.8
191	260	261	7	38	-3	6
192	0	0	0	0	-1	6
193	0	0	0	0	-1	7
194	0	0	0	0	-1	6
195	262	263	2	0.3675	-3	5.09090909090909
196	0	0	0	0	-1	5
197	0	0	0	0	-1	5
198	0	0	0	0	-1	5
199	0	0	0	0	-1	7
200	0	0	0	0	-1	6.75
201	264	265	6	18	-3	6
202	266	267	4	2.25	-3	5.84210526315789
203	0	0	0	0	-1	4.6
204	268	269	4	2.05	-3	6.07407407407407
205	0	0	0	0	-1	5.5
206	270	271	2	0.5725	-3	5.25581395348837
207	272	273	6	34.5	-3	4.86046511627907
208	274	275	7	12.5	-3	5
209	276	277	10	0.525	-3	5.74721189591078
210	278	279	6	11.5	-3	4.84615384615385
211	280	281	6	30.5	-3	5.33333333333333
212	282	283	5	0.073	-3	5.14285714285714
213	284	285	8	0.99809	-3	5
214	0	0	0	0	-1	5
215	0	0	0	0	-1	5
216	286	287	3	0.69	-3	5.9
217	288	289	7	21.5	-3	6.33333333333333
218	0	0	0	0	-1	4
219	0	0	0	0	-1	5
220	290	291	3	0.21	-3	5.10344827586207
221	0	0	0	0	-1	4.25
222	292	293	4	4.75	-3	4.96153846153846
223	294	295	4	1.5	-3	5.36363636363636
224	0	0	0	0	-1	6
225	296	297	4	3.35	-3	5.16666666666667
226	0	0	0	0	-1	7
227	0	0	0	0	-1	7
228	0	0	0	0	-1	6
229	0	0	0	0	-1	6
230	298	299	11	11.15	-3	6.85
231	300	301	6	8.5	-3	7.58333333333333
232	0	0	0	0	-1	6
233	0	0	0	0	-1	6.6
234	0	0	0	0	-1	5
235	0	0	0	0	-1	7
236	0	0	0	0	-1	6
237	0	0	0	0	-1	7
238	0	0	0	0	-1	6
239	0	0	0	0	-1	6
240	0	0	0	0	-1	4
241	302	303	7	44.5	-3	5.2
242	304	305	10	0.58	-3	6
243	0	0	0	0	-1	7
244	306	307	8	0.9982	-3	6.6969696969697
245	0	0	0	0	-1	5
246	308	309	4	2.4	-3	6.16666666666667
247	0	0	0	0	-1	5
248	0	0	0	0	-1	6
249	0	0	0	0	-1	6
250	0	0	0	0	-1	7
251	310	311	10	0.97	-3	6.0625
252	0	0	0	0	-1	5
253	312	313	8	0.99574	-3	5.25
254	314	315	11	9.15	-3	5.68421052631579
255	316	317	9	3.215	-3	6.15384615384615
256	0	0	0	0	-1	6
257	318	319	5	0.263	-3	5.14285714285714
258	0	0	0	0	-1	5
259	320	321	8	0	-3	5
260	0	0	0	0	-1	6
261	322	323	1	12.95	-3	6
262	324	325	3	0.285	-3	5
263	0	0	0	0	-1	5.33333333333333
264	0	0	0	0	-1	6
265	0	0	0	0	-1	6
266	326	327	8	0.9943	-3	5.71428571428571
267	0	0	0	0	-1	6.2
268	328	329	9	3.58	-3	5.92592592592593
269	330	331	7	15	-3	6.22222222222222
270	332	333	10	0.47	-3	5.44036697247706
271	334	335	8	0.9999	-3	5.12080536912752
272	336	337	5	0.125	-3	4.74285714285714
273	338	339	7	68.5	-3	5.375
274	340	341	7	9.5	-3	5.33333333333333
275	342	343	10	0.69	-3	4.55555555555556
276	344	345	5	0.0815	-3	5.28571428571429
277	346	347	1	12.05	-3	5.81623931623932
278	0	0	0	0	-1	4
279	348	349	5	0.092	-3	5
280	350	351	8	0.997455	-3	5.28865979381443
281	352	353	7	82.5	-3	5.72727272727273
282	0	0	0	0	-1	6
283	354	355	10	0.555	-3	5
284	356	357	10	0.74	-3	5
285	358	359	7	0.145	-3	5
286	360	361	7	16.5	-3	5.94736842105263
287	0	0	0	0	-1	5
288	0	0	0	0	-1	7
289	362	363	8	1.00046	-3	6
290	364	365	7	34	-3	5
291	0	0	0	0	-1	6
292	366	367	11	9.85	-3	4.94117647058824
293	0	0	0	0	-1	6
294	0	0	0	0	-1	4
295	368	369	2	0.9075	-3	5.5
296	0	0	0	0	-1	5
297	0	0	0	0	-1	5.5
298	0	0	0	0	-1	5
299	370	371	9	3.225	-3	6.94736842105263
300	0	0	0	0	-1	8
301	372	373	10	0.775	-3	7.28571428571429
302	374	375	1	7.4	-3	5.11111111111111
303	0	0	0	0	-1	6
304	0	0	0	0	-1	6
305	0	0	0	0	-1	6
306	376	377	7	39.5	-3	6.90476190476191
307	378	379	9	3.095	-3	6.33333333333333
308	380	381	11	10.4	-3	6.07692307692308
309	0	0	0	0	-1	6.4
310	382	383	10	0.91	-3	6.03225806451613
311	0	0	0	0	-1	7
312	0	0	0	0	-1	6
313	384	385	5	0.0795	-3	5.16666666666667
314	0	0	0	0	-1	5
315	386	387	6	6.5	-3	5.74285714285714
316	0	0	0	0	-1	7
317	388	389	7	49	-3	6
318	0	0	0	0	-1	5
319	0	0	0	0	-1	5.5
320	0	0	0	0	-1	6
321	390	391	5	0.0865	-3	5
322	0	0	0	0	-1	6
323	0	0	0	0	-1	6
324	0	0	0	0	-1	5
325	392	393	1	0	-3	5
326	394	395	2	0.525	-3	5.55555555555556
327	0	0	0	0	-1	6
328	396	397	2	0.595	-3	6
329	0	0	0	0	-1	5.33333333333333
330	0	0	0	0	-1	6.8
331	398	399	4	3.375	-3	6.09090909090909
332	400	401	1	7.35	-3	4.86666666666667
333	402	403	3	0.345	-3	5.53191489361702
334	404	405	2	0.75	-3	5.1027397260274
335	0	0	0	0	-1	6
336	406	407	1	11.45	-3	4.90625
337	0	0	0	0	-1	3
338	0	0	0	0	-1	5
339	0	0	0	0	-1	6
340	408	409	10	0.585	-3	5
341	410	411	11	11.15	-3	5.66666666666667
342	412	413	5	0.0675	-3	4.375
343	0	0	0	0	-1	6
344	414	415	11	11.05	-3	4.86666666666667
345	416	417	1	9.65	-3	5.6
346	418	419	11	11.05	-3	5.8552036199095
347	420	421	10	0.71	-3	5.15384615384615
348	422	423	7	0	-3	5
349	0	0	0	0	-1	5
350	424	425	2	0.525	-3	5.40322580645161
351	426	427	1	8.65	-3	5.08571428571429
352	0	0	0	0	-1	5
353	428	429	11	9.85	-3	5.88888888888889
354	430	431	2	0	-3	5
355	0	0	0	0	-1	5
356	432	433	4	2.2	-3	5
357	0	0	0	0	-1	5
358	0	0	0	0	-1	6
359	434	435	10	0.695	-3	5
360	0	0	0	0	-1	5.75
361	436	437	10	1.195	-3	6
362	0	0	0	0	-1	6
363	0	0	0	0	-1	6
364	438	439	5	0.077	-3	4.91666666666667
365	0	0	0	0	-1	6
366	440	441	5	0.063	-3	4.79166666666667
367	442	443	6	29.5	-3	5.07407407407407
368	444	445	2	0.82	-3	6
369	0	0	0	0	-1	4.75
370	0	0	0	0	-1	6
371	0	0	0	0	-1	7
372	0	0	0	0	-1	8
373	0	0	0	0	-1	7
374	0	0	0	0	-1	6
375	446	447	6	13.5	-3	5
376	448	449	2	0.345	-3	7.15384615384615
377	450	451	2	0.28	-3	6.5
378	0	0	0	0	-1	7.5
379	452	453	4	4.7	-3	6.1
380	0	0	0	0	-1	7
381	454	455	5	0.071	-3	6
382	456	457	3	0.395	-3	6.06666666666667
383	0	0	0	0	-1	5
384	0	0	0	0	-1	6
385	458	459	2	0.345	-3	5.11764705882353
386	460	461	1	8	-3	5.33333333333333
387	462	463	8	0.99722	-3	5.88461538461539
388	464	465	7	28	-3	6
389	0	0	0	0	-1	6
390	0	0	0	0	-1	5
391	466	467	3	0	-3	5
392	0	0	0	0	-1	6
393	468	469	4	2.7	-3	5
394	0	0	0	0	-1	6
395	470	471	3	0.02	-3	5.33333333333333
396	472	473	8	6.4	-3	6
397	0	0	0	0	-1	6
398	474	475	11	11.75	-3	6.14285714285714
399	0	0	0	0	-1	5
400	0	0	0	0	-1	4
401	476	477	6	4	-3	5
402	478	479	2	0.495	-3	5.62162162162162
403	480	481	8	0.996405	-3	5.2
404	482	483	4	1.35	-3	5.12230215827338
405	484	485	4	2	-3	4.71428571428571
406	486	487	7	54	-3	5
407	0	0	0	0	-1	4
408	0	0	0	0	-1	5
409	0	0	0	0	-1	5
410	0	0	0	0	-1	5.33333333333333
411	0	0	0	0	-1	6
412	0	0	0	0	-1	5
413	0	0	0	0	-1	4
414	0	0	0	0	-1	5
415	0	0	0	0	-1	4
416	488	489	7	37.5	-3	5.77777777777778
417	0	0	0	0	-1	4
418	490	491	4	3.2	-3	5.76436781609195
419	492	493	4	5.05	-3	6.19148936170213
420	0	0	0	0	-1	5.5
421	494	495	1	0	-3	5
422	0	0	0	0	-1	6
423	496	497	3	0.25	-3	5
424	498	499	10	0.53	-3	5
425	500	501	11	9.85	-3	5.5
426	502	503	1	7.4	-3	5
427	504	505	9	3.305	-3	5.27272727272727
428	506	507	2	0	-3	6
429	0	0	0	0	-1	5.5
430	0	0	0	0	-1	5
431	508	509	3	0.99573	-3	5
432	0	0	0	0	-1	5
433	510	511	10	0.99781	-3	5
434	0	0	0	0	-1	5
435	512	513	9	0	-3	5
436	514	515	8	0.99678	-3	6
437	0	0	0	0	-1	6
438	0	0	0	0	-1	4.5
439	516	517	1	6.9	-3	5
440	0	0	0	0	-1	3
441	518	519	1	7.15	-3	4.8695652173913
442	520	521	3	0.065	-3	5.04
443	0	0	0	0	-1	5.5
444	0	0	0	0	-1	6
445	0	0	0	0	-1	6
446	522	523	6	0	-3	5
447	0	0	0	0	-1	5
448	524	525	11	12.4	-3	6.9
449	0	0	0	0	-1	8
450	0	0	0	0	-1	7
451	0	0	0	0	-1	6
452	526	527	9	3.23	-3	5.875
453	0	0	0	0	-1	7
454	528	529	5	0	-3	6
455	0	0	0	0	-1	6
456	530	531	5	0.067	-3	6.28571428571429
457	532	533	4	1.35	-3	6
458	0	0	0	0	-1	6
459	534	535	4	2.85	-3	5.0625
460	0	0	0	0	-1	6
461	536	537	7	15	-3	5.25
462	538	539	8	0.99611	-3	6
463	540	541	5	0.097	-3	5.75
464	0	0	0	0	-1	6
465	0	0	0	0	-1	6
466	0	0	0	0	-1	5
467	542	543	9	3.465	-3	5
468	0	0	0	0	-1	5
469	0	0	0	0	-1	5
470	0	0	0	0	-1	6
471	0	0	0	0	-1	5
472	544	545	4	1.75	-3	6
473	0	0	0	0	-1	6
474	546	547	5	0.0675	-3	6.5
475	548	549	7	26	-3	6
476	0	0	0	0	-1	5
477	550	551	10	8.2	-3	5
478	552	553	5	0.0665	-3	5.36842105263158
479	554	555	6	14.5	-3	5.70909090909091
480	0	0	0	0	-1	6
481	556	557	3	0.47	-3	5.15789473684211
482	0	0	0	0	-1	4
483	558	559	4	4.35	-3	5.13868613138686
484	0	0	0	0	-1	3.5
485	0	0	0	0	-1	5.2
486	560	561	5	0.0645	-3	5
487	562	563	8	0.99803	-3	5
488	564	565	6	16.5	-3	6
489	0	0	0	0	-1	5.2
490	566	567	8	0.997005	-3	5.79503105590062
491	568	569	5	0.1165	-3	5.38461538461539
492	570	571	3	0.295	-3	6.13636363636364
493	0	0	0	0	-1	7
494	0	0	0	0	-1	5
495	572	573	2	0	-3	5
496	0	0	0	0	-1	5
497	0	0	0	0	-1	5
498	0	0	0	0	-1	5
499	574	575	1	6.35	-3	5
500	576	577	4	1.85	-3	5.62162162162162
501	578	579	3	0.28	-3	5.15384615384615
502	580	581	6	24.5	-3	5
503	582	583	7	0	-3	5
504	584	585	1	9.85	-3	5
505	0	0	0	0	-1	6
506	0	0	0	0	-1	6
507	586	587	3	0.17	-3	6
508	0	0	0	0	-1	5
509	0	0	0	0	-1	5
510	588	589	3	0.315	-3	5
511	0	0	0	0	-1	5
512	0	0	0	0	-1	7
513	590	591	9	3.31	-3	5
514	0	0	0	0	-1	6
515	592	593	3	0.605	-3	6
516	0	0	0	0	-1	5
517	594	595	5	0.134	-3	5
518	0	0	0	0	-1	4
519	596	597	6	16.5	-3	4.90909090909091
520	0	0	0	0	-1	5.33333333333333
521	598	599	1	0	-3	5
522	0	0	0	0	-1	5
523	600	601	9	3.065	-3	5
524	602	603	8	0.99679	-3	7
525	0	0	0	0	-1	6
526	0	0	0	0	-1	5.66666666666667
527	0	0	0	0	-1	6
528	0	0	0	0	-1	6
529	604	605	2	0.39	-3	6
530	0	0	0	0	-1	6
531	0	0	0	0	-1	7
532	0	0	0	0	-1	6
533	606	607	3	0	-3	6
534	608	609	1	7.1	-3	5
535	0	0	0	0	-1	5.33333333333333
536	0	0	0	0	-1	5.66666666666667
537	0	0	0	0	-1	5
538	0	0	0	0	-1	6
539	610	611	9	3.385	-3	6
540	612	613	6	15	-3	5.9
541	0	0	0	0	-1	5
542	0	0	0	0	-1	5
543	0	0	0	0	-1	5
544	614	615	2	0.45	-3	6
545	616	617	9	3.415	-3	6
546	0	0	0	0	-1	7
547	0	0	0	0	-1	6
548	0	0	0	0	-1	6
549	618	619	6	6.25	-3	6
550	620	621	1	10.15	-3	5
551	0	0	0	0	-1	5
552	622	623	7	32.5	-3	5
553	624	625	3	0.145	-3	5.53846153846154
554	626	627	8	0.99715	-3	5.78571428571429
555	628	629	9	3.355	-3	5.46153846153846
556	630	631	9	3.115	-3	5
557	0	0	0	0	-1	5.75
558	632	633	1	10.2	-3	5.12592592592593
559	0	0	0	0	-1	6
560	0	0	0	0	-1	5
561	634	635	4	2.4	-3	5
562	636	637	11	9.55	-3	5
563	0	0	0	0	-1	5
564	638	639	9	3.32	-3	6
565	0	0	0	0	-1	6
566	640	641	3	0.015	-3	5.66336633663366
567	642	643	7	30.5	-3	6.01666666666667
568	644	645	9	3.335	-3	5.7
569	0	0	0	0	-1	4.33333333333333
570	646	647	9	3.275	-3	6.02857142857143
571	648	649	8	0.995885	-3	6.55555555555556
572	0	0	0	0	-1	5
573	650	651	2	0	-3	5
574	0	0	0	0	-1	5
575	0	0	0	0	-1	5
576	0	0	0	0	-1	5
577	652	653	2	0.645	-3	5.6969696969697
578	654	655	1	3.365	-3	5
579	0	0	0	0	-1	6
580	656	657	1	0.0775	-3	5
581	0	0	0	0	-1	5
582	0	0	0	0	-1	5
583	658	659	6	12	-3	5
584	660	661	9	0	-3	5
585	0	0	0	0	-1	5
586	0	0	0	0	-1	6
587	0	0	0	0	-1	6
588	0	0	0	0	-1	5
589	662	663	7	136.5	-3	5
590	0	0	0	0	-1	5
591	0	0	0	0	-1	5
592	0	0	0	0	-1	6
593	0	0	0	0	-1	6
594	664	665	6	6	-3	5
595	0	0	0	0	-1	5
596	666	667	8	0.9977	-3	4.77777777777778
597	668	669	4	3	-3	5
598	0	0	0	0	-1	5
599	670	671	10	0.475	-3	5
600	0	0	0	0	-1	5
601	0	0	0	0	-1	5
602	0	0	0	0	-1	7
603	0	0	0	0	-1	7
604	0	0	0	0	-1	6
605	0	0	0	0	-1	6
606	0	0	0	0	-1	6
607	672	673	4	2.5	-3	6
608	0	0	0	0	-1	5
609	674	675	10	0.555	-3	5
610	0	0	0	0	-1	6
611	0	0	0	0	-1	6
612	676	677	5	0.9983	-3	6
613	0	0	0	0	-1	5.5
614	0	0	0	0	-1	6
615	678	679	4	0.57	-3	6
616	680	681	1	6.9	-3	6
617	0	0	0	0	-1	6
618	0	0	0	0	-1	4
619	682	683	2	0.545	-3	6
620	684	685	10	0	-3	5
621	0	0	0	0	-1	5
622	0	0	0	0	-1	5
623	0	0	0	0	-1	5
624	0	0	0	0	-1	5
625	686	687	6	11.5	-3	5.63636363636364
626	688	689	4	2.15	-3	5.56521739130435
627	690	691	3	0.3	-3	6.05263157894737
628	0	0	0	0	-1	5
629	692	693	7	35.5	-3	5.66666666666667
630	0	0	0	0	-1	5
631	694	695	1	3.265	-3	5
632	696	697	6	3.5	-3	5.14285714285714
633	0	0	0	0	-1	4
634	698	699	1	0	-3	5
635	700	701	2	0	-3	5
636	0	0	0	0	-1	5
637	0	0	0	0	-1	5
638	702	703	10	0.505	-3	6
639	0	0	0	0	-1	6
640	704	705	5	0.074	-3	5.94444444444444
641	706	707	6	3.5	-3	5.60240963855422
642	708	709	1	8.45	-3	5.6
643	710	711	7	35	-3	6.15555555555556
644	712	713	7	67	-3	6
645	0	0	0	0	-1	5.25
646	0	0	0	0	-1	5.25
647	714	715	5	0.1055	-3	6.12903225806452
648	0	0	0	0	-1	7
649	716	717	4	2.55	-3	6.33333333333333
650	0	0	0	0	-1	5
651	718	719	9	1.001525	-3	5
652	720	721	5	0.0775	-3	5.875
653	722	723	7	82.5	-3	5.22222222222222
654	0	0	0	0	-1	8
655	724	725	4	1.9	-3	5
656	0	0	0	0	-1	5
657	726	727	8	0.99747	-3	5
658	0	0	0	0	-1	5
659	728	729	8	0	-3	5
660	0	0	0	0	-1	5
661	730	731	2	0	-3	5
662	732	733	4	0	-3	5
663	0	0	0	0	-1	5
664	734	735	9	0	-3	5
665	736	737	11	9.8	-3	5
666	738	739	9	3.275	-3	4.875
667	0	0	0	0	-1	4
668	740	741	7	106.5	-3	5
669	0	0	0	0	-1	5
670	0	0	0	0	-1	5
671	742	743	8	0.99718	-3	5
672	744	745	4	1.55	-3	6
673	0	0	0	0	-1	6
674	746	747	4	0	-3	5
675	0	0	0	0	-1	5
676	748	749	8	0	-3	6
677	0	0	0	0	-1	6
678	0	0	0	0	-1	6
679	750	751	7	3.275	-3	6
680	752	753	9	3.35	-3	6
681	0	0	0	0	-1	6
682	0	0	0	0	-1	6
683	0	0	0	0	-1	6
684	0	0	0	0	-1	6
685	754	755	8	0.99775	-3	5
686	0	0	0	0	-1	5
687	756	757	9	3.39	-3	5.77777777777778
688	758	759	6	11	-3	5.8125
689	760	761	2	0	-3	5
690	762	763	11	9.15	-3	6
691	0	0	0	0	-1	7
692	0	0	0	0	-1	6
693	0	0	0	0	-1	5.25
694	0	0	0	0	-1	6
695	764	765	2	0.49	-3	5
696	0	0	0	0	-1	6
697	766	767	2	0.7325	-3	5.12977099236641
698	0	0	0	0	-1	4
699	768	769	7	48	-3	5
700	0	0	0	0	-1	5
701	770	771	8	0.9988	-3	5
702	0	0	0	0	-1	6
703	0	0	0	0	-1	6
704	0	0	0	0	-1	5
705	772	773	9	3.325	-3	6.21428571428571
706	0	0	0	0	-1	7
707	774	775	4	2.05	-3	5.58536585365854
708	0	0	0	0	-1	5
709	776	777	8	0.998195	-3	5.81818181818182
710	778	779	11	10.45	-3	6.57142857142857
711	780	781	3	0.105	-3	6.07894736842105
712	0	0	0	0	-1	6
713	0	0	0	0	-1	6
714	782	783	10	0.695	-3	6.06896551724138
715	0	0	0	0	-1	7
716	0	0	0	0	-1	6
717	0	0	0	0	-1	6.66666666666667
718	0	0	0	0	-1	5
719	0	0	0	0	-1	5
720	0	0	0	0	-1	5.6
721	784	785	2	0.565	-3	5.94736842105263
722	0	0	0	0	-1	5.66666666666667
723	786	787	8	0.997065	-3	5
724	0	0	0	0	-1	5
725	788	789	10	0	-3	5
726	790	791	1	0	-3	5
727	0	0	0	0	-1	5
728	0	0	0	0	-1	7
729	792	793	8	0.998475	-3	5
730	0	0	0	0	-1	5
731	0	0	0	0	-1	5
732	0	0	0	0	-1	6
733	794	795	7	0	-3	5
734	0	0	0	0	-1	6
735	796	797	10	0.84	-3	5
736	0	0	0	0	-1	5
737	0	0	0	0	-1	5
738	798	799	4	2	-3	5
739	0	0	0	0	-1	4.5
740	800	801	9	0	-3	5
741	0	0	0	0	-1	5
742	0	0	0	0	-1	5
743	802	803	11	0	-3	5
744	0	0	0	0	-1	6
745	0	0	0	0	-1	6
746	0	0	0	0	-1	6
747	804	805	3	0.475	-3	5
748	0	0	0	0	-1	5
749	806	807	3	0.415	-3	6
750	0	0	0	0	-1	8
751	808	809	2	0.515	-3	6
752	0	0	0	0	-1	6
753	0	0	0	0	-1	6
754	0	0	0	0	-1	5
755	0	0	0	0	-1	5
756	810	811	4	1.9	-3	6
757	0	0	0	0	-1	5.33333333333333
758	812	813	3	0.03	-3	5.71428571428571
759	0	0	0	0	-1	6.5
760	0	0	0	0	-1	5
761	814	815	1	7.7	-3	5
762	0	0	0	0	-1	6
763	816	817	4	2.75	-3	6
764	0	0	0	0	-1	5
765	818	819	6	0	-3	5
766	820	821	11	9.05	-3	5.11475409836066
767	822	823	4	2.3	-3	5.33333333333333
768	0	0	0	0	-1	5
769	0	0	0	0	-1	5
770	0	0	0	0	-1	5
771	0	0	0	0	-1	5
772	0	0	0	0	-1	7
773	824	825	2	0.57	-3	6
774	826	827	3	0.295	-3	5.44444444444444
775	828	829	8	0.99609	-3	5.75675675675676
776	830	831	1	8.85	-3	6
777	0	0	0	0	-1	5
778	0	0	0	0	-1	6
779	0	0	0	0	-1	7
780	0	0	0	0	-1	7
781	832	833	5	0.0975	-3	6.02777777777778
782	834	835	11	11.8	-3	5.94444444444444
783	836	837	7	38.5	-3	6.27272727272727
784	0	0	0	0	-1	5
785	0	0	0	0	-1	6
786	0	0	0	0	-1	5
787	0	0	0	0	-1	5
788	0	0	0	0	-1	5
789	838	839	4	2.25	-3	5
790	0	0	0	0	-1	6
791	840	841	4	2.6	-3	5
792	0	0	0	0	-1	5
793	0	0	0	0	-1	5
794	0	0	0	0	-1	6
795	0	0	0	0	-1	5
796	0	0	0	0	-1	5
797	0	0	0	0	-1	5
798	0	0	0	0	-1	5
799	0	0	0	0	-1	5
800	0	0	0	0	-1	5
801	842	843	5	20.5	-3	5
802	0	0	0	0	-1	5
803	844	845	7	62	-3	5
804	0	0	0	0	-1	5
805	0	0	0	0	-1	5
806	0	0	0	0	-1	6
807	0	0	0	0	-1	6
808	0	0	0	0	-1	6
809	0	0	0	0	-1	6
810	0	0	0	0	-1	6
811	0	0	0	0	-1	6
812	0	0	0	0	-1	5.4
813	846	847	11	9.85	-3	5.88888888888889
814	0	0	0	0	-1	5
815	0	0	0	0	-1	5
816	848	849	11	0	-3	6
817	0	0	0	0	-1	6
818	0	0	0	0	-1	6
819	850	851	6	13	-3	5
820	0	0	0	0	-1	5.75
821	852	853	7	25.5	-3	5.09322033898305
822	0	0	0	0	-1	5
823	0	0	0	0	-1	6
824	0	0	0	0	-1	7
825	854	855	10	0.62	-3	5.9
826	856	857	9	3.465	-3	5.375
827	0	0	0	0	-1	6
828	858	859	10	0.655	-3	6
829	860	861	7	52.5	-3	5.59090909090909
830	0	0	0	0	-1	6
831	862	863	11	10.65	-3	6
832	864	865	11	10.05	-3	6.09677419354839
833	0	0	0	0	-1	5.6
834	866	867	7	18.5	-3	6
835	0	0	0	0	-1	5.5
836	0	0	0	0	-1	6.6
837	868	869	5	0.067	-3	6
838	0	0	0	0	-1	5
839	0	0	0	0	-1	5
840	0	0	0	0	-1	5
841	0	0	0	0	-1	5
842	0	0	0	0	-1	5
843	0	0	0	0	-1	5
844	0	0	0	0	-1	5
845	0	0	0	0	-1	5
846	0	0	0	0	-1	6
847	0	0	0	0	-1	5
848	0	0	0	0	-1	5
849	0	0	0	0	-1	6
850	0	0	0	0	-1	5
851	0	0	0	0	-1	5
852	870	871	10	0.9	-3	5.18181818181818
853	872	873	11	9.85	-3	5.05882352941177
854	874	875	8	0.99518	-3	6
855	0	0	0	0	-1	5.75
856	876	877	10	0.615	-3	5.5
857	878	879	3	0.18	-3	5
858	880	881	10	0.595	-3	6
859	0	0	0	0	-1	6
860	882	883	6	8.5	-3	5.4375
861	884	885	4	2.7	-3	6
862	0	0	0	0	-1	6
863	0	0	0	0	-1	6
864	886	887	1	9.85	-3	6.375
865	888	889	4	2.15	-3	6
866	0	0	0	0	-1	6
867	890	891	8	0.995525	-3	6
868	0	0	0	0	-1	6
869	0	0	0	0	-1	6
870	892	893	4	2.4	-3	5.12903225806452
871	0	0	0	0	-1	6
872	894	895	8	0.997275	-3	5.04761904761905
873	0	0	0	0	-1	6
874	0	0	0	0	-1	6
875	0	0	0	0	-1	6
876	896	897	2	0.55	-3	5.21052631578947
877	898	899	8	0.99537	-3	6
878	900	901	1	0	-3	5
879	0	0	0	0	-1	5
880	902	903	10	0.585	-3	6
881	0	0	0	0	-1	6
882	904	905	1	7.8	-3	5.85714285714286
883	906	907	3	0.07	-3	5.11111111111111
884	0	0	0	0	-1	6
885	0	0	0	0	-1	6
886	908	909	5	0.0695	-3	6.16666666666667
887	0	0	0	0	-1	7
888	0	0	0	0	-1	6
889	0	0	0	0	-1	6
890	0	0	0	0	-1	6
891	910	911	10	0.62	-3	6
892	912	913	2	0.6525	-3	5.1
893	0	0	0	0	-1	6
894	914	915	9	3.305	-3	5.10416666666667
895	916	917	2	0.62	-3	4.97222222222222
896	918	919	5	0.0825	-3	5.4
897	920	921	8	23	-3	5
898	0	0	0	0	-1	6.5
899	922	923	11	10.65	-3	5.88888888888889
900	0	0	0	0	-1	6
901	0	0	0	0	-1	5
902	0	0	0	0	-1	6
903	0	0	0	0	-1	6
904	924	925	3	0.19	-3	6
905	0	0	0	0	-1	5
906	0	0	0	0	-1	6
907	926	927	6	10	-3	5
908	0	0	0	0	-1	7
909	0	0	0	0	-1	6
910	928	929	5	0.0845	-3	6
911	0	0	0	0	-1	6
912	930	931	11	9.7	-3	5.21428571428571
913	932	933	6	5.5	-3	5
914	934	935	10	0.685	-3	5
915	936	937	11	9.7	-3	5.18518518518519
916	0	0	0	0	-1	4.8
917	938	939	11	9.35	-3	5
918	940	941	2	0.5	-3	5
919	0	0	0	0	-1	6
920	942	943	8	0.995605	-3	5
921	0	0	0	0	-1	5
922	944	945	9	3.415	-3	6
923	0	0	0	0	-1	5.5
924	0	0	0	0	-1	6
925	0	0	0	0	-1	6
926	0	0	0	0	-1	5
927	946	947	11	0	-3	5
928	0	0	0	0	-1	6
929	0	0	0	0	-1	6
930	948	949	2	0.6325	-3	5.15384615384615
931	0	0	0	0	-1	6
932	950	951	2	0	-3	5
933	952	953	9	0	-3	5
934	954	955	8	1.95	-3	5
935	956	957	10	0	-3	5
936	958	959	9	3.34	-3	5.3125
937	0	0	0	0	-1	5
938	0	0	0	0	-1	5
939	0	0	0	0	-1	5
940	0	0	0	0	-1	5
941	0	0	0	0	-1	5
942	0	0	0	0	-1	5
943	0	0	0	0	-1	5
944	0	0	0	0	-1	6
945	0	0	0	0	-1	6
946	0	0	0	0	-1	5
947	0	0	0	0	-1	5
948	0	0	0	0	-1	5
949	0	0	0	0	-1	6
950	0	0	0	0	-1	6
951	960	961	10	0.495	-3	5
952	0	0	0	0	-1	5
953	962	963	4	7.35	-3	5
954	0	0	0	0	-1	5
955	0	0	0	0	-1	5
956	0	0	0	0	-1	5
957	964	965	5	7.4	-3	5
958	0	0	0	0	-1	6
959	966	967	5	0.0925	-3	5.15384615384615
960	0	0	0	0	-1	5
961	0	0	0	0	-1	5
962	0	0	0	0	-1	5
963	0	0	0	0	-1	5
964	0	0	0	0	-1	5
965	0	0	0	0	-1	5
966	968	969	2	0.625	-3	5.08333333333333
967	0	0	0	0	-1	6
968	0	0	0	0	-1	6
969	0	0	0	0	-1	5
