1	2	3	3	0.295	-3	5.64978111319575
2	4	5	10	0.555	-3	5.45988700564972
3	6	7	11	10.55	-3	5.88515406162465
4	8	9	8	0.99269	-3	5.13595166163142
5	10	11	8	0.99319	-3	5.65342960288809
6	12	13	2	0.365	-3	5.47745358090186
7	14	15	11	11.15	-3	6.34124629080118
8	16	17	9	3.28	-3	6.25
9	18	19	11	11.45	-3	5.10835913312693
10	20	21	6	14.5	-3	6.83333333333333
11	22	23	8	0.99569	-3	5.6
12	24	25	5	0.3505	-3	5.8921568627451
13	26	27	5	0.0665	-3	5.32363636363636
14	28	29	10	0.755	-3	6.09756097560976
15	30	31	1	10.45	-3	6.48130841121495
16	0	0	0	0	-1	7
17	32	33	3	0.09	-3	6
18	34	35	7	8.5	-3	5.06354515050167
19	36	37	5	0.06	-3	5.66666666666667
20	38	39	10	0.74	-3	7.33333333333333
21	40	41	11	13.1833333333334	-3	6.53333333333333
22	42	43	4	1.55	-3	5.85034013605442
23	44	45	2	0.6525	-3	5.50391644908616
24	46	47	3	0.415	-3	5.87
25	0	0	0	0	-1	7
26	48	49	10	0.725	-3	5.76666666666667
27	50	51	10	0.585	-3	5.26938775510204
28	52	53	2	0.605	-3	5.75757575757576
29	54	55	2	0.3625	-3	6.49122807017544
30	56	57	5	0.0705	-3	6.55737704918033
31	58	59	4	4.7	-3	6.03225806451613
32	0	0	0	0	-1	6
33	0	0	0	0	-1	6
34	0	0	0	0	-1	4
35	60	61	11	9.85	-3	5.07796610169491
36	62	63	2	0.485	-3	5.14285714285714
37	64	65	9	3.425	-3	5.88235294117647
38	0	0	0	0	-1	7
39	66	67	10	0.835	-3	7.5
40	68	69	7	55.5	-3	6
41	70	71	5	0.046	-3	7
42	72	73	10	0.61	-3	4.83333333333333
43	74	75	7	60	-3	5.8936170212766
44	76	77	9	3.175	-3	5.62406015037594
45	78	79	5	0.073	-3	5.23076923076923
46	80	81	4	2.1	-3	5.5
47	82	83	10	0.65	-3	6.02857142857143
48	84	85	1	9.2	-3	5.85185185185185
49	0	0	0	0	-1	5
50	86	87	6	3.5	-3	4.98571428571429
51	88	89	1	12.55	-3	5.38285714285714
52	90	91	1	8.85	-3	5.81967213114754
53	0	0	0	0	-1	5
54	92	93	1	10.45	-3	6.64444444444445
55	94	95	6	32	-3	5.91666666666667
56	96	97	7	38	-3	6.4020618556701
57	98	99	10	0.795	-3	6.73255813953488
58	100	101	7	33	-3	6.24
59	102	103	9	3.145	-3	5.16666666666667
60	104	105	5	0.2265	-3	5.005291005291
61	106	107	4	1.3	-3	5.20754716981132
62	0	0	0	0	-1	6
63	108	109	2	0.625	-3	5
64	0	0	0	0	-1	6.5
65	110	111	4	3.475	-3	5.8
66	0	0	0	0	-1	8
67	0	0	0	0	-1	7
68	0	0	0	0	-1	6
69	0	0	0	0	-1	6
70	0	0	0	0	-1	8
71	112	113	4	1.8	-3	6.85714285714286
72	0	0	0	0	-1	5.25
73	0	0	0	0	-1	4
74	114	115	2	0.565	-3	6
75	116	117	9	3.33	-3	5.34782608695652
76	118	119	10	1.615	-3	5.15625
77	120	121	4	1.85	-3	5.68803418803419
78	122	123	5	0.071	-3	4.72222222222222
79	124	125	10	0.645	-3	5.32323232323232
80	126	127	3	0.395	-3	5.76190476190476
81	128	129	5	0.063	-3	4.88888888888889
82	130	131	8	0.99755	-3	5.65
83	132	133	2	0.3125	-3	6.18
84	134	135	6	23.5	-3	6.14285714285714
85	136	137	1	12.15	-3	5.53846153846154
86	0	0	0	0	-1	4
87	138	139	1	7.7	-3	5.01470588235294
88	140	141	2	0.605	-3	5.32727272727273
89	142	143	2	0.6025	-3	6.3
90	144	145	3	0.395	-3	5.58333333333333
91	146	147	11	10.95	-3	5.97297297297297
92	148	149	6	29	-3	6.42307692307692
93	150	151	5	0.072	-3	6.94736842105263
94	152	153	5	0.041	-3	6.22222222222222
95	0	0	0	0	-1	5
96	154	155	10	0.655	-3	6.59420289855073
97	156	157	8	0.995525	-3	5.92857142857143
98	158	159	2	0.265	-3	6.546875
99	160	161	8	0.9963	-3	7.27272727272727
100	162	163	2	0.6475	-3	6.1
101	0	0	0	0	-1	6.8
102	0	0	0	0	-1	6
103	0	0	0	0	-1	5
104	164	165	2	0.9725	-3	5.02673796791444
105	0	0	0	0	-1	3
106	0	0	0	0	-1	7
107	166	167	6	3.5	-3	5.15533980582524
108	0	0	0	0	-1	5
109	0	0	0	0	-1	5
110	168	169	5	0.07	-3	5.92307692307692
111	0	0	0	0	-1	5
112	0	0	0	0	-1	6
113	0	0	0	0	-1	7.2
114	170	171	5	0.0555	-3	5.8135593220339
115	172	173	10	0.705	-3	6.1864406779661
116	0	0	0	0	-1	6
117	174	175	6	14	-3	5.16666666666667
118	176	177	2	0.635	-3	5.07142857142857
119	0	0	0	0	-1	5.75
120	178	179	5	0.0765	-3	5.27659574468085
121	180	181	6	21.5	-3	5.79144385026738
122	182	183	8	0.99614	-3	4.86666666666667
123	0	0	0	0	-1	4
124	184	185	7	74.5	-3	5.14285714285714
125	186	187	9	3.3	-3	5.5
126	188	189	10	0.585	-3	6
127	190	191	10	0.785	-3	5.16666666666667
128	0	0	0	0	-1	4.5
129	192	193	3	0	-3	5
130	194	195	5	0.096	-3	5.92307692307692
131	196	197	1	10.75	-3	5.14285714285714
132	198	199	3	0.515	-3	6.3125
133	200	201	1	9.65	-3	5.94444444444444
134	0	0	0	0	-1	6
135	0	0	0	0	-1	6.66666666666667
136	202	203	3	0.405	-3	5.7
137	0	0	0	0	-1	5
138	204	205	6	24	-3	5.38461538461539
139	206	207	7	45	-3	4.92727272727273
140	208	209	10	1.805	-3	5.39568345323741
141	210	211	11	8.8	-3	4.96153846153846
142	212	213	8	1.0012	-3	6
143	0	0	0	0	-1	6.75
144	214	215	5	0.0545	-3	6.09090909090909
145	216	217	1	6.7	-3	5.15384615384615
146	218	219	2	0.52	-3	5.83333333333333
147	220	221	9	3.165	-3	6.57142857142857
148	222	223	2	0.355	-3	6.25
149	224	225	2	0	-3	7
150	0	0	0	0	-1	6.75
151	226	227	5	0	-3	7
152	0	0	0	0	-1	7
153	228	229	8	0.99638	-3	6
154	230	231	11	11.35	-3	6.15625
155	232	233	9	3.245	-3	6.97297297297297
156	234	235	7	221.5	-3	6.08333333333333
157	0	0	0	0	-1	5
158	0	0	0	0	-1	7.4
159	236	237	3	0.305	-3	6.47457627118644
160	238	239	2	0.485	-3	6.9
161	240	241	5	0.0885	-3	7.58333333333333
162	242	243	9	3.055	-3	6.05263157894737
163	0	0	0	0	-1	7
164	244	245	5	0.0825	-3	5.08287292817679
165	246	247	1	6.5	-3	3.33333333333333
166	0	0	0	0	-1	4.33333333333333
167	248	249	9	3.405	-3	5.18
168	0	0	0	0	-1	5.75
169	0	0	0	0	-1	6
170	250	251	10	0.825	-3	5.125
171	252	253	3	0.005	-3	5.92156862745098
172	254	255	8	0.99566	-3	5.97727272727273
173	256	257	9	3.45	-3	6.8
174	0	0	0	0	-1	4.5
175	258	259	1	5.4	-3	5.35714285714286
176	260	261	1	9.95	-3	5.03703703703704
177	0	0	0	0	-1	6
178	262	263	1	6.95	-3	5.6875
179	264	265	5	0.146	-3	5.06451612903226
180	266	267	10	0.675	-3	5.8768115942029
181	268	269	8	0.99637	-3	5.55102040816327
182	0	0	0	0	-1	4.33333333333333
183	270	271	3	0.03	-3	5
184	272	273	8	0.99609	-3	5.25
185	274	275	6	13.5	-3	4.66666666666667
186	276	277	8	0.99735	-3	5.22727272727273
187	278	279	4	4.9	-3	5.71428571428571
188	0	0	0	0	-1	5
189	280	281	10	0.84	-3	6.07142857142857
190	0	0	0	0	-1	5
191	0	0	0	0	-1	6
192	0	0	0	0	-1	3
193	282	283	11	9.3	-3	5
194	284	285	2	0.2	-3	6
195	0	0	0	0	-1	5
196	286	287	8	0.99805	-3	5
197	0	0	0	0	-1	6
198	288	289	11	10.45	-3	6.05
199	290	291	1	13.45	-3	6.75
200	0	0	0	0	-1	7
201	292	293	8	0.99845	-3	5.8125
202	0	0	0	0	-1	5
203	294	295	1	11.35	-3	6
204	296	297	5	0.0805	-3	5.71428571428571
205	0	0	0	0	-1	5
206	298	299	1	12.75	-3	5.04545454545455
207	300	301	3	0.635	-3	4.84848484848485
208	302	303	1	9.65	-3	5.41605839416058
209	0	0	0	0	-1	4
210	0	0	0	0	-1	3
211	304	305	9	3.095	-3	5.04
212	0	0	0	0	-1	6
213	0	0	0	0	-1	6
214	0	0	0	0	-1	7
215	306	307	4	2.55	-3	6
216	0	0	0	0	-1	6
217	308	309	1	0.355	-3	5
218	310	311	9	3.07	-3	5.89285714285714
219	0	0	0	0	-1	5
220	0	0	0	0	-1	8
221	312	313	4	1.85	-3	6.33333333333333
222	314	315	5	0.09	-3	6.11764705882353
223	0	0	0	0	-1	7
224	0	0	0	0	-1	6
225	0	0	0	0	-1	7
226	0	0	0	0	-1	5
227	316	317	1	0	-3	7
228	0	0	0	0	-1	6
229	0	0	0	0	-1	6
230	0	0	0	0	-1	7
231	318	319	5	0.0675	-3	6.03571428571429
232	320	321	7	24	-3	7.42857142857143
233	322	323	6	5.5	-3	6.86666666666667
234	0	0	0	0	-1	6
235	0	0	0	0	-1	7
236	0	0	0	0	-1	8
237	324	325	9	3.32	-3	6.42105263157895
238	326	327	3	0.44	-3	7
239	0	0	0	0	-1	6
240	328	329	3	0.4	-3	7.7
241	0	0	0	0	-1	7
242	0	0	0	0	-1	6.5
243	330	331	10	0.705	-3	6
244	332	333	8	0.99875	-3	5.17142857142857
245	334	335	9	3.3	-3	4.96052631578947
246	0	0	0	0	-1	4
247	0	0	0	0	-1	3
248	336	337	10	0.485	-3	5.30769230769231
249	338	339	8	0.99484	-3	4.94285714285714
250	0	0	0	0	-1	5
251	0	0	0	0	-1	6
252	0	0	0	0	-1	4
253	340	341	7	10.5	-3	5.96
254	342	343	5	0.0885	-3	5.875
255	0	0	0	0	-1	7
256	344	345	11	11.25	-3	6.16666666666667
257	346	347	11	12.6	-3	7.22222222222222
258	0	0	0	0	-1	6
259	348	349	6	16.5	-3	5.18181818181818
260	350	351	7	115	-3	5
261	0	0	0	0	-1	6
262	0	0	0	0	-1	5
263	352	353	11	9.95	-3	5.84615384615385
264	354	355	7	70	-3	5.03333333333333
265	0	0	0	0	-1	6
266	356	357	4	2.25	-3	5.77777777777778
267	358	359	5	0.093	-3	6.12820512820513
268	360	361	7	48	-3	5.25
269	362	363	5	0.0945	-3	5.6969696969697
270	0	0	0	0	-1	5
271	364	365	4	0	-3	5
272	366	367	1	7.25	-3	4.83333333333333
273	368	369	6	21.5	-3	5.32352941176471
274	0	0	0	0	-1	4.25
275	0	0	0	0	-1	5
276	370	371	9	3.01	-3	5.10526315789474
277	0	0	0	0	-1	6
278	372	373	6	25	-3	5.76923076923077
279	0	0	0	0	-1	5
280	0	0	0	0	-1	6
281	0	0	0	0	-1	6.33333333333333
282	0	0	0	0	-1	5
283	0	0	0	0	-1	5
284	0	0	0	0	-1	6
285	0	0	0	0	-1	6
286	0	0	0	0	-1	5
287	0	0	0	0	-1	5
288	374	375	9	3.095	-3	6.10526315789474
289	0	0	0	0	-1	5
290	376	377	3	0.65	-3	7
291	0	0	0	0	-1	6
292	0	0	0	0	-1	5
293	378	379	6	4	-3	5.86666666666667
294	0	0	0	0	-1	6
295	0	0	0	0	-1	6
296	0	0	0	0	-1	6
297	0	0	0	0	-1	5.33333333333333
298	380	381	10	0.535	-3	5
299	0	0	0	0	-1	5.33333333333333
300	382	383	4	3.65	-3	4.90625
301	0	0	0	0	-1	3
302	384	385	7	83	-3	5.28571428571429
303	386	387	9	3.34	-3	5.58333333333333
304	388	389	11	10.3	-3	4.77777777777778
305	390	391	11	10.15	-3	5.1875
306	392	393	7	69.5	-3	6
307	0	0	0	0	-1	6
308	0	0	0	0	-1	6
309	394	395	5	0.092	-3	5
310	0	0	0	0	-1	5
311	396	397	5	0.115	-3	5.96153846153846
312	0	0	0	0	-1	7
313	0	0	0	0	-1	6
314	398	399	7	56.5	-3	6
315	0	0	0	0	-1	7
316	0	0	0	0	-1	8
317	400	401	4	0	-3	7
318	402	403	5	0.0665	-3	6.15
319	404	405	2	0.37	-3	5.75
320	0	0	0	0	-1	7
321	0	0	0	0	-1	8
322	406	407	1	8.65	-3	6.5
323	408	409	5	0.0535	-3	6.95833333333333
324	410	411	3	0.415	-3	6.53191489361702
325	412	413	8	0.995195	-3	5.9
326	0	0	0	0	-1	7
327	0	0	0	0	-1	7
328	0	0	0	0	-1	7
329	414	415	6	26.5	-3	7.875
330	416	417	11	12.65	-3	6
331	0	0	0	0	-1	6
332	418	419	2	0.7175	-3	5.15533980582524
333	0	0	0	0	-1	6
334	420	421	4	4.75	-3	5.02439024390244
335	422	423	6	11.5	-3	4.88571428571429
336	424	425	2	0	-3	5
337	426	427	4	1.75	-3	5.42553191489362
338	428	429	4	1.95	-3	4.64285714285714
339	430	431	3	0.015	-3	5.14285714285714
340	0	0	0	0	-1	4
341	432	433	7	15.5	-3	6
342	434	435	7	12	-3	6.06666666666667
343	436	437	5	0.109	-3	5.3
344	0	0	0	0	-1	6
345	0	0	0	0	-1	6.5
346	438	439	8	0.994295	-3	7
347	0	0	0	0	-1	8
348	0	0	0	0	-1	6
349	440	441	1	7.05	-3	5.1
350	442	443	1	9.45	-3	5.04347826086957
351	0	0	0	0	-1	4.66666666666667
352	0	0	0	0	-1	6
353	0	0	0	0	-1	5.6
354	444	445	1	6.9	-3	5
355	0	0	0	0	-1	6
356	446	447	5	0.077	-3	5.94915254237288
357	448	449	8	0.99655	-3	5.525
358	450	451	1	7.35	-3	6.33333333333333
359	452	453	4	2.45	-3	5.44444444444444
360	0	0	0	0	-1	6
361	454	455	8	0.99599	-3	5
362	456	457	6	37	-3	5.82142857142857
363	0	0	0	0	-1	5
364	0	0	0	0	-1	5
365	458	459	7	23.5	-3	5
366	0	0	0	0	-1	5.66666666666667
367	0	0	0	0	-1	4
368	460	461	6	4	-3	5.25806451612903
369	0	0	0	0	-1	6
370	0	0	0	0	-1	6
371	462	463	9	3.155	-3	5
372	464	465	7	11.5	-3	5.86363636363636
373	0	0	0	0	-1	5.25
374	0	0	0	0	-1	7
375	0	0	0	0	-1	6
376	466	467	9	3.17	-3	6.875
377	0	0	0	0	-1	8
378	0	0	0	0	-1	5
379	468	469	2	0.355	-3	5.92857142857143
380	470	471	11	10.05	-3	5
381	0	0	0	0	-1	5
382	472	473	9	3.295	-3	4.93333333333333
383	0	0	0	0	-1	4.5
384	474	475	8	0.99714	-3	5.48780487804878
385	476	477	3	0.345	-3	5.05555555555556
386	478	479	10	0.605	-3	5.69811320754717
387	480	481	5	0.108	-3	4.71428571428571
388	482	483	7	0	-3	5
389	0	0	0	0	-1	4
390	484	485	5	0.086	-3	5.07692307692308
391	0	0	0	0	-1	5.66666666666667
392	486	487	8	0.99695	-3	6
393	0	0	0	0	-1	6
394	488	489	3	0	-3	5
395	0	0	0	0	-1	5
396	490	491	2	0.32	-3	6.04347826086957
397	0	0	0	0	-1	5.33333333333333
398	492	493	8	0.9975	-3	6.07142857142857
399	0	0	0	0	-1	5
400	0	0	0	0	-1	6
401	494	495	2	44.5	-3	7
402	496	497	9	3.15	-3	6
403	0	0	0	0	-1	7
404	498	499	2	0.195	-3	6
405	0	0	0	0	-1	5
406	0	0	0	0	-1	7
407	0	0	0	0	-1	6
408	0	0	0	0	-1	6
409	500	501	4	1.7	-3	7.04545454545455
410	502	503	10	0.7	-3	6.85714285714286
411	504	505	5	0.0945	-3	6.39393939393939
412	0	0	0	0	-1	5
413	506	507	6	32.5	-3	6
414	0	0	0	0	-1	8
415	0	0	0	0	-1	7
416	508	509	10	0.0745	-3	6
417	0	0	0	0	-1	6
418	510	511	9	3.54	-3	5.21176470588235
419	512	513	9	3.285	-3	4.88888888888889
420	514	515	5	0.103	-3	5
421	0	0	0	0	-1	5.25
422	516	517	7	34.5	-3	4.73333333333333
423	518	519	9	3.455	-3	5
424	0	0	0	0	-1	5
425	520	521	1	7.15	-3	5
426	522	523	6	0	-3	6
427	524	525	4	3.5	-3	5.325
428	526	527	9	3.68	-3	4.875
429	528	529	2	0.83	-3	4.33333333333333
430	0	0	0	0	-1	5.8
431	530	531	8	0.995245	-3	4.9375
432	0	0	0	0	-1	6.4
433	532	533	6	7	-3	5.95454545454546
434	534	535	10	0.605	-3	6.5
435	536	537	5	0.0575	-3	5.95833333333333
436	538	539	2	0.59	-3	5
437	0	0	0	0	-1	6
438	0	0	0	0	-1	7
439	0	0	0	0	-1	7
440	540	541	9	0.17	-3	5
441	0	0	0	0	-1	6
442	542	543	1	8.25	-3	5
443	544	545	6	13	-3	5.16666666666667
444	546	547	7	3.565	-3	5
445	548	549	8	0.99638	-3	5
446	550	551	10	0.6	-3	5.68181818181818
447	552	553	10	0.61	-3	6.10810810810811
448	554	555	2	0.615	-3	6.09090909090909
449	556	557	2	0.515	-3	5.31034482758621
450	558	559	7	20	-3	5.88888888888889
451	560	561	10	0.795	-3	6.52380952380952
452	562	563	7	14	-3	5
453	0	0	0	0	-1	6.33333333333333
454	0	0	0	0	-1	5
455	0	0	0	0	-1	5
456	564	565	10	0.575	-3	5.85185185185185
457	0	0	0	0	-1	5
458	566	567	9	0	-3	5
459	0	0	0	0	-1	5
460	0	0	0	0	-1	6
461	568	569	9	3.37	-3	5.20689655172414
462	0	0	0	0	-1	5
463	570	571	1	8.35	-3	5
464	0	0	0	0	-1	5
465	572	573	5	0.1215	-3	5.90476190476191
466	0	0	0	0	-1	6.66666666666667
467	0	0	0	0	-1	7
468	574	575	3	0.445	-3	6
469	0	0	0	0	-1	5
470	576	577	10	0	-3	5
471	0	0	0	0	-1	5
472	0	0	0	0	-1	5
473	578	579	2	0.52	-3	4.71428571428571
474	580	581	9	3.025	-3	5.84615384615385
475	582	583	7	56.5	-3	5.32142857142857
476	584	585	8	0.99892	-3	5.25
477	586	587	4	2.7	-3	4.9
478	0	0	0	0	-1	7
479	588	589	6	4.5	-3	5.64705882352941
480	0	0	0	0	-1	5.4
481	0	0	0	0	-1	3
482	0	0	0	0	-1	6
483	0	0	0	0	-1	5
484	0	0	0	0	-1	6
485	590	591	7	93.5	-3	5
486	0	0	0	0	-1	6
487	0	0	0	0	-1	6
488	0	0	0	0	-1	5
489	592	593	9	3.435	-3	5
490	0	0	0	0	-1	6.33333333333333
491	594	595	3	0.47	-3	6
492	596	597	6	17	-3	6
493	0	0	0	0	-1	6.5
494	598	599	3	0.445	-3	7
495	0	0	0	0	-1	7
496	0	0	0	0	-1	7
497	600	601	8	0.994315	-3	5.9375
498	0	0	0	0	-1	6
499	0	0	0	0	-1	6
500	0	0	0	0	-1	6
501	602	603	10	0.705	-3	7.0952380952381
502	0	0	0	0	-1	6.6
503	604	605	4	4.3	-3	7
504	606	607	4	2.25	-3	6.70588235294118
505	608	609	10	0.645	-3	6.0625
506	610	611	9	3.4	-3	6
507	0	0	0	0	-1	6
508	0	0	0	0	-1	6
509	612	613	10	0.67	-3	6
510	614	615	9	3.275	-3	5.19277108433735
511	0	0	0	0	-1	6
512	616	617	8	0.997095	-3	5.09090909090909
513	618	619	2	0.7275	-3	4.57142857142857
514	620	621	2	0.585	-3	5
515	622	623	6	25.5	-3	5
516	624	625	11	9.65	-3	4.84615384615385
517	0	0	0	0	-1	4
518	0	0	0	0	-1	5
519	0	0	0	0	-1	5
520	0	0	0	0	-1	5
521	626	627	1	7.65	-3	5
522	0	0	0	0	-1	7
523	628	629	6	0.605	-3	6
524	630	631	2	0.455	-3	5.25714285714286
525	0	0	0	0	-1	5.8
526	632	633	4	0	-3	5
527	0	0	0	0	-1	4
528	0	0	0	0	-1	5
529	0	0	0	0	-1	4
530	0	0	0	0	-1	4
531	634	635	11	11.15	-3	5
532	0	0	0	0	-1	5
533	636	637	1	6.65	-3	6
534	0	0	0	0	-1	6
535	0	0	0	0	-1	7
536	0	0	0	0	-1	5.66666666666667
537	638	639	3	0.205	-3	6
538	0	0	0	0	-1	4
539	640	641	11	11.25	-3	5.16666666666667
540	0	0	0	0	-1	7
541	642	643	10	0.615	-3	5
542	644	645	1	0	-3	5
543	646	647	11	10.4	-3	5
544	0	0	0	0	-1	5
545	0	0	0	0	-1	6
546	0	0	0	0	-1	5
547	0	0	0	0	-1	5
548	648	649	7	0	-3	5
549	650	651	11	10.05	-3	5
550	652	653	8	0.99635	-3	6.16666666666667
551	654	655	2	0.425	-3	5.5
552	656	657	2	0.54	-3	6
553	658	659	8	0.99695	-3	6.4
554	660	661	2	0.58	-3	6.2
555	0	0	0	0	-1	5
556	662	663	8	0.99766	-3	5.71428571428571
557	664	665	8	0.99685	-3	5.18181818181818
558	0	0	0	0	-1	7
559	666	667	4	1.95	-3	5.75
560	668	669	6	12	-3	6.84615384615385
561	670	671	4	0	-3	6
562	0	0	0	0	-1	5
563	0	0	0	0	-1	5
564	0	0	0	0	-1	5
565	672	673	3	0.275	-3	5.92
566	0	0	0	0	-1	5
567	674	675	9	8.5	-3	5
568	676	677	2	0.695	-3	5.46153846153846
569	678	679	5	0.0805	-3	5
570	0	0	0	0	-1	5
571	680	681	6	13	-3	5
572	682	683	1	6.65	-3	5.85
573	0	0	0	0	-1	7
574	0	0	0	0	-1	6
575	684	685	3	0.495	-3	6
576	0	0	0	0	-1	5
577	686	687	4	1.75	-3	5
578	0	0	0	0	-1	5
579	0	0	0	0	-1	4.33333333333333
580	0	0	0	0	-1	5
581	688	689	2	0.575	-3	5.91666666666667
582	690	691	4	2.45	-3	5.52941176470588
583	692	693	4	1.8	-3	5
584	694	695	7	113.5	-3	5.5
585	696	697	5	0	-3	5
586	698	699	8	0.9974	-3	4.66666666666667
587	700	701	9	0	-3	5
588	702	703	4	0	-3	5
589	704	705	9	2.955	-3	5.75
590	0	0	0	0	-1	5
591	706	707	11	0	-3	5
592	708	709	10	0	-3	5
593	0	0	0	0	-1	5
594	0	0	0	0	-1	6
595	710	711	10	0.685	-3	6
596	0	0	0	0	-1	6
597	712	713	4	11.05	-3	6
598	0	0	0	0	-1	7
599	714	715	2	0	-3	7
600	0	0	0	0	-1	5.8
601	0	0	0	0	-1	6
602	0	0	0	0	-1	7.4
603	0	0	0	0	-1	7
604	0	0	0	0	-1	7
605	0	0	0	0	-1	7
606	0	0	0	0	-1	6.2
607	716	717	6	18.5	-3	6.91666666666667
608	0	0	0	0	-1	6
609	0	0	0	0	-1	6.2
610	0	0	0	0	-1	6
611	0	0	0	0	-1	6
612	718	719	7	24.5	-3	6
613	0	0	0	0	-1	6
614	720	721	5	0.0695	-3	5.38095238095238
615	722	723	3	0.185	-3	5.12903225806452
616	724	725	9	3.235	-3	5
617	0	0	0	0	-1	5.33333333333333
618	0	0	0	0	-1	5
619	0	0	0	0	-1	4.25
620	0	0	0	0	-1	5
621	0	0	0	0	-1	5
622	726	727	8	0.99623	-3	5
623	0	0	0	0	-1	5
624	728	729	11	9.55	-3	5
625	0	0	0	0	-1	4.33333333333333
626	0	0	0	0	-1	5
627	730	731	11	0	-3	5
628	0	0	0	0	-1	5
629	0	0	0	0	-1	6
630	0	0	0	0	-1	6
631	732	733	8	0.9947	-3	5.03703703703704
632	0	0	0	0	-1	6
633	734	735	7	76.5	-3	5
634	736	737	10	0.45	-3	5.07142857142857
635	0	0	0	0	-1	4
636	738	739	8	0.9936	-3	6.08333333333333
637	740	741	10	0.575	-3	5.96666666666667
638	742	743	6	31.5	-3	6.05
639	0	0	0	0	-1	5
640	0	0	0	0	-1	5
641	0	0	0	0	-1	6
642	0	0	0	0	-1	5
643	0	0	0	0	-1	5
644	0	0	0	0	-1	5
645	744	745	8	0.9958	-3	5
646	746	747	5	0	-3	5
647	0	0	0	0	-1	5
648	0	0	0	0	-1	6
649	748	749	8	0.996085	-3	5
650	0	0	0	0	-1	5
651	0	0	0	0	-1	5
652	0	0	0	0	-1	6
653	0	0	0	0	-1	7
654	0	0	0	0	-1	6
655	750	751	7	25.5	-3	5.33333333333333
656	0	0	0	0	-1	6
657	0	0	0	0	-1	6
658	0	0	0	0	-1	7
659	0	0	0	0	-1	5.8
660	752	753	9	3.49	-3	6
661	0	0	0	0	-1	7
662	0	0	0	0	-1	5.33333333333333
663	0	0	0	0	-1	6
664	0	0	0	0	-1	4
665	754	755	10	0.595	-3	5.23809523809524
666	0	0	0	0	-1	5
667	756	757	4	2.8	-3	5.85714285714286
668	0	0	0	0	-1	6
669	758	759	1	8.75	-3	6.91666666666667
670	0	0	0	0	-1	6
671	0	0	0	0	-1	6
672	760	761	1	8.75	-3	5.95833333333333
673	0	0	0	0	-1	5
674	0	0	0	0	-1	5
675	0	0	0	0	-1	5
676	0	0	0	0	-1	5
677	762	763	11	9.7	-3	5.75
678	764	765	10	0	-3	5
679	766	767	3	0.111	-3	5
680	0	0	0	0	-1	5
681	0	0	0	0	-1	5
682	0	0	0	0	-1	5
683	768	769	2	0.9125	-3	5.94444444444444
684	0	0	0	0	-1	6
685	770	771	8	0.99935	-3	6
686	0	0	0	0	-1	5
687	772	773	10	0	-3	5
688	0	0	0	0	-1	6
689	0	0	0	0	-1	5.5
690	774	775	4	1.9	-3	5.27272727272727
691	776	777	2	0.395	-3	6
692	0	0	0	0	-1	5
693	778	779	11	9.45	-3	5
694	0	0	0	0	-1	6
695	0	0	0	0	-1	5
696	0	0	0	0	-1	5
697	780	781	9	0	-3	5
698	0	0	0	0	-1	4
699	0	0	0	0	-1	5
700	0	0	0	0	-1	6
701	782	783	1	8.5	-3	5
702	0	0	0	0	-1	5
703	784	785	2	0.435	-3	5
704	0	0	0	0	-1	7
705	786	787	8	1.00005	-3	5.72093023255814
706	0	0	0	0	-1	5
707	788	789	1	8.15	-3	5
708	0	0	0	0	-1	5
709	790	791	11	1.65	-3	5
710	792	793	6	0	-3	6
711	0	0	0	0	-1	6
712	0	0	0	0	-1	6
713	0	0	0	0	-1	6
714	0	0	0	0	-1	6
715	794	795	5	0.087	-3	7
716	796	797	3	0.475	-3	7
717	0	0	0	0	-1	6.5
718	0	0	0	0	-1	6
719	0	0	0	0	-1	6
720	0	0	0	0	-1	6
721	798	799	9	3.235	-3	5.23529411764706
722	800	801	1	7.65	-3	5.26666666666667
723	802	803	7	35.5	-3	5
724	804	805	3	0	-3	5
725	0	0	0	0	-1	5
726	806	807	8	0	-3	5
727	0	0	0	0	-1	5
728	808	809	3	0.205	-3	5
729	0	0	0	0	-1	5
730	0	0	0	0	-1	6
731	810	811	7	50.5	-3	5
732	0	0	0	0	-1	5.5
733	812	813	5	0.084	-3	5
734	0	0	0	0	-1	5
735	0	0	0	0	-1	5
736	0	0	0	0	-1	5.33333333333333
737	0	0	0	0	-1	5
738	0	0	0	0	-1	7
739	814	815	11	12.2	-3	6
740	0	0	0	0	-1	5
741	816	817	6	0	-3	6
742	818	819	2	0.6475	-3	6
743	0	0	0	0	-1	7
744	0	0	0	0	-1	5
745	0	0	0	0	-1	5
746	0	0	0	0	-1	5
747	820	821	1	8.7	-3	5
748	0	0	0	0	-1	5
749	822	823	1	0	-3	5
750	824	825	3	0.135	-3	5.66666666666667
751	826	827	7	52.5	-3	5
752	828	829	2	0.38	-3	6
753	0	0	0	0	-1	6
754	830	831	5	0.079	-3	5
755	832	833	11	9.65	-3	5.41666666666667
756	0	0	0	0	-1	5.75
757	0	0	0	0	-1	6
758	834	835	4	0.6425	-3	7
759	0	0	0	0	-1	6
760	836	837	9	3.45	-3	6
761	0	0	0	0	-1	5
762	0	0	0	0	-1	5.33333333333333
763	0	0	0	0	-1	6
764	0	0	0	0	-1	7
765	838	839	5	0.0795	-3	5
766	840	841	2	0	-3	5
767	0	0	0	0	-1	5
768	842	843	4	2.25	-3	6
769	0	0	0	0	-1	5
770	0	0	0	0	-1	6
771	0	0	0	0	-1	6
772	0	0	0	0	-1	5
773	844	845	2	9.55	-3	5
774	0	0	0	0	-1	5.75
775	846	847	4	0	-3	5
776	0	0	0	0	-1	6
777	0	0	0	0	-1	6
778	0	0	0	0	-1	5
779	848	849	8	0	-3	5
780	0	0	0	0	-1	6
781	0	0	0	0	-1	5
782	850	851	9	3.34	-3	5
783	0	0	0	0	-1	5
784	0	0	0	0	-1	5
785	0	0	0	0	-1	5
786	852	853	10	0.675	-3	5.85714285714286
787	854	855	5	0.2095	-3	5.125
788	0	0	0	0	-1	5
789	0	0	0	0	-1	5
790	0	0	0	0	-1	5
791	0	0	0	0	-1	5
792	0	0	0	0	-1	5
793	856	857	4	2.45	-3	6
794	0	0	0	0	-1	7
795	0	0	0	0	-1	7
796	0	0	0	0	-1	7
797	858	859	10	0.575	-3	7
798	860	861	4	1.65	-3	5
799	0	0	0	0	-1	6
800	862	863	2	0.495	-3	5.09090909090909
801	864	865	8	0.99645	-3	5.75
802	0	0	0	0	-1	5
803	866	867	4	0	-3	5
804	0	0	0	0	-1	5
805	868	869	1	0	-3	5
806	0	0	0	0	-1	5
807	870	871	8	7.7	-3	5
808	0	0	0	0	-1	5
809	0	0	0	0	-1	5
810	0	0	0	0	-1	5
811	0	0	0	0	-1	5
812	872	873	7	8.5	-3	5
813	874	875	11	0	-3	5
814	876	877	3	0.07	-3	6
815	0	0	0	0	-1	6
816	0	0	0	0	-1	5
817	878	879	8	0.99413	-3	6
818	880	881	4	2.35	-3	6
819	882	883	6	30.5	-3	6
820	0	0	0	0	-1	5
821	0	0	0	0	-1	5
822	0	0	0	0	-1	5
823	884	885	3	0.185	-3	5
824	0	0	0	0	-1	6
825	0	0	0	0	-1	5
826	0	0	0	0	-1	5
827	0	0	0	0	-1	5
828	0	0	0	0	-1	6
829	0	0	0	0	-1	6
830	886	887	5	0	-3	5
831	0	0	0	0	-1	5
832	888	889	2	0.55	-3	5.3
833	0	0	0	0	-1	6
834	0	0	0	0	-1	8
835	890	891	5	0.06	-3	7
836	892	893	4	2.2	-3	6
837	0	0	0	0	-1	6
838	0	0	0	0	-1	5
839	0	0	0	0	-1	5
840	0	0	0	0	-1	5
841	894	895	1	6.8	-3	5
842	896	897	4	1.9	-3	6
843	0	0	0	0	-1	6
844	0	0	0	0	-1	5
845	0	0	0	0	-1	5
846	0	0	0	0	-1	5
847	898	899	7	39.5	-3	5
848	0	0	0	0	-1	4
849	900	901	1	7.7	-3	5
850	0	0	0	0	-1	5
851	902	903	9	0	-3	5
852	904	905	9	3.205	-3	6.04166666666667
853	906	907	11	9.95	-3	5.45454545454545
854	908	909	2	0	-3	5
855	0	0	0	0	-1	6
856	0	0	0	0	-1	6
857	0	0	0	0	-1	6
858	0	0	0	0	-1	7
859	0	0	0	0	-1	7
860	0	0	0	0	-1	5
861	0	0	0	0	-1	5
862	0	0	0	0	-1	6
863	910	911	2	0.6275	-3	5
864	0	0	0	0	-1	5.33333333333333
865	0	0	0	0	-1	6
866	0	0	0	0	-1	6
867	912	913	7	96.5	-3	5
868	0	0	0	0	-1	5
869	0	0	0	0	-1	5
870	0	0	0	0	-1	5
871	0	0	0	0	-1	5
872	0	0	0	0	-1	5
873	914	915	5	0.0785	-3	5
874	0	0	0	0	-1	6
875	0	0	0	0	-1	5
876	0	0	0	0	-1	6
877	0	0	0	0	-1	6
878	0	0	0	0	-1	6
879	916	917	6	0	-3	6
880	918	919	6	25	-3	6
881	0	0	0	0	-1	6
882	920	921	8	0.994385	-3	6
883	0	0	0	0	-1	6
884	0	0	0	0	-1	5
885	0	0	0	0	-1	5
886	0	0	0	0	-1	5
887	922	923	7	0	-3	5
888	0	0	0	0	-1	6
889	924	925	3	0.025	-3	5.125
890	0	0	0	0	-1	7
891	926	927	10	0.735	-3	7
892	928	929	9	3.35	-3	6
893	930	931	9	3.39	-3	6
894	0	0	0	0	-1	5
895	0	0	0	0	-1	5
896	0	0	0	0	-1	6
897	0	0	0	0	-1	6
898	0	0	0	0	-1	5
899	0	0	0	0	-1	5
900	0	0	0	0	-1	5
901	0	0	0	0	-1	5
902	0	0	0	0	-1	7
903	932	933	5	0.0705	-3	5
904	934	935	5	0.0775	-3	6
905	0	0	0	0	-1	7
906	936	937	11	9.35	-3	5.83333333333333
907	0	0	0	0	-1	5
908	0	0	0	0	-1	7
909	0	0	0	0	-1	5
910	938	939	6	16	-3	5
911	0	0	0	0	-1	5
912	940	941	10	0.495	-3	5
913	942	943	6	35.5	-3	5
914	944	945	8	0.99565	-3	5
915	946	947	9	3.23	-3	5
916	0	0	0	0	-1	7
917	948	949	9	3.26	-3	6
918	0	0	0	0	-1	6
919	0	0	0	0	-1	6
920	0	0	0	0	-1	6
921	0	0	0	0	-1	6
922	0	0	0	0	-1	7
923	0	0	0	0	-1	5
924	0	0	0	0	-1	6
925	950	951	7	0	-3	5
926	0	0	0	0	-1	7
927	0	0	0	0	-1	7
928	0	0	0	0	-1	6
929	0	0	0	0	-1	6
930	952	953	5	0.0815	-3	6
931	0	0	0	0	-1	6
932	0	0	0	0	-1	5
933	0	0	0	0	-1	5
934	0	0	0	0	-1	6
935	954	955	2	0.4775	-3	6
936	0	0	0	0	-1	5
937	0	0	0	0	-1	6
938	956	957	6	0.56	-3	5
939	0	0	0	0	-1	5
940	0	0	0	0	-1	5
941	958	959	11	9.5	-3	5
942	0	0	0	0	-1	5
943	0	0	0	0	-1	5
944	0	0	0	0	-1	5
945	960	961	1	0	-3	5
946	0	0	0	0	-1	5
947	962	963	6	0	-3	5
948	0	0	0	0	-1	6
949	964	965	10	16.5	-3	6
950	0	0	0	0	-1	5
951	0	0	0	0	-1	5
952	0	0	0	0	-1	6
953	966	967	4	0	-3	6
954	968	969	3	0.43	-3	6
955	970	971	11	0	-3	6
956	0	0	0	0	-1	6
957	0	0	0	0	-1	5
958	0	0	0	0	-1	5
959	0	0	0	0	-1	5
960	0	0	0	0	-1	5
961	972	973	10	11	-3	5
962	0	0	0	0	-1	5
963	974	975	10	0	-3	5
964	976	977	3	0.195	-3	6
965	0	0	0	0	-1	6
966	0	0	0	0	-1	6
967	978	979	5	0.0895	-3	6
968	0	0	0	0	-1	6
969	0	0	0	0	-1	6
970	0	0	0	0	-1	6
971	980	981	3	0.9997	-3	6
972	0	0	0	0	-1	5
973	0	0	0	0	-1	5
974	0	0	0	0	-1	6
975	0	0	0	0	-1	5
976	0	0	0	0	-1	6
977	0	0	0	0	-1	6
978	0	0	0	0	-1	6
979	0	0	0	0	-1	6
980	0	0	0	0	-1	6
981	0	0	0	0	-1	6
