1	2	3	11	9.85	-3	5.67104440275172
2	4	5	2	0.5925	-3	5.2569558101473
3	6	7	7	54.5	-3	5.92712550607287
4	8	9	1	12.45	-3	5.39655172413793
5	10	11	1	10.2	-3	5.0722433460076
6	12	13	2	0.3975	-3	5.99612903225806
7	14	15	4	1.775	-3	5.67605633802817
8	16	17	4	2.55	-3	5.36144578313253
9	18	19	2	0.295	-3	6.125
10	20	21	8	0.994825	-3	5.10546875
11	22	23	4	4.35	-3	3.85714285714286
12	24	25	10	0.635	-3	6.36603773584905
13	26	27	6	5.5	-3	5.80392156862745
14	28	29	4	1.45	-3	6.41666666666667
15	30	31	6	8.5	-3	5.58201058201058
16	32	33	8	1.0006	-3	5.42857142857143
17	34	35	10	0.76	-3	5.09090909090909
18	0	0	0	0	-1	6.8
19	36	37	6	13.5	-3	5.81818181818182
20	0	0	0	0	-1	3.33333333333333
21	38	39	9	3.315	-3	5.12648221343873
22	0	0	0	0	-1	3
23	0	0	0	0	-1	5
24	40	41	11	11.85	-3	5.89189189189189
25	42	43	1	7.55	-3	6.54973821989528
26	44	45	1	7.55	-3	5.30487804878049
27	46	47	11	11.45	-3	5.89953271028037
28	48	49	5	0.047	-3	7
29	50	51	2	0.27	-3	6.22222222222222
30	52	53	9	3.145	-3	4.375
31	54	55	2	0.7775	-3	5.6353591160221
32	56	57	1	6.45	-3	5.4377358490566
33	0	0	0	0	-1	3
34	58	59	10	0.695	-3	5.01666666666667
35	60	61	8	1.002145	-3	5.83333333333333
36	62	63	9	3.135	-3	6
37	0	0	0	0	-1	5
38	64	65	3	0.31	-3	5.00746268656716
39	66	67	4	9	-3	5.26050420168067
40	68	69	6	24	-3	5.46511627906977
41	70	71	6	7.5	-3	6.48387096774194
42	72	73	10	0.725	-3	6.88235294117647
43	74	75	2	0.235	-3	6.47770700636942
44	76	77	10	0.605	-3	4.5
45	78	79	8	0.99875	-3	5.56451612903226
46	80	81	10	0.555	-3	5.81345565749236
47	82	83	1	6.55	-3	6.17821782178218
48	0	0	0	0	-1	8
49	0	0	0	0	-1	6
50	0	0	0	0	-1	7
51	84	85	5	0.1205	-3	5.92307692307692
52	0	0	0	0	-1	5
53	0	0	0	0	-1	4
54	86	87	11	10.65	-3	5.7239263803681
55	88	89	6	13	-3	4.83333333333333
56	90	91	2	0	-3	5
57	92	93	10	0.585	-3	5.46963562753036
58	94	95	8	0.99709	-3	5.05357142857143
59	0	0	0	0	-1	4.5
60	0	0	0	0	-1	5.5
61	0	0	0	0	-1	6
62	96	97	1	13.75	-3	6
63	0	0	0	0	-1	6
64	98	99	9	3.285	-3	4.96521739130435
65	100	101	7	83	-3	5.26315789473684
66	102	103	11	9.05	-3	5.24137931034483
67	0	0	0	0	-1	6
68	104	105	8	0.9967	-3	5.58974358974359
69	0	0	0	0	-1	4.25
70	106	107	6	3.5	-3	6.70588235294118
71	108	109	11	12.45	-3	6.21428571428571
72	110	111	7	24.5	-3	6.36363636363636
73	112	113	5	0.0615	-3	7.1304347826087
74	114	115	2	0.15	-3	5.88235294117647
75	116	117	1	9.25	-3	6.55
76	118	119	2	0.8575	-3	4.05882352941177
77	0	0	0	0	-1	7
78	120	121	5	0.1285	-3	5.65384615384615
79	122	123	1	10.5	-3	5.1
80	124	125	2	0.675	-3	5.35714285714286
81	126	127	9	2.935	-3	5.90774907749078
82	128	129	5	0.0585	-3	5.53846153846154
83	130	131	11	12.25	-3	6.4
84	132	133	7	101	-3	6
85	0	0	0	0	-1	5
86	134	135	9	3.265	-3	5.48235294117647
87	136	137	8	0.99318	-3	5.98717948717949
88	0	0	0	0	-1	4
89	138	139	10	0.735	-3	5.07142857142857
90	0	0	0	0	-1	6
91	140	141	8	0.993945	-3	5
92	142	143	11	9.65	-3	5.31868131868132
93	144	145	8	0.9993	-3	5.55769230769231
94	146	147	2	0.375	-3	5.33333333333333
95	148	149	10	0.625	-3	5.02
96	150	151	1	0	-3	6
97	0	0	0	0	-1	6
98	152	153	11	9.53333333333333	-3	5.02173913043478
99	154	155	11	9.65	-3	4.73913043478261
100	156	157	7	60	-3	5.71428571428571
101	158	159	9	3.215	-3	5
102	0	0	0	0	-1	6
103	160	161	9	3.485	-3	5.2212389380531
104	162	163	2	0.3125	-3	5.81481481481481
105	164	165	6	14.5	-3	5.08333333333333
106	0	0	0	0	-1	6
107	166	167	4	2.05	-3	6.92307692307692
108	0	0	0	0	-1	6
109	0	0	0	0	-1	6.75
110	0	0	0	0	-1	7.5
111	168	169	11	10.3	-3	6.11111111111111
112	170	171	8	0.99633	-3	7.83333333333333
113	172	173	4	2.55	-3	6.88235294117647
114	0	0	0	0	-1	7
115	174	175	11	11.55	-3	5.73333333333333
116	176	177	4	1.95	-3	6.36170212765958
117	178	179	4	2.15	-3	6.64516129032258
118	180	181	9	3.395	-3	4.38461538461539
119	0	0	0	0	-1	3
120	182	183	10	0.565	-3	5.70588235294118
121	0	0	0	0	-1	3
122	0	0	0	0	-1	5.33333333333333
123	184	185	11	0	-3	5
124	186	187	2	0.615	-3	5.53846153846154
125	188	189	8	0.996375	-3	4.94117647058824
126	0	0	0	0	-1	5
127	190	191	1	12.75	-3	5.93536121673004
128	192	193	5	0.056	-3	5.09090909090909
129	194	195	2	0.455	-3	5.86666666666667
130	196	197	3	0.515	-3	6.25925925925926
131	198	199	1	7.95	-3	6.76190476190476
132	200	201	2	0.74	-3	5.9
133	0	0	0	0	-1	6.5
134	202	203	1	11.1	-3	5.81481481481481
135	204	205	9	3.45	-3	5.32758620689655
136	206	207	6	27.5	-3	6.85714285714286
137	208	209	2	0.29	-3	5.90140845070423
138	210	211	4	3.26	-3	5
139	0	0	0	0	-1	6
140	0	0	0	0	-1	5
141	212	213	6	0	-3	5
142	214	215	3	0.055	-3	5.19402985074627
143	216	217	4	1.85	-3	5.66666666666667
144	218	219	2	0.3175	-3	5.52777777777778
145	220	221	10	0.715	-3	5.91666666666667
146	0	0	0	0	-1	6
147	0	0	0	0	-1	5
148	222	223	7	97.5	-3	5
149	224	225	7	72.5	-3	5.16666666666667
150	0	0	0	0	-1	5
151	226	227	11	0.63	-3	6
152	228	229	9	3.155	-3	4.94642857142857
153	230	231	8	0.997065	-3	5.13888888888889
154	232	233	11	9.25	-3	4.89473684210526
155	0	0	0	0	-1	4
156	0	0	0	0	-1	5.33333333333333
157	0	0	0	0	-1	6
158	0	0	0	0	-1	5
159	234	235	2	0	-3	5
160	236	237	10	0.535	-3	5.28571428571429
161	238	239	2	0.855	-3	5.03448275862069
162	240	241	9	3.15	-3	6.1
163	242	243	10	0.47	-3	5.64705882352941
164	244	245	10	3.225	-3	5
165	0	0	0	0	-1	6
166	0	0	0	0	-1	6.8
167	246	247	10	0.59	-3	7
168	0	0	0	0	-1	7
169	248	249	11	11.05	-3	6
170	0	0	0	0	-1	8
171	0	0	0	0	-1	7
172	250	251	2	0.235	-3	6.9375
173	0	0	0	0	-1	6
174	252	253	11	10.45	-3	5.53846153846154
175	0	0	0	0	-1	7
176	254	255	2	0.305	-3	6.09090909090909
177	256	257	9	3.385	-3	6.44444444444445
178	258	259	5	0.06	-3	6.46296296296296
179	260	261	6	9.5	-3	6.8974358974359
180	262	263	2	0.6475	-3	4
181	264	265	8	0.9966	-3	4.71428571428571
182	266	267	8	0.9979	-3	5.2
183	268	269	1	12.05	-3	5.91666666666667
184	0	0	0	0	-1	5
185	270	271	9	0.495	-3	5
186	272	273	5	0.062	-3	5.42424242424242
187	274	275	1	7.1	-3	6.16666666666667
188	276	277	1	7	-3	4.8
189	0	0	0	0	-1	6
190	278	279	8	0.996275	-3	5.9
191	280	281	3	0.645	-3	6.61538461538461
192	282	283	6	14.5	-3	5.33333333333333
193	0	0	0	0	-1	4
194	0	0	0	0	-1	8
195	284	285	11	12.7	-3	5.71428571428571
196	286	287	8	0.993225	-3	6.07317073170732
197	288	289	11	11.9	-3	6.84615384615385
198	290	291	1	7.2	-3	7.22222222222222
199	292	293	4	1.85	-3	6.41666666666667
200	0	0	0	0	-1	6
201	0	0	0	0	-1	5
202	294	295	3	0.27	-3	5.8695652173913
203	0	0	0	0	-1	5.5
204	296	297	2	0.315	-3	5.39583333333333
205	298	299	2	0.75	-3	5
206	0	0	0	0	-1	6.5
207	0	0	0	0	-1	7.33333333333333
208	0	0	0	0	-1	5
209	300	301	11	12.95	-3	5.95522388059702
210	302	303	10	0.48	-3	5
211	0	0	0	0	-1	5
212	0	0	0	0	-1	8
213	304	305	2	0.395	-3	5
214	0	0	0	0	-1	4
215	306	307	5	0.066	-3	5.21212121212121
216	308	309	4	1.75	-3	6
217	310	311	9	3.47	-3	5.46666666666667
218	312	313	8	0.9966	-3	5.91666666666667
219	314	315	6	14.5	-3	5.49242424242424
220	316	317	10	0.595	-3	6
221	0	0	0	0	-1	5.5
222	318	319	6	17	-3	5
223	320	321	2	0.465	-3	5
224	0	0	0	0	-1	5
225	0	0	0	0	-1	6
226	0	0	0	0	-1	7
227	0	0	0	0	-1	6
228	322	323	8	0.997435	-3	5.07692307692308
229	324	325	8	0.99705	-3	4.90697674418605
230	326	327	4	2.25	-3	5
231	328	329	8	0.9977	-3	5.38461538461539
232	0	0	0	0	-1	4.33333333333333
233	330	331	1	8.6	-3	5
234	0	0	0	0	-1	6
235	332	333	7	133	-3	5
236	334	335	2	0.6375	-3	5
237	336	337	8	0.996315	-3	5.44444444444444
238	338	339	4	3.4	-3	5.07142857142857
239	0	0	0	0	-1	4
240	0	0	0	0	-1	6.5
241	0	0	0	0	-1	6
242	0	0	0	0	-1	5
243	340	341	4	1.75	-3	5.78571428571429
244	342	343	4	2.475	-3	5
245	0	0	0	0	-1	5
246	0	0	0	0	-1	7
247	0	0	0	0	-1	7
248	0	0	0	0	-1	6
249	0	0	0	0	-1	6
250	0	0	0	0	-1	6
251	344	345	9	0	-3	7
252	346	347	1	11.55	-3	6
253	348	349	11	11.15	-3	5.14285714285714
254	0	0	0	0	-1	6.33333333333333
255	0	0	0	0	-1	6
256	350	351	8	0.995295	-3	6.51612903225806
257	0	0	0	0	-1	6
258	352	353	9	3.095	-3	6.81818181818182
259	354	355	6	11	-3	6.37209302325581
260	356	357	3	0.455	-3	7.1304347826087
261	358	359	10	0.825	-3	6.5625
262	0	0	0	0	-1	4
263	0	0	0	0	-1	4
264	0	0	0	0	-1	5
265	0	0	0	0	-1	4
266	360	361	4	4.65	-3	4.90909090909091
267	0	0	0	0	-1	6
268	362	363	3	0.05	-3	6
269	0	0	0	0	-1	5
270	0	0	0	0	-1	5
271	0	0	0	0	-1	5
272	0	0	0	0	-1	7
273	364	365	5	0.0775	-3	5.375
274	0	0	0	0	-1	6
275	0	0	0	0	-1	7
276	366	367	7	18	-3	4.42857142857143
277	368	369	6	12.5	-3	5.125
278	370	371	5	0.0565	-3	6.04918032786885
279	372	373	5	0.106	-3	5.7578125
280	0	0	0	0	-1	6
281	374	375	10	0.765	-3	6.8
282	376	377	5	0.054	-3	5.14285714285714
283	0	0	0	0	-1	6
284	378	379	10	0.53	-3	5.83333333333333
285	0	0	0	0	-1	5
286	0	0	0	0	-1	5
287	380	381	10	0.555	-3	6.12820512820513
288	382	383	4	2.3	-3	6.91666666666667
289	0	0	0	0	-1	6
290	384	385	8	0.994535	-3	6.83333333333333
291	0	0	0	0	-1	8
292	0	0	0	0	-1	8
293	386	387	2	0.42	-3	6.27272727272727
294	388	389	11	9.95	-3	5.66666666666667
295	390	391	6	12.5	-3	5.94117647058824
296	392	393	11	10.25	-3	6.33333333333333
297	394	395	2	0.7075	-3	5.26190476190476
298	396	397	6	4	-3	5
299	0	0	0	0	-1	5
300	398	399	2	0.335	-3	6.03225806451613
301	0	0	0	0	-1	5
302	0	0	0	0	-1	5
303	400	401	4	0	-3	5
304	0	0	0	0	-1	5
305	402	403	5	0.061	-3	5
306	0	0	0	0	-1	6
307	404	405	11	9.025	-3	5.17460317460318
308	406	407	11	9.75	-3	6
309	0	0	0	0	-1	6
310	408	409	6	7.5	-3	5.27272727272727
311	0	0	0	0	-1	6
312	0	0	0	0	-1	5
313	410	411	1	11	-3	6
314	412	413	3	0.185	-3	5.65151515151515
315	414	415	4	2.05	-3	5.33333333333333
316	0	0	0	0	-1	6
317	416	417	4	2.45	-3	6
318	418	419	11	9.45	-3	5
319	420	421	4	2.75	-3	5
320	0	0	0	0	-1	5
321	422	423	10	0	-3	5
322	424	425	2	0.615	-3	5
323	0	0	0	0	-1	5.33333333333333
324	426	427	6	19	-3	5
325	428	429	3	0.295	-3	4.8
326	430	431	10	0.545	-3	5
327	0	0	0	0	-1	5
328	432	433	1	9.1	-3	5.71428571428571
329	434	435	2	0.65	-3	5
330	436	437	9	3.305	-3	5.06666666666667
331	0	0	0	0	-1	4
332	0	0	0	0	-1	5
333	0	0	0	0	-1	5
334	438	439	8	0.305	-3	5
335	440	441	5	0.0935	-3	5
336	442	443	7	55.5	-3	5.14285714285714
337	444	445	6	17.5	-3	5.48936170212766
338	0	0	0	0	-1	5
339	0	0	0	0	-1	6
340	0	0	0	0	-1	5
341	446	447	9	3.33	-3	6
342	0	0	0	0	-1	5
343	448	449	2	0	-3	5
344	0	0	0	0	-1	5
345	450	451	9	0	-3	7
346	0	0	0	0	-1	6
347	0	0	0	0	-1	6
348	452	453	8	0	-3	5
349	0	0	0	0	-1	6
350	454	455	5	0.07	-3	6.84615384615385
351	456	457	1	8.05	-3	6.27777777777778
352	0	0	0	0	-1	6
353	458	459	10	0.85	-3	7
354	460	461	9	3.13	-3	6.57142857142857
355	462	463	5	0.108	-3	6
356	0	0	0	0	-1	8
357	464	465	8	0.996415	-3	7.04761904761905
358	466	467	1	10.1	-3	6.75
359	0	0	0	0	-1	6
360	468	469	1	7.8	-3	5.11111111111111
361	0	0	0	0	-1	4
362	0	0	0	0	-1	5
363	470	471	7	26	-3	6.06451612903226
364	472	473	5	0.0655	-3	5.07142857142857
365	474	475	9	3.455	-3	5.61111111111111
366	0	0	0	0	-1	5
367	0	0	0	0	-1	4
368	0	0	0	0	-1	4.75
369	0	0	0	0	-1	5.5
370	476	477	6	11.5	-3	5.25
371	478	479	10	0.7	-3	6.10526315789474
372	480	481	7	38.5	-3	5.81512605042017
373	482	483	7	0	-3	5
374	484	485	10	0	-3	7
375	0	0	0	0	-1	6
376	486	487	10	0.505	-3	5
377	0	0	0	0	-1	6
378	0	0	0	0	-1	5
379	0	0	0	0	-1	6
380	0	0	0	0	-1	6.5
381	488	489	7	14	-3	6.08571428571429
382	0	0	0	0	-1	6
383	490	491	7	40.5	-3	7
384	0	0	0	0	-1	6
385	0	0	0	0	-1	7
386	0	0	0	0	-1	6.5
387	492	493	2	0.485	-3	6.14285714285714
388	0	0	0	0	-1	5
389	0	0	0	0	-1	6
390	0	0	0	0	-1	5.66666666666667
391	494	495	3	0.29	-3	6
392	0	0	0	0	-1	7
393	0	0	0	0	-1	6
394	496	497	7	56	-3	5.09090909090909
395	498	499	10	0.54	-3	5.88888888888889
396	0	0	0	0	-1	4
397	500	501	1	7.25	-3	5
398	502	503	6	27	-3	6.66666666666667
399	504	505	11	11.15	-3	5.96428571428571
400	0	0	0	0	-1	5
401	506	507	6	46.5	-3	5
402	0	0	0	0	-1	5
403	508	509	10	0	-3	5
404	0	0	0	0	-1	5.66666666666667
405	510	511	2	0.555	-3	5.15
406	0	0	0	0	-1	6
407	0	0	0	0	-1	6
408	0	0	0	0	-1	6
409	512	513	3	0.4	-3	5.11111111111111
410	0	0	0	0	-1	6
411	0	0	0	0	-1	6
412	514	515	5	0.0995	-3	5.91304347826087
413	516	517	8	0.996685	-3	5.51162790697674
414	518	519	4	1.75	-3	5.48571428571429
415	520	521	5	0.0675	-3	5.16129032258065
416	522	523	9	0	-3	6
417	0	0	0	0	-1	6
418	524	525	6	0	-3	5
419	0	0	0	0	-1	5
420	526	527	3	0	-3	5
421	528	529	9	3.075	-3	5
422	0	0	0	0	-1	6
423	530	531	6	20.5	-3	5
424	0	0	0	0	-1	5
425	532	533	6	0.0755	-3	5
426	534	535	8	0.9965	-3	5
427	536	537	4	0	-3	5
428	538	539	5	0.0955	-3	4.84210526315789
429	0	0	0	0	-1	4
430	540	541	6	0	-3	5
431	542	543	10	0.61	-3	5
432	0	0	0	0	-1	6
433	0	0	0	0	-1	5
434	0	0	0	0	-1	5
435	0	0	0	0	-1	5
436	544	545	10	0.49	-3	5
437	0	0	0	0	-1	5.2
438	0	0	0	0	-1	5
439	546	547	2	0.61	-3	5
440	548	549	10	0	-3	5
441	0	0	0	0	-1	5
442	550	551	4	1.6	-3	5
443	0	0	0	0	-1	6
444	552	553	1	6.75	-3	5.6
445	554	555	6	27.5	-3	5.16666666666667
446	0	0	0	0	-1	6
447	0	0	0	0	-1	6
448	0	0	0	0	-1	6
449	556	557	10	0.555	-3	5
450	0	0	0	0	-1	6
451	558	559	4	0	-3	7
452	0	0	0	0	-1	6
453	0	0	0	0	-1	5
454	560	561	1	8.75	-3	7
455	0	0	0	0	-1	6.6
456	0	0	0	0	-1	7
457	562	563	10	0.74	-3	6.13333333333333
458	0	0	0	0	-1	7
459	0	0	0	0	-1	7
460	564	565	2	0.33	-3	7
461	566	567	11	10.3	-3	6.42857142857143
462	568	569	3	0.535	-3	6
463	0	0	0	0	-1	6
464	0	0	0	0	-1	7.2
465	570	571	5	0.139	-3	7
466	572	573	1	9.4	-3	6.9
467	0	0	0	0	-1	6
468	0	0	0	0	-1	6
469	574	575	11	10.65	-3	5
470	576	577	8	0.9982	-3	6.1
471	0	0	0	0	-1	5
472	0	0	0	0	-1	6
473	578	579	1	7.25	-3	5
474	580	581	1	9.1	-3	5.78571428571429
475	0	0	0	0	-1	5
476	0	0	0	0	-1	6
477	582	583	6	0	-3	5
478	584	585	7	19.5	-3	6.025
479	586	587	5	0.1005	-3	6.29411764705882
480	588	589	10	0.615	-3	5.6865671641791
481	590	591	9	3.52	-3	5.98076923076923
482	0	0	0	0	-1	4
483	592	593	1	6.95	-3	5
484	0	0	0	0	-1	6
485	0	0	0	0	-1	7
486	0	0	0	0	-1	5
487	0	0	0	0	-1	5
488	0	0	0	0	-1	7
489	594	595	1	6.75	-3	6.05882352941176
490	596	597	8	0.9981	-3	7
491	0	0	0	0	-1	7
492	0	0	0	0	-1	6
493	0	0	0	0	-1	6.5
494	598	599	10	0	-3	6
495	600	601	4	2.7	-3	6
496	0	0	0	0	-1	4
497	602	603	5	0.055	-3	5.125
498	0	0	0	0	-1	5
499	0	0	0	0	-1	6
500	604	605	1	0	-3	5
501	0	0	0	0	-1	5
502	0	0	0	0	-1	6
503	0	0	0	0	-1	7
504	606	607	1	7.85	-3	5.72
505	608	609	8	0.995685	-3	6.16129032258065
506	610	611	3	0	-3	5
507	0	0	0	0	-1	5
508	0	0	0	0	-1	6
509	612	613	9	3.335	-3	5
510	614	615	11	9.075	-3	5.08163265306123
511	616	617	1	8	-3	5.45454545454545
512	618	619	1	0	-3	5
513	0	0	0	0	-1	5.5
514	620	621	2	0.515	-3	6.07692307692308
515	622	623	7	43.5	-3	5.7
516	624	625	11	9.15	-3	5.21428571428571
517	626	627	9	3.07	-3	5.6551724137931
518	628	629	6	30	-3	5.23529411764706
519	630	631	6	22.5	-3	5.72222222222222
520	0	0	0	0	-1	5.6
521	632	633	8	0.9977	-3	5.07692307692308
522	0	0	0	0	-1	5
523	634	635	11	0	-3	6
524	0	0	0	0	-1	5
525	0	0	0	0	-1	5
526	0	0	0	0	-1	6
527	636	637	11	0	-3	5
528	0	0	0	0	-1	5
529	638	639	11	0	-3	5
530	640	641	7	113.5	-3	5
531	642	643	2	0	-3	5
532	0	0	0	0	-1	4
533	644	645	8	0.99575	-3	5
534	0	0	0	0	-1	5
535	0	0	0	0	-1	5
536	0	0	0	0	-1	7
537	646	647	8	7.75	-3	5
538	648	649	8	0.99738	-3	4.57142857142857
539	650	651	8	0.9979	-3	5
540	0	0	0	0	-1	7
541	652	653	3	0.18	-3	5
542	0	0	0	0	-1	5
543	654	655	4	0	-3	5
544	0	0	0	0	-1	5
545	0	0	0	0	-1	5
546	656	657	4	0	-3	5
547	0	0	0	0	-1	5
548	0	0	0	0	-1	5
549	658	659	4	1.7	-3	5
550	0	0	0	0	-1	5
551	0	0	0	0	-1	5
552	0	0	0	0	-1	5
553	660	661	10	0.66	-3	5.63636363636364
554	0	0	0	0	-1	5
555	0	0	0	0	-1	5.5
556	0	0	0	0	-1	5
557	662	663	7	0	-3	5
558	0	0	0	0	-1	6
559	664	665	7	26	-3	7
560	666	667	11	11.9	-3	7
561	0	0	0	0	-1	7
562	0	0	0	0	-1	7
563	668	669	8	0.995875	-3	6
564	0	0	0	0	-1	7
565	0	0	0	0	-1	7
566	0	0	0	0	-1	7
567	670	671	10	0.885	-3	6.29411764705882
568	672	673	1	10.55	-3	6
569	0	0	0	0	-1	6
570	674	675	9	3.175	-3	7.06666666666667
571	0	0	0	0	-1	6
572	0	0	0	0	-1	6
573	676	677	9	3.24	-3	7
574	0	0	0	0	-1	5
575	678	679	10	0	-3	5
576	680	681	10	0.895	-3	6.06896551724138
577	0	0	0	0	-1	7
578	682	683	5	0.0765	-3	5
579	0	0	0	0	-1	5
580	684	685	8	0.99528	-3	5.91666666666667
581	0	0	0	0	-1	5
582	0	0	0	0	-1	5
583	0	0	0	0	-1	5
584	686	687	1	7.05	-3	6.26086956521739
585	688	689	7	46	-3	5.92982456140351
586	690	691	6	12	-3	6.2
587	0	0	0	0	-1	7
588	692	693	6	12	-3	5.45833333333333
589	694	695	7	33.5	-3	5.81395348837209
590	696	697	9	3.215	-3	6.0625
591	0	0	0	0	-1	5
592	0	0	0	0	-1	5
593	698	699	11	0	-3	5
594	0	0	0	0	-1	7
595	700	701	10	0.595	-3	6
596	0	0	0	0	-1	7
597	0	0	0	0	-1	7
598	0	0	0	0	-1	5
599	702	703	9	3.095	-3	6
600	0	0	0	0	-1	6
601	0	0	0	0	-1	6
602	0	0	0	0	-1	6
603	704	705	8	1.00087	-3	5.09677419354839
604	0	0	0	0	-1	6
605	706	707	8	0.99752	-3	5
606	708	709	8	0.99593	-3	5.33333333333333
607	710	711	1	11.15	-3	5.9375
608	0	0	0	0	-1	6
609	712	713	4	3.1	-3	6.33333333333333
610	0	0	0	0	-1	5
611	0	0	0	0	-1	5
612	0	0	0	0	-1	5
613	0	0	0	0	-1	5
614	0	0	0	0	-1	4
615	714	715	1	7.35	-3	5.10416666666667
616	716	717	6	33	-3	5.83333333333333
617	0	0	0	0	-1	5
618	0	0	0	0	-1	5
619	718	719	6	34	-3	5
620	720	721	10	0.625	-3	6
621	0	0	0	0	-1	6.2
622	0	0	0	0	-1	5.4
623	0	0	0	0	-1	6
624	0	0	0	0	-1	6
625	722	723	8	0.995685	-3	5.08333333333333
626	0	0	0	0	-1	5.2
627	724	725	7	23	-3	5.75
628	726	727	11	9.4	-3	5.07142857142857
629	0	0	0	0	-1	6
630	0	0	0	0	-1	5.2
631	728	729	11	9.1	-3	5.92307692307692
632	730	731	2	0.35	-3	5.16666666666667
633	732	733	3	8.55	-3	5
634	0	0	0	0	-1	6
635	0	0	0	0	-1	6
636	0	0	0	0	-1	5
637	734	735	2	0.455	-3	5
638	0	0	0	0	-1	6
639	736	737	7	92	-3	5
640	0	0	0	0	-1	5
641	0	0	0	0	-1	5
642	0	0	0	0	-1	6
643	738	739	3	0.3	-3	5
644	0	0	0	0	-1	5
645	740	741	11	0	-3	5
646	742	743	1	7.65	-3	5
647	0	0	0	0	-1	5
648	0	0	0	0	-1	4
649	0	0	0	0	-1	5
650	0	0	0	0	-1	5
651	0	0	0	0	-1	5
652	744	745	11	0	-3	5
653	0	0	0	0	-1	5
654	0	0	0	0	-1	6
655	746	747	2	3.17	-3	5
656	0	0	0	0	-1	6
657	748	749	7	68	-3	5
658	0	0	0	0	-1	5
659	0	0	0	0	-1	5
660	750	751	5	0.075	-3	5.53846153846154
661	752	753	3	0.045	-3	6
662	0	0	0	0	-1	7
663	754	755	4	2.625	-3	5
664	0	0	0	0	-1	7
665	0	0	0	0	-1	7
666	0	0	0	0	-1	7
667	0	0	0	0	-1	7
668	756	757	2	0	-3	6
669	0	0	0	0	-1	6
670	0	0	0	0	-1	6
671	758	759	10	1.055	-3	6.83333333333333
672	760	761	9	3.245	-3	6
673	0	0	0	0	-1	6
674	0	0	0	0	-1	7.2
675	762	763	9	3.24	-3	7
676	0	0	0	0	-1	7
677	764	765	8	0.99912	-3	7
678	0	0	0	0	-1	6
679	766	767	4	2.2	-3	5
680	768	769	4	4.25	-3	6.03571428571429
681	0	0	0	0	-1	7
682	770	771	8	0	-3	5
683	0	0	0	0	-1	5
684	0	0	0	0	-1	5.66666666666667
685	0	0	0	0	-1	6
686	772	773	8	0	-3	6
687	774	775	5	0.076	-3	6.85714285714286
688	776	777	2	0.43	-3	5.96153846153846
689	0	0	0	0	-1	5.6
690	778	779	4	1.95	-3	6.66666666666667
691	780	781	10	1.015	-3	6
692	782	783	4	2.45	-3	5.25
693	784	785	3	0.425	-3	5.875
694	786	787	5	0.0645	-3	5.96428571428571
695	788	789	1	7.25	-3	5.53333333333333
696	790	791	3	0.16	-3	5.85
697	792	793	5	0.065	-3	6.21428571428571
698	0	0	0	0	-1	4
699	0	0	0	0	-1	5
700	0	0	0	0	-1	6
701	794	795	6	0	-3	6
702	0	0	0	0	-1	6
703	0	0	0	0	-1	6
704	796	797	7	64	-3	5.06666666666667
705	0	0	0	0	-1	6
706	0	0	0	0	-1	5
707	0	0	0	0	-1	5
708	0	0	0	0	-1	5.66666666666667
709	798	799	5	0.0845	-3	5.16666666666667
710	800	801	5	0.0665	-3	6.07142857142857
711	0	0	0	0	-1	5
712	802	803	8	0.99597	-3	6.09090909090909
713	0	0	0	0	-1	7
714	804	805	9	3.35	-3	5.5
715	806	807	1	9.7	-3	5
716	0	0	0	0	-1	6
717	0	0	0	0	-1	5
718	0	0	0	0	-1	5
719	0	0	0	0	-1	5
720	0	0	0	0	-1	6
721	808	809	1	6.9	-3	6
722	0	0	0	0	-1	6
723	0	0	0	0	-1	5
724	810	811	5	0.111	-3	5.54545454545455
725	812	813	5	0.0725	-3	5.92307692307692
726	814	815	1	7.85	-3	5
727	0	0	0	0	-1	5.25
728	0	0	0	0	-1	5
729	816	817	7	75.5	-3	6
730	0	0	0	0	-1	6
731	818	819	5	0.0755	-3	5
732	820	821	11	9.65	-3	5
733	0	0	0	0	-1	5
734	0	0	0	0	-1	5
735	0	0	0	0	-1	5
736	0	0	0	0	-1	5
737	0	0	0	0	-1	5
738	0	0	0	0	-1	5
739	0	0	0	0	-1	5
740	0	0	0	0	-1	4
741	822	823	4	5	-3	5
742	0	0	0	0	-1	5
743	824	825	9	0	-3	5
744	0	0	0	0	-1	7
745	826	827	1	9.75	-3	5
746	0	0	0	0	-1	5
747	0	0	0	0	-1	5
748	0	0	0	0	-1	5
749	0	0	0	0	-1	5
750	0	0	0	0	-1	5
751	828	829	3	0.11	-3	5.66666666666667
752	0	0	0	0	-1	6
753	0	0	0	0	-1	6
754	0	0	0	0	-1	5
755	0	0	0	0	-1	5
756	0	0	0	0	-1	5
757	830	831	5	0	-3	6
758	0	0	0	0	-1	7
759	0	0	0	0	-1	6
760	0	0	0	0	-1	6
761	0	0	0	0	-1	6
762	832	833	10	0.655	-3	7
763	0	0	0	0	-1	7
764	0	0	0	0	-1	7
765	0	0	0	0	-1	7
766	0	0	0	0	-1	5
767	0	0	0	0	-1	5
768	834	835	11	11.95	-3	6.07407407407407
769	0	0	0	0	-1	5
770	0	0	0	0	-1	5
771	836	837	9	3.3	-3	5
772	0	0	0	0	-1	5
773	838	839	9	3.52	-3	6
774	0	0	0	0	-1	6
775	0	0	0	0	-1	7
776	0	0	0	0	-1	5.6
777	840	841	11	10.25	-3	6
778	842	843	7	22	-3	6.5
779	0	0	0	0	-1	7
780	844	845	11	11.25	-3	6
781	0	0	0	0	-1	6
782	846	847	7	26	-3	5.4
783	848	849	10	0.585	-3	5
784	850	851	7	0	-3	6
785	0	0	0	0	-1	5
786	0	0	0	0	-1	5
787	852	853	4	2.75	-3	6
788	0	0	0	0	-1	6
789	854	855	3	0	-3	5
790	0	0	0	0	-1	5
791	856	857	11	9.95	-3	5.94444444444444
792	0	0	0	0	-1	7
793	858	859	6	20.5	-3	6.12
794	0	0	0	0	-1	7
795	860	861	6	13	-3	6
796	862	863	4	2.45	-3	5.33333333333333
797	864	865	4	2.3	-3	5
798	0	0	0	0	-1	5
799	0	0	0	0	-1	5.33333333333333
800	0	0	0	0	-1	7
801	866	867	3	0.375	-3	6
802	0	0	0	0	-1	7
803	0	0	0	0	-1	6
804	0	0	0	0	-1	5
805	868	869	6	34	-3	5.83333333333333
806	870	871	1	9.4	-3	5
807	872	873	11	9.55	-3	5
808	0	0	0	0	-1	6
809	0	0	0	0	-1	6
810	874	875	5	0.086	-3	5.375
811	0	0	0	0	-1	6
812	0	0	0	0	-1	7
813	876	877	9	3.475	-3	5.83333333333333
814	0	0	0	0	-1	5
815	878	879	1	0	-3	5
816	880	881	5	0	-3	6
817	0	0	0	0	-1	6
818	0	0	0	0	-1	5
819	882	883	9	0	-3	5
820	884	885	3	0.395	-3	5
821	0	0	0	0	-1	5
822	0	0	0	0	-1	5
823	0	0	0	0	-1	5
824	0	0	0	0	-1	6
825	886	887	2	0	-3	5
826	0	0	0	0	-1	5
827	0	0	0	0	-1	5
828	888	889	1	7.85	-3	5.77777777777778
829	0	0	0	0	-1	5
830	0	0	0	0	-1	6
831	890	891	1	0	-3	6
832	0	0	0	0	-1	7
833	892	893	11	11.4	-3	7
834	894	895	6	0.53	-3	6
835	896	897	1	9.3	-3	6.33333333333333
836	0	0	0	0	-1	5
837	898	899	7	0	-3	5
838	0	0	0	0	-1	6
839	0	0	0	0	-1	6
840	0	0	0	0	-1	5.8
841	900	901	10	0.67	-3	6.02380952380952
842	0	0	0	0	-1	6
843	0	0	0	0	-1	7
844	902	903	2	0.49	-3	6
845	0	0	0	0	-1	6
846	904	905	2	0.605	-3	5.14285714285714
847	0	0	0	0	-1	6
848	0	0	0	0	-1	5
849	0	0	0	0	-1	5
850	0	0	0	0	-1	6
851	906	907	1	7.2	-3	6
852	908	909	3	0.055	-3	5.92
853	0	0	0	0	-1	7
854	0	0	0	0	-1	5
855	910	911	7	36.5	-3	5
856	0	0	0	0	-1	6.5
857	912	913	10	0.605	-3	5.875
858	914	915	10	0.745	-3	6.33333333333333
859	916	917	6	27	-3	5.92307692307692
860	918	919	4	7.65	-3	6
861	0	0	0	0	-1	6
862	0	0	0	0	-1	5
863	0	0	0	0	-1	6
864	920	921	1	0.996015	-3	5
865	922	923	3	0.31	-3	5
866	0	0	0	0	-1	6
867	0	0	0	0	-1	6
868	0	0	0	0	-1	6
869	0	0	0	0	-1	5
870	924	925	1	7.45	-3	5
871	0	0	0	0	-1	5
872	926	927	3	0	-3	5
873	0	0	0	0	-1	5
874	0	0	0	0	-1	5.6
875	0	0	0	0	-1	5
876	928	929	3	0.23	-3	5.90909090909091
877	0	0	0	0	-1	5
878	0	0	0	0	-1	7
879	930	931	2	0	-3	5
880	0	0	0	0	-1	5
881	0	0	0	0	-1	6
882	0	0	0	0	-1	5
883	932	933	9	3.13	-3	5
884	0	0	0	0	-1	5
885	0	0	0	0	-1	5
886	0	0	0	0	-1	6
887	0	0	0	0	-1	5
888	934	935	9	3.385	-3	5.875
889	0	0	0	0	-1	5
890	0	0	0	0	-1	5
891	0	0	0	0	-1	6
892	0	0	0	0	-1	7
893	0	0	0	0	-1	7
894	0	0	0	0	-1	6
895	936	937	5	0.069	-3	6
896	0	0	0	0	-1	7
897	0	0	0	0	-1	6
898	0	0	0	0	-1	5
899	938	939	5	0.072	-3	5
900	940	941	2	0.635	-3	6
901	0	0	0	0	-1	6.25
902	942	943	4	0	-3	6
903	944	945	6	21	-3	6
904	946	947	10	0.565	-3	5
905	0	0	0	0	-1	6
906	0	0	0	0	-1	6
907	0	0	0	0	-1	6
908	0	0	0	0	-1	5.33333333333333
909	948	949	5	0.085	-3	6
910	0	0	0	0	-1	5
911	0	0	0	0	-1	5
912	0	0	0	0	-1	5
913	950	951	10	0.685	-3	5.93333333333333
914	952	953	3	0.34	-3	6.11111111111111
915	0	0	0	0	-1	7
916	0	0	0	0	-1	6
917	0	0	0	0	-1	5.75
918	954	955	7	28	-3	6
919	0	0	0	0	-1	6
920	0	0	0	0	-1	7
921	956	957	8	0.996335	-3	5
922	0	0	0	0	-1	5
923	0	0	0	0	-1	5
924	0	0	0	0	-1	5
925	958	959	3	0.34	-3	5
926	0	0	0	0	-1	6
927	0	0	0	0	-1	5
928	0	0	0	0	-1	5
929	960	961	4	1.95	-3	6
930	0	0	0	0	-1	5
931	0	0	0	0	-1	5
932	0	0	0	0	-1	5
933	0	0	0	0	-1	5
934	962	963	8	0.99638	-3	6
935	964	965	10	0.545	-3	5.75
936	0	0	0	0	-1	6
937	966	967	7	14.5	-3	6
938	0	0	0	0	-1	5
939	0	0	0	0	-1	5
940	968	969	8	0.995605	-3	6
941	970	971	8	0	-3	6
942	0	0	0	0	-1	5
943	972	973	1	0	-3	6
944	0	0	0	0	-1	6
945	0	0	0	0	-1	6
946	0	0	0	0	-1	5
947	0	0	0	0	-1	5
948	974	975	6	14.5	-3	6.10526315789474
949	0	0	0	0	-1	5.33333333333333
950	0	0	0	0	-1	5.75
951	976	977	8	0	-3	6
952	978	979	2	0.7	-3	6
953	0	0	0	0	-1	7
954	980	981	11	0	-3	6
955	0	0	0	0	-1	6
956	0	0	0	0	-1	5
957	0	0	0	0	-1	5
958	982	983	3	0	-3	5
959	984	985	3	0.37	-3	5
960	0	0	0	0	-1	6
961	0	0	0	0	-1	6
962	0	0	0	0	-1	6
963	0	0	0	0	-1	6
964	0	0	0	0	-1	5
965	986	987	4	2.25	-3	5.85714285714286
966	0	0	0	0	-1	6
967	0	0	0	0	-1	6
968	988	989	8	0.99512	-3	6
969	990	991	1	7.55	-3	6
970	0	0	0	0	-1	4
971	992	993	1	0.025	-3	6
972	0	0	0	0	-1	6
973	0	0	0	0	-1	6
974	994	995	2	0.83	-3	6
975	0	0	0	0	-1	6.66666666666667
976	0	0	0	0	-1	6
977	996	997	7	42.5	-3	6
978	998	999	5	0.0775	-3	6
979	0	0	0	0	-1	6
980	0	0	0	0	-1	6
981	1000	1001	10	0	-3	6
982	0	0	0	0	-1	5
983	1002	1003	11	9.3	-3	5
984	0	0	0	0	-1	5
985	0	0	0	0	-1	5
986	0	0	0	0	-1	5
987	0	0	0	0	-1	6
988	1004	1005	5	0.074	-3	6
989	0	0	0	0	-1	6
990	1006	1007	5	0.085	-3	6
991	0	0	0	0	-1	6
992	0	0	0	0	-1	5
993	1008	1009	7	32	-3	6
994	1010	1011	1	8	-3	6.06666666666667
995	0	0	0	0	-1	5
996	0	0	0	0	-1	6
997	1012	1013	10	0.73	-3	6
998	0	0	0	0	-1	6
999	0	0	0	0	-1	6
1000	0	0	0	0	-1	7
1001	1014	1015	3	0.45	-3	6
1002	0	0	0	0	-1	5
1003	1016	1017	3	0	-3	5
1004	1018	1019	11	10.85	-3	6
1005	0	0	0	0	-1	6
1006	0	0	0	0	-1	6
1007	0	0	0	0	-1	6
1008	0	0	0	0	-1	6
1009	0	0	0	0	-1	6
1010	0	0	0	0	-1	7
1011	1020	1021	6	11.35	-3	6
1012	0	0	0	0	-1	6
1013	1022	1023	6	0	-3	6
1014	0	0	0	0	-1	6
1015	0	0	0	0	-1	6
1016	0	0	0	0	-1	5
1017	0	0	0	0	-1	5
1018	0	0	0	0	-1	6
1019	0	0	0	0	-1	6
1020	1024	1025	2	0.45	-3	6
1021	0	0	0	0	-1	6
1022	0	0	0	0	-1	4
1023	1026	1027	3	0.275	-3	6
1024	0	0	0	0	-1	6
1025	1028	1029	10	0.705	-3	6
1026	0	0	0	0	-1	6
1027	0	0	0	0	-1	6
1028	0	0	0	0	-1	6
1029	1030	1031	4	1.95	-3	6
1030	0	0	0	0	-1	6
1031	0	0	0	0	-1	6
