1	2	3	2	0.405	-3	5.64727954971857
2	4	5	7	47.5	-3	6.0695652173913
3	6	7	3	0.525	-3	5.47673397717296
4	8	9	11	10.75	-3	6.19705882352941
5	10	11	11	10.25	-3	5.70833333333333
6	12	13	10	0.535	-3	5.43624161073825
7	14	15	10	0.58	-3	5.91666666666667
8	16	17	1	12.45	-3	5.87096774193548
9	18	19	10	0.615	-3	6.47027027027027
10	20	21	9	3.29	-3	5.48275862068965
11	22	23	6	9.5	-3	5.91935483870968
12	24	25	5	0.17	-3	5.0595744680851
13	26	27	11	11.45	-3	5.54579207920792
14	28	29	8	1.0006	-3	4.16666666666667
15	30	31	10	0.86	-3	6.16666666666667
16	32	33	11	9.85	-3	5.81506849315069
17	34	35	5	0.085	-3	6.77777777777778
18	36	37	4	5.65	-3	6
19	38	39	11	12.55	-3	6.69047619047619
20	40	41	7	60.5	-3	5.16
21	42	43	3	0.27	-3	5.72727272727273
22	0	0	0	0	-1	4
23	44	45	10	0.415	-3	5.95081967213115
24	46	47	11	11.7	-3	5.07296137339056
25	0	0	0	0	-1	3.5
26	48	49	7	46.5	-3	5.43867243867244
27	50	51	11	13.3333333333333	-3	6.19130434782609
28	52	53	6	4.5	-3	4.75
29	0	0	0	0	-1	3
30	54	55	10	0.675	-3	6.43333333333333
31	56	57	3	0.69	-3	5.5
32	58	59	8	0.996525	-3	5.625
33	60	61	11	10.65	-3	6
34	62	63	2	0.295	-3	7.33333333333333
35	0	0	0	0	-1	5.66666666666667
36	64	65	3	0.25	-3	6.13725490196078
37	66	67	9	3.225	-3	5.125
38	68	69	5	0.1075	-3	6.65254237288135
39	70	71	8	0.99645	-3	7.25
40	72	73	9	3.145	-3	5.42857142857143
41	74	75	11	9.75	-3	5.05555555555556
42	76	77	5	0.0725	-3	5.45454545454545
43	78	79	11	9.3	-3	5.86363636363636
44	0	0	0	0	-1	7
45	80	81	7	104.5	-3	5.89655172413793
46	82	83	6	15.5	-3	5.03196347031963
47	84	85	1	6.35	-3	5.71428571428571
48	86	87	7	14.5	-3	5.55154639175258
49	88	89	4	1.75	-3	5.29508196721311
50	90	91	10	0.635	-3	6.15315315315315
51	0	0	0	0	-1	7.25
52	0	0	0	0	-1	4
53	92	93	2	20	-3	5
54	94	95	9	3.135	-3	5.81818181818182
55	96	97	8	0.999295	-3	6.78947368421053
56	98	99	2	0.47	-3	5.65
57	0	0	0	0	-1	4.75
58	100	101	6	24.5	-3	5.17647058823529
59	102	103	8	0.99685	-3	5.76363636363636
60	104	105	8	1.000025	-3	6.07246376811594
61	0	0	0	0	-1	5
62	0	0	0	0	-1	7
63	0	0	0	0	-1	8
64	0	0	0	0	-1	5.2
65	106	107	8	0.9999	-3	6.23913043478261
66	0	0	0	0	-1	6
67	108	109	11	11.5	-3	4.83333333333333
68	110	111	9	3.265	-3	6.68468468468468
69	112	113	4	2.15	-3	6.14285714285714
70	0	0	0	0	-1	6.8
71	0	0	0	0	-1	8
72	0	0	0	0	-1	5
73	0	0	0	0	-1	6
74	0	0	0	0	-1	5
75	0	0	0	0	-1	5.33333333333333
76	0	0	0	0	-1	4.66666666666667
77	114	115	2	0.33	-3	5.75
78	0	0	0	0	-1	5.25
79	116	117	3	0.51	-3	6
80	118	119	1	8.1	-3	5.94117647058824
81	120	121	7	107.5	-3	5.57142857142857
82	122	123	10	0.525	-3	4.94814814814815
83	124	125	8	0.995415	-3	5.16666666666667
84	0	0	0	0	-1	5
85	126	127	11	12.25	-3	5.83333333333333
86	128	129	9	3.525	-3	5.05128205128205
87	130	131	4	5.15	-3	5.60744985673352
88	132	133	10	0.83	-3	4.75862068965517
89	134	135	4	8.35	-3	5.35144927536232
90	136	137	1	4.65	-3	5.85915492957746
91	138	139	11	13.05	-3	6.675
92	0	0	0	0	-1	5
93	0	0	0	0	-1	5
94	140	141	7	16.5	-3	6.22222222222222
95	142	143	3	0.54	-3	5.53846153846154
96	144	145	11	12.95	-3	7.05263157894737
97	146	147	11	11.25	-3	6.52631578947368
98	148	149	2	0.45	-3	5.3
99	150	151	11	12.65	-3	6
100	152	153	7	45.5	-3	5.06666666666667
101	0	0	0	0	-1	6
102	0	0	0	0	-1	6.66666666666667
103	154	155	7	20	-3	5.71153846153846
104	156	157	10	0.69	-3	6.12121212121212
105	0	0	0	0	-1	5
106	158	159	10	0.465	-3	6.20454545454546
107	0	0	0	0	-1	7
108	0	0	0	0	-1	5
109	0	0	0	0	-1	4
110	160	161	8	0.994	-3	6.92727272727273
111	162	163	3	0.335	-3	6.44642857142857
112	0	0	0	0	-1	6.5
113	0	0	0	0	-1	6
114	0	0	0	0	-1	5
115	164	165	6	22.5	-3	5.85714285714286
116	0	0	0	0	-1	6
117	0	0	0	0	-1	6
118	166	167	6	36	-3	5.70833333333333
119	168	169	8	0.99985	-3	6.14814814814815
120	0	0	0	0	-1	5
121	0	0	0	0	-1	6
122	170	171	2	0.675	-3	4.91935483870968
123	172	173	3	0.245	-3	5.27272727272727
124	174	175	4	2.15	-3	5.55555555555556
125	176	177	9	3.565	-3	5.12
126	0	0	0	0	-1	6
127	0	0	0	0	-1	5.6
128	178	179	8	0.99767	-3	5.33333333333333
129	180	181	8	0.995085	-3	4.11111111111111
130	182	183	8	0.99539	-3	5.59537572254335
131	0	0	0	0	-1	7
132	184	185	5	0.168	-3	5
133	186	187	5	0.2575	-3	4.3
134	188	189	11	9.85	-3	5.33582089552239
135	190	191	11	8.9	-3	5.875
136	0	0	0	0	-1	4
137	192	193	5	0.052	-3	5.91304347826087
138	194	195	8	0.995875	-3	6.56756756756757
139	0	0	0	0	-1	8
140	0	0	0	0	-1	7
141	196	197	11	0	-3	6
142	0	0	0	0	-1	7
143	198	199	9	3.175	-3	5.41666666666667
144	200	201	1	0	-3	7
145	0	0	0	0	-1	8
146	202	203	6	13.5	-3	6.6875
147	0	0	0	0	-1	5.66666666666667
148	204	205	4	3.7	-3	5.5
149	0	0	0	0	-1	5
150	206	207	7	23.5	-3	6
151	0	0	0	0	-1	6
152	208	209	7	35.5	-3	4.92307692307692
153	0	0	0	0	-1	6
154	210	211	1	10.7	-3	5.53571428571429
155	212	213	9	3.23	-3	5.91666666666667
156	214	215	7	19.5	-3	5.72413793103448
157	216	217	6	4.5	-3	6.43243243243243
158	0	0	0	0	-1	5
159	218	219	7	10	-3	6.23255813953488
160	0	0	0	0	-1	6
161	220	221	3	0.315	-3	6.9622641509434
162	222	223	10	0.805	-3	6
163	224	225	6	10.5	-3	6.55555555555556
164	0	0	0	0	-1	6
165	0	0	0	0	-1	5.66666666666667
166	226	227	1	7.85	-3	5.77272727272727
167	0	0	0	0	-1	5
168	228	229	5	0.094	-3	6.04166666666667
169	0	0	0	0	-1	7
170	230	231	8	0.99805	-3	5.04285714285714
171	232	233	5	0.0705	-3	4.75925925925926
172	234	235	9	3.375	-3	5.5
173	0	0	0	0	-1	5
174	236	237	9	3.2	-3	5.71428571428571
175	0	0	0	0	-1	5
176	238	239	7	34	-3	5.13513513513514
177	0	0	0	0	-1	4
178	240	241	8	0.996315	-3	5.19230769230769
179	0	0	0	0	-1	6.25
180	0	0	0	0	-1	5
181	0	0	0	0	-1	3.4
182	242	243	8	0.99512	-3	6
183	244	245	11	9.85	-3	5.51388888888889
184	246	247	10	0	-3	5
185	0	0	0	0	-1	5
186	248	249	1	11	-3	3.83333333333333
187	0	0	0	0	-1	5
188	250	251	2	0.435	-3	5.19230769230769
189	252	253	2	0.565	-3	5.53571428571429
190	0	0	0	0	-1	5
191	254	255	4	0	-3	6
192	256	257	7	80	-3	5.46153846153846
193	258	259	11	12.85	-3	6.01785714285714
194	260	261	3	0.105	-3	6.83333333333333
195	262	263	9	3.25	-3	6.07692307692308
196	0	0	0	0	-1	6
197	264	265	4	2.15	-3	6
198	0	0	0	0	-1	5
199	266	267	3	0.7	-3	5.625
200	0	0	0	0	-1	6
201	268	269	10	0	-3	7
202	270	271	8	0.99987	-3	6.84615384615385
203	0	0	0	0	-1	6
204	0	0	0	0	-1	5.2
205	0	0	0	0	-1	7
206	0	0	0	0	-1	6
207	0	0	0	0	-1	6
208	0	0	0	0	-1	5
209	0	0	0	0	-1	4.5
210	272	273	11	9.55	-3	5
211	274	275	4	2.25	-3	5.83333333333333
212	276	277	10	0.555	-3	6
213	0	0	0	0	-1	5.33333333333333
214	278	279	2	0.365	-3	6.15384615384615
215	280	281	5	0.0745	-3	5.375
216	282	283	6	0	-3	6
217	284	285	2	0.21	-3	6.53333333333333
218	286	287	1	10.05	-3	6.6
219	288	289	4	4.8	-3	6.12121212121212
220	0	0	0	0	-1	8
221	290	291	9	3.215	-3	6.87755102040817
222	0	0	0	0	-1	6
223	0	0	0	0	-1	6
224	292	293	2	0.15	-3	6.38461538461539
225	294	295	1	10.2	-3	6.78947368421053
226	296	297	4	1.7	-3	5.85
227	0	0	0	0	-1	5
228	298	299	4	1.95	-3	6.13636363636364
229	0	0	0	0	-1	5
230	300	301	8	0.9977	-3	4.98333333333333
231	302	303	11	9.8	-3	5.4
232	0	0	0	0	-1	4
233	304	305	9	3.255	-3	4.78846153846154
234	0	0	0	0	-1	5.75
235	0	0	0	0	-1	5
236	0	0	0	0	-1	5
237	306	307	4	1.7	-3	5.83333333333333
238	0	0	0	0	-1	6
239	308	309	7	46.5	-3	5.08571428571429
240	310	311	6	6.5	-3	5
241	312	313	5	0.0805	-3	5.41666666666667
242	314	315	10	0.61	-3	5.88235294117647
243	316	317	2	0.485	-3	6.16666666666667
244	318	319	9	3.435	-3	5.41379310344828
245	320	321	10	0.745	-3	5.61538461538461
246	0	0	0	0	-1	7
247	322	323	6	14.5	-3	5
248	0	0	0	0	-1	3.66666666666667
249	0	0	0	0	-1	4
250	324	325	10	0.63	-3	5.625
251	326	327	8	0.99623	-3	5.16891891891892
252	328	329	7	80.5	-3	5.72727272727273
253	330	331	8	0.99955	-3	5.35087719298246
254	0	0	0	0	-1	5
255	0	0	0	0	-1	6
256	332	333	6	14.5	-3	5.66666666666667
257	0	0	0	0	-1	5
258	334	335	9	3.565	-3	6.07692307692308
259	0	0	0	0	-1	5.25
260	336	337	5	0.083	-3	7.09090909090909
261	338	339	11	11.75	-3	6.61538461538462
262	0	0	0	0	-1	6.5
263	340	341	8	0.99795	-3	5.88888888888889
264	0	0	0	0	-1	6
265	0	0	0	0	-1	6
266	342	343	2	0.425	-3	5.83333333333333
267	0	0	0	0	-1	5
268	0	0	0	0	-1	5
269	0	0	0	0	-1	7
270	0	0	0	0	-1	6
271	344	345	4	3.75	-3	6.91666666666667
272	0	0	0	0	-1	5
273	0	0	0	0	-1	5
274	346	347	2	0.365	-3	6
275	0	0	0	0	-1	5.25
276	0	0	0	0	-1	6
277	0	0	0	0	-1	6
278	348	349	8	0.996535	-3	6
279	0	0	0	0	-1	7
280	0	0	0	0	-1	6.33333333333333
281	350	351	7	37.5	-3	5.15384615384615
282	0	0	0	0	-1	7
283	352	353	1	10.3	-3	6
284	0	0	0	0	-1	5
285	354	355	6	21	-3	6.58620689655173
286	356	357	4	1.55	-3	7
287	0	0	0	0	-1	6
288	358	359	11	11.35	-3	6.09375
289	0	0	0	0	-1	7
290	360	361	9	3.13	-3	7
291	362	363	9	3.235	-3	6.68421052631579
292	0	0	0	0	-1	7
293	364	365	7	19.5	-3	6.23809523809524
294	366	367	2	0.225	-3	6.88235294117647
295	0	0	0	0	-1	6
296	0	0	0	0	-1	5
297	368	369	11	11.1	-3	5.89473684210526
298	370	371	7	53	-3	6.44444444444444
299	372	373	4	2.1	-3	5.92307692307692
300	374	375	4	3.6	-3	5.05454545454545
301	0	0	0	0	-1	4.2
302	376	377	6	11.5	-3	5
303	0	0	0	0	-1	6
304	378	379	4	2.35	-3	5.1
305	380	381	4	5.175	-3	4.71428571428572
306	0	0	0	0	-1	5
307	0	0	0	0	-1	6
308	382	383	1	8.35	-3	4.66666666666667
309	384	385	9	3.53	-3	5.14754098360656
310	386	387	1	7.65	-3	5.07692307692308
311	0	0	0	0	-1	4
312	0	0	0	0	-1	5
313	388	389	11	9.625	-3	5.71428571428571
314	390	391	5	0.0615	-3	5.7
315	392	393	3	0.055	-3	5.95833333333333
316	0	0	0	0	-1	5
317	394	395	8	0.995195	-3	6.21739130434783
318	396	397	9	3.205	-3	5.49557522123894
319	398	399	5	0.0725	-3	5.125
320	400	401	5	0.1305	-3	5.54545454545455
321	402	403	4	1.85	-3	6
322	0	0	0	0	-1	5
323	404	405	9	0	-3	5
324	406	407	5	0.092	-3	5.83333333333333
325	0	0	0	0	-1	5
326	408	409	8	0.99595	-3	5.71428571428571
327	410	411	7	47.5	-3	5.11194029850746
328	412	413	7	48.5	-3	5.84090909090909
329	414	415	7	132.5	-3	5.27272727272727
330	416	417	4	2.05	-3	5.42857142857143
331	418	419	3	0.23	-3	4.875
332	0	0	0	0	-1	5
333	420	421	11	0.99304	-3	6
334	422	423	6	31.5	-3	6.13333333333333
335	424	425	1	6.15	-3	5.71428571428571
336	426	427	3	0.085	-3	7.2
337	0	0	0	0	-1	6
338	0	0	0	0	-1	7.5
339	428	429	8	0.99517	-3	6.45454545454546
340	0	0	0	0	-1	6
341	0	0	0	0	-1	5.5
342	0	0	0	0	-1	5
343	0	0	0	0	-1	6
344	430	431	1	13.75	-3	7
345	0	0	0	0	-1	6.8
346	432	433	2	0.3275	-3	6
347	0	0	0	0	-1	6
348	434	435	4	1.95	-3	6
349	0	0	0	0	-1	6
350	436	437	6	4.5	-3	5
351	0	0	0	0	-1	5.66666666666667
352	0	0	0	0	-1	6
353	0	0	0	0	-1	6
354	438	439	4	2.05	-3	6.65384615384615
355	0	0	0	0	-1	6
356	0	0	0	0	-1	7
357	0	0	0	0	-1	7
358	440	441	5	0.078	-3	6.33333333333333
359	442	443	4	1.75	-3	6.03846153846154
360	444	445	2	0.385	-3	6.55555555555556
361	446	447	7	8.5	-3	7.19047619047619
362	448	449	1	7.7	-3	6.14285714285714
363	0	0	0	0	-1	7
364	450	451	1	9.9	-3	6.53846153846154
365	452	453	8	0.99596	-3	5.75
366	0	0	0	0	-1	6
367	454	455	1	7.9	-3	6.9375
368	456	457	8	0.996265	-3	5.8
369	458	459	6	25.5	-3	6
370	0	0	0	0	-1	6
371	0	0	0	0	-1	6.8
372	0	0	0	0	-1	5
373	460	461	5	0.0865	-3	6
374	462	463	10	0.475	-3	5.07407407407407
375	0	0	0	0	-1	4
376	0	0	0	0	-1	5
377	0	0	0	0	-1	5
378	0	0	0	0	-1	5
379	0	0	0	0	-1	6
380	464	465	9	3.385	-3	4.75609756097561
381	0	0	0	0	-1	3
382	466	467	8	0.99576	-3	4.85714285714286
383	0	0	0	0	-1	4
384	468	469	7	111	-3	5.11864406779661
385	0	0	0	0	-1	6
386	470	471	8	0.996235	-3	5
387	0	0	0	0	-1	5.33333333333333
388	0	0	0	0	-1	5.33333333333333
389	0	0	0	0	-1	6
390	0	0	0	0	-1	5
391	472	473	4	1.85	-3	5.875
392	0	0	0	0	-1	5.8
393	0	0	0	0	-1	6
394	474	475	2	0.585	-3	6.625
395	476	477	1	7.55	-3	6
396	478	479	8	0.9977	-3	5.11764705882353
397	480	481	8	0.996725	-3	5.5625
398	482	483	10	0.66	-3	5.4
399	0	0	0	0	-1	5
400	484	485	3	0.495	-3	5.51694915254237
401	0	0	0	0	-1	6.66666666666667
402	0	0	0	0	-1	6.66666666666667
403	486	487	7	27.5	-3	5.89473684210526
404	0	0	0	0	-1	5
405	488	489	5	0.0725	-3	5
406	0	0	0	0	-1	6
407	0	0	0	0	-1	5
408	490	491	4	1.85	-3	5.33333333333333
409	0	0	0	0	-1	6
410	0	0	0	0	-1	4.33333333333333
411	492	493	6	8.5	-3	5.12977099236641
412	494	495	1	9	-3	5.36363636363636
413	496	497	7	49.5	-3	6
414	498	499	10	1.005	-3	5.11111111111111
415	0	0	0	0	-1	6
416	500	501	6	30.5	-3	5
417	502	503	4	2.25	-3	5.51219512195122
418	0	0	0	0	-1	4.75
419	0	0	0	0	-1	5
420	0	0	0	0	-1	5
421	0	0	0	0	-1	6
422	504	505	2	0.45	-3	6.09302325581395
423	0	0	0	0	-1	7
424	0	0	0	0	-1	6.2
425	0	0	0	0	-1	4.5
426	506	507	4	1.85	-3	7
427	0	0	0	0	-1	8
428	508	509	9	3.42	-3	6.33333333333333
429	0	0	0	0	-1	7
430	0	0	0	0	-1	7
431	0	0	0	0	-1	7
432	0	0	0	0	-1	6
433	0	0	0	0	-1	6
434	0	0	0	0	-1	6
435	0	0	0	0	-1	6
436	0	0	0	0	-1	5
437	510	511	7	25.5	-3	5
438	512	513	4	1.85	-3	6.4375
439	514	515	2	0.28	-3	7
440	0	0	0	0	-1	6.66666666666667
441	0	0	0	0	-1	6
442	516	517	9	3.27	-3	6.16666666666667
443	0	0	0	0	-1	6
444	0	0	0	0	-1	7
445	0	0	0	0	-1	6
446	0	0	0	0	-1	6
447	518	519	2	0.345	-3	7.25
448	0	0	0	0	-1	7
449	520	521	2	0.225	-3	6
450	522	523	5	0.076	-3	6.7
451	0	0	0	0	-1	6
452	0	0	0	0	-1	5
453	524	525	7	30.5	-3	6
454	526	527	8	0.99595	-3	6.85714285714286
455	528	529	6	14.5	-3	7
456	0	0	0	0	-1	6
457	0	0	0	0	-1	5.6
458	0	0	0	0	-1	6
459	530	531	4	61.5	-3	6
460	532	533	11	11.4	-3	6
461	0	0	0	0	-1	6
462	534	535	6	8.5	-3	5
463	536	537	8	0.996925	-3	5.16
464	538	539	5	0.0895	-3	4.54545454545455
465	540	541	5	0.085	-3	5
466	0	0	0	0	-1	4
467	0	0	0	0	-1	5
468	542	543	8	0.997065	-3	5.18421052631579
469	544	545	9	3.26	-3	5
470	0	0	0	0	-1	5
471	0	0	0	0	-1	5
472	546	547	6	25	-3	6
473	0	0	0	0	-1	5
474	0	0	0	0	-1	7
475	0	0	0	0	-1	6
476	548	549	4	2.3	-3	6
477	0	0	0	0	-1	6
478	550	551	11	9.3	-3	4.92307692307692
479	0	0	0	0	-1	5.75
480	552	553	4	1.7	-3	5.33333333333333
481	554	555	10	0.585	-3	5.7
482	556	557	8	0.99695	-3	5
483	0	0	0	0	-1	6
484	558	559	5	0.0915	-3	5.52991452991453
485	0	0	0	0	-1	4
486	560	561	5	0.0715	-3	5.77777777777778
487	562	563	7	36.5	-3	6
488	564	565	10	0	-3	5
489	566	567	4	1.6	-3	5
490	0	0	0	0	-1	5.66666666666667
491	0	0	0	0	-1	5
492	0	0	0	0	-1	6
493	568	569	2	0.595	-3	5.11627906976744
494	570	571	9	0	-3	5
495	0	0	0	0	-1	6
496	0	0	0	0	-1	7
497	572	573	2	0.415	-3	5.93548387096774
498	574	575	2	0.505	-3	5
499	0	0	0	0	-1	6
500	576	577	5	0	-3	5
501	0	0	0	0	-1	5
502	578	579	1	6.9	-3	5.76923076923077
503	580	581	11	10.9	-3	5.39285714285714
504	0	0	0	0	-1	6.75
505	582	583	3	0.005	-3	6.02564102564103
506	0	0	0	0	-1	7
507	0	0	0	0	-1	7
508	0	0	0	0	-1	6
509	0	0	0	0	-1	6.75
510	584	585	7	0	-3	5
511	0	0	0	0	-1	5
512	586	587	6	15.5	-3	6.77777777777778
513	588	589	6	6	-3	6
514	0	0	0	0	-1	7
515	590	591	7	16	-3	7
516	0	0	0	0	-1	7
517	0	0	0	0	-1	6
518	592	593	3	0.545	-3	7.07142857142857
519	594	595	7	17.5	-3	7.66666666666667
520	0	0	0	0	-1	6
521	0	0	0	0	-1	6
522	0	0	0	0	-1	7
523	0	0	0	0	-1	6.4
524	0	0	0	0	-1	6
525	0	0	0	0	-1	6
526	0	0	0	0	-1	7
527	0	0	0	0	-1	6
528	0	0	0	0	-1	7
529	0	0	0	0	-1	7
530	596	597	5	0.048	-3	6
531	0	0	0	0	-1	6
532	598	599	6	36.5	-3	6
533	0	0	0	0	-1	6
534	600	601	9	3.295	-3	5
535	602	603	10	3.35	-3	5
536	604	605	1	7.45	-3	5.125
537	0	0	0	0	-1	6
538	606	607	9	3.295	-3	4.44444444444444
539	0	0	0	0	-1	5
540	608	609	8	0.99775	-3	5
541	0	0	0	0	-1	5
542	610	611	5	0.0975	-3	5.08695652173913
543	612	613	4	3.6	-3	5.33333333333333
544	0	0	0	0	-1	5
545	614	615	9	0	-3	5
546	0	0	0	0	-1	6
547	0	0	0	0	-1	6
548	616	617	8	0.99524	-3	6
549	0	0	0	0	-1	6
550	0	0	0	0	-1	4.66666666666667
551	618	619	3	0.37	-3	5
552	620	621	10	0	-3	5
553	622	623	10	0.555	-3	5.44444444444444
554	624	625	7	20	-3	6.06666666666667
555	626	627	8	0.997325	-3	5.57777777777778
556	0	0	0	0	-1	5
557	0	0	0	0	-1	5
558	628	629	5	0.0825	-3	5.59782608695652
559	630	631	7	40.5	-3	5.28
560	0	0	0	0	-1	5.33333333333333
561	632	633	1	8.9	-3	6
562	634	635	7	33	-3	6
563	0	0	0	0	-1	6
564	0	0	0	0	-1	5
565	636	637	7	50.5	-3	5
566	0	0	0	0	-1	5
567	0	0	0	0	-1	5
568	638	639	1	10.1	-3	5.2
569	640	641	9	3.57	-3	5
570	0	0	0	0	-1	5
571	642	643	9	0	-3	5
572	0	0	0	0	-1	5
573	644	645	5	0.063	-3	6
574	646	647	11	0	-3	5
575	0	0	0	0	-1	5
576	0	0	0	0	-1	6
577	648	649	9	8.1	-3	5
578	0	0	0	0	-1	5.25
579	650	651	8	3.025	-3	6
580	652	653	1	7.9	-3	5.29166666666667
581	0	0	0	0	-1	6
582	654	655	8	0.994335	-3	6.125
583	656	657	11	12	-3	6
584	0	0	0	0	-1	7
585	658	659	8	0.9971	-3	5
586	660	661	6	10	-3	7
587	0	0	0	0	-1	6
588	0	0	0	0	-1	6
589	0	0	0	0	-1	6
590	0	0	0	0	-1	7
591	662	663	11	10.55	-3	7
592	664	665	4	2.2	-3	7
593	0	0	0	0	-1	7.33333333333333
594	0	0	0	0	-1	8
595	0	0	0	0	-1	7
596	0	0	0	0	-1	6
597	0	0	0	0	-1	6
598	666	667	7	59.5	-3	6
599	0	0	0	0	-1	6
600	668	669	8	0	-3	5
601	0	0	0	0	-1	5
602	670	671	4	1.95	-3	5
603	0	0	0	0	-1	5
604	672	673	5	0.0695	-3	5.05555555555556
605	674	675	9	3.32	-3	5.33333333333333
606	0	0	0	0	-1	4
607	676	677	7	29.5	-3	4.61538461538461
608	678	679	5	0	-3	5
609	0	0	0	0	-1	5
610	680	681	9	3.27	-3	5.04545454545455
611	0	0	0	0	-1	6
612	682	683	4	2.725	-3	5
613	684	685	6	46	-3	5.83333333333333
614	0	0	0	0	-1	5
615	686	687	5	0.0765	-3	5
616	0	0	0	0	-1	6
617	688	689	2	0.52	-3	6
618	690	691	1	9.45	-3	5
619	0	0	0	0	-1	5
620	0	0	0	0	-1	6
621	692	693	7	40.5	-3	5
622	694	695	3	0.12	-3	5.11111111111111
623	696	697	11	9.75	-3	5.61111111111111
624	0	0	0	0	-1	7
625	698	699	4	2.85	-3	5.83333333333333
626	700	701	8	0.997055	-3	5.9
627	702	703	4	1.75	-3	5.48571428571429
628	704	705	3	0.055	-3	5.42857142857143
629	706	707	9	3.55	-3	5.96551724137931
630	708	709	6	12.5	-3	5.18181818181818
631	0	0	0	0	-1	6
632	0	0	0	0	-1	6
633	0	0	0	0	-1	6
634	0	0	0	0	-1	6
635	0	0	0	0	-1	6
636	0	0	0	0	-1	5
637	0	0	0	0	-1	5
638	710	711	7	101	-3	5.16666666666667
639	0	0	0	0	-1	6
640	712	713	2	0.8125	-3	5.0188679245283
641	0	0	0	0	-1	4
642	0	0	0	0	-1	5
643	0	0	0	0	-1	5
644	0	0	0	0	-1	7
645	714	715	5	0.084	-3	5.92592592592593
646	0	0	0	0	-1	5
647	716	717	9	0	-3	5
648	0	0	0	0	-1	5
649	0	0	0	0	-1	5
650	0	0	0	0	-1	6
651	0	0	0	0	-1	6
652	718	719	11	10.55	-3	5
653	720	721	5	0.0845	-3	5.5
654	722	723	11	12.25	-3	6
655	0	0	0	0	-1	7
656	724	725	3	0.085	-3	6
657	726	727	8	0.993065	-3	6
658	0	0	0	0	-1	5
659	0	0	0	0	-1	5
660	0	0	0	0	-1	7
661	0	0	0	0	-1	7
662	0	0	0	0	-1	7
663	0	0	0	0	-1	7
664	728	729	8	0.99478	-3	7
665	0	0	0	0	-1	7
666	0	0	0	0	-1	6
667	0	0	0	0	-1	6
668	0	0	0	0	-1	6
669	730	731	11	9.7	-3	5
670	732	733	8	0	-3	5
671	734	735	10	0	-3	5
672	0	0	0	0	-1	5.5
673	736	737	6	11.5	-3	5
674	0	0	0	0	-1	5
675	0	0	0	0	-1	6
676	738	739	9	3.32	-3	4.375
677	0	0	0	0	-1	5
678	0	0	0	0	-1	6
679	0	0	0	0	-1	5
680	0	0	0	0	-1	5.25
681	0	0	0	0	-1	5
682	740	741	4	0	-3	5
683	0	0	0	0	-1	5
684	0	0	0	0	-1	6
685	0	0	0	0	-1	5
686	0	0	0	0	-1	5
687	0	0	0	0	-1	5
688	0	0	0	0	-1	6
689	0	0	0	0	-1	6
690	0	0	0	0	-1	5
691	0	0	0	0	-1	5
692	742	743	9	0	-3	5
693	0	0	0	0	-1	5
694	0	0	0	0	-1	5.5
695	0	0	0	0	-1	5
696	744	745	2	0.56	-3	5.5
697	0	0	0	0	-1	6
698	746	747	5	0.089	-3	5.90909090909091
699	0	0	0	0	-1	5
700	0	0	0	0	-1	5
701	748	749	10	0.6	-3	6
702	750	751	4	1.45	-3	5
703	752	753	2	0.53	-3	5.58620689655172
704	754	755	4	2.1	-3	5.83333333333333
705	756	757	2	0.545	-3	5.26666666666667
706	758	759	9	3.48	-3	6
707	0	0	0	0	-1	5.5
708	760	761	2	0.535	-3	5.05555555555556
709	0	0	0	0	-1	5.75
710	762	763	7	93	-3	5.25531914893617
711	764	765	4	2.65	-3	5
712	766	767	9	3.27	-3	5
713	0	0	0	0	-1	5.5
714	768	769	5	0.0795	-3	5.72727272727273
715	770	771	10	0.655	-3	6.0625
716	0	0	0	0	-1	6
717	0	0	0	0	-1	5
718	772	773	3	0	-3	5
719	0	0	0	0	-1	5
720	774	775	9	3.07	-3	5.85714285714286
721	776	777	5	0.095	-3	5.14285714285714
722	0	0	0	0	-1	6
723	0	0	0	0	-1	6
724	0	0	0	0	-1	6
725	778	779	8	0.99407	-3	6
726	0	0	0	0	-1	6
727	0	0	0	0	-1	6
728	0	0	0	0	-1	7
729	0	0	0	0	-1	7
730	0	0	0	0	-1	5
731	0	0	0	0	-1	5
732	0	0	0	0	-1	6
733	0	0	0	0	-1	5
734	0	0	0	0	-1	6
735	780	781	9	3.4	-3	5
736	782	783	8	3.25	-3	5
737	0	0	0	0	-1	5
738	0	0	0	0	-1	5
739	784	785	8	0.99603	-3	4.16666666666667
740	0	0	0	0	-1	6
741	786	787	11	2.55	-3	5
742	0	0	0	0	-1	5
743	0	0	0	0	-1	5
744	788	789	8	0.995525	-3	5.71428571428571
745	790	791	3	0.075	-3	5.28571428571429
746	0	0	0	0	-1	5.75
747	792	793	4	0	-3	6
748	0	0	0	0	-1	6
749	794	795	3	0.125	-3	6
750	0	0	0	0	-1	5
751	0	0	0	0	-1	5
752	796	797	11	9.15	-3	6
753	798	799	10	0.67	-3	5.47826086956522
754	800	801	3	0.005	-3	5.66666666666667
755	802	803	4	2.25	-3	6
756	804	805	5	0.0775	-3	5.53846153846154
757	806	807	10	0.565	-3	5.15625
758	808	809	10	0.635	-3	5.96153846153846
759	0	0	0	0	-1	7
760	0	0	0	0	-1	5.33333333333333
761	810	811	10	2.8	-3	5
762	812	813	11	9.55	-3	5.18604651162791
763	0	0	0	0	-1	6
764	814	815	10	0	-3	5
765	816	817	8	0	-3	5
766	818	819	8	0.9966	-3	5
767	820	821	7	87	-3	5
768	822	823	4	2.05	-3	5.88888888888889
769	0	0	0	0	-1	5
770	0	0	0	0	-1	6.33333333333333
771	824	825	10	0.68	-3	6
772	0	0	0	0	-1	5
773	826	827	3	0.305	-3	5
774	0	0	0	0	-1	5
775	828	829	1	9.95	-3	6
776	0	0	0	0	-1	5
777	0	0	0	0	-1	5.33333333333333
778	0	0	0	0	-1	6
779	0	0	0	0	-1	6
780	0	0	0	0	-1	5
781	0	0	0	0	-1	5
782	830	831	8	0.99494	-3	5
783	0	0	0	0	-1	5
784	0	0	0	0	-1	5
785	0	0	0	0	-1	4
786	0	0	0	0	-1	5
787	0	0	0	0	-1	5
788	0	0	0	0	-1	5
789	832	833	9	3.375	-3	5.83333333333333
790	0	0	0	0	-1	5
791	0	0	0	0	-1	6
792	0	0	0	0	-1	5
793	834	835	2	0	-3	6
794	0	0	0	0	-1	6
795	0	0	0	0	-1	6
796	0	0	0	0	-1	6
797	0	0	0	0	-1	6
798	836	837	6	10	-3	5.33333333333333
799	0	0	0	0	-1	6
800	838	839	7	0	-3	6
801	0	0	0	0	-1	5
802	0	0	0	0	-1	6
803	840	841	10	0.61	-3	6
804	842	843	4	1.95	-3	6
805	844	845	3	0.24	-3	5.14285714285714
806	846	847	8	0.9978	-3	5.375
807	848	849	7	37	-3	5.08333333333333
808	850	851	8	0.99581	-3	6
809	852	853	9	3.335	-3	5.85714285714286
810	854	855	3	0	-3	5
811	0	0	0	0	-1	5
812	856	857	10	0.64	-3	5.34782608695652
813	858	859	4	2.55	-3	5
814	0	0	0	0	-1	5
815	0	0	0	0	-1	5
816	0	0	0	0	-1	5
817	860	861	11	0	-3	5
818	862	863	2	0	-3	5
819	864	865	3	0.08	-3	5
820	866	867	3	0	-3	5
821	868	869	4	0	-3	5
822	0	0	0	0	-1	5.75
823	0	0	0	0	-1	6
824	0	0	0	0	-1	6
825	870	871	1	9.55	-3	6
826	0	0	0	0	-1	5
827	0	0	0	0	-1	5
828	0	0	0	0	-1	6
829	0	0	0	0	-1	6
830	0	0	0	0	-1	5
831	872	873	4	0	-3	5
832	0	0	0	0	-1	6
833	0	0	0	0	-1	5
834	0	0	0	0	-1	7
835	0	0	0	0	-1	6
836	874	875	8	0.997475	-3	5.75
837	876	877	4	2.25	-3	5
838	0	0	0	0	-1	5
839	0	0	0	0	-1	6
840	0	0	0	0	-1	6
841	0	0	0	0	-1	6
842	0	0	0	0	-1	6
843	0	0	0	0	-1	6
844	0	0	0	0	-1	5.5
845	0	0	0	0	-1	5
846	0	0	0	0	-1	5
847	0	0	0	0	-1	6
848	878	879	6	9.5	-3	5
849	880	881	11	10	-3	5.33333333333333
850	0	0	0	0	-1	6
851	882	883	10	0.575	-3	6
852	884	885	10	0.67	-3	6
853	0	0	0	0	-1	5
854	0	0	0	0	-1	5
855	886	887	2	0.565	-3	5
856	888	889	5	0.0915	-3	5.13333333333333
857	890	891	11	9.1	-3	5.75
858	892	893	2	0.585	-3	5
859	0	0	0	0	-1	5
860	0	0	0	0	-1	5
861	894	895	7	107.5	-3	5
862	0	0	0	0	-1	6
863	896	897	1	8	-3	5
864	0	0	0	0	-1	5
865	898	899	4	9.45	-3	5
866	0	0	0	0	-1	5
867	900	901	6	10	-3	5
868	0	0	0	0	-1	6
869	902	903	1	8.95	-3	5
870	0	0	0	0	-1	6
871	0	0	0	0	-1	6
872	0	0	0	0	-1	5
873	904	905	11	9.7	-3	5
874	0	0	0	0	-1	5
875	906	907	10	0.605	-3	5.85714285714286
876	0	0	0	0	-1	5
877	908	909	9	0	-3	5
878	0	0	0	0	-1	5
879	910	911	3	29.5	-3	5
880	0	0	0	0	-1	6
881	0	0	0	0	-1	5.2
882	0	0	0	0	-1	6
883	912	913	2	0.585	-3	6
884	0	0	0	0	-1	6
885	0	0	0	0	-1	6
886	0	0	0	0	-1	5
887	914	915	1	0	-3	5
888	916	917	6	14	-3	5
889	0	0	0	0	-1	6
890	0	0	0	0	-1	5
891	918	919	1	8.55	-3	6
892	920	921	7	0	-3	5
893	0	0	0	0	-1	5
894	0	0	0	0	-1	5
895	0	0	0	0	-1	5
896	0	0	0	0	-1	5
897	0	0	0	0	-1	5
898	922	923	9	3.18	-3	5
899	0	0	0	0	-1	5
900	0	0	0	0	-1	5
901	924	925	1	0	-3	5
902	926	927	7	0.335	-3	5
903	0	0	0	0	-1	5
904	0	0	0	0	-1	5
905	0	0	0	0	-1	5
906	928	929	9	6	-3	6
907	0	0	0	0	-1	5
908	0	0	0	0	-1	6
909	930	931	3	0	-3	5
910	932	933	4	2.55	-3	5
911	0	0	0	0	-1	5
912	0	0	0	0	-1	6
913	0	0	0	0	-1	6
914	0	0	0	0	-1	5
915	934	935	4	3.9	-3	5
916	0	0	0	0	-1	5
917	936	937	5	67	-3	5
918	0	0	0	0	-1	6
919	0	0	0	0	-1	6
920	0	0	0	0	-1	7
921	938	939	7	59	-3	5
922	0	0	0	0	-1	5
923	940	941	11	9.45	-3	5
924	0	0	0	0	-1	5
925	0	0	0	0	-1	5
926	0	0	0	0	-1	5
927	942	943	6	0	-3	5
928	0	0	0	0	-1	6
929	0	0	0	0	-1	6
930	0	0	0	0	-1	5
931	0	0	0	0	-1	5
932	944	945	5	0.0785	-3	5
933	0	0	0	0	-1	5
934	946	947	10	0	-3	5
935	0	0	0	0	-1	5
936	948	949	5	0.084	-3	5
937	0	0	0	0	-1	5
938	0	0	0	0	-1	5
939	0	0	0	0	-1	5
940	950	951	10	0.7	-3	5
941	0	0	0	0	-1	5
942	0	0	0	0	-1	6
943	952	953	4	4.4	-3	5
944	0	0	0	0	-1	5
945	954	955	11	0	-3	5
946	0	0	0	0	-1	6
947	956	957	6	9	-3	5
948	958	959	2	0	-3	5
949	0	0	0	0	-1	5
950	960	961	3	0.38	-3	5
951	0	0	0	0	-1	5
952	962	963	1	0	-3	5
953	0	0	0	0	-1	5
954	0	0	0	0	-1	5
955	964	965	1	7.6	-3	5
956	0	0	0	0	-1	5
957	0	0	0	0	-1	5
958	0	0	0	0	-1	7
959	966	967	5	0.0725	-3	5
960	0	0	0	0	-1	5
961	0	0	0	0	-1	5
962	0	0	0	0	-1	5
963	968	969	8	0.6425	-3	5
964	0	0	0	0	-1	5
965	0	0	0	0	-1	5
966	0	0	0	0	-1	5
967	0	0	0	0	-1	5
968	0	0	0	0	-1	6
969	0	0	0	0	-1	5
