1	2	3	10	0.625	-3	5.64290181363352
2	4	5	2	0.5875	-3	5.3691037735849
3	6	7	8	0.995775	-3	5.95206391478029
4	8	9	7	36.5	-3	5.54631828978622
5	10	11	1	7.15	-3	5.1943793911007
6	12	13	2	0.425	-3	6.44600938967136
7	14	15	1	9.35	-3	5.75650557620818
8	16	17	11	10.25	-3	5.73429951690821
9	18	19	8	0.995285	-3	5.36448598130841
10	20	21	2	0.6025	-3	5.3968253968254
11	22	23	2	1.1825	-3	5.10963455149501
12	24	25	8	0.99535	-3	6.7
13	26	27	7	82	-3	6.2212389380531
14	28	29	11	10.55	-3	5.55882352941177
15	30	31	9	3.375	-3	6.01724137931034
16	32	33	7	33	-3	5.41333333333333
17	34	35	11	12.05	-3	5.91666666666667
18	36	37	5	0.029	-3	6
19	38	39	4	2.65	-3	5.28042328042328
20	40	41	7	32.5	-3	6.07142857142857
21	42	43	8	0.995225	-3	5.3125
22	44	45	7	30	-3	5.13898305084746
23	46	47	10	0.445	-3	3.66666666666667
24	48	49	7	7	-3	6.80722891566265
25	50	51	1	8.85	-3	6.17647058823529
26	52	53	8	0.992745	-3	6.13861386138614
27	54	55	1	6.4	-3	6.91666666666667
28	56	57	5	0.0705	-3	5.38565022421525
29	58	59	3	0.475	-3	6.02409638554217
30	60	61	5	0.134	-3	6.09633027522936
31	62	63	1	10.3	-3	4.78571428571429
32	64	65	11	9.75	-3	5.27868852459016
33	66	67	10	0.605	-3	6
34	68	69	6	10.5	-3	5.81308411214953
35	70	71	3	0.29	-3	6.36
36	0	0	0	0	-1	7
37	72	73	1	6	-3	5.80952380952381
38	74	75	7	105.5	-3	5.33802816901408
39	76	77	6	8.5	-3	5.1063829787234
40	0	0	0	0	-1	6.6
41	78	79	4	1.85	-3	5.77777777777778
42	80	81	8	0.9951	-3	5.60869565217391
43	82	83	9	3.57	-3	5.10606060606061
44	84	85	3	0.085	-3	4.98876404494382
45	86	87	1	8.25	-3	5.20388349514563
46	0	0	0	0	-1	3
47	0	0	0	0	-1	4
48	0	0	0	0	-1	6
49	88	89	3	0.395	-3	6.84810126582278
50	90	91	1	6.4	-3	6.06666666666667
51	0	0	0	0	-1	7
52	0	0	0	0	-1	8
53	92	93	5	0.0415	-3	6.12
54	94	95	2	0.7175	-3	7.22222222222222
55	0	0	0	0	-1	6
56	96	97	1	7.15	-3	5.71698113207547
57	98	99	2	0.605	-3	5.28235294117647
58	100	101	4	2.35	-3	6.13513513513514
59	102	103	1	7.2	-3	5.11111111111111
60	104	105	7	81.5	-3	6.15763546798029
61	106	107	1	10.1	-3	5.26666666666667
62	108	109	2	0.9075	-3	5.09090909090909
63	0	0	0	0	-1	3.66666666666667
64	110	111	8	0.9956	-3	5.23076923076923
65	112	113	9	3.325	-3	5.55555555555556
66	114	115	1	7.7	-3	5.83333333333333
67	0	0	0	0	-1	7
68	116	117	3	0.29	-3	5.66129032258065
69	118	119	3	0.015	-3	6.02222222222222
70	120	121	7	0	-3	6
71	122	123	1	6.95	-3	6.5625
72	0	0	0	0	-1	4.5
73	124	125	9	3.485	-3	5.94736842105263
74	126	127	8	1.0004	-3	5.37209302325581
75	128	129	11	2.45	-3	5
76	0	0	0	0	-1	4
77	130	131	11	10.15	-3	5.15555555555556
78	0	0	0	0	-1	5
79	132	133	11	10.25	-3	5.875
80	134	135	2	1.015	-3	5.47619047619048
81	0	0	0	0	-1	7
82	136	137	4	4.95	-3	5.15873015873016
83	0	0	0	0	-1	4
84	138	139	6	14	-3	4.76086956521739
85	140	141	11	9.25	-3	5.23255813953488
86	142	143	8	0.994155	-3	5.26984126984127
87	144	145	1	8.45	-3	5.1
88	146	147	7	24.5	-3	7.05882352941177
89	148	149	2	0.225	-3	6.68888888888889
90	0	0	0	0	-1	6.5
91	150	151	5	3.32	-3	6
92	0	0	0	0	-1	5
93	152	153	9	3.565	-3	6.14285714285714
94	154	155	6	22	-3	7.125
95	0	0	0	0	-1	8
96	156	157	2	0.6175	-3	5.40625
97	158	159	5	0.0615	-3	6.19047619047619
98	160	161	8	0.99805	-3	5.40816326530612
99	162	163	9	2.95	-3	5.11111111111111
100	164	165	5	0.062	-3	5.78125
101	166	167	10	0.775	-3	6.40476190476191
102	0	0	0	0	-1	6
103	168	169	4	2.25	-3	5
104	170	171	3	0.655	-3	6.19289340101523
105	172	173	11	0	-3	5
106	174	175	4	1.65	-3	5
107	176	177	4	9.1	-3	5.44444444444444
108	178	179	8	0.9987	-3	5.2
109	0	0	0	0	-1	4
110	180	181	10	0.515	-3	5
111	182	183	5	0.1595	-3	5.29268292682927
112	0	0	0	0	-1	6
113	0	0	0	0	-1	5.2
114	0	0	0	0	-1	5.5
115	184	185	3	0.35	-3	6
116	186	187	3	0.025	-3	5.33333333333333
117	188	189	2	0.295	-3	5.82926829268293
118	0	0	0	0	-1	7
119	190	191	6	22	-3	5.97674418604651
120	0	0	0	0	-1	5
121	192	193	1	5.9	-3	6
122	0	0	0	0	-1	7
123	194	195	11	12.15	-3	6.36363636363636
124	196	197	11	12.05	-3	6
125	0	0	0	0	-1	5.66666666666667
126	198	199	11	9.35	-3	5.390625
127	0	0	0	0	-1	3
128	0	0	0	0	-1	6
129	200	201	10	0.58	-3	5
130	202	203	1	12.05	-3	5.02777777777778
131	204	205	6	18.5	-3	5.66666666666667
132	0	0	0	0	-1	5.5
133	206	207	8	0.99417	-3	6
134	208	209	2	0.7275	-3	5.58974358974359
135	0	0	0	0	-1	4
136	210	211	4	4.35	-3	5.05882352941177
137	212	213	4	6.65	-3	5.58333333333333
138	214	215	7	23.5	-3	4.69767441860465
139	0	0	0	0	-1	5.66666666666667
140	216	217	2	0.65	-3	5.75
141	218	219	8	0.99498	-3	5.11428571428571
142	0	0	0	0	-1	6
143	220	221	10	0.545	-3	5.24590163934426
144	222	223	9	3.38	-3	4.78947368421053
145	224	225	7	70	-3	5.19672131147541
146	226	227	2	0.32	-3	7.57142857142857
147	228	229	11	11.2	-3	6.92592592592593
148	0	0	0	0	-1	5.6
149	230	231	8	0.99411	-3	6.825
150	232	233	3	0.335	-3	6
151	0	0	0	0	-1	6
152	234	235	9	3.155	-3	6.08235294117647
153	236	237	3	0.05	-3	6.53846153846154
154	238	239	3	0.055	-3	7
155	0	0	0	0	-1	8
156	240	241	1	6.35	-3	5.15
157	242	243	7	26	-3	5.83333333333333
158	0	0	0	0	-1	7
159	244	245	9	3.355	-3	6.10526315789474
160	246	247	3	0.09	-3	5.28205128205128
161	248	249	7	63.5	-3	5.9
162	0	0	0	0	-1	6
163	250	251	4	2.7	-3	5.08571428571429
164	0	0	0	0	-1	5
165	252	253	5	0.1075	-3	5.92592592592593
166	254	255	4	4.55	-3	6.11538461538462
167	256	257	7	41	-3	6.875
168	0	0	0	0	-1	5
169	258	259	5	0	-3	5
170	260	261	8	0.998625	-3	6.12068965517241
171	262	263	3	0.675	-3	6.73913043478261
172	0	0	0	0	-1	6
173	0	0	0	0	-1	5
174	0	0	0	0	-1	5
175	0	0	0	0	-1	5
176	264	265	7	42	-3	5.16666666666667
177	0	0	0	0	-1	6
178	0	0	0	0	-1	6
179	266	267	11	10.45	-3	5
180	0	0	0	0	-1	5
181	0	0	0	0	-1	5
182	268	269	9	3.285	-3	5.23684210526316
183	0	0	0	0	-1	6
184	0	0	0	0	-1	6
185	0	0	0	0	-1	6
186	270	271	5	0.0945	-3	5.83333333333333
187	272	273	2	0.425	-3	5.13333333333333
188	0	0	0	0	-1	5.2
189	274	275	2	0.3025	-3	5.91666666666667
190	276	277	11	11.25	-3	6.05
191	0	0	0	0	-1	5
192	0	0	0	0	-1	6
193	278	279	6	0	-3	6
194	0	0	0	0	-1	7
195	280	281	9	3.265	-3	6.22222222222222
196	0	0	0	0	-1	6
197	282	283	4	2.65	-3	6
198	284	285	10	0.475	-3	5.04
199	286	287	10	0.525	-3	5.47572815533981
200	0	0	0	0	-1	5
201	0	0	0	0	-1	5
202	288	289	5	0.0665	-3	5.05714285714286
203	0	0	0	0	-1	4
204	0	0	0	0	-1	5.4
205	0	0	0	0	-1	6
206	0	0	0	0	-1	6
207	0	0	0	0	-1	6
208	290	291	1	5.4	-3	5.17647058823529
209	292	293	6	27.5	-3	5.90909090909091
210	294	295	8	0.995685	-3	5.12765957446809
211	0	0	0	0	-1	4.25
212	296	297	11	0	-3	6
213	0	0	0	0	-1	5
214	298	299	5	0.0755	-3	4.875
215	300	301	8	0.99665	-3	4.18181818181818
216	0	0	0	0	-1	5.5
217	0	0	0	0	-1	6
218	0	0	0	0	-1	6
219	302	303	3	0.495	-3	5
220	304	305	8	0.99654	-3	5.07462686567164
221	306	307	11	9.15	-3	5.45454545454545
222	308	309	8	0.997805	-3	4.64705882352941
223	0	0	0	0	-1	6
224	310	311	2	0.665	-3	5.35294117647059
225	312	313	6	21.5	-3	5
226	0	0	0	0	-1	7
227	0	0	0	0	-1	8
228	314	315	2	0.37	-3	6.57142857142857
229	316	317	2	0.375	-3	7.05
230	318	319	3	0.405	-3	6.44444444444444
231	320	321	8	0.99474	-3	6.93548387096774
232	0	0	0	0	-1	6
233	322	323	3	3.365	-3	6
234	0	0	0	0	-1	7
235	324	325	10	0.745	-3	6.04878048780488
236	326	327	5	0.0935	-3	6.875
237	0	0	0	0	-1	6
238	0	0	0	0	-1	7
239	0	0	0	0	-1	7
240	0	0	0	0	-1	5.66666666666667
241	328	329	2	0.265	-3	5.05882352941176
242	330	331	2	0	-3	6
243	0	0	0	0	-1	5.33333333333333
244	332	333	6	10.5	-3	6.26666666666667
245	0	0	0	0	-1	5.5
246	334	335	2	0.51	-3	5.81818181818182
247	336	337	2	0.375	-3	5.19402985074627
248	338	339	8	0.99895	-3	6.0625
249	0	0	0	0	-1	5.25
250	340	341	3	0.185	-3	5.12962962962963
251	342	343	9	3.53	-3	4.9375
252	344	345	11	11.55	-3	6.04166666666667
253	0	0	0	0	-1	5
254	346	347	8	0.99708	-3	6.04166666666667
255	0	0	0	0	-1	7
256	0	0	0	0	-1	7.4
257	348	349	11	11.7	-3	6.63636363636364
258	0	0	0	0	-1	7
259	350	351	4	0	-3	5
260	352	353	1	12.1	-3	6.25714285714286
261	354	355	1	14.75	-3	5.91304347826087
262	356	357	2	0.6175	-3	7.1
263	358	359	4	5.325	-3	6.46153846153846
264	0	0	0	0	-1	5
265	0	0	0	0	-1	5.5
266	360	361	2	0	-3	5
267	0	0	0	0	-1	5
268	362	363	4	2.45	-3	5.10344827586207
269	364	365	1	6.6	-3	5.66666666666667
270	0	0	0	0	-1	6.2
271	0	0	0	0	-1	4
272	0	0	0	0	-1	4
273	366	367	5	0.0795	-3	5.21428571428571
274	0	0	0	0	-1	7
275	368	369	11	11.95	-3	5.85294117647059
276	370	371	9	3.275	-3	6
277	372	373	7	28	-3	6.33333333333333
278	0	0	0	0	-1	4
279	374	375	2	0.51	-3	6
280	0	0	0	0	-1	6.66666666666667
281	376	377	10	0.595	-3	6
282	0	0	0	0	-1	6
283	0	0	0	0	-1	6
284	0	0	0	0	-1	6
285	378	379	3	0.055	-3	5
286	380	381	6	9.5	-3	5.22222222222222
287	382	383	5	0.0815	-3	5.56578947368421
288	0	0	0	0	-1	5.25
289	384	385	2	0.575	-3	5.03225806451613
290	0	0	0	0	-1	6
291	386	387	9	3.39	-3	5.06666666666667
292	388	389	6	8	-3	6
293	0	0	0	0	-1	5.33333333333333
294	390	391	11	9.45	-3	5
295	392	393	7	85.5	-3	5.20689655172414
296	0	0	0	0	-1	5
297	394	395	3	0.12	-3	6
298	396	397	2	0.79	-3	4.42857142857143
299	398	399	9	3.37	-3	5
300	0	0	0	0	-1	6
301	400	401	4	0	-3	4
302	402	403	7	12.5	-3	5.07407407407407
303	0	0	0	0	-1	4.5
304	404	405	1	7.25	-3	5
305	406	407	9	3.275	-3	5.17857142857143
306	408	409	10	0.565	-3	5.9
307	410	411	11	9.75	-3	5.35555555555556
308	412	413	8	0.99733	-3	4.4
309	0	0	0	0	-1	5
310	414	415	4	3.6	-3	5.11764705882353
311	416	417	5	0.0735	-3	5.58823529411765
312	0	0	0	0	-1	5
313	0	0	0	0	-1	5
314	0	0	0	0	-1	7
315	0	0	0	0	-1	6
316	418	419	9	3.53	-3	6.86666666666667
317	0	0	0	0	-1	7.6
318	0	0	0	0	-1	7
319	0	0	0	0	-1	6
320	420	421	4	1.95	-3	7.33333333333333
321	422	423	1	9.75	-3	6.84
322	424	425	6	0	-3	6
323	0	0	0	0	-1	6
324	426	427	11	12.6	-3	6.21621621621622
325	428	429	6	17	-3	5.91111111111111
326	430	431	6	11	-3	7
327	0	0	0	0	-1	6
328	0	0	0	0	-1	6
329	432	433	2	0.53	-3	5
330	0	0	0	0	-1	5
331	434	435	7	0	-3	6
332	436	437	4	1.5	-3	6
333	0	0	0	0	-1	6.8
334	0	0	0	0	-1	5
335	0	0	0	0	-1	6
336	438	439	1	8.45	-3	5.7
337	440	441	5	0.0735	-3	5.10526315789474
338	442	443	7	41.5	-3	6
339	0	0	0	0	-1	6.5
340	444	445	1	9.05	-3	5.18421052631579
341	446	447	5	0.1065	-3	5
342	448	449	8	0	-3	5
343	0	0	0	0	-1	4.5
344	450	451	6	47	-3	5.95454545454545
345	0	0	0	0	-1	7
346	452	453	7	66.5	-3	5.88235294117647
347	454	455	8	0.99763	-3	6.42857142857143
348	456	457	10	0.795	-3	6.77777777777778
349	0	0	0	0	-1	6
350	0	0	0	0	-1	5
351	0	0	0	0	-1	5
352	458	459	3	0.335	-3	6.33333333333333
353	460	461	2	0.405	-3	5
354	462	463	4	2.75	-3	5.95454545454546
355	0	0	0	0	-1	5
356	464	465	2	0.48	-3	7
357	0	0	0	0	-1	8
358	466	467	1	12.35	-3	6.3
359	0	0	0	0	-1	7
360	0	0	0	0	-1	5
361	468	469	11	9.6	-3	5
362	470	471	3	0.66	-3	5.03703703703704
363	0	0	0	0	-1	6
364	0	0	0	0	-1	5
365	472	473	9	3.39	-3	6
366	0	0	0	0	-1	5
367	0	0	0	0	-1	6
368	474	475	4	6.3	-3	5.90625
369	0	0	0	0	-1	5
370	476	477	3	0.555	-3	6
371	0	0	0	0	-1	6
372	0	0	0	0	-1	7
373	0	0	0	0	-1	6
374	0	0	0	0	-1	6
375	0	0	0	0	-1	6
376	0	0	0	0	-1	6
377	0	0	0	0	-1	6
378	0	0	0	0	-1	4
379	478	479	4	1.7	-3	5.04347826086957
380	0	0	0	0	-1	6
381	480	481	1	6.65	-3	5.16
382	482	483	9	3.535	-3	5.45454545454545
383	484	485	6	10.5	-3	5.71875
384	486	487	5	0.0795	-3	5
385	0	0	0	0	-1	5.33333333333333
386	0	0	0	0	-1	6
387	488	489	6	6.5	-3	4.92307692307692
388	0	0	0	0	-1	6
389	490	491	4	1.6	-3	6
390	0	0	0	0	-1	4
391	492	493	10	0.605	-3	5.05882352941176
392	494	495	11	10.85	-3	5.14814814814815
393	0	0	0	0	-1	6
394	0	0	0	0	-1	6
395	0	0	0	0	-1	6
396	0	0	0	0	-1	5
397	0	0	0	0	-1	4
398	496	497	5	0.087	-3	4.94736842105263
399	498	499	10	0.575	-3	5.16666666666667
400	0	0	0	0	-1	6
401	500	501	5	0.0875	-3	4
402	0	0	0	0	-1	4
403	502	503	10	0.445	-3	5.11538461538461
404	0	0	0	0	-1	6
405	504	505	8	0.99646	-3	4.97368421052632
406	506	507	1	8.05	-3	5.71428571428571
407	508	509	6	30	-3	5
408	0	0	0	0	-1	5.66666666666667
409	0	0	0	0	-1	6
410	510	511	8	0.997075	-3	5
411	512	513	11	10.75	-3	5.57142857142857
412	0	0	0	0	-1	5
413	514	515	3	0.31	-3	4
414	0	0	0	0	-1	5
415	0	0	0	0	-1	6
416	0	0	0	0	-1	5
417	516	517	4	3.1	-3	5.83333333333333
418	518	519	6	22	-3	6.92857142857143
419	0	0	0	0	-1	6
420	0	0	0	0	-1	8
421	0	0	0	0	-1	7
422	520	521	6	9.5	-3	6.875
423	0	0	0	0	-1	6
424	0	0	0	0	-1	7
425	0	0	0	0	-1	6
426	522	523	5	0.061	-3	6.14285714285714
427	0	0	0	0	-1	7.5
428	524	525	8	0.99494	-3	5.80952380952381
429	526	527	10	0.825	-3	6
430	0	0	0	0	-1	7
431	0	0	0	0	-1	7
432	528	529	9	0	-3	5
433	530	531	2	0.925	-3	5
434	0	0	0	0	-1	6
435	532	533	5	0.0635	-3	6
436	0	0	0	0	-1	6
437	0	0	0	0	-1	6
438	534	535	3	0.3	-3	5.875
439	0	0	0	0	-1	5
440	0	0	0	0	-1	4.6
441	536	537	4	2.3	-3	5.15384615384615
442	0	0	0	0	-1	6
443	538	539	1	8	-3	6
444	540	541	3	0.045	-3	5.13888888888889
445	0	0	0	0	-1	6
446	542	543	5	0	-3	5
447	544	545	7	64.5	-3	5
448	0	0	0	0	-1	6
449	0	0	0	0	-1	5
450	546	547	4	2.25	-3	5.90476190476191
451	0	0	0	0	-1	7
452	548	549	4	3.8	-3	5.9375
453	0	0	0	0	-1	5
454	0	0	0	0	-1	7
455	0	0	0	0	-1	6
456	0	0	0	0	-1	7
457	0	0	0	0	-1	6.6
458	550	551	11	10.1	-3	5.5
459	552	553	5	0.1085	-3	6.38709677419355
460	0	0	0	0	-1	5
461	0	0	0	0	-1	5
462	554	555	6	5.5	-3	5.75
463	556	557	11	11.1	-3	6.14705882352941
464	0	0	0	0	-1	7
465	0	0	0	0	-1	7
466	0	0	0	0	-1	6
467	0	0	0	0	-1	6.6
468	0	0	0	0	-1	5
469	0	0	0	0	-1	5
470	558	559	11	8.05	-3	5
471	0	0	0	0	-1	6
472	0	0	0	0	-1	6
473	0	0	0	0	-1	6
474	560	561	4	5.675	-3	5.93548387096774
475	0	0	0	0	-1	5
476	562	563	5	0.365	-3	6
477	0	0	0	0	-1	6
478	0	0	0	0	-1	5.33333333333333
479	564	565	8	0.9956	-3	5
480	0	0	0	0	-1	6
481	566	567	1	10.25	-3	5.08695652173913
482	568	569	4	1.65	-3	5.41463414634146
483	0	0	0	0	-1	6
484	0	0	0	0	-1	7
485	570	571	1	8.9	-3	5.67741935483871
486	572	573	11	9.35	-3	5
487	574	575	1	8.1	-3	5
488	0	0	0	0	-1	4.66666666666667
489	576	577	9	3.55	-3	5
490	0	0	0	0	-1	6
491	578	579	7	25.5	-3	6
492	580	581	1	6.7	-3	5
493	0	0	0	0	-1	6
494	582	583	6	4.5	-3	5.04166666666667
495	0	0	0	0	-1	6
496	584	585	9	3.3	-3	4.83333333333333
497	0	0	0	0	-1	5
498	0	0	0	0	-1	5
499	0	0	0	0	-1	6
500	0	0	0	0	-1	4
501	0	0	0	0	-1	4
502	0	0	0	0	-1	6
503	586	587	2	0.6525	-3	5.08
504	588	589	9	3.435	-3	5.02777777777778
505	0	0	0	0	-1	4
506	0	0	0	0	-1	6
507	0	0	0	0	-1	5
508	590	591	7	0.079	-3	5
509	0	0	0	0	-1	5
510	0	0	0	0	-1	5
511	592	593	1	7.3	-3	5
512	594	595	3	0.21	-3	5.8
513	596	597	9	3.375	-3	5
514	0	0	0	0	-1	4
515	0	0	0	0	-1	4
516	598	599	10	0.51	-3	5.90909090909091
517	0	0	0	0	-1	5
518	0	0	0	0	-1	7
519	0	0	0	0	-1	6
520	0	0	0	0	-1	6
521	600	601	7	46	-3	6.91304347826087
522	602	603	8	0.015	-3	6
523	604	605	9	3.43	-3	6.23809523809524
524	606	607	9	3.52	-3	6
525	0	0	0	0	-1	5.2
526	608	609	5	0.066	-3	6
527	0	0	0	0	-1	6
528	0	0	0	0	-1	5
529	610	611	3	0.455	-3	5
530	612	613	10	0.66	-3	5
531	0	0	0	0	-1	5
532	0	0	0	0	-1	6
533	0	0	0	0	-1	6
534	0	0	0	0	-1	5
535	614	615	4	1.9	-3	6
536	616	617	5	0.1085	-3	5.09756097560976
537	618	619	2	0.475	-3	5.36363636363636
538	0	0	0	0	-1	6
539	0	0	0	0	-1	6
540	620	621	11	9.55	-3	5
541	622	623	1	8.15	-3	5.29411764705882
542	0	0	0	0	-1	6
543	624	625	9	0.7425	-3	5
544	0	0	0	0	-1	5
545	626	627	5	0	-3	5
546	628	629	10	0.635	-3	5.95
547	0	0	0	0	-1	5
548	630	631	8	0.99635	-3	6.1
549	632	633	9	3.475	-3	5.66666666666667
550	0	0	0	0	-1	6
551	0	0	0	0	-1	5
552	634	635	8	0.99805	-3	6.52
553	636	637	3	0.44	-3	5.83333333333333
554	638	639	11	9.35	-3	5.28571428571429
555	640	641	1	10.5	-3	5.88
556	642	643	5	0.0805	-3	6.03846153846154
557	644	645	5	0.0845	-3	6.5
558	0	0	0	0	-1	5
559	646	647	11	9.45	-3	5
560	648	649	7	10.5	-3	5.86206896551724
561	0	0	0	0	-1	7
562	650	651	7	27.5	-3	6
563	0	0	0	0	-1	6
564	0	0	0	0	-1	5
565	652	653	4	1.95	-3	5
566	654	655	11	9.75	-3	5.04545454545455
567	0	0	0	0	-1	6
568	656	657	5	0	-3	5
569	658	659	9	3.385	-3	5.51515151515152
570	660	661	6	23.5	-3	5.82608695652174
571	662	663	8	0.9998	-3	5.25
572	0	0	0	0	-1	5
573	664	665	7	0.325	-3	5
574	0	0	0	0	-1	5
575	666	667	4	2.875	-3	5
576	668	669	10	0	-3	5
577	0	0	0	0	-1	5
578	0	0	0	0	-1	6
579	0	0	0	0	-1	6
580	670	671	8	0	-3	5
581	0	0	0	0	-1	5
582	0	0	0	0	-1	6
583	672	673	4	2.375	-3	5
584	0	0	0	0	-1	5
585	0	0	0	0	-1	4.66666666666667
586	674	675	9	3.27	-3	5.28571428571429
587	0	0	0	0	-1	5
588	676	677	7	46.5	-3	5
589	0	0	0	0	-1	6
590	0	0	0	0	-1	6
591	678	679	8	0.99753	-3	5
592	680	681	8	0	-3	5
593	682	683	2	0.735	-3	5
594	684	685	6	18	-3	5.5
595	686	687	8	0.99598	-3	6
596	688	689	4	2.6	-3	5
597	0	0	0	0	-1	5
598	0	0	0	0	-1	5.5
599	690	691	9	3.285	-3	6
600	692	693	8	0.515	-3	7
601	0	0	0	0	-1	6
602	0	0	0	0	-1	7
603	694	695	8	0.99552	-3	6
604	696	697	4	2.3	-3	6.07692307692308
605	698	699	10	0.67	-3	6.5
606	700	701	8	4.5	-3	6
607	0	0	0	0	-1	6
608	0	0	0	0	-1	6
609	702	703	8	0.99366	-3	6
610	0	0	0	0	-1	5
611	0	0	0	0	-1	5
612	0	0	0	0	-1	5
613	0	0	0	0	-1	5
614	0	0	0	0	-1	6
615	0	0	0	0	-1	6
616	704	705	2	0.57	-3	5
617	706	707	11	9.45	-3	5.18181818181818
618	708	709	9	3.35	-3	5.125
619	0	0	0	0	-1	6
620	0	0	0	0	-1	5
621	710	711	10	0.66	-3	5
622	712	713	11	9.65	-3	5.66666666666667
623	714	715	4	1.7	-3	5.09090909090909
624	0	0	0	0	-1	6
625	0	0	0	0	-1	5
626	0	0	0	0	-1	7
627	716	717	9	3.23	-3	5
628	0	0	0	0	-1	5
629	718	719	9	3.405	-3	6
630	720	721	6	26	-3	6
631	0	0	0	0	-1	7
632	0	0	0	0	-1	6
633	0	0	0	0	-1	5
634	722	723	8	0.99727	-3	6.6078431372549
635	724	725	11	11.6	-3	6.33333333333333
636	0	0	0	0	-1	5
637	726	727	8	0.99721	-3	6
638	0	0	0	0	-1	6
639	0	0	0	0	-1	5
640	728	729	3	0.525	-3	5.66666666666667
641	730	731	10	0.66	-3	6
642	732	733	7	54.5	-3	5.85714285714286
643	734	735	11	10.55	-3	6.25
644	0	0	0	0	-1	7
645	0	0	0	0	-1	6.2
646	736	737	4	0	-3	5
647	738	739	9	3.205	-3	5
648	740	741	5	0.073	-3	6.25
649	742	743	11	11.45	-3	5.71428571428571
650	0	0	0	0	-1	6
651	0	0	0	0	-1	6
652	0	0	0	0	-1	5
653	744	745	10	0.53	-3	5
654	746	747	1	6.95	-3	5
655	0	0	0	0	-1	5.2
656	0	0	0	0	-1	5
657	748	749	4	0	-3	5
658	750	751	6	27	-3	5.68181818181818
659	752	753	6	23.5	-3	5.18181818181818
660	754	755	5	0	-3	6
661	756	757	7	51.5	-3	5.55555555555556
662	758	759	3	0.51	-3	5.14285714285714
663	0	0	0	0	-1	6
664	0	0	0	0	-1	6
665	0	0	0	0	-1	5
666	760	761	5	0	-3	5
667	762	763	2	8.75	-3	5
668	0	0	0	0	-1	6
669	764	765	10	0.55	-3	5
670	0	0	0	0	-1	4
671	766	767	9	3.38	-3	5
672	768	769	3	0.11	-3	5
673	0	0	0	0	-1	5
674	0	0	0	0	-1	5
675	0	0	0	0	-1	5.66666666666667
676	0	0	0	0	-1	5
677	770	771	4	2.05	-3	5
678	772	773	7	84.5	-3	5
679	0	0	0	0	-1	5
680	0	0	0	0	-1	6
681	0	0	0	0	-1	5
682	0	0	0	0	-1	5
683	0	0	0	0	-1	5
684	0	0	0	0	-1	5
685	0	0	0	0	-1	6
686	0	0	0	0	-1	6
687	774	775	8	0	-3	6
688	0	0	0	0	-1	5
689	0	0	0	0	-1	5
690	0	0	0	0	-1	6
691	0	0	0	0	-1	6
692	0	0	0	0	-1	5
693	776	777	5	0	-3	7
694	778	779	6	0	-3	6
695	0	0	0	0	-1	6
696	780	781	3	0.055	-3	6
697	0	0	0	0	-1	7
698	0	0	0	0	-1	6
699	0	0	0	0	-1	7
700	782	783	11	10.7	-3	6
701	0	0	0	0	-1	6
702	0	0	0	0	-1	6
703	784	785	4	0	-3	6
704	786	787	10	0.795	-3	5
705	0	0	0	0	-1	5
706	788	789	11	9.15	-3	5.0625
707	790	791	9	3.31	-3	5.5
708	792	793	5	0	-3	5
709	0	0	0	0	-1	6
710	794	795	6	14	-3	5
711	796	797	11	0	-3	5
712	0	0	0	0	-1	5
713	0	0	0	0	-1	6
714	0	0	0	0	-1	5.33333333333333
715	798	799	3	0.1	-3	5
716	0	0	0	0	-1	5
717	0	0	0	0	-1	5
718	800	801	5	0.086	-3	6
719	802	803	4	1.75	-3	6
720	804	805	8	0	-3	6
721	0	0	0	0	-1	6
722	806	807	8	0.996975	-3	6.36666666666667
723	808	809	2	0.515	-3	6.95238095238095
724	810	811	4	2.55	-3	6.23809523809524
725	0	0	0	0	-1	7
726	0	0	0	0	-1	6
727	812	813	9	3.255	-3	6
728	814	815	3	0.375	-3	6
729	0	0	0	0	-1	5
730	0	0	0	0	-1	6
731	816	817	9	3.25	-3	6
732	818	819	4	3.15	-3	6
733	0	0	0	0	-1	5
734	820	821	9	3.305	-3	5.85714285714286
735	0	0	0	0	-1	6.8
736	0	0	0	0	-1	7
737	822	823	3	0.13	-3	5
738	824	825	2	0	-3	5
739	0	0	0	0	-1	5
740	0	0	0	0	-1	7
741	826	827	5	0	-3	6
742	828	829	7	22.5	-3	5.57142857142857
743	0	0	0	0	-1	6
744	830	831	6	22.5	-3	5
745	832	833	6	0	-3	5
746	0	0	0	0	-1	5
747	834	835	8	0	-3	5
748	0	0	0	0	-1	6
749	0	0	0	0	-1	5
750	836	837	4	2.35	-3	5.85714285714286
751	838	839	9	3.35	-3	5.375
752	0	0	0	0	-1	5
753	0	0	0	0	-1	5.5
754	0	0	0	0	-1	5
755	840	841	3	0.595	-3	6
756	0	0	0	0	-1	5
757	842	843	8	0.997325	-3	5.71428571428571
758	0	0	0	0	-1	5
759	0	0	0	0	-1	5.5
760	0	0	0	0	-1	4
761	844	845	10	0.59	-3	5
762	0	0	0	0	-1	5
763	0	0	0	0	-1	5
764	0	0	0	0	-1	5
765	0	0	0	0	-1	5
766	0	0	0	0	-1	5
767	0	0	0	0	-1	5
768	846	847	8	0	-3	5
769	0	0	0	0	-1	5
770	848	849	8	0.99526	-3	5
771	850	851	4	2.15	-3	5
772	852	853	1	0	-3	5
773	0	0	0	0	-1	5
774	0	0	0	0	-1	8
775	854	855	2	0.625	-3	6
776	0	0	0	0	-1	5
777	856	857	2	0	-3	7
778	0	0	0	0	-1	6
779	858	859	4	2.25	-3	6
780	0	0	0	0	-1	6
781	0	0	0	0	-1	6
782	0	0	0	0	-1	6
783	860	861	5	0.109	-3	6
784	0	0	0	0	-1	4
785	862	863	9	0	-3	6
786	864	865	9	3.46	-3	5
787	0	0	0	0	-1	5
788	0	0	0	0	-1	5.5
789	866	867	9	0	-3	5
790	0	0	0	0	-1	5.75
791	0	0	0	0	-1	5
792	0	0	0	0	-1	6
793	0	0	0	0	-1	5
794	0	0	0	0	-1	5
795	0	0	0	0	-1	5
796	0	0	0	0	-1	6
797	868	869	1	7.6	-3	5
798	0	0	0	0	-1	5
799	0	0	0	0	-1	5
800	0	0	0	0	-1	6
801	0	0	0	0	-1	6
802	0	0	0	0	-1	6
803	0	0	0	0	-1	6
804	0	0	0	0	-1	5
805	0	0	0	0	-1	6
806	870	871	8	0.996385	-3	6.61904761904762
807	872	873	6	5.5	-3	5.77777777777778
808	874	875	11	12.4	-3	7
809	0	0	0	0	-1	6
810	876	877	10	9.95	-3	6
811	878	879	4	3.15	-3	6.71428571428571
812	0	0	0	0	-1	6
813	0	0	0	0	-1	6
814	0	0	0	0	-1	6
815	0	0	0	0	-1	6
816	880	881	3	0.495	-3	6
817	0	0	0	0	-1	6
818	0	0	0	0	-1	6
819	0	0	0	0	-1	6
820	882	883	7	38	-3	6
821	0	0	0	0	-1	5
822	0	0	0	0	-1	5
823	0	0	0	0	-1	5
824	0	0	0	0	-1	6
825	884	885	5	0.0985	-3	5
826	0	0	0	0	-1	5
827	0	0	0	0	-1	6
828	886	887	5	0.069	-3	5.72727272727273
829	0	0	0	0	-1	5
830	0	0	0	0	-1	5
831	0	0	0	0	-1	5
832	0	0	0	0	-1	5
833	0	0	0	0	-1	5
834	0	0	0	0	-1	5
835	888	889	8	0	-3	5
836	0	0	0	0	-1	6
837	0	0	0	0	-1	5.6
838	0	0	0	0	-1	5
839	0	0	0	0	-1	6
840	890	891	11	11.55	-3	6
841	0	0	0	0	-1	6
842	0	0	0	0	-1	6
843	0	0	0	0	-1	5
844	0	0	0	0	-1	5
845	0	0	0	0	-1	5
846	0	0	0	0	-1	5
847	892	893	2	0.6925	-3	5
848	0	0	0	0	-1	5
849	894	895	1	0	-3	5
850	896	897	7	0	-3	5
851	898	899	1	0	-3	5
852	0	0	0	0	-1	7
853	900	901	7	0	-3	5
854	902	903	3	0	-3	6
855	0	0	0	0	-1	6
856	0	0	0	0	-1	5
857	904	905	3	0	-3	7
858	906	907	7	24	-3	6
859	0	0	0	0	-1	6
860	0	0	0	0	-1	6
861	0	0	0	0	-1	6
862	0	0	0	0	-1	6
863	0	0	0	0	-1	6
864	0	0	0	0	-1	5
865	0	0	0	0	-1	5
866	0	0	0	0	-1	7
867	908	909	6	3.12	-3	5
868	0	0	0	0	-1	5
869	0	0	0	0	-1	5
870	910	911	4	2.35	-3	6.33333333333333
871	912	913	11	12.25	-3	6.83333333333333
872	0	0	0	0	-1	5.33333333333333
873	914	915	3	0.45	-3	6
874	916	917	1	10.1	-3	6.94736842105263
875	0	0	0	0	-1	8
876	918	919	4	2.35	-3	6
877	0	0	0	0	-1	6
878	0	0	0	0	-1	7
879	0	0	0	0	-1	6.33333333333333
880	0	0	0	0	-1	6
881	0	0	0	0	-1	6
882	0	0	0	0	-1	6
883	0	0	0	0	-1	6
884	920	921	9	0	-3	5
885	0	0	0	0	-1	5
886	0	0	0	0	-1	5
887	922	923	3	0.655	-3	5.88888888888889
888	0	0	0	0	-1	5
889	924	925	2	0.42	-3	5
890	0	0	0	0	-1	6
891	0	0	0	0	-1	6
892	0	0	0	0	-1	5
893	0	0	0	0	-1	5
894	0	0	0	0	-1	5
895	926	927	5	0.0635	-3	5
896	0	0	0	0	-1	5
897	0	0	0	0	-1	5
898	0	0	0	0	-1	4
899	928	929	4	9.7	-3	5
900	0	0	0	0	-1	6
901	0	0	0	0	-1	5
902	0	0	0	0	-1	7
903	930	931	8	0.99668	-3	6
904	0	0	0	0	-1	7
905	932	933	10	0	-3	7
906	0	0	0	0	-1	6
907	0	0	0	0	-1	6
908	0	0	0	0	-1	6
909	934	935	3	0.38	-3	5
910	936	937	9	3.08	-3	6
911	0	0	0	0	-1	7
912	938	939	2	0.305	-3	7
913	0	0	0	0	-1	6
914	0	0	0	0	-1	6
915	0	0	0	0	-1	6
916	0	0	0	0	-1	6.66666666666667
917	940	941	10	0	-3	7
918	0	0	0	0	-1	6
919	0	0	0	0	-1	6
920	0	0	0	0	-1	5
921	942	943	6	0	-3	5
922	944	945	8	0.99649	-3	6
923	0	0	0	0	-1	5
924	946	947	9	0	-3	5
925	0	0	0	0	-1	5
926	0	0	0	0	-1	5
927	0	0	0	0	-1	5
928	0	0	0	0	-1	5
929	0	0	0	0	-1	5
930	0	0	0	0	-1	6
931	0	0	0	0	-1	6
932	0	0	0	0	-1	5
933	0	0	0	0	-1	7
934	0	0	0	0	-1	5
935	948	949	1	20	-3	5
936	0	0	0	0	-1	6
937	0	0	0	0	-1	6
938	0	0	0	0	-1	8
939	950	951	6	5.5	-3	6.88888888888889
940	0	0	0	0	-1	6
941	0	0	0	0	-1	7
942	0	0	0	0	-1	5
943	0	0	0	0	-1	5
944	0	0	0	0	-1	6
945	0	0	0	0	-1	6
946	0	0	0	0	-1	6
947	0	0	0	0	-1	5
948	952	953	4	1.55	-3	5
949	0	0	0	0	-1	5
950	0	0	0	0	-1	6.66666666666667
951	954	955	9	3.23	-3	7
952	0	0	0	0	-1	5
953	956	957	2	0	-3	5
954	0	0	0	0	-1	7
955	0	0	0	0	-1	7
956	0	0	0	0	-1	6
957	0	0	0	0	-1	5
