1	2	3	8	0.995685	-3	5.6166353971232
2	4	5	10	0.675	-3	5.97176470588235
3	6	7	7	81.5	-3	5.48807495741056
4	8	9	2	0.3025	-3	5.66787003610108
5	10	11	3	0.29	-3	6.54054054054054
6	12	13	3	0.295	-3	5.55845511482255
7	14	15	2	0.295	-3	5.17592592592592
8	16	17	3	0.235	-3	6.63333333333333
9	18	19	2	1.015	-3	5.55060728744939
10	20	21	11	12.05	-3	6.28070175438597
11	22	23	5	0.081	-3	6.7032967032967
12	24	25	10	0.575	-3	5.32640332640332
13	26	27	11	9.75	-3	5.79245283018868
14	0	0	0	0	-1	7
15	28	29	8	1.003055	-3	5.1588785046729
16	0	0	0	0	-1	5
17	30	31	6	39.75	-3	6.68965517241379
18	32	33	10	0.455	-3	5.58677685950413
19	0	0	0	0	-1	3.8
20	34	35	4	1.45	-3	6.04761904761905
21	36	37	6	27.5	-3	6.93333333333333
22	38	39	3	0.315	-3	6.74418604651163
23	0	0	0	0	-1	6
24	40	41	11	10.95	-3	5.07177033492823
25	42	43	4	1.75	-3	5.52205882352941
26	44	45	3	0.485	-3	5.29559748427673
27	46	47	4	1.45	-3	6.04088050314465
28	48	49	8	1.0009	-3	5.14285714285714
29	0	0	0	0	-1	6
30	50	51	10	0.65	-3	6.64285714285714
31	0	0	0	0	-1	8
32	52	53	9	3.375	-3	5
33	54	55	3	0.285	-3	5.64545454545455
34	0	0	0	0	-1	7
35	56	57	3	0.25	-3	5.94736842105263
36	58	59	8	0.99171	-3	6.66666666666667
37	0	0	0	0	-1	8
38	0	0	0	0	-1	8
39	60	61	1	8.05	-3	6.71428571428571
40	62	63	2	1.1125	-3	5.1139896373057
41	64	65	2	0.82	-3	4.5625
42	66	67	7	36	-3	5.21212121212121
43	68	69	11	10.15	-3	5.56485355648536
44	70	71	9	3.195	-3	5.47126436781609
45	72	73	10	0.59	-3	5.08333333333333
46	0	0	0	0	-1	4.4
47	74	75	7	48	-3	6.06709265175719
48	76	77	9	2.935	-3	5.16666666666667
49	78	79	6	22	-3	4.75
50	80	81	5	0.094	-3	6.7037037037037
51	0	0	0	0	-1	5
52	82	83	3	0.1	-3	4.83333333333333
53	0	0	0	0	-1	5.75
54	84	85	10	0.545	-3	5.57803468208092
55	86	87	5	0.0585	-3	5.8936170212766
56	88	89	7	39	-3	6.02857142857143
57	0	0	0	0	-1	5
58	90	91	7	52.5	-3	6.16666666666667
59	92	93	2	0.8325	-3	7.16666666666667
60	94	95	9	3.25	-3	6.46153846153846
61	96	97	7	49	-3	6.82758620689655
62	98	99	7	14.5	-3	5.125
63	0	0	0	0	-1	3
64	100	101	5	0	-3	5
65	102	103	6	4.5	-3	4.125
66	104	105	11	9.575	-3	5.36842105263158
67	106	107	7	0	-3	5
68	108	109	8	0.996815	-3	5.44055944055944
69	110	111	5	0.0665	-3	5.75
70	112	113	2	0.225	-3	5.79310344827586
71	114	115	1	8.45	-3	5.31034482758621
72	116	117	2	0.54	-3	4.75
73	118	119	7	20	-3	5.29545454545455
74	120	121	11	11.45	-3	6.15420560747663
75	122	123	5	0.1195	-3	5.87878787878788
76	0	0	0	0	-1	6
77	124	125	9	3.54	-3	5.14948453608247
78	0	0	0	0	-1	4
79	0	0	0	0	-1	5
80	126	127	11	11.75	-3	6.73076923076923
81	0	0	0	0	-1	6
82	128	129	7	17	-3	4.625
83	130	131	10	0.41	-3	5
84	132	133	10	0.475	-3	5.375
85	134	135	1	7.05	-3	5.72277227722772
86	136	137	6	10.5	-3	5.25
87	138	139	7	10.5	-3	6.11428571428571
88	140	141	8	0.99503	-3	6.29411764705882
89	142	143	11	10.25	-3	5.77777777777778
90	0	0	0	0	-1	7
91	0	0	0	0	-1	6
92	0	0	0	0	-1	7
93	0	0	0	0	-1	8
94	0	0	0	0	-1	7.33333333333333
95	144	145	9	3.285	-3	6.34782608695652
96	146	147	6	3.5	-3	6.91836734693878
97	148	149	2	0.24	-3	6.33333333333333
98	150	151	2	0.7425	-3	4.75
99	152	153	11	9.85	-3	5.2
100	0	0	0	0	-1	6
101	0	0	0	0	-1	5
102	0	0	0	0	-1	5
103	154	155	2	0.96	-3	4
104	156	157	4	1.65	-3	5.1
105	158	159	9	3.305	-3	5.66666666666667
106	0	0	0	0	-1	6
107	160	161	4	0.9959	-3	5
108	162	163	9	3.305	-3	5.55769230769231
109	164	165	10	0.685	-3	5.37362637362637
110	166	167	3	0.05	-3	6.44444444444444
111	168	169	3	0.02	-3	5.67816091954023
112	0	0	0	0	-1	7
113	170	171	3	0.4	-3	5.7037037037037
114	172	173	5	0.0805	-3	5.51428571428571
115	174	175	5	0.0635	-3	5
116	176	177	5	0.0705	-3	5
117	178	179	9	3.4	-3	4
118	180	181	5	0.176	-3	4.90909090909091
119	182	183	2	0.405	-3	5.42424242424242
120	184	185	11	10.05	-3	6.01234567901235
121	186	187	2	0.265	-3	6.59615384615385
122	188	189	11	11.45	-3	5.95652173913044
123	190	191	6	31.5	-3	4.85714285714286
124	192	193	6	7.5	-3	5.13157894736842
125	0	0	0	0	-1	6
126	194	195	5	8.15	-3	7
127	196	197	3	0.445	-3	6.5625
128	0	0	0	0	-1	4
129	0	0	0	0	-1	5
130	0	0	0	0	-1	5
131	198	199	9	0	-3	5
132	200	201	6	12.5	-3	5.77777777777778
133	202	203	3	0.005	-3	5.31746031746032
134	204	205	7	9	-3	5.6025641025641
135	206	207	6	13	-3	6.1304347826087
136	208	209	7	11	-3	4.875
137	0	0	0	0	-1	6
138	210	211	4	2	-3	6.55555555555556
139	212	213	8	0.99476	-3	5.96153846153846
140	214	215	3	0	-3	6
141	216	217	1	7.1	-3	6.83333333333333
142	0	0	0	0	-1	5
143	218	219	6	21.5	-3	5.875
144	0	0	0	0	-1	5.5
145	220	221	10	0.79	-3	6.42857142857143
146	0	0	0	0	-1	6
147	222	223	2	0.45	-3	6.95744680851064
148	0	0	0	0	-1	7
149	224	225	3	0.39	-3	6
150	226	227	5	0.0945	-3	4.94444444444444
151	228	229	10	0.505	-3	4.5
152	230	231	5	0.0625	-3	5.08620689655173
153	232	233	7	33.5	-3	5.5
154	0	0	0	0	-1	4
155	0	0	0	0	-1	4
156	234	235	11	9.2	-3	5
157	0	0	0	0	-1	5.5
158	0	0	0	0	-1	5.25
159	0	0	0	0	-1	6
160	0	0	0	0	-1	5
161	236	237	2	0.575	-3	5
162	238	239	8	0.99605	-3	5.1
163	240	241	8	0.99623	-3	5.84375
164	242	243	6	8.5	-3	5.24074074074074
165	244	245	1	7.05	-3	5.56756756756757
166	0	0	0	0	-1	6
167	0	0	0	0	-1	6.8
168	246	247	8	0.996195	-3	5.16666666666667
169	248	249	9	3.175	-3	5.81159420289855
170	250	251	9	3.11	-3	5.33333333333333
171	252	253	8	1.00005	-3	5.88888888888889
172	254	255	11	9.45	-3	5.85
173	256	257	3	0.305	-3	5.06666666666667
174	0	0	0	0	-1	4
175	258	259	7	70.5	-3	5.09523809523809
176	0	0	0	0	-1	4
177	260	261	10	0.55	-3	5.05
178	262	263	3	0.575	-3	3.83333333333333
179	0	0	0	0	-1	5
180	264	265	9	3.185	-3	5.1
181	0	0	0	0	-1	3
182	266	267	5	0.1265	-3	5.875
183	268	269	5	0.4185	-3	5.28
184	270	271	7	13.5	-3	6.37142857142857
185	272	273	3	0.655	-3	5.91338582677165
186	0	0	0	0	-1	5
187	274	275	1	9.55	-3	6.62745098039216
188	276	277	1	7.85	-3	5.7972972972973
189	278	279	2	0.4	-3	6.61111111111111
190	0	0	0	0	-1	5.2
191	0	0	0	0	-1	4
192	0	0	0	0	-1	4
193	280	281	2	0.385	-3	5.13756613756614
194	282	283	11	11.4	-3	7
195	0	0	0	0	-1	7
196	284	285	6	6	-3	6
197	286	287	4	1.55	-3	6.9
198	0	0	0	0	-1	5
199	288	289	8	0.99555	-3	5
200	0	0	0	0	-1	5
201	0	0	0	0	-1	6.75
202	290	291	4	1.55	-3	4.75
203	292	293	2	0.675	-3	5.45098039215686
204	0	0	0	0	-1	4
205	294	295	8	0.995635	-3	5.64473684210526
206	296	297	5	0.0965	-3	6.5
207	298	299	3	0.005	-3	5.93333333333333
208	0	0	0	0	-1	4
209	300	301	8	0	-3	5
210	0	0	0	0	-1	7
211	0	0	0	0	-1	6
212	302	303	8	0.9939	-3	6.04545454545455
213	0	0	0	0	-1	5.5
214	0	0	0	0	-1	6
215	0	0	0	0	-1	6
216	0	0	0	0	-1	7
217	0	0	0	0	-1	6.5
218	0	0	0	0	-1	5
219	304	305	1	7.15	-3	6
220	306	307	7	32.5	-3	6
221	308	309	7	46	-3	6.64285714285714
222	310	311	3	0.49	-3	7.02272727272727
223	0	0	0	0	-1	6
224	0	0	0	0	-1	6
225	0	0	0	0	-1	6
226	312	313	6	0	-3	5
227	0	0	0	0	-1	4
228	0	0	0	0	-1	4
229	314	315	1	8.6	-3	4.7
230	0	0	0	0	-1	3
231	316	317	5	0.0795	-3	5.10434782608696
232	318	319	11	10.05	-3	5.68181818181818
233	320	321	10	0.495	-3	5.31818181818182
234	0	0	0	0	-1	5
235	322	323	9	0	-3	5
236	0	0	0	0	-1	5
237	324	325	1	0	-3	5
238	0	0	0	0	-1	5.66666666666667
239	0	0	0	0	-1	5
240	0	0	0	0	-1	5
241	326	327	6	10.5	-3	5.9
242	328	329	4	2.2	-3	5.5
243	330	331	8	0.996985	-3	5.08823529411765
244	332	333	4	2.65	-3	5.18181818181818
245	334	335	5	0.0935	-3	5.73076923076923
246	0	0	0	0	-1	6
247	336	337	5	0.071	-3	4.92857142857143
248	0	0	0	0	-1	5
249	338	339	2	1.015	-3	5.84848484848485
250	0	0	0	0	-1	5
251	0	0	0	0	-1	5.75
252	340	341	6	17.5	-3	5.94117647058824
253	0	0	0	0	-1	5
254	342	343	3	0.37	-3	5.625
255	344	345	6	8.5	-3	6
256	0	0	0	0	-1	5.33333333333333
257	346	347	11	9.25	-3	5
258	348	349	8	0.99694	-3	5.05
259	0	0	0	0	-1	6
260	350	351	4	2.1	-3	5
261	352	353	9	3.175	-3	5.14285714285714
262	0	0	0	0	-1	4
263	0	0	0	0	-1	3
264	0	0	0	0	-1	5.33333333333333
265	354	355	1	0	-3	5
266	356	357	4	2.9	-3	6
267	0	0	0	0	-1	5.5
268	358	359	9	2.95	-3	5.38095238095238
269	0	0	0	0	-1	4.75
270	0	0	0	0	-1	7.4
271	360	361	1	11.25	-3	6.2
272	362	363	2	0.405	-3	5.83898305084746
273	364	365	9	3.125	-3	6.88888888888889
274	366	367	11	12.5	-3	7.14285714285714
275	368	369	7	39.5	-3	6.43243243243243
276	370	371	11	10.1	-3	5.36363636363636
277	372	373	7	64.5	-3	5.87301587301587
278	0	0	0	0	-1	5.75
279	374	375	2	0.675	-3	6.85714285714286
280	376	377	1	7.05	-3	5.38095238095238
281	378	379	1	10.3	-3	5.10714285714286
282	0	0	0	0	-1	7
283	0	0	0	0	-1	7
284	0	0	0	0	-1	6
285	0	0	0	0	-1	6
286	0	0	0	0	-1	6
287	380	381	6	8	-3	7
288	382	383	7	0	-3	5
289	0	0	0	0	-1	5
290	0	0	0	0	-1	3
291	384	385	6	13.5	-3	5.1
292	386	387	11	9.75	-3	5.56756756756757
293	388	389	4	2.9	-3	5.14285714285714
294	390	391	1	6.95	-3	5.66666666666667
295	0	0	0	0	-1	4
296	392	393	10	0.6	-3	6.83333333333333
297	0	0	0	0	-1	5.5
298	0	0	0	0	-1	5
299	394	395	8	0.99449	-3	6
300	0	0	0	0	-1	5
301	396	397	5	0.05	-3	5
302	0	0	0	0	-1	6
303	0	0	0	0	-1	6.33333333333333
304	398	399	1	6.85	-3	6
305	0	0	0	0	-1	6
306	0	0	0	0	-1	6
307	0	0	0	0	-1	6
308	400	401	11	11.3	-3	7
309	0	0	0	0	-1	6
310	402	403	3	0.465	-3	7
311	0	0	0	0	-1	7.5
312	0	0	0	0	-1	6
313	404	405	9	3.485	-3	5
314	406	407	2	0	-3	5
315	0	0	0	0	-1	4
316	408	409	1	7.65	-3	5.31372549019608
317	410	411	8	0.99835	-3	4.9375
318	412	413	10	0.5	-3	5.41666666666667
319	414	415	8	0.996575	-3	6
320	416	417	3	0.085	-3	5
321	418	419	4	2.7	-3	5.5
322	0	0	0	0	-1	7
323	0	0	0	0	-1	5
324	0	0	0	0	-1	5
325	420	421	4	1.65	-3	5
326	422	423	8	0.99647	-3	5.5
327	424	425	6	13	-3	6.04545454545455
328	426	427	1	6.55	-3	5.72727272727273
329	428	429	11	9.15	-3	5.22222222222222
330	0	0	0	0	-1	5.5
331	430	431	4	1.95	-3	5.03333333333333
332	432	433	3	0.6775	-3	5
333	0	0	0	0	-1	6
334	434	435	3	0.27	-3	5.85714285714286
335	0	0	0	0	-1	5.2
336	0	0	0	0	-1	4
337	436	437	5	0.0915	-3	5.08333333333333
338	438	439	10	0.63	-3	5.87692307692308
339	0	0	0	0	-1	4
340	440	441	1	11.35	-3	6
341	0	0	0	0	-1	5
342	0	0	0	0	-1	5
343	0	0	0	0	-1	6
344	0	0	0	0	-1	6
345	0	0	0	0	-1	6
346	0	0	0	0	-1	5
347	442	443	10	0	-3	5
348	0	0	0	0	-1	5.33333333333333
349	444	445	4	1.6	-3	5
350	0	0	0	0	-1	5
351	446	447	6	5.5	-3	5
352	0	0	0	0	-1	6
353	448	449	4	3.05	-3	5
354	0	0	0	0	-1	4
355	450	451	5	9.55	-3	5
356	0	0	0	0	-1	6
357	0	0	0	0	-1	6
358	0	0	0	0	-1	6
359	452	453	8	0.99637	-3	5.27777777777778
360	454	455	5	0.06	-3	5.71428571428571
361	456	457	10	0.645	-3	6.625
362	458	459	5	0.0895	-3	6.14492753623188
363	460	461	5	0.09	-3	5.40816326530612
364	0	0	0	0	-1	6.66666666666667
365	462	463	1	12.4	-3	7
366	464	465	4	2.2	-3	7
367	0	0	0	0	-1	8
368	466	467	5	0.0655	-3	6.55172413793104
369	468	469	5	0.1065	-3	6
370	0	0	0	0	-1	5.75
371	470	471	2	0.365	-3	5.14285714285714
372	472	473	10	0.625	-3	6
373	474	475	10	0.805	-3	5.66666666666667
374	476	477	5	0.0715	-3	6.92307692307692
375	0	0	0	0	-1	6
376	478	479	3	0.635	-3	6
377	480	481	6	19	-3	5.13333333333333
378	482	483	4	1.55	-3	5.0875
379	484	485	4	2.85	-3	5.5
380	0	0	0	0	-1	7
381	0	0	0	0	-1	7
382	0	0	0	0	-1	5
383	0	0	0	0	-1	5
384	0	0	0	0	-1	5.5
385	486	487	7	42.5	-3	5
386	0	0	0	0	-1	4.8
387	488	489	4	1.65	-3	5.6875
388	490	491	1	6.65	-3	5
389	0	0	0	0	-1	6
390	492	493	2	0.825	-3	5.73134328358209
391	494	495	11	11.2	-3	5.125
392	0	0	0	0	-1	7
393	0	0	0	0	-1	6
394	0	0	0	0	-1	6
395	496	497	7	0	-3	6
396	0	0	0	0	-1	5
397	0	0	0	0	-1	5
398	498	499	1	6.55	-3	6
399	0	0	0	0	-1	6
400	0	0	0	0	-1	7
401	0	0	0	0	-1	7
402	500	501	6	27	-3	7
403	0	0	0	0	-1	7
404	502	503	8	0	-3	5
405	0	0	0	0	-1	5
406	0	0	0	0	-1	5
407	0	0	0	0	-1	5
408	504	505	1	6.9	-3	5.04761904761905
409	506	507	8	0.99669	-3	5.5
410	508	509	1	6.95	-3	4.91666666666667
411	0	0	0	0	-1	5.25
412	510	511	2	0.555	-3	5
413	512	513	9	3.43	-3	5.83333333333333
414	514	515	7	30	-3	6
415	0	0	0	0	-1	6
416	0	0	0	0	-1	5
417	0	0	0	0	-1	5
418	516	517	2	0.58	-3	5.14285714285714
419	518	519	5	0.08	-3	5.85714285714286
420	0	0	0	0	-1	5
421	0	0	0	0	-1	5
422	0	0	0	0	-1	6
423	0	0	0	0	-1	5
424	0	0	0	0	-1	6.5
425	520	521	5	0.0725	-3	6
426	0	0	0	0	-1	5
427	522	523	5	0.52	-3	6
428	0	0	0	0	-1	6
429	524	525	3	0	-3	5
430	0	0	0	0	-1	5.2
431	526	527	2	0.545	-3	5
432	528	529	9	3.64	-3	5
433	0	0	0	0	-1	5
434	530	531	11	9.95	-3	5.94736842105263
435	0	0	0	0	-1	5
436	532	533	11	10.75	-3	5
437	0	0	0	0	-1	5.5
438	534	535	11	10.25	-3	6.10714285714286
439	536	537	9	3.38	-3	5.7027027027027
440	538	539	9	3.1	-3	6
441	0	0	0	0	-1	6
442	0	0	0	0	-1	5
443	540	541	9	15.5	-3	5
444	0	0	0	0	-1	5
445	542	543	9	0	-3	5
446	544	545	2	0	-3	5
447	0	0	0	0	-1	5
448	0	0	0	0	-1	5
449	0	0	0	0	-1	5
450	0	0	0	0	-1	5
451	0	0	0	0	-1	5
452	0	0	0	0	-1	5
453	546	547	7	50	-3	5.38461538461539
454	548	549	5	0.0535	-3	5.33333333333333
455	550	551	10	0.705	-3	6
456	0	0	0	0	-1	5.5
457	552	553	10	0.81	-3	6.78571428571429
458	554	555	9	3.46	-3	6.30769230769231
459	556	557	6	10	-3	5.64705882352941
460	558	559	9	3.275	-3	5.61764705882353
461	560	561	5	0.113	-3	4.93333333333333
462	0	0	0	0	-1	7
463	0	0	0	0	-1	7
464	0	0	0	0	-1	6
465	562	563	11	11.8	-3	7.09090909090909
466	0	0	0	0	-1	6
467	564	565	7	25	-3	6.66666666666667
468	0	0	0	0	-1	6
469	0	0	0	0	-1	6
470	0	0	0	0	-1	6
471	0	0	0	0	-1	5
472	566	567	11	10.3	-3	5.66666666666667
473	568	569	7	53	-3	6.14814814814815
474	570	571	6	25	-3	5.4
475	572	573	6	41.5	-3	6.11111111111111
476	0	0	0	0	-1	6
477	574	575	3	0.36	-3	7
478	0	0	0	0	-1	6
479	0	0	0	0	-1	6
480	0	0	0	0	-1	6
481	576	577	8	0.99877	-3	5
482	0	0	0	0	-1	4
483	578	579	6	9.5	-3	5.09433962264151
484	0	0	0	0	-1	5
485	0	0	0	0	-1	6
486	0	0	0	0	-1	5
487	580	581	2	0	-3	5
488	582	583	11	10.6	-3	5.28571428571429
489	584	585	7	94	-3	5.8
490	0	0	0	0	-1	5
491	586	587	4	0	-3	5
492	588	589	2	0.475	-3	5.69230769230769
493	0	0	0	0	-1	7
494	0	0	0	0	-1	5
495	0	0	0	0	-1	6
496	0	0	0	0	-1	5
497	590	591	9	3.375	-3	6
498	0	0	0	0	-1	6
499	0	0	0	0	-1	6
500	592	593	7	0	-3	7
501	0	0	0	0	-1	7
502	0	0	0	0	-1	6
503	0	0	0	0	-1	5
504	0	0	0	0	-1	5.25
505	0	0	0	0	-1	5
506	594	595	9	3.095	-3	5.18181818181818
507	596	597	3	0.2	-3	5.68421052631579
508	0	0	0	0	-1	4.5
509	598	599	8	0.99739	-3	4.93103448275862
510	0	0	0	0	-1	5
511	0	0	0	0	-1	5
512	0	0	0	0	-1	6
513	0	0	0	0	-1	5
514	0	0	0	0	-1	6
515	0	0	0	0	-1	6
516	0	0	0	0	-1	5.33333333333333
517	0	0	0	0	-1	5
518	0	0	0	0	-1	5
519	600	601	5	0.085	-3	6
520	0	0	0	0	-1	6
521	602	603	6	27	-3	6
522	0	0	0	0	-1	6
523	0	0	0	0	-1	6
524	0	0	0	0	-1	5
525	0	0	0	0	-1	5
526	604	605	5	0	-3	5
527	606	607	1	0	-3	5
528	0	0	0	0	-1	5
529	0	0	0	0	-1	5
530	608	609	3	0.08	-3	6
531	0	0	0	0	-1	5.75
532	610	611	10	0	-3	5
533	0	0	0	0	-1	5
534	612	613	5	0.0945	-3	6.42857142857143
535	614	615	6	4.25	-3	6
536	616	617	11	10.25	-3	6
537	618	619	9	3.54	-3	5.47619047619048
538	620	621	10	0	-3	6
539	0	0	0	0	-1	6
540	0	0	0	0	-1	5
541	0	0	0	0	-1	5
542	0	0	0	0	-1	6
543	0	0	0	0	-1	5
544	0	0	0	0	-1	4
545	0	0	0	0	-1	5
546	622	623	8	0.99765	-3	5.27272727272727
547	0	0	0	0	-1	6
548	0	0	0	0	-1	6
549	0	0	0	0	-1	5
550	0	0	0	0	-1	6
551	0	0	0	0	-1	6
552	624	625	3	0.67	-3	6.69230769230769
553	0	0	0	0	-1	8
554	626	627	10	0.615	-3	6.34
555	0	0	0	0	-1	5.5
556	628	629	3	0.45	-3	5.84615384615385
557	0	0	0	0	-1	5
558	630	631	5	0.0775	-3	5.4
559	632	633	2	0.455	-3	5.92857142857143
560	634	635	3	0.515	-3	5.09090909090909
561	0	0	0	0	-1	4.5
562	0	0	0	0	-1	7.66666666666667
563	636	637	7	25	-3	6.875
564	638	639	7	19.5	-3	6.55555555555556
565	640	641	9	3.18	-3	7
566	0	0	0	0	-1	6
567	642	643	1	8.6	-3	5.42857142857143
568	644	645	11	10.2	-3	6.4
569	646	647	1	10.1	-3	6
570	648	649	1	10.75	-3	5.83333333333333
571	650	651	6	32.5	-3	5.11111111111111
572	652	653	7	67.5	-3	5.83333333333333
573	0	0	0	0	-1	6.66666666666667
574	0	0	0	0	-1	7
575	654	655	5	0.0785	-3	7
576	0	0	0	0	-1	5
577	0	0	0	0	-1	5
578	0	0	0	0	-1	6
579	656	657	8	0.99605	-3	5.0828025477707
580	0	0	0	0	-1	5
581	658	659	8	48	-3	5
582	0	0	0	0	-1	6
583	0	0	0	0	-1	5
584	660	661	8	0.99564	-3	5.90909090909091
585	0	0	0	0	-1	5
586	0	0	0	0	-1	6
587	662	663	10	0.535	-3	5
588	664	665	5	0.0785	-3	5.9375
589	666	667	7	12	-3	5.61224489795918
590	0	0	0	0	-1	6
591	0	0	0	0	-1	6
592	0	0	0	0	-1	6
593	668	669	2	0	-3	7
594	0	0	0	0	-1	6
595	670	671	10	0.445	-3	4.875
596	672	673	10	0.56	-3	6.08333333333333
597	674	675	10	0	-3	5
598	676	677	9	3.185	-3	5
599	678	679	6	14.5	-3	4.81818181818182
600	0	0	0	0	-1	6
601	0	0	0	0	-1	6
602	0	0	0	0	-1	6
603	0	0	0	0	-1	6
604	0	0	0	0	-1	7
605	0	0	0	0	-1	5
606	0	0	0	0	-1	6
607	0	0	0	0	-1	5
608	0	0	0	0	-1	6
609	680	681	11	0	-3	6
610	0	0	0	0	-1	5
611	0	0	0	0	-1	5
612	682	683	3	0.15	-3	6.66666666666667
613	0	0	0	0	-1	5
614	0	0	0	0	-1	6
615	684	685	1	8.25	-3	6
616	0	0	0	0	-1	7
617	686	687	3	0.13	-3	5.93333333333333
618	688	689	5	0.081	-3	5.3125
619	0	0	0	0	-1	6
620	0	0	0	0	-1	5
621	690	691	9	2.985	-3	6
622	0	0	0	0	-1	5.6
623	692	693	5	3.32	-3	5
624	694	695	9	3.12	-3	6.81818181818182
625	0	0	0	0	-1	6
626	0	0	0	0	-1	5.4
627	696	697	1	8.55	-3	6.44444444444445
628	0	0	0	0	-1	7
629	698	699	10	0.54	-3	5.75
630	700	701	1	12.8	-3	5.14285714285714
631	702	703	10	0.68	-3	6
632	0	0	0	0	-1	5.5
633	704	705	8	0.9968	-3	6.1
634	706	707	3	0	-3	5
635	0	0	0	0	-1	5.5
636	708	709	5	0.0875	-3	7
637	0	0	0	0	-1	6
638	710	711	2	0.565	-3	6.75
639	712	713	5	0.121	-3	6.16666666666667
640	0	0	0	0	-1	7
641	0	0	0	0	-1	7
642	0	0	0	0	-1	4.5
643	0	0	0	0	-1	5.8
644	0	0	0	0	-1	6.8
645	0	0	0	0	-1	6
646	714	715	5	0.085	-3	6
647	0	0	0	0	-1	6
648	0	0	0	0	-1	6
649	0	0	0	0	-1	5
650	716	717	6	26.5	-3	5
651	0	0	0	0	-1	6
652	0	0	0	0	-1	5
653	0	0	0	0	-1	6
654	0	0	0	0	-1	7
655	0	0	0	0	-1	7
656	718	719	6	16	-3	5.42857142857143
657	720	721	11	9.35	-3	5.06666666666667
658	0	0	0	0	-1	5
659	0	0	0	0	-1	5
660	722	723	6	9	-3	5.95238095238095
661	0	0	0	0	-1	5
662	0	0	0	0	-1	5
663	0	0	0	0	-1	5
664	724	725	11	12.6	-3	6
665	0	0	0	0	-1	5.75
666	0	0	0	0	-1	7
667	726	727	11	12.85	-3	5.5531914893617
668	0	0	0	0	-1	5
669	0	0	0	0	-1	7
670	0	0	0	0	-1	4
671	728	729	3	0	-3	5
672	730	731	10	0.545	-3	6
673	0	0	0	0	-1	7
674	0	0	0	0	-1	5
675	732	733	7	56.5	-3	5
676	734	735	3	3.5	-3	5
677	0	0	0	0	-1	5
678	736	737	9	3.265	-3	4.42857142857143
679	738	739	7	46.5	-3	5
680	0	0	0	0	-1	5
681	0	0	0	0	-1	6
682	0	0	0	0	-1	7
683	0	0	0	0	-1	6
684	740	741	6	17.5	-3	6
685	742	743	9	10.7	-3	6
686	744	745	3	0.11	-3	6
687	0	0	0	0	-1	5.75
688	746	747	6	25	-3	5.54545454545455
689	0	0	0	0	-1	4.8
690	0	0	0	0	-1	6
691	0	0	0	0	-1	6
692	0	0	0	0	-1	5
693	0	0	0	0	-1	5
694	748	749	4	3.85	-3	7
695	0	0	0	0	-1	6
696	750	751	11	11.2	-3	6.125
697	752	753	5	0.0825	-3	6.51351351351351
698	0	0	0	0	-1	5
699	754	755	3	0.495	-3	5.9
700	756	757	7	17	-3	5.07692307692308
701	0	0	0	0	-1	6
702	0	0	0	0	-1	6
703	0	0	0	0	-1	6
704	0	0	0	0	-1	7
705	758	759	5	0.0735	-3	6
706	0	0	0	0	-1	6
707	760	761	5	0.093	-3	5
708	0	0	0	0	-1	7
709	0	0	0	0	-1	7
710	762	763	6	4.5	-3	6.9
711	0	0	0	0	-1	6
712	0	0	0	0	-1	6
713	0	0	0	0	-1	7
714	0	0	0	0	-1	6
715	764	765	11	10.15	-3	6
716	0	0	0	0	-1	5
717	766	767	6	0	-3	5
718	0	0	0	0	-1	6
719	0	0	0	0	-1	5
720	768	769	6	26.5	-3	5
721	770	771	7	100	-3	5.09345794392523
722	0	0	0	0	-1	5.5
723	772	773	2	0.65	-3	6
724	0	0	0	0	-1	6
725	0	0	0	0	-1	6
726	774	775	4	3.65	-3	5.63414634146341
727	776	777	11	12.95	-3	5
728	0	0	0	0	-1	5
729	778	779	5	0.074	-3	5
730	780	781	6	10	-3	6
731	0	0	0	0	-1	6
732	0	0	0	0	-1	5
733	0	0	0	0	-1	5
734	782	783	9	3.155	-3	5
735	0	0	0	0	-1	5
736	0	0	0	0	-1	5
737	0	0	0	0	-1	4
738	784	785	5	0.088	-3	5
739	0	0	0	0	-1	5
740	786	787	8	0	-3	6
741	0	0	0	0	-1	6
742	0	0	0	0	-1	6
743	0	0	0	0	-1	6
744	0	0	0	0	-1	6
745	788	789	9	3.35	-3	6
746	790	791	11	10.45	-3	5.28571428571429
747	0	0	0	0	-1	6
748	0	0	0	0	-1	7
749	0	0	0	0	-1	7
750	0	0	0	0	-1	6
751	0	0	0	0	-1	7
752	792	793	8	0.998595	-3	6.37931034482759
753	794	795	1	0.6	-3	7
754	0	0	0	0	-1	5.5
755	796	797	2	10.65	-3	6
756	0	0	0	0	-1	5.5
757	798	799	3	0	-3	5
758	0	0	0	0	-1	6
759	800	801	2	0.56	-3	6
760	0	0	0	0	-1	5
761	802	803	3	0	-3	5
762	0	0	0	0	-1	6
763	804	805	7	17	-3	7
764	0	0	0	0	-1	6
765	0	0	0	0	-1	6
766	0	0	0	0	-1	7
767	806	807	6	27.5	-3	5
768	0	0	0	0	-1	5
769	808	809	8	0.99666	-3	5
770	810	811	2	0.605	-3	5.19148936170213
771	812	813	5	0.067	-3	5.01666666666667
772	814	815	11	11	-3	6
773	0	0	0	0	-1	6
774	816	817	6	5.5	-3	5.675
775	0	0	0	0	-1	4
776	0	0	0	0	-1	5
777	0	0	0	0	-1	5
778	0	0	0	0	-1	5
779	0	0	0	0	-1	5
780	0	0	0	0	-1	6
781	818	819	9	0	-3	6
782	820	821	8	0.99677	-3	5
783	822	823	6	14	-3	5
784	824	825	9	0	-3	5
785	0	0	0	0	-1	5
786	0	0	0	0	-1	6
787	0	0	0	0	-1	6
788	0	0	0	0	-1	6
789	0	0	0	0	-1	6
790	0	0	0	0	-1	6
791	0	0	0	0	-1	5
792	826	827	11	11.1	-3	6.52380952380952
793	828	829	2	0.29	-3	6
794	0	0	0	0	-1	4
795	830	831	10	0.73	-3	7
796	0	0	0	0	-1	6
797	0	0	0	0	-1	6
798	0	0	0	0	-1	6
799	832	833	2	0.415	-3	5
800	834	835	4	3.1	-3	6
801	0	0	0	0	-1	6
802	0	0	0	0	-1	6
803	0	0	0	0	-1	5
804	0	0	0	0	-1	7
805	0	0	0	0	-1	7
806	0	0	0	0	-1	5
807	0	0	0	0	-1	5
808	0	0	0	0	-1	5
809	836	837	6	39	-3	5
810	838	839	5	0.094	-3	5.53846153846154
811	840	841	9	3.175	-3	5.05882352941176
812	0	0	0	0	-1	5.25
813	842	843	1	8.1	-3	5
814	844	845	10	0.515	-3	6
815	846	847	3	0.125	-3	6
816	0	0	0	0	-1	4.5
817	848	849	2	0.485	-3	5.73684210526316
818	0	0	0	0	-1	7
819	850	851	8	0.99695	-3	6
820	852	853	8	0	-3	5
821	0	0	0	0	-1	5
822	0	0	0	0	-1	5
823	854	855	3	0	-3	5
824	0	0	0	0	-1	5
825	0	0	0	0	-1	5
826	856	857	1	10.45	-3	6.73333333333333
827	858	859	1	9	-3	6
828	0	0	0	0	-1	6
829	860	861	6	5.5	-3	6
830	0	0	0	0	-1	7
831	0	0	0	0	-1	7
832	0	0	0	0	-1	5
833	0	0	0	0	-1	5
834	0	0	0	0	-1	6
835	0	0	0	0	-1	6
836	0	0	0	0	-1	5
837	862	863	4	0	-3	5
838	864	865	3	0.35	-3	5.77777777777778
839	0	0	0	0	-1	5
840	0	0	0	0	-1	5.5
841	866	867	7	87.5	-3	5.03125
842	868	869	1	7.2	-3	5
843	870	871	6	17.5	-3	5
844	0	0	0	0	-1	6
845	872	873	10	0	-3	6
846	0	0	0	0	-1	6
847	0	0	0	0	-1	6
848	0	0	0	0	-1	5
849	874	875	11	12.65	-3	5.84848484848485
850	0	0	0	0	-1	6
851	0	0	0	0	-1	6
852	0	0	0	0	-1	6
853	876	877	8	2.1	-3	5
854	0	0	0	0	-1	5
855	0	0	0	0	-1	5
856	878	879	3	0.47	-3	6.375
857	880	881	2	0.33	-3	7.14285714285714
858	0	0	0	0	-1	5
859	0	0	0	0	-1	6
860	0	0	0	0	-1	6
861	0	0	0	0	-1	6
862	0	0	0	0	-1	5
863	882	883	1	8.95	-3	5
864	884	885	6	13.5	-3	5.875
865	0	0	0	0	-1	5
866	886	887	6	16.5	-3	5.07692307692308
867	888	889	3	0.25	-3	5
868	890	891	6	48.5	-3	5
869	892	893	9	3.235	-3	5
870	894	895	2	0	-3	5
871	896	897	9	3.255	-3	5
872	0	0	0	0	-1	4
873	898	899	7	52	-3	6
874	900	901	3	0.2	-3	5.89655172413793
875	0	0	0	0	-1	5.5
876	0	0	0	0	-1	5
877	0	0	0	0	-1	5
878	0	0	0	0	-1	6.6
879	0	0	0	0	-1	6
880	902	903	11	10.95	-3	7
881	0	0	0	0	-1	8
882	0	0	0	0	-1	5
883	0	0	0	0	-1	5
884	0	0	0	0	-1	5
885	904	905	7	87.5	-3	6
886	906	907	11	9.6	-3	5
887	0	0	0	0	-1	5.2
888	908	909	5	0	-3	5
889	910	911	6	13	-3	5
890	912	913	6	0	-3	5
891	0	0	0	0	-1	5
892	914	915	7	0	-3	5
893	916	917	8	0	-3	5
894	0	0	0	0	-1	5
895	918	919	9	3.335	-3	5
896	920	921	7	140.5	-3	5
897	0	0	0	0	-1	5
898	0	0	0	0	-1	6
899	0	0	0	0	-1	6
900	922	923	1	6.25	-3	5.95833333333333
901	0	0	0	0	-1	5.6
902	0	0	0	0	-1	7
903	0	0	0	0	-1	7
904	0	0	0	0	-1	6
905	0	0	0	0	-1	6
906	0	0	0	0	-1	5
907	0	0	0	0	-1	5
908	0	0	0	0	-1	5
909	924	925	10	0.49	-3	5
910	0	0	0	0	-1	5
911	926	927	4	0	-3	5
912	0	0	0	0	-1	5
913	928	929	3	0	-3	5
914	0	0	0	0	-1	6
915	0	0	0	0	-1	5
916	0	0	0	0	-1	6
917	930	931	5	0.085	-3	5
918	932	933	2	0	-3	5
919	0	0	0	0	-1	5
920	934	935	3	0	-3	5
921	0	0	0	0	-1	5
922	0	0	0	0	-1	5.75
923	936	937	6	2.8	-3	6
924	0	0	0	0	-1	5
925	0	0	0	0	-1	5
926	0	0	0	0	-1	6
927	938	939	9	3.245	-3	5
928	0	0	0	0	-1	6
929	0	0	0	0	-1	5
930	940	941	7	104.5	-3	5
931	0	0	0	0	-1	5
932	0	0	0	0	-1	5
933	0	0	0	0	-1	5
934	0	0	0	0	-1	6
935	942	943	6	31	-3	5
936	0	0	0	0	-1	5
937	944	945	3	0.045	-3	6
938	0	0	0	0	-1	5
939	0	0	0	0	-1	5
940	0	0	0	0	-1	5
941	946	947	10	0	-3	5
942	0	0	0	0	-1	5
943	0	0	0	0	-1	5
944	948	949	9	3.435	-3	6
945	0	0	0	0	-1	6
946	0	0	0	0	-1	5
947	950	951	11	9.45	-3	5
948	0	0	0	0	-1	6
949	0	0	0	0	-1	6
950	0	0	0	0	-1	5
951	0	0	0	0	-1	5
