1	2	3	2	0.425	-3	5.62288930581614
2	4	5	11	10.75	-3	6.05405405405405
3	6	7	10	0.575	-3	5.41628122109158
4	8	9	4	1.55	-3	5.65900383141762
5	10	11	4	10.95	-3	6.45525291828793
6	12	13	10	0.465	-3	5.1651376146789
7	14	15	8	0.995745	-3	5.58604651162791
8	16	17	6	13.5	-3	6.30769230769231
9	18	19	7	66.5	-3	5.625
10	20	21	2	0.335	-3	6.47450980392157
11	0	0	0	0	-1	4
12	22	23	7	27.5	-3	4.87323943661972
13	24	25	7	48.5	-3	5.22191780821918
14	26	27	8	0.99196	-3	5.94409937888199
15	28	29	3	0.525	-3	5.46694214876033
16	0	0	0	0	-1	5.2
17	30	31	8	0.995675	-3	7
18	32	33	2	0.315	-3	5.72727272727273
19	34	35	9	3.325	-3	5.22
20	36	37	7	73	-3	6.63503649635036
21	38	39	10	0.565	-3	6.28813559322034
22	40	41	9	3.26	-3	4.61111111111111
23	42	43	11	11.4	-3	5.14285714285714
24	44	45	8	0.99542	-3	5.30046948356808
25	46	47	1	5.3	-3	5.11184210526316
26	0	0	0	0	-1	7.5
27	48	49	11	12.15	-3	5.90445859872612
28	50	51	11	10.55	-3	5.38548752834467
29	52	53	7	44	-3	6.30232558139535
30	0	0	0	0	-1	7
31	0	0	0	0	-1	7
32	54	55	3	0.415	-3	6.03389830508475
33	56	57	4	5.1	-3	5.59712230215827
34	58	59	3	0.545	-3	5.03571428571429
35	60	61	11	9.45	-3	5.45454545454545
36	62	63	6	13.5	-3	6.592
37	64	65	7	81	-3	7.08333333333333
38	66	67	6	4	-3	5.16666666666667
39	68	69	6	24.5	-3	6.41509433962264
40	70	71	2	0.6225	-3	5.08333333333333
41	72	73	7	10	-3	4.375
42	74	75	5	0.08	-3	5.09090909090909
43	0	0	0	0	-1	6
44	76	77	11	9.9	-3	5.65454545454545
45	78	79	10	0.545	-3	5.17721518987342
46	0	0	0	0	-1	4
47	80	81	11	10.15	-3	5.12666666666667
48	82	83	7	47	-3	5.784
49	84	85	8	0.99374	-3	6.375
50	86	87	11	8.6	-3	5.26136363636363
51	88	89	2	0.9025	-3	5.87640449438202
52	90	91	11	9.8	-3	6.44444444444444
53	92	93	6	34	-3	5.57142857142857
54	94	95	6	4.5	-3	5.5
55	96	97	10	0.73	-3	6.2
56	98	99	10	0.665	-3	5.55555555555556
57	0	0	0	0	-1	7
58	100	101	9	3.31	-3	4.90909090909091
59	102	103	9	3.14	-3	5.5
60	104	105	7	78	-3	5
61	106	107	8	0.9979	-3	5.83333333333333
62	108	109	9	3.185	-3	6.69148936170213
63	110	111	2	0.315	-3	6.29032258064516
64	0	0	0	0	-1	8
65	0	0	0	0	-1	7
66	0	0	0	0	-1	4
67	112	113	11	11.6	-3	5.55555555555556
68	114	115	9	3.715	-3	6.55172413793103
69	116	117	4	2.45	-3	5.78947368421053
70	118	119	3	0.045	-3	5
71	0	0	0	0	-1	6
72	120	121	2	1.2325	-3	3.83333333333333
73	122	123	7	17.5	-3	4.55555555555556
74	124	125	1	7.75	-3	5.21428571428571
75	126	127	8	0.994795	-3	5
76	0	0	0	0	-1	4.33333333333333
77	128	129	4	2.5	-3	5.73076923076923
78	130	131	8	0.997495	-3	5.04901960784314
79	132	133	8	0.996145	-3	5.41071428571429
80	134	135	1	11.55	-3	5.06521739130435
81	136	137	6	21.5	-3	5.83333333333333
82	138	139	9	3.515	-3	5.85
83	140	141	6	16.5	-3	5.52
84	142	143	6	14.5	-3	6.16666666666667
85	144	145	8	0.994175	-3	6.64285714285714
86	0	0	0	0	-1	3
87	146	147	4	1.85	-3	5.27428571428571
88	148	149	11	11.45	-3	5.96470588235294
89	0	0	0	0	-1	4
90	0	0	0	0	-1	5.25
91	150	151	1	12.85	-3	6.59375
92	152	153	5	0.1105	-3	5.33333333333333
93	0	0	0	0	-1	7
94	154	155	5	0.076	-3	6
95	156	157	10	0.565	-3	5.125
96	158	159	4	2.35	-3	5.77777777777778
97	160	161	11	9.95	-3	6.48148148148148
98	162	163	8	0.996265	-3	5.34848484848485
99	164	165	10	0.765	-3	5.7536231884058
100	166	167	2	0.34	-3	5
101	0	0	0	0	-1	4.33333333333333
102	0	0	0	0	-1	5
103	0	0	0	0	-1	6.5
104	0	0	0	0	-1	5
105	0	0	0	0	-1	5
106	168	169	5	0.0665	-3	5.90909090909091
107	0	0	0	0	-1	5
108	170	171	10	0.66	-3	6.41666666666667
109	172	173	8	0.99402	-3	6.78571428571429
110	174	175	7	63.5	-3	6.08695652173913
111	176	177	10	0.785	-3	6.875
112	0	0	0	0	-1	5
113	0	0	0	0	-1	6.25
114	178	179	6	16.5	-3	6.5
115	0	0	0	0	-1	8
116	180	181	8	0.99646	-3	6
117	182	183	10	0.78	-3	5.33333333333333
118	0	0	0	0	-1	5
119	184	185	8	14.5	-3	5
120	0	0	0	0	-1	4
121	0	0	0	0	-1	3
122	186	187	10	0	-3	5
123	188	189	6	14	-3	4.2
124	0	0	0	0	-1	5
125	190	191	3	0.24	-3	5.33333333333333
126	0	0	0	0	-1	5
127	192	193	10	0	-3	5
128	194	195	3	0.17	-3	5.85106382978723
129	0	0	0	0	-1	4.6
130	196	197	9	3.555	-3	5.14666666666667
131	198	199	7	47	-3	4.77777777777778
132	0	0	0	0	-1	6.33333333333333
133	200	201	11	9.05	-3	5.35849056603774
134	202	203	2	0.445	-3	5.08088235294118
135	0	0	0	0	-1	4
136	0	0	0	0	-1	5
137	204	205	10	0.525	-3	5.90909090909091
138	206	207	11	9.75	-3	5.97701149425287
139	208	209	3	0.035	-3	5
140	0	0	0	0	-1	5
141	210	211	1	5.75	-3	5.8125
142	0	0	0	0	-1	7
143	212	213	1	5.3	-3	6
144	0	0	0	0	-1	7.2
145	214	215	2	0.7825	-3	6.33333333333333
146	216	217	10	0.835	-3	5.06666666666667
147	218	219	9	2.96	-3	5.33090909090909
148	220	221	1	7.5	-3	5.85507246376812
149	222	223	6	7.5	-3	6.4375
150	224	225	9	3.215	-3	6.73913043478261
151	226	227	8	1.00166	-3	6.22222222222222
152	0	0	0	0	-1	6
153	0	0	0	0	-1	5
154	0	0	0	0	-1	6
155	0	0	0	0	-1	6
156	0	0	0	0	-1	6
157	228	229	7	0	-3	5
158	230	231	1	11.65	-3	6.07692307692308
159	0	0	0	0	-1	5
160	232	233	4	2.1	-3	6.75
161	234	235	10	0.76	-3	6.26666666666667
162	236	237	7	58.5	-3	5.09523809523809
163	238	239	8	0.997245	-3	5.46666666666667
164	240	241	2	0.375	-3	6.08
165	242	243	1	11.75	-3	5.56818181818182
166	0	0	0	0	-1	5
167	0	0	0	0	-1	5
168	0	0	0	0	-1	5
169	0	0	0	0	-1	6
170	244	245	10	0.605	-3	5.90909090909091
171	246	247	3	0.545	-3	6.84615384615385
172	0	0	0	0	-1	6
173	248	249	6	3.5	-3	6.84615384615385
174	250	251	6	21	-3	6.26315789473684
175	0	0	0	0	-1	5.25
176	0	0	0	0	-1	6
177	0	0	0	0	-1	7
178	252	253	8	0.99658	-3	6.60655737704918
179	254	255	5	0.078	-3	6.21739130434783
180	256	257	5	0.0765	-3	6
181	0	0	0	0	-1	6
182	0	0	0	0	-1	6
183	0	0	0	0	-1	5
184	0	0	0	0	-1	5
185	0	0	0	0	-1	5
186	0	0	0	0	-1	6
187	258	259	6	0	-3	5
188	260	261	1	8.5	-3	4
189	0	0	0	0	-1	5
190	0	0	0	0	-1	6
191	262	263	9	3.32	-3	5
192	0	0	0	0	-1	6
193	264	265	3	0.24	-3	5
194	266	267	10	0.475	-3	5.88888888888889
195	0	0	0	0	-1	5
196	268	269	7	26.5	-3	5.16216216216216
197	0	0	0	0	-1	4
198	270	271	1	8.2	-3	4.73076923076923
199	0	0	0	0	-1	6
200	272	273	3	3.21	-3	6
201	274	275	7	16	-3	5.24444444444444
202	0	0	0	0	-1	6
203	276	277	5	0.0675	-3	5.07407407407407
204	0	0	0	0	-1	5.75
205	0	0	0	0	-1	6
206	0	0	0	0	-1	5.25
207	278	279	1	8.55	-3	6.01204819277108
208	0	0	0	0	-1	4
209	280	281	8	0.99389	-3	5.18181818181818
210	0	0	0	0	-1	5
211	282	283	11	10	-3	5.92857142857143
212	284	285	9	3.695	-3	6.33333333333333
213	286	287	8	0.99365	-3	5.77777777777778
214	288	289	3	0.165	-3	6
215	0	0	0	0	-1	7
216	290	291	7	13	-3	5.203125
217	292	293	4	1.55	-3	4.27272727272727
218	0	0	0	0	-1	6
219	294	295	6	19.5	-3	5.3210332103321
220	296	297	3	0.255	-3	6.27272727272727
221	298	299	5	0.093	-3	5.77586206896552
222	0	0	0	0	-1	5
223	300	301	10	0.7	-3	6.53333333333333
224	302	303	11	12.9	-3	6.66666666666667
225	0	0	0	0	-1	7.5
226	304	305	11	19.5	-3	6
227	0	0	0	0	-1	7
228	0	0	0	0	-1	6
229	306	307	3	0.395	-3	5
230	308	309	2	0.21	-3	5.90909090909091
231	0	0	0	0	-1	7
232	0	0	0	0	-1	6
233	310	311	6	13	-3	7
234	0	0	0	0	-1	7
235	312	313	3	0.545	-3	6.21428571428571
236	314	315	1	8.7	-3	5
237	0	0	0	0	-1	6
238	316	317	4	2.55	-3	5.94117647058824
239	318	319	1	6.95	-3	5.17857142857143
240	0	0	0	0	-1	5.8
241	320	321	10	0.695	-3	6.15
242	322	323	3	0.56	-3	5.45714285714286
243	0	0	0	0	-1	6
244	324	325	2	0.29	-3	6.11111111111111
245	0	0	0	0	-1	5
246	326	327	3	0.48	-3	6.91666666666667
247	0	0	0	0	-1	6
248	0	0	0	0	-1	6
249	328	329	4	5.05	-3	6.859375
250	330	331	3	0.37	-3	6.07692307692308
251	332	333	1	7.55	-3	6.66666666666667
252	334	335	7	14	-3	6.42105263157895
253	336	337	6	13.5	-3	6.91304347826087
254	338	339	1	7.5	-3	6.6
255	340	341	4	5.15	-3	5.92307692307692
256	342	343	9	28	-3	6
257	0	0	0	0	-1	6
258	0	0	0	0	-1	6
259	344	345	9	3.42	-3	5
260	346	347	4	7.5	-3	4
261	0	0	0	0	-1	4
262	0	0	0	0	-1	5
263	0	0	0	0	-1	5
264	348	349	7	58.5	-3	5
265	0	0	0	0	-1	5
266	0	0	0	0	-1	7
267	350	351	2	0.9375	-3	5.83720930232558
268	352	353	1	6.7	-3	5.07142857142857
269	354	355	9	3.325	-3	5.28125
270	356	357	8	0.997815	-3	5
271	358	359	9	3.215	-3	4.5625
272	360	361	2	0	-3	6
273	0	0	0	0	-1	6
274	362	363	5	0.0865	-3	4.71428571428571
275	364	365	3	0.16	-3	5.34210526315789
276	0	0	0	0	-1	5.6
277	366	367	3	0.225	-3	5.05384615384615
278	368	369	2	0.435	-3	6.0379746835443
279	0	0	0	0	-1	5.5
280	0	0	0	0	-1	6
281	370	371	7	44.5	-3	5.1
282	0	0	0	0	-1	5
283	372	373	1	5.95	-3	6
284	0	0	0	0	-1	7
285	0	0	0	0	-1	6
286	374	375	9	0	-3	6
287	0	0	0	0	-1	5
288	0	0	0	0	-1	6
289	0	0	0	0	-1	6
290	376	377	9	3.505	-3	4.25
291	378	379	6	14.5	-3	5.33928571428571
292	0	0	0	0	-1	3.4
293	0	0	0	0	-1	5
294	380	381	7	100	-3	5.43312101910828
295	382	383	2	0.485	-3	5.16666666666667
296	384	385	9	3.47	-3	6.55555555555556
297	0	0	0	0	-1	5
298	386	387	2	0.835	-3	5.89583333333333
299	388	389	5	0.1175	-3	5.2
300	390	391	5	0.0765	-3	6.33333333333333
301	392	393	1	9.1	-3	6.83333333333333
302	394	395	1	11.65	-3	6.77777777777778
303	0	0	0	0	-1	6
304	396	397	4	3.055	-3	6
305	0	0	0	0	-1	6
306	0	0	0	0	-1	5
307	0	0	0	0	-1	5
308	0	0	0	0	-1	5
309	0	0	0	0	-1	6
310	398	399	10	0.83	-3	7.125
311	0	0	0	0	-1	6
312	400	401	9	3.15	-3	6.15384615384615
313	0	0	0	0	-1	7
314	402	403	7	47.5	-3	4.88235294117647
315	0	0	0	0	-1	6
316	404	405	1	7.25	-3	6
317	0	0	0	0	-1	5.5
318	0	0	0	0	-1	6
319	406	407	2	0.345	-3	5.14814814814815
320	408	409	4	2.05	-3	6
321	410	411	11	10.3	-3	6.42857142857143
322	412	413	6	22.5	-3	5.64
323	414	415	11	10.15	-3	5
324	416	417	7	8.5	-3	6
325	0	0	0	0	-1	6.33333333333333
326	418	419	11	10.95	-3	7
327	0	0	0	0	-1	6.75
328	420	421	7	35	-3	6.9
329	0	0	0	0	-1	6.25
330	422	423	7	40	-3	6.16666666666667
331	0	0	0	0	-1	6
332	0	0	0	0	-1	6
333	0	0	0	0	-1	7
334	424	425	5	0.1075	-3	6.85714285714286
335	426	427	6	12.5	-3	6.32258064516129
336	428	429	5	0.1055	-3	6.80952380952381
337	0	0	0	0	-1	8
338	430	431	9	3.32	-3	6.85714285714286
339	0	0	0	0	-1	6
340	432	433	8	0.994	-3	6
341	0	0	0	0	-1	5
342	434	435	4	2.1	-3	6
343	0	0	0	0	-1	6
344	0	0	0	0	-1	5
345	0	0	0	0	-1	5
346	0	0	0	0	-1	4
347	0	0	0	0	-1	4
348	0	0	0	0	-1	5
349	436	437	3	0	-3	5
350	438	439	9	3.505	-3	5.88095238095238
351	0	0	0	0	-1	4
352	0	0	0	0	-1	5.4
353	440	441	4	1.45	-3	5.02702702702703
354	442	443	5	0.0795	-3	5.5
355	444	445	5	0.083	-3	5.0625
356	0	0	0	0	-1	5
357	446	447	1	0	-3	5
358	448	449	2	0	-3	5
359	450	451	4	3.125	-3	4.3
360	0	0	0	0	-1	5
361	452	453	7	0.305	-3	6
362	0	0	0	0	-1	5
363	0	0	0	0	-1	4
364	454	455	11	9.45	-3	5.625
365	456	457	8	0.99985	-3	5.13636363636364
366	458	459	8	0.99676	-3	5.125
367	460	461	2	0.825	-3	4.98484848484849
368	0	0	0	0	-1	7
369	462	463	7	43.5	-3	6.01298701298701
370	464	465	11	0	-3	5
371	0	0	0	0	-1	6
372	0	0	0	0	-1	6
373	0	0	0	0	-1	6
374	0	0	0	0	-1	6
375	466	467	11	12.45	-3	6
376	0	0	0	0	-1	5
377	0	0	0	0	-1	3
378	468	469	4	1.5	-3	5.25
379	470	471	2	0.555	-3	5.5
380	472	473	2	0.6475	-3	5.4963503649635
381	474	475	3	0.215	-3	5
382	476	477	7	87.5	-3	5.35714285714286
383	478	479	11	10.35	-3	5.1046511627907
384	0	0	0	0	-1	7
385	480	481	8	0.99692	-3	6.33333333333333
386	482	483	2	0.595	-3	5.93617021276596
387	0	0	0	0	-1	4
388	0	0	0	0	-1	5
389	0	0	0	0	-1	5.66666666666667
390	0	0	0	0	-1	6
391	0	0	0	0	-1	6.6
392	0	0	0	0	-1	6.5
393	0	0	0	0	-1	7
394	0	0	0	0	-1	7
395	484	485	3	0.645	-3	6.6
396	0	0	0	0	-1	6
397	0	0	0	0	-1	6
398	0	0	0	0	-1	8
399	486	487	1	10.1	-3	7
400	0	0	0	0	-1	7
401	488	489	3	0.475	-3	6.08333333333333
402	490	491	4	1.9	-3	5.09090909090909
403	492	493	2	0.345	-3	4.5
404	0	0	0	0	-1	6
405	0	0	0	0	-1	6
406	0	0	0	0	-1	6
407	494	495	5	0.1555	-3	5.04166666666667
408	0	0	0	0	-1	6
409	496	497	10	3.29	-3	6
410	0	0	0	0	-1	6.6
411	0	0	0	0	-1	6
412	498	499	7	21.5	-3	5.76190476190476
413	0	0	0	0	-1	5
414	500	501	2	0	-3	5
415	0	0	0	0	-1	5
416	0	0	0	0	-1	6
417	0	0	0	0	-1	6
418	0	0	0	0	-1	7
419	502	503	10	0.76	-3	7
420	504	505	6	6.5	-3	6.93103448275862
421	0	0	0	0	-1	6
422	0	0	0	0	-1	6
423	0	0	0	0	-1	6.5
424	0	0	0	0	-1	7.2
425	0	0	0	0	-1	6
426	506	507	11	13.05	-3	6.14285714285714
427	508	509	7	28.5	-3	6.7
428	510	511	2	0.355	-3	6.88888888888889
429	0	0	0	0	-1	6.33333333333333
430	0	0	0	0	-1	6
431	512	513	7	40	-3	7
432	0	0	0	0	-1	6
433	514	515	10	0	-3	6
434	516	517	2	0.365	-3	6
435	0	0	0	0	-1	6
436	0	0	0	0	-1	5
437	0	0	0	0	-1	5
438	518	519	11	10.2	-3	6
439	520	521	9	3.58	-3	5.44444444444444
440	0	0	0	0	-1	6
441	522	523	4	1.9	-3	5
442	524	525	1	8.35	-3	6
443	526	527	10	0.495	-3	5.11111111111111
444	528	529	11	9.15	-3	4.92857142857143
445	0	0	0	0	-1	6
446	0	0	0	0	-1	5
447	530	531	7	19.5	-3	5
448	0	0	0	0	-1	5
449	0	0	0	0	-1	5
450	532	533	10	0.5	-3	4.125
451	0	0	0	0	-1	5
452	0	0	0	0	-1	5
453	0	0	0	0	-1	6
454	0	0	0	0	-1	5
455	534	535	2	0.755	-3	5.83333333333333
456	536	537	3	0.23	-3	5.05
457	0	0	0	0	-1	6
458	538	539	7	100.5	-3	5
459	540	541	8	0.997185	-3	5.21052631578947
460	542	543	4	2.225	-3	5
461	544	545	2	0.855	-3	4.875
462	546	547	8	0.995195	-3	6.02816901408451
463	548	549	6	35	-3	5.83333333333333
464	0	0	0	0	-1	6
465	550	551	3	0.105	-3	5
466	0	0	0	0	-1	6
467	0	0	0	0	-1	6
468	552	553	8	0.99755	-3	5.66666666666667
469	554	555	9	3.265	-3	5.11111111111111
470	556	557	3	0.205	-3	5.16666666666667
471	558	559	5	0.0725	-3	5.64285714285714
472	560	561	5	0.0765	-3	5.58947368421053
473	562	563	7	18	-3	5.28571428571429
474	0	0	0	0	-1	5
475	564	565	11	0.077	-3	5
476	566	567	5	0.0675	-3	5.83333333333333
477	568	569	1	9.15	-3	5
478	570	571	2	0.595	-3	5.07228915662651
479	0	0	0	0	-1	6
480	0	0	0	0	-1	6
481	0	0	0	0	-1	7
482	572	573	1	8.8	-3	6.12
483	574	575	4	1.95	-3	5.72727272727273
484	576	577	11	10.45	-3	6.42857142857143
485	0	0	0	0	-1	7
486	0	0	0	0	-1	7
487	0	0	0	0	-1	7
488	0	0	0	0	-1	6.5
489	0	0	0	0	-1	6
490	578	579	11	10.4	-3	5
491	0	0	0	0	-1	5.5
492	0	0	0	0	-1	5
493	0	0	0	0	-1	4
494	580	581	7	57.5	-3	5
495	0	0	0	0	-1	6
496	0	0	0	0	-1	6
497	0	0	0	0	-1	6
498	0	0	0	0	-1	5
499	582	583	7	41	-3	6
500	0	0	0	0	-1	5
501	584	585	6	7	-3	5
502	0	0	0	0	-1	7
503	0	0	0	0	-1	7
504	586	587	5	0.055	-3	6.84
505	588	589	9	0	-3	7
506	590	591	4	3.45	-3	6.1
507	0	0	0	0	-1	7
508	592	593	8	0.99507	-3	6.5
509	0	0	0	0	-1	7.5
510	0	0	0	0	-1	7.5
511	594	595	9	3.115	-3	6.71428571428571
512	0	0	0	0	-1	7
513	0	0	0	0	-1	7
514	0	0	0	0	-1	7
515	596	597	4	2.65	-3	6
516	0	0	0	0	-1	6
517	0	0	0	0	-1	6
518	0	0	0	0	-1	5
519	598	599	7	16	-3	6.03125
520	0	0	0	0	-1	5
521	0	0	0	0	-1	6
522	0	0	0	0	-1	5
523	600	601	8	0.99596	-3	5
524	0	0	0	0	-1	6
525	0	0	0	0	-1	6
526	0	0	0	0	-1	6
527	602	603	9	3.14	-3	5
528	0	0	0	0	-1	4
529	604	605	2	0.475	-3	5
530	0	0	0	0	-1	5
531	0	0	0	0	-1	5
532	0	0	0	0	-1	5
533	606	607	1	9.5	-3	4
534	608	609	4	2.05	-3	6
535	0	0	0	0	-1	5
536	610	611	10	0.555	-3	5.28571428571429
537	612	613	7	42.5	-3	4.92307692307692
538	614	615	10	0.53	-3	5
539	616	617	1	23	-3	5
540	618	619	6	12.5	-3	5.6
541	620	621	3	0.025	-3	5.07142857142857
542	622	623	3	0.325	-3	5
543	624	625	3	0.285	-3	5
544	0	0	0	0	-1	4.5
545	626	627	7	0.95	-3	5
546	628	629	5	0.0895	-3	6.09090909090909
547	630	631	2	0.675	-3	5.92592592592593
548	0	0	0	0	-1	5.5
549	0	0	0	0	-1	6
550	632	633	4	0	-3	5
551	0	0	0	0	-1	5
552	0	0	0	0	-1	6
553	0	0	0	0	-1	4.5
554	634	635	7	20	-3	5.28571428571429
555	636	637	8	0.9974	-3	5.05
556	0	0	0	0	-1	5
557	0	0	0	0	-1	6
558	0	0	0	0	-1	5
559	638	639	10	0.745	-3	5.9
560	640	641	9	3.5	-3	5.14814814814815
561	642	643	9	3.62	-3	5.76470588235294
562	0	0	0	0	-1	6
563	644	645	2	0.7725	-3	5.18918918918919
564	0	0	0	0	-1	6
565	646	647	11	9.65	-3	5
566	0	0	0	0	-1	7
567	648	649	9	3.34	-3	5.72727272727273
568	0	0	0	0	-1	5
569	0	0	0	0	-1	5
570	650	651	4	14.6	-3	5.14634146341463
571	652	653	8	0.996185	-3	5
572	0	0	0	0	-1	6.75
573	654	655	8	0.99955	-3	6
574	0	0	0	0	-1	5.2
575	656	657	8	0.9971	-3	5.88235294117647
576	0	0	0	0	-1	6
577	0	0	0	0	-1	6.6
578	0	0	0	0	-1	5
579	0	0	0	0	-1	5
580	658	659	4	1.7	-3	5
581	0	0	0	0	-1	5
582	0	0	0	0	-1	6
583	660	661	2	0.405	-3	6
584	0	0	0	0	-1	5
585	0	0	0	0	-1	5
586	0	0	0	0	-1	6.33333333333333
587	662	663	1	9.8	-3	6.90909090909091
588	0	0	0	0	-1	6
589	664	665	11	0	-3	7
590	666	667	10	0.745	-3	6.05555555555556
591	0	0	0	0	-1	6.5
592	0	0	0	0	-1	6.8
593	0	0	0	0	-1	6
594	0	0	0	0	-1	6
595	668	669	5	0.0655	-3	6.83333333333333
596	670	671	9	0	-3	6
597	0	0	0	0	-1	6
598	0	0	0	0	-1	6.5
599	672	673	1	6.15	-3	6
600	674	675	8	0	-3	5
601	676	677	10	0	-3	5
602	0	0	0	0	-1	5
603	0	0	0	0	-1	5
604	0	0	0	0	-1	5
605	678	679	6	8.5	-3	5
606	0	0	0	0	-1	4
607	0	0	0	0	-1	4
608	0	0	0	0	-1	6.5
609	680	681	4	2.85	-3	5.875
610	0	0	0	0	-1	5
611	0	0	0	0	-1	6
612	682	683	6	10	-3	5
613	0	0	0	0	-1	4
614	0	0	0	0	-1	5
615	684	685	8	0.9954	-3	5
616	686	687	4	2.15	-3	5
617	0	0	0	0	-1	5
618	0	0	0	0	-1	5
619	688	689	7	3.2	-3	6
620	0	0	0	0	-1	5.5
621	690	691	5	0.0745	-3	5.03846153846154
622	0	0	0	0	-1	5
623	692	693	9	3.18	-3	5
624	0	0	0	0	-1	5
625	694	695	5	0.0785	-3	5
626	0	0	0	0	-1	5
627	0	0	0	0	-1	5
628	696	697	11	10.575	-3	6.02702702702703
629	698	699	8	0.99495	-3	6.42857142857143
630	700	701	10	0.59	-3	6
631	702	703	8	0.99554	-3	5.66666666666667
632	0	0	0	0	-1	6
633	704	705	8	0.99449	-3	5
634	0	0	0	0	-1	6
635	0	0	0	0	-1	5
636	706	707	3	0.035	-3	5
637	0	0	0	0	-1	6
638	708	709	9	0.015	-3	6
639	0	0	0	0	-1	5
640	710	711	4	8.45	-3	5.08333333333333
641	0	0	0	0	-1	5.66666666666667
642	712	713	7	24.5	-3	5.82258064516129
643	714	715	10	0.82	-3	5.16666666666667
644	716	717	1	9.35	-3	5.125
645	0	0	0	0	-1	5.6
646	718	719	11	0	-3	5
647	0	0	0	0	-1	5
648	0	0	0	0	-1	5
649	720	721	4	2.2	-3	6
650	722	723	5	0.0875	-3	5.1025641025641
651	0	0	0	0	-1	6
652	0	0	0	0	-1	6
653	724	725	9	3.585	-3	4.97560975609756
654	726	727	9	3.205	-3	6
655	0	0	0	0	-1	6
656	0	0	0	0	-1	5.6
657	728	729	7	25	-3	6
658	0	0	0	0	-1	5
659	730	731	8	0	-3	5
660	0	0	0	0	-1	6
661	732	733	2	9.95	-3	6
662	734	735	6	5	-3	7
663	736	737	10	0.685	-3	6.8
664	0	0	0	0	-1	7
665	0	0	0	0	-1	7
666	738	739	9	3.135	-3	6
667	0	0	0	0	-1	6.2
668	0	0	0	0	-1	6
669	740	741	6	6.5	-3	7
670	0	0	0	0	-1	5
671	742	743	7	37	-3	6
672	0	0	0	0	-1	6
673	744	745	8	0.99276	-3	6
674	0	0	0	0	-1	6
675	746	747	2	0.7375	-3	5
676	0	0	0	0	-1	5
677	748	749	4	7.45	-3	5
678	0	0	0	0	-1	5
679	750	751	2	0	-3	5
680	0	0	0	0	-1	6
681	0	0	0	0	-1	5.66666666666667
682	752	753	2	0.615	-3	5
683	0	0	0	0	-1	5
684	0	0	0	0	-1	5
685	754	755	4	0	-3	5
686	0	0	0	0	-1	5
687	0	0	0	0	-1	5
688	0	0	0	0	-1	5
689	0	0	0	0	-1	6
690	0	0	0	0	-1	5.25
691	756	757	1	0	-3	5
692	758	759	8	0	-3	5
693	760	761	10	0	-3	5
694	0	0	0	0	-1	5
695	762	763	2	67.5	-3	5
696	0	0	0	0	-1	6.2
697	764	765	1	7.15	-3	6
698	0	0	0	0	-1	6
699	0	0	0	0	-1	7
700	766	767	4	2.15	-3	6
701	768	769	6	10.5	-3	6
702	0	0	0	0	-1	5
703	0	0	0	0	-1	6
704	0	0	0	0	-1	5
705	0	0	0	0	-1	5
706	0	0	0	0	-1	5
707	0	0	0	0	-1	5
708	0	0	0	0	-1	6
709	770	771	11	0.996115	-3	6
710	772	773	6	16	-3	5
711	0	0	0	0	-1	6
712	774	775	7	18.5	-3	5.4
713	776	777	4	2.95	-3	5.90384615384615
714	0	0	0	0	-1	5
715	0	0	0	0	-1	6
716	778	779	11	9.25	-3	5.03448275862069
717	0	0	0	0	-1	6
718	0	0	0	0	-1	5
719	780	781	11	9.45	-3	5
720	0	0	0	0	-1	6
721	0	0	0	0	-1	6
722	782	783	8	0.996945	-3	5
723	784	785	9	3.4	-3	5.17391304347826
724	786	787	8	0.999145	-3	5
725	0	0	0	0	-1	4.5
726	0	0	0	0	-1	6
727	788	789	4	2.25	-3	6
728	0	0	0	0	-1	6
729	790	791	5	0.0865	-3	6
730	0	0	0	0	-1	5
731	792	793	5	1.0002	-3	5
732	794	795	3	0.49	-3	6
733	0	0	0	0	-1	6
734	0	0	0	0	-1	7
735	0	0	0	0	-1	7
736	0	0	0	0	-1	6
737	796	797	11	11.05	-3	6.88888888888889
738	0	0	0	0	-1	6
739	798	799	2	0.385	-3	6
740	0	0	0	0	-1	7
741	0	0	0	0	-1	7
742	0	0	0	0	-1	6
743	0	0	0	0	-1	6
744	0	0	0	0	-1	6
745	800	801	3	0.105	-3	6
746	802	803	9	3.295	-3	5
747	0	0	0	0	-1	5
748	0	0	0	0	-1	5
749	0	0	0	0	-1	5
750	0	0	0	0	-1	7
751	804	805	5	13	-3	5
752	0	0	0	0	-1	5
753	0	0	0	0	-1	5
754	0	0	0	0	-1	5
755	0	0	0	0	-1	5
756	0	0	0	0	-1	7
757	806	807	5	0.0765	-3	5
758	0	0	0	0	-1	6
759	808	809	5	0.655	-3	5
760	0	0	0	0	-1	5
761	810	811	9	0	-3	5
762	812	813	2	0.595	-3	5
763	0	0	0	0	-1	5
764	814	815	4	25	-3	6
765	0	0	0	0	-1	6
766	0	0	0	0	-1	6
767	0	0	0	0	-1	6
768	0	0	0	0	-1	6
769	816	817	3	0.26	-3	6
770	0	0	0	0	-1	6
771	818	819	3	0	-3	6
772	0	0	0	0	-1	5
773	0	0	0	0	-1	5
774	820	821	6	7	-3	5.66666666666667
775	0	0	0	0	-1	5
776	822	823	9	3.09	-3	5.95918367346939
777	0	0	0	0	-1	5
778	0	0	0	0	-1	4.33333333333333
779	824	825	4	2.05	-3	5.11538461538461
780	0	0	0	0	-1	5
781	0	0	0	0	-1	5
782	826	827	1	0	-3	5
783	0	0	0	0	-1	5
784	828	829	2	0.575	-3	5.13636363636364
785	0	0	0	0	-1	6
786	830	831	3	0.31	-3	5
787	832	833	1	9.65	-3	5
788	0	0	0	0	-1	6
789	0	0	0	0	-1	6
790	834	835	10	0.695	-3	6
791	0	0	0	0	-1	6
792	836	837	9	3.095	-3	5
793	0	0	0	0	-1	5
794	838	839	4	0	-3	6
795	0	0	0	0	-1	6
796	0	0	0	0	-1	6.8
797	0	0	0	0	-1	7
798	840	841	6	7.5	-3	6
799	0	0	0	0	-1	6
800	842	843	8	0	-3	6
801	0	0	0	0	-1	6
802	0	0	0	0	-1	5
803	0	0	0	0	-1	5
804	0	0	0	0	-1	5
805	0	0	0	0	-1	5
806	0	0	0	0	-1	5
807	844	845	11	9.65	-3	5
808	0	0	0	0	-1	5
809	0	0	0	0	-1	5
810	0	0	0	0	-1	6
811	0	0	0	0	-1	5
812	0	0	0	0	-1	5
813	0	0	0	0	-1	5
814	846	847	2	0.55	-3	6
815	0	0	0	0	-1	6
816	848	849	10	0.71	-3	6
817	0	0	0	0	-1	6
818	0	0	0	0	-1	6
819	0	0	0	0	-1	6
820	0	0	0	0	-1	5.33333333333333
821	0	0	0	0	-1	6
822	0	0	0	0	-1	5
823	850	851	1	6.95	-3	5.97916666666667
824	852	853	2	0.6725	-3	5.375
825	0	0	0	0	-1	5
826	0	0	0	0	-1	7
827	0	0	0	0	-1	5
828	0	0	0	0	-1	5
829	854	855	8	0.999775	-3	5.42857142857143
830	856	857	5	0	-3	5
831	858	859	1	9.3	-3	5
832	860	861	2	0	-3	5
833	0	0	0	0	-1	5
834	0	0	0	0	-1	6
835	0	0	0	0	-1	6
836	0	0	0	0	-1	5
837	0	0	0	0	-1	5
838	0	0	0	0	-1	7
839	0	0	0	0	-1	6
840	0	0	0	0	-1	6
841	0	0	0	0	-1	6
842	0	0	0	0	-1	5
843	0	0	0	0	-1	6
844	862	863	5	0.093	-3	5
845	864	865	10	0.087	-3	5
846	866	867	6	4.5	-3	6
847	868	869	5	0.0575	-3	6
848	870	871	5	0.08	-3	6
849	0	0	0	0	-1	6
850	0	0	0	0	-1	5
851	872	873	2	0.45	-3	6
852	0	0	0	0	-1	6
853	0	0	0	0	-1	5
854	0	0	0	0	-1	5.75
855	0	0	0	0	-1	5
856	0	0	0	0	-1	6
857	0	0	0	0	-1	5
858	874	875	10	0	-3	5
859	0	0	0	0	-1	5
860	0	0	0	0	-1	5
861	876	877	7	142.5	-3	5
862	0	0	0	0	-1	5
863	0	0	0	0	-1	5
864	0	0	0	0	-1	5
865	878	879	4	2.55	-3	5
866	0	0	0	0	-1	6
867	880	881	1	6.65	-3	6
868	0	0	0	0	-1	6
869	0	0	0	0	-1	6
870	0	0	0	0	-1	6
871	882	883	10	0.65	-3	6
872	0	0	0	0	-1	5.5
873	884	885	8	0.996885	-3	6.02222222222222
874	0	0	0	0	-1	6
875	886	887	3	29.5	-3	5
876	0	0	0	0	-1	5
877	0	0	0	0	-1	5
878	0	0	0	0	-1	5
879	0	0	0	0	-1	5
880	0	0	0	0	-1	6
881	888	889	2	0.445	-3	6
882	0	0	0	0	-1	6
883	0	0	0	0	-1	6
884	890	891	10	0.61	-3	6.22222222222222
885	892	893	7	81.5	-3	5.97222222222222
886	0	0	0	0	-1	5
887	0	0	0	0	-1	5
888	0	0	0	0	-1	6
889	894	895	11	11.35	-3	6
890	0	0	0	0	-1	6
891	0	0	0	0	-1	7
892	896	897	2	0.505	-3	6.04
893	898	899	5	0.0815	-3	5.81818181818182
894	0	0	0	0	-1	6
895	0	0	0	0	-1	6
896	0	0	0	0	-1	7
897	900	901	6	6	-3	6
898	902	903	9	3.505	-3	6
899	0	0	0	0	-1	5.5
900	0	0	0	0	-1	6
901	904	905	5	0.0845	-3	6
902	0	0	0	0	-1	6
903	0	0	0	0	-1	6
904	906	907	11	9.75	-3	6
905	0	0	0	0	-1	6
906	0	0	0	0	-1	6
907	908	909	5	0.081	-3	6
908	0	0	0	0	-1	6
909	0	0	0	0	-1	6
