1	2	3	10	0.635	-3	5.65040650406504
2	4	5	11	11.25	-3	5.3755707762557
3	6	7	8	0.99537	-3	5.98340248962655
4	8	9	11	10.95	-3	5.25890410958904
5	10	11	9	3.425	-3	5.95890410958904
6	12	13	9	3.575	-3	6.55844155844156
7	14	15	3	0.315	-3	5.82776801405975
8	16	17	10	0.545	-3	5.28924418604651
9	18	19	2	0.66	-3	4.76190476190476
10	20	21	11	11.35	-3	6.16279069767442
11	22	23	3	0.035	-3	5.66666666666667
12	24	25	7	17.5	-3	6.59183673469387
13	26	27	7	70.5	-3	5.85714285714286
14	28	29	7	80	-3	5.55555555555556
15	30	31	7	61.5	-3	6.04416403785489
16	32	33	9	3.585	-3	5.11392405063291
17	34	35	7	9.5	-3	5.43817204301075
18	36	37	11	11.05	-3	5.34782608695652
19	38	39	9	3.595	-3	4.05263157894737
20	0	0	0	0	-1	6.8
21	40	41	1	12.35	-3	6.12345679012346
22	42	43	10	0.625	-3	6.04
23	44	45	11	13.05	-3	5.4
24	46	47	9	3.42	-3	6.89655172413793
25	48	49	5	0.0565	-3	6.51694915254237
26	50	51	7	39	-3	6
27	0	0	0	0	-1	5
28	52	53	4	1.95	-3	5.64319248826291
29	54	55	4	1.55	-3	5.07692307692308
30	56	57	4	2.55	-3	6.21343873517786
31	58	59	2	0.31	-3	5.375
32	60	61	2	0.6625	-3	5.12738853503184
33	0	0	0	0	-1	3
34	0	0	0	0	-1	4.2
35	62	63	5	0.0615	-3	5.45504087193461
36	64	65	1	8.65	-3	5
37	66	67	10	0.605	-3	5.61538461538461
38	68	69	4	3.65	-3	3.94444444444445
39	0	0	0	0	-1	6
40	70	71	2	0.375	-3	6.15189873417722
41	0	0	0	0	-1	5
42	72	73	8	0.995535	-3	5.95238095238095
43	0	0	0	0	-1	6.5
44	74	75	3	0.135	-3	5.48484848484848
45	0	0	0	0	-1	4
46	76	77	3	0.49	-3	7
47	0	0	0	0	-1	6.25
48	78	79	9	3.205	-3	6.875
49	80	81	11	12.05	-3	6.42553191489362
50	0	0	0	0	-1	6
51	0	0	0	0	-1	6
52	82	83	10	0.83	-3	5.34246575342466
53	84	85	7	51.5	-3	5.8
54	0	0	0	0	-1	4
55	86	87	4	1.95	-3	5.10526315789474
56	88	89	7	35	-3	5.98
57	90	91	10	0.655	-3	6.55339805825243
58	92	93	4	2.1	-3	6.14285714285714
59	94	95	3	0.895	-3	5.28070175438596
60	96	97	3	0.335	-3	5.22072072072072
61	98	99	8	0.99492	-3	4.90217391304348
62	100	101	1	7.25	-3	6.125
63	102	103	3	0.315	-3	5.42450142450142
64	104	105	10	0	-3	5
65	0	0	0	0	-1	5
66	106	107	4	1.95	-3	5.8
67	0	0	0	0	-1	5
68	108	109	10	0.52	-3	3.71428571428571
69	110	111	3	0.19	-3	4.09090909090909
70	112	113	6	7.5	-3	6.33333333333333
71	114	115	4	6.25	-3	5.975
72	116	117	6	30	-3	6.05
73	0	0	0	0	-1	4
74	118	119	6	15.5	-3	5.23529411764706
75	120	121	6	5	-3	5.75
76	122	123	3	0.395	-3	6.95833333333333
77	0	0	0	0	-1	8
78	0	0	0	0	-1	5
79	124	125	8	0.9929	-3	6.95652173913044
80	126	127	1	8.6	-3	6.31944444444445
81	128	129	8	0.994155	-3	6.77272727272727
82	130	131	1	7.15	-3	5.47457627118644
83	132	133	3	0.115	-3	4.78571428571429
84	134	135	11	10.55	-3	5.88659793814433
85	136	137	4	5.2	-3	5.6046511627907
86	0	0	0	0	-1	5.5
87	138	139	1	10	-3	5.05882352941177
88	140	141	7	18.5	-3	6.10526315789474
89	142	143	10	0.845	-3	5.76363636363636
90	144	145	7	34	-3	7.57142857142857
91	146	147	4	5.15	-3	6.47916666666667
92	0	0	0	0	-1	7
93	0	0	0	0	-1	5.5
94	148	149	5	0.0755	-3	5.32727272727273
95	0	0	0	0	-1	4
96	150	151	3	0.235	-3	5.15976331360947
97	152	153	3	0.485	-3	5.41509433962264
98	0	0	0	0	-1	3.75
99	154	155	7	72	-3	4.95454545454546
100	156	157	4	3.8	-3	6.57142857142857
101	158	159	9	3.305	-3	5.77777777777778
102	160	161	7	12.5	-3	5.49242424242424
103	162	163	7	46.5	-3	5.2183908045977
104	0	0	0	0	-1	5
105	164	165	8	0.235	-3	5
106	0	0	0	0	-1	5.5
107	166	167	5	0.083	-3	5.875
108	0	0	0	0	-1	3
109	0	0	0	0	-1	4
110	168	169	2	0.76	-3	4
111	0	0	0	0	-1	5
112	170	171	1	9.9	-3	6.66666666666667
113	172	173	1	8.65	-3	6.125
114	174	175	4	3.9	-3	6.07894736842105
115	0	0	0	0	-1	4
116	176	177	6	27.5	-3	5.94444444444444
117	0	0	0	0	-1	7
118	178	179	7	29.5	-3	5.08333333333333
119	0	0	0	0	-1	5.6
120	0	0	0	0	-1	4
121	180	181	4	1.75	-3	5.86666666666667
122	182	183	1	8.5	-3	7.25
123	184	185	9	3.34	-3	6.8125
124	0	0	0	0	-1	7.4
125	186	187	10	0.735	-3	6.83333333333333
126	188	189	6	25.5	-3	6.24615384615385
127	190	191	11	11.4	-3	7
128	0	0	0	0	-1	6
129	192	193	11	12.8	-3	6.94444444444444
130	194	195	8	0.9957	-3	5.28571428571429
131	196	197	6	14.5	-3	5.75
132	0	0	0	0	-1	4.4
133	198	199	7	59.5	-3	5
134	200	201	9	3.55	-3	5.7
135	202	203	9	3.54	-3	6.37037037037037
136	204	205	8	0.996785	-3	5.66666666666667
137	0	0	0	0	-1	5
138	206	207	10	0.645	-3	5.09090909090909
139	0	0	0	0	-1	4
140	208	209	2	0.375	-3	5.90243902439024
141	210	211	1	8.85	-3	6.25925925925926
142	212	213	2	0.465	-3	5.87234042553191
143	214	215	1	10.3	-3	5.125
144	0	0	0	0	-1	8
145	0	0	0	0	-1	7
146	216	217	5	0.0575	-3	6.3375
147	218	219	1	10.1	-3	7.1875
148	220	221	8	0.99725	-3	4.875
149	222	223	1	9	-3	5.40425531914894
150	224	225	3	0.225	-3	5.26271186440678
151	226	227	2	0.29	-3	4.92156862745098
152	228	229	2	0.455	-3	5.6
153	230	231	3	0.505	-3	5.05555555555556
154	232	233	10	0.465	-3	4.85483870967742
155	234	235	7	82.5	-3	5.19230769230769
156	0	0	0	0	-1	6
157	0	0	0	0	-1	7
158	0	0	0	0	-1	6
159	0	0	0	0	-1	5
160	0	0	0	0	-1	3.66666666666667
161	236	237	5	0.0725	-3	5.51340996168582
162	238	239	9	3.08	-3	5.51282051282051
163	240	241	7	50.5	-3	4.97916666666667
164	0	0	0	0	-1	6
165	0	0	0	0	-1	5
166	0	0	0	0	-1	5.66666666666667
167	0	0	0	0	-1	6
168	0	0	0	0	-1	4
169	242	243	1	0.0875	-3	4
170	244	245	4	1.3	-3	6.9
171	0	0	0	0	-1	6.2
172	246	247	10	0.415	-3	6.28571428571429
173	0	0	0	0	-1	5
174	248	249	9	3.415	-3	5.96666666666667
175	250	251	4	4.3	-3	6.5
176	252	253	1	6.5	-3	6
177	0	0	0	0	-1	5
178	254	255	9	0	-3	5
179	0	0	0	0	-1	6
180	0	0	0	0	-1	5
181	256	257	6	9.5	-3	6
182	258	259	10	0.715	-3	7.14285714285714
183	0	0	0	0	-1	8
184	260	261	6	3.5	-3	6.92857142857143
185	0	0	0	0	-1	6
186	0	0	0	0	-1	6
187	262	263	10	0.775	-3	7.15384615384615
188	264	265	5	0.0605	-3	6.32558139534884
189	266	267	4	1.775	-3	6.09090909090909
190	0	0	0	0	-1	7
191	0	0	0	0	-1	7
192	268	269	3	0.21	-3	7.13333333333333
193	0	0	0	0	-1	6
194	270	271	10	0.705	-3	6.125
195	272	273	10	0.815	-3	5.03703703703704
196	274	275	5	0.0635	-3	5.84210526315789
197	0	0	0	0	-1	5.4
198	0	0	0	0	-1	5
199	0	0	0	0	-1	5
200	276	277	7	20.5	-3	5.83928571428571
201	278	279	7	27.5	-3	5.14285714285714
202	280	281	5	0.107	-3	6.15
203	282	283	2	0.725	-3	7
204	284	285	4	2.15	-3	6
205	286	287	2	0.65	-3	5.45833333333333
206	0	0	0	0	-1	6
207	288	289	6	10.5	-3	5.0625
208	290	291	5	0.086	-3	5.71428571428571
209	292	293	7	11.5	-3	6.1
210	294	295	2	0.235	-3	5.91304347826087
211	296	297	8	1.000075	-3	6.51612903225806
212	298	299	11	9.45	-3	5.76190476190476
213	0	0	0	0	-1	6.8
214	300	301	5	0.2185	-3	5.66666666666667
215	0	0	0	0	-1	3.5
216	0	0	0	0	-1	5
217	302	303	4	4.15	-3	6.38961038961039
218	304	305	2	0.43	-3	6.875
219	306	307	9	3.145	-3	7.5
220	0	0	0	0	-1	4
221	308	309	11	0	-3	5
222	310	311	11	9.45	-3	5.17391304347826
223	312	313	3	0.495	-3	5.625
224	314	315	4	1.25	-3	5.23684210526316
225	0	0	0	0	-1	6
226	0	0	0	0	-1	6
227	316	317	8	0.99578	-3	4.9
228	318	319	5	0.082	-3	5.5
229	320	321	11	9.7	-3	5.81818181818182
230	0	0	0	0	-1	5.2
231	322	323	7	62.5	-3	5
232	324	325	10	0.45	-3	4.5
233	326	327	7	10.5	-3	4.90740740740741
234	328	329	11	9.35	-3	5.66666666666667
235	330	331	2	0.77	-3	5.05
236	332	333	2	0.8875	-3	5.22222222222222
237	334	335	11	10.05	-3	5.57407407407407
238	0	0	0	0	-1	4.8
239	336	337	10	0.555	-3	5.61764705882353
240	0	0	0	0	-1	4.25
241	338	339	9	3.115	-3	5.04545454545455
242	0	0	0	0	-1	5
243	340	341	10	0.535	-3	4
244	0	0	0	0	-1	6
245	342	343	11	12.35	-3	7
246	0	0	0	0	-1	7
247	344	345	6	36.75	-3	6.11764705882353
248	346	347	6	3.5	-3	5.88461538461539
249	0	0	0	0	-1	6.5
250	0	0	0	0	-1	7
251	0	0	0	0	-1	6.2
252	348	349	11	12.6	-3	6
253	0	0	0	0	-1	6
254	0	0	0	0	-1	5
255	350	351	4	1.65	-3	5
256	0	0	0	0	-1	6
257	352	353	8	0.993765	-3	6
258	354	355	8	0.99448	-3	7
259	0	0	0	0	-1	8
260	0	0	0	0	-1	6
261	356	357	1	0	-3	7
262	0	0	0	0	-1	8
263	0	0	0	0	-1	7
264	358	359	1	6.05	-3	6
265	360	361	5	0.0655	-3	6.4375
266	0	0	0	0	-1	7
267	362	363	11	11.5	-3	6.04761904761905
268	0	0	0	0	-1	8
269	0	0	0	0	-1	7
270	364	365	4	0.17	-3	6
271	0	0	0	0	-1	7
272	0	0	0	0	-1	5
273	0	0	0	0	-1	6
274	0	0	0	0	-1	5
275	366	367	6	4.5	-3	5.88888888888889
276	0	0	0	0	-1	5.25
277	368	369	10	0.645	-3	5.88461538461539
278	0	0	0	0	-1	6
279	370	371	9	3.635	-3	5
280	372	373	9	3.41	-3	6.26315789473684
281	0	0	0	0	-1	4
282	0	0	0	0	-1	7
283	0	0	0	0	-1	7
284	0	0	0	0	-1	6
285	374	375	6	23.5	-3	6
286	376	377	6	33	-3	5.08333333333333
287	378	379	2	0.865	-3	5.83333333333333
288	0	0	0	0	-1	6
289	380	381	9	3.42	-3	5.03225806451613
290	382	383	8	0.996435	-3	5.9375
291	0	0	0	0	-1	5
292	0	0	0	0	-1	7
293	384	385	10	0.815	-3	5.94117647058824
294	0	0	0	0	-1	5
295	386	387	8	0.995505	-3	6.05
296	388	389	4	2.35	-3	6.56666666666667
297	0	0	0	0	-1	5
298	0	0	0	0	-1	5
299	390	391	10	0.72	-3	5.84210526315789
300	0	0	0	0	-1	6
301	0	0	0	0	-1	5
302	392	393	11	10.75	-3	6.46478873239437
303	394	395	7	35	-3	5.5
304	396	397	5	0.092	-3	7
305	0	0	0	0	-1	6
306	0	0	0	0	-1	7
307	0	0	0	0	-1	8
308	0	0	0	0	-1	5
309	398	399	3	0	-3	5
310	400	401	10	1.115	-3	5
311	402	403	7	95.5	-3	5.4
312	404	405	2	0.745	-3	6
313	406	407	4	2.1	-3	5.30769230769231
314	0	0	0	0	-1	7
315	408	409	11	9.125	-3	5.17272727272727
316	410	411	1	6.7	-3	4.375
317	412	413	1	8.7	-3	5
318	414	415	10	0.465	-3	5.8
319	416	417	2	0.415	-3	5
320	0	0	0	0	-1	5
321	418	419	6	0	-3	6
322	420	421	6	5.5	-3	5
323	422	423	1	0	-3	5
324	424	425	1	7.8	-3	4.66666666666667
325	0	0	0	0	-1	4
326	0	0	0	0	-1	6
327	426	427	5	0.0815	-3	4.88679245283019
328	0	0	0	0	-1	5
329	0	0	0	0	-1	6
330	428	429	10	95.5	-3	5
331	430	431	2	0.8025	-3	5.14285714285714
332	432	433	5	0.064	-3	5.14634146341463
333	0	0	0	0	-1	6
334	434	435	7	100	-3	5.44755244755245
335	436	437	2	0.655	-3	5.82191780821918
336	0	0	0	0	-1	5
337	438	439	7	36	-3	5.67741935483871
338	440	441	4	2.85	-3	5.22222222222222
339	442	443	10	0.615	-3	5
340	0	0	0	0	-1	4
341	0	0	0	0	-1	4
342	0	0	0	0	-1	7
343	0	0	0	0	-1	7
344	444	445	7	40	-3	6
345	0	0	0	0	-1	6.66666666666667
346	0	0	0	0	-1	5.5
347	446	447	4	2.2	-3	5.91666666666667
348	448	449	2	6.2	-3	6
349	0	0	0	0	-1	6
350	0	0	0	0	-1	5
351	0	0	0	0	-1	5
352	0	0	0	0	-1	6
353	450	451	9	0	-3	6
354	0	0	0	0	-1	7
355	0	0	0	0	-1	7
356	0	0	0	0	-1	6
357	452	453	2	0.325	-3	7
358	0	0	0	0	-1	6
359	0	0	0	0	-1	6
360	454	455	8	0.99457	-3	6.88888888888889
361	456	457	6	23	-3	6.26086956521739
362	458	459	5	0.0615	-3	6
363	460	461	3	0.07	-3	6.16666666666667
364	0	0	0	0	-1	6
365	462	463	7	40	-3	6
366	0	0	0	0	-1	5.5
367	464	465	2	0.425	-3	6
368	466	467	3	0.185	-3	5.55555555555556
369	468	469	2	0.8575	-3	5.95348837209302
370	0	0	0	0	-1	5
371	470	471	5	0	-3	5
372	472	473	5	0.0885	-3	6.41666666666667
373	0	0	0	0	-1	6
374	0	0	0	0	-1	6
375	474	475	8	0	-3	6
376	476	477	2	0	-3	5
377	0	0	0	0	-1	6
378	478	479	1	6.75	-3	5.90909090909091
379	0	0	0	0	-1	5
380	480	481	5	0.0815	-3	5
381	0	0	0	0	-1	6
382	0	0	0	0	-1	7
383	482	483	1	10.2	-3	5.78571428571429
384	484	485	4	2.3	-3	6.14285714285714
385	0	0	0	0	-1	5
386	0	0	0	0	-1	6.66666666666667
387	486	487	8	0.99625	-3	5.94117647058824
388	488	489	10	0.775	-3	6.70833333333333
389	490	491	8	0.9996	-3	6
390	492	493	6	20.5	-3	5.58823529411765
391	494	495	4	1.55	-3	6.04761904761905
392	496	497	8	0.9979	-3	6.14285714285714
393	498	499	3	0.465	-3	6.67441860465116
394	0	0	0	0	-1	5.25
395	0	0	0	0	-1	6
396	0	0	0	0	-1	7
397	0	0	0	0	-1	7
398	0	0	0	0	-1	5
399	0	0	0	0	-1	5
400	500	501	8	0	-3	5
401	502	503	3	0.5	-3	5
402	0	0	0	0	-1	6
403	0	0	0	0	-1	5
404	504	505	8	0.9977	-3	6.1
405	0	0	0	0	-1	5
406	0	0	0	0	-1	6
407	506	507	9	3.155	-3	5.18181818181818
408	0	0	0	0	-1	4
409	508	509	11	9.55	-3	5.21698113207547
410	0	0	0	0	-1	5
411	0	0	0	0	-1	4
412	510	511	5	0.0665	-3	5.08333333333333
413	512	513	8	0.998	-3	4.5
414	0	0	0	0	-1	5
415	514	515	1	10.5	-3	5.92307692307692
416	0	0	0	0	-1	5
417	0	0	0	0	-1	5
418	0	0	0	0	-1	6
419	0	0	0	0	-1	6
420	0	0	0	0	-1	5
421	0	0	0	0	-1	5
422	0	0	0	0	-1	6
423	0	0	0	0	-1	5
424	0	0	0	0	-1	5
425	0	0	0	0	-1	4
426	516	517	10	0.525	-3	5.05263157894737
427	518	519	4	4.5	-3	4.79411764705882
428	520	521	2	0.7425	-3	5
429	0	0	0	0	-1	5
430	0	0	0	0	-1	6
431	522	523	5	0.08	-3	5
432	0	0	0	0	-1	6
433	524	525	10	0.625	-3	5.1025641025641
434	526	527	2	0.6475	-3	5.512
435	528	529	8	0	-3	5
436	530	531	2	0.555	-3	5.94444444444444
437	532	533	2	0.72	-3	5.47368421052632
438	534	535	8	0.9983	-3	5.80952380952381
439	536	537	1	8.35	-3	5.4
440	538	539	4	2.7	-3	5
441	0	0	0	0	-1	5.66666666666667
442	540	541	3	0.45	-3	5
443	542	543	8	0	-3	5
444	0	0	0	0	-1	6
445	544	545	5	0	-3	6
446	546	547	8	0.99446	-3	5.84615384615385
447	548	549	7	13	-3	6
448	550	551	5	0.0755	-3	6
449	0	0	0	0	-1	6
450	0	0	0	0	-1	5
451	552	553	9	3.555	-3	6
452	554	555	9	3.32	-3	7
453	0	0	0	0	-1	7
454	0	0	0	0	-1	6
455	0	0	0	0	-1	7
456	556	557	1	6.5	-3	6.05555555555556
457	0	0	0	0	-1	7
458	0	0	0	0	-1	6
459	558	559	6	32	-3	6
460	0	0	0	0	-1	7
461	0	0	0	0	-1	6
462	0	0	0	0	-1	6
463	0	0	0	0	-1	6
464	0	0	0	0	-1	6
465	560	561	9	3.29	-3	6
466	0	0	0	0	-1	5
467	0	0	0	0	-1	6
468	562	563	1	6.7	-3	5.90243902439024
469	0	0	0	0	-1	7
470	0	0	0	0	-1	7
471	0	0	0	0	-1	5
472	564	565	3	0.265	-3	6.125
473	0	0	0	0	-1	7
474	0	0	0	0	-1	5
475	566	567	7	62	-3	6
476	0	0	0	0	-1	5
477	568	569	4	2.05	-3	5
478	0	0	0	0	-1	5
479	570	571	2	0.8075	-3	6
480	572	573	6	0	-3	5
481	574	575	10	0.89	-3	5
482	0	0	0	0	-1	5.25
483	576	577	4	1.95	-3	6
484	578	579	7	14.5	-3	6
485	0	0	0	0	-1	7
486	0	0	0	0	-1	5.66666666666667
487	580	581	10	0.94	-3	6
488	582	583	9	3.345	-3	6.25
489	584	585	10	1.04	-3	6.9375
490	0	0	0	0	-1	6
491	0	0	0	0	-1	6
492	586	587	8	0.99683	-3	5.3
493	0	0	0	0	-1	6
494	0	0	0	0	-1	6.25
495	588	589	10	21.5	-3	6
496	0	0	0	0	-1	7
497	590	591	10	0.715	-3	5.95652173913043
498	592	593	11	12.45	-3	7.11111111111111
499	594	595	10	0.72	-3	6.55882352941177
500	0	0	0	0	-1	5
501	596	597	11	38	-3	5
502	0	0	0	0	-1	5
503	0	0	0	0	-1	5
504	0	0	0	0	-1	6.5
505	598	599	3	0.395	-3	6
506	0	0	0	0	-1	6
507	600	601	1	12	-3	5.1
508	602	603	2	0.495	-3	5.05769230769231
509	604	605	9	3.105	-3	5.37037037037037
510	0	0	0	0	-1	5.66666666666667
511	606	607	5	0.0695	-3	5.03030303030303
512	0	0	0	0	-1	4.25
513	0	0	0	0	-1	5
514	608	609	9	3.22	-3	6
515	0	0	0	0	-1	5
516	610	611	1	7.65	-3	5
517	0	0	0	0	-1	5.2
518	612	613	9	3.35	-3	4.84848484848485
519	0	0	0	0	-1	3
520	614	615	9	0	-3	5
521	0	0	0	0	-1	5
522	0	0	0	0	-1	5
523	0	0	0	0	-1	5
524	616	617	10	0.555	-3	5.05405405405405
525	0	0	0	0	-1	6
526	618	619	1	9.05	-3	5.6
527	620	621	11	9.85	-3	5.16
528	0	0	0	0	-1	7
529	0	0	0	0	-1	5
530	622	623	4	3.1	-3	5.71428571428571
531	624	625	3	0.015	-3	6.09090909090909
532	626	627	5	0	-3	5
533	628	629	9	3.355	-3	5.75
534	630	631	5	0.0745	-3	5.55555555555556
535	632	633	6	14.5	-3	6
536	0	0	0	0	-1	6
537	634	635	4	2.5	-3	5
538	0	0	0	0	-1	5
539	0	0	0	0	-1	5
540	636	637	1	7.85	-3	5
541	638	639	1	0	-3	5
542	0	0	0	0	-1	7
543	640	641	9	3.21	-3	5
544	0	0	0	0	-1	8
545	642	643	8	0.99422	-3	6
546	644	645	5	0.0485	-3	5.91666666666667
547	0	0	0	0	-1	5
548	0	0	0	0	-1	6
549	646	647	5	0	-3	6
550	648	649	10	0	-3	6
551	0	0	0	0	-1	6
552	0	0	0	0	-1	6
553	0	0	0	0	-1	6
554	0	0	0	0	-1	7
555	0	0	0	0	-1	7
556	0	0	0	0	-1	6.2
557	0	0	0	0	-1	6
558	650	651	6	0	-3	6
559	0	0	0	0	-1	6
560	0	0	0	0	-1	6
561	0	0	0	0	-1	6
562	0	0	0	0	-1	5
563	652	653	2	0.655	-3	5.925
564	0	0	0	0	-1	6
565	0	0	0	0	-1	7
566	0	0	0	0	-1	6
567	0	0	0	0	-1	6
568	0	0	0	0	-1	5
569	654	655	3	0	-3	5
570	656	657	3	0	-3	6
571	0	0	0	0	-1	6
572	0	0	0	0	-1	6
573	658	659	7	114.5	-3	5
574	660	661	5	0.0915	-3	5
575	662	663	11	0	-3	5
576	0	0	0	0	-1	6
577	0	0	0	0	-1	6
578	664	665	9	0	-3	6
579	0	0	0	0	-1	6
580	666	667	8	0.997	-3	6
581	0	0	0	0	-1	6
582	668	669	2	0.285	-3	6.14285714285714
583	0	0	0	0	-1	7
584	0	0	0	0	-1	7
585	0	0	0	0	-1	6.66666666666667
586	0	0	0	0	-1	6
587	670	671	9	0	-3	5
588	672	673	4	2.05	-3	6
589	0	0	0	0	-1	6
590	674	675	9	3.28	-3	5.57142857142857
591	676	677	3	0.42	-3	6.125
592	678	679	6	25	-3	7
593	0	0	0	0	-1	8
594	680	681	6	20.5	-3	6.125
595	682	683	7	35.5	-3	6.69230769230769
596	0	0	0	0	-1	5
597	0	0	0	0	-1	5
598	0	0	0	0	-1	6
599	0	0	0	0	-1	6
600	684	685	3	0.535	-3	5
601	0	0	0	0	-1	5.5
602	686	687	3	0.105	-3	5.22222222222222
603	688	689	10	0.535	-3	5.02325581395349
604	0	0	0	0	-1	6
605	690	691	8	0.99408	-3	5.32
606	692	693	4	2.4	-3	5.14285714285714
607	0	0	0	0	-1	5
608	0	0	0	0	-1	6
609	694	695	6	0	-3	6
610	696	697	1	0	-3	5
611	698	699	4	0	-3	5
612	700	701	2	0.68	-3	4.70588235294118
613	702	703	2	0.8425	-3	5
614	0	0	0	0	-1	6
615	704	705	3	0.125	-3	5
616	706	707	11	10	-3	5.42857142857143
617	708	709	8	0.995185	-3	4.96666666666667
618	710	711	8	0.99613	-3	5.67415730337079
619	0	0	0	0	-1	5
620	712	713	8	0.99883	-3	5.05
621	0	0	0	0	-1	5.6
622	714	715	11	10.15	-3	5.78947368421053
623	0	0	0	0	-1	5
624	716	717	5	0.084	-3	6.375
625	718	719	8	10.45	-3	6
626	0	0	0	0	-1	5
627	0	0	0	0	-1	5
628	720	721	3	0.05	-3	6
629	0	0	0	0	-1	5.25
630	722	723	7	24.5	-3	5.83333333333333
631	0	0	0	0	-1	5
632	724	725	11	10.15	-3	6
633	0	0	0	0	-1	6
634	0	0	0	0	-1	5
635	0	0	0	0	-1	5
636	0	0	0	0	-1	5
637	726	727	7	115.5	-3	5
638	0	0	0	0	-1	7
639	728	729	3	0.495	-3	5
640	0	0	0	0	-1	5
641	0	0	0	0	-1	5
642	0	0	0	0	-1	6
643	0	0	0	0	-1	6
644	0	0	0	0	-1	5
645	730	731	4	53.5	-3	6
646	0	0	0	0	-1	6
647	732	733	6	6.5	-3	6
648	0	0	0	0	-1	5
649	0	0	0	0	-1	6
650	0	0	0	0	-1	5
651	734	735	6	29.5	-3	6
652	736	737	2	0.415	-3	6.03703703703704
653	738	739	9	3.4	-3	5.69230769230769
654	0	0	0	0	-1	6
655	740	741	6	21	-3	5
656	0	0	0	0	-1	6
657	0	0	0	0	-1	6
658	0	0	0	0	-1	5
659	0	0	0	0	-1	5
660	742	743	5	0	-3	5
661	744	745	4	0	-3	5
662	0	0	0	0	-1	5
663	746	747	3	0.27	-3	5
664	0	0	0	0	-1	6
665	748	749	5	0	-3	6
666	0	0	0	0	-1	6
667	0	0	0	0	-1	6
668	0	0	0	0	-1	7
669	750	751	11	10.6	-3	6
670	0	0	0	0	-1	6
671	0	0	0	0	-1	5
672	0	0	0	0	-1	6
673	0	0	0	0	-1	6
674	0	0	0	0	-1	6
675	0	0	0	0	-1	5
676	0	0	0	0	-1	5
677	752	753	11	10.3	-3	6.2
678	754	755	5	0.0935	-3	7
679	0	0	0	0	-1	7
680	756	757	1	10.75	-3	6
681	0	0	0	0	-1	7
682	758	759	10	0.925	-3	6.9
683	760	761	1	12.75	-3	6
684	0	0	0	0	-1	5
685	0	0	0	0	-1	5
686	0	0	0	0	-1	6
687	762	763	4	2.6	-3	5.125
688	764	765	4	1.65	-3	5
689	766	767	6	16	-3	5.11111111111111
690	0	0	0	0	-1	4
691	768	769	10	0.475	-3	5.3469387755102
692	0	0	0	0	-1	5.33333333333333
693	0	0	0	0	-1	5
694	0	0	0	0	-1	5
695	770	771	4	2.3	-3	6
696	0	0	0	0	-1	7
697	772	773	8	0.99745	-3	5
698	0	0	0	0	-1	6
699	774	775	9	3.335	-3	5
700	0	0	0	0	-1	4
701	776	777	7	17	-3	4.85714285714286
702	778	779	11	0	-3	5
703	0	0	0	0	-1	5
704	0	0	0	0	-1	5
705	0	0	0	0	-1	5
706	0	0	0	0	-1	5
707	0	0	0	0	-1	6
708	0	0	0	0	-1	4
709	780	781	6	5.5	-3	5
710	782	783	11	9.65	-3	5.2
711	784	785	6	23.5	-3	5.73417721518987
712	786	787	1	8.35	-3	4.94444444444444
713	0	0	0	0	-1	6
714	0	0	0	0	-1	5.25
715	788	789	7	47.5	-3	5.93333333333333
716	0	0	0	0	-1	6
717	0	0	0	0	-1	7
718	790	791	2	0.595	-3	6
719	0	0	0	0	-1	6
720	792	793	5	0	-3	6
721	0	0	0	0	-1	6
722	0	0	0	0	-1	6
723	0	0	0	0	-1	5
724	0	0	0	0	-1	6
725	0	0	0	0	-1	6
726	794	795	10	0	-3	5
727	796	797	8	0	-3	5
728	0	0	0	0	-1	5
729	0	0	0	0	-1	5
730	798	799	7	7.15	-3	6
731	0	0	0	0	-1	6
732	0	0	0	0	-1	6
733	0	0	0	0	-1	6
734	0	0	0	0	-1	6
735	0	0	0	0	-1	6
736	0	0	0	0	-1	6.5
737	800	801	5	0.0915	-3	6
738	802	803	7	24.5	-3	5.9
739	0	0	0	0	-1	5
740	0	0	0	0	-1	5
741	804	805	4	0	-3	5
742	0	0	0	0	-1	5
743	806	807	2	0.6375	-3	5
744	0	0	0	0	-1	5
745	0	0	0	0	-1	5
746	0	0	0	0	-1	5
747	0	0	0	0	-1	5
748	0	0	0	0	-1	5
749	0	0	0	0	-1	6
750	0	0	0	0	-1	6
751	0	0	0	0	-1	6
752	808	809	9	0	-3	6
753	810	811	5	0.1795	-3	6.5
754	0	0	0	0	-1	7
755	0	0	0	0	-1	7
756	0	0	0	0	-1	6
757	0	0	0	0	-1	6
758	812	813	7	19	-3	7.0625
759	0	0	0	0	-1	6.25
760	0	0	0	0	-1	6
761	0	0	0	0	-1	6
762	814	815	4	0	-3	5
763	0	0	0	0	-1	6
764	816	817	2	0.63	-3	5
765	818	819	1	6.9	-3	5
766	0	0	0	0	-1	5.2
767	0	0	0	0	-1	5
768	820	821	3	0.155	-3	5.07142857142857
769	822	823	2	0.5925	-3	5.45714285714286
770	0	0	0	0	-1	6
771	0	0	0	0	-1	6
772	0	0	0	0	-1	5
773	0	0	0	0	-1	5
774	0	0	0	0	-1	5
775	0	0	0	0	-1	5
776	0	0	0	0	-1	4
777	824	825	6	7.5	-3	4.92307692307692
778	0	0	0	0	-1	6
779	826	827	9	0	-3	5
780	0	0	0	0	-1	5
781	828	829	3	0.085	-3	5
782	0	0	0	0	-1	5
783	0	0	0	0	-1	5.4
784	830	831	5	0.0795	-3	5.77777777777778
785	832	833	3	0.275	-3	5.28571428571429
786	834	835	5	0.1445	-3	5
787	0	0	0	0	-1	4.66666666666667
788	0	0	0	0	-1	6
789	836	837	1	7.1	-3	5.85714285714286
790	838	839	3	0.035	-3	6
791	840	841	10	0.57	-3	6
792	0	0	0	0	-1	7
793	0	0	0	0	-1	6
794	0	0	0	0	-1	5
795	842	843	7	89	-3	5
796	0	0	0	0	-1	5
797	0	0	0	0	-1	5
798	0	0	0	0	-1	6
799	844	845	8	0.993795	-3	6
800	0	0	0	0	-1	6
801	0	0	0	0	-1	6
802	0	0	0	0	-1	5
803	846	847	4	2.65	-3	6
804	0	0	0	0	-1	6
805	848	849	4	2.2	-3	5
806	0	0	0	0	-1	5
807	0	0	0	0	-1	5
808	0	0	0	0	-1	5
809	850	851	6	30	-3	6
810	0	0	0	0	-1	6.75
811	0	0	0	0	-1	6
812	0	0	0	0	-1	8
813	852	853	11	0	-3	7
814	0	0	0	0	-1	7
815	854	855	11	2.4	-3	5
816	856	857	8	0	-3	5
817	0	0	0	0	-1	5
818	858	859	8	0	-3	5
819	860	861	6	9	-3	5
820	862	863	6	0	-3	5
821	0	0	0	0	-1	6
822	864	865	1	6.95	-3	5.65
823	866	867	7	76.5	-3	5.2
824	0	0	0	0	-1	4
825	868	869	8	0.99591	-3	5
826	0	0	0	0	-1	5
827	870	871	8	0.997815	-3	5
828	872	873	7	0	-3	5
829	874	875	9	3.375	-3	5
830	876	877	1	7.85	-3	5.60714285714286
831	878	879	1	7.55	-3	5.88636363636364
832	0	0	0	0	-1	5
833	0	0	0	0	-1	5.5
834	880	881	5	0.0795	-3	5
835	0	0	0	0	-1	5
836	0	0	0	0	-1	5
837	882	883	7	62	-3	6
838	0	0	0	0	-1	6
839	0	0	0	0	-1	6
840	0	0	0	0	-1	6
841	884	885	11	10.25	-3	6
842	0	0	0	0	-1	5
843	0	0	0	0	-1	5
844	0	0	0	0	-1	6
845	0	0	0	0	-1	6
846	886	887	6	0	-3	6
847	0	0	0	0	-1	6
848	0	0	0	0	-1	5
849	0	0	0	0	-1	5
850	0	0	0	0	-1	6
851	0	0	0	0	-1	6
852	0	0	0	0	-1	5
853	888	889	4	0	-3	7
854	0	0	0	0	-1	7
855	0	0	0	0	-1	5
856	0	0	0	0	-1	6
857	0	0	0	0	-1	5
858	0	0	0	0	-1	7
859	890	891	6	32	-3	5
860	0	0	0	0	-1	5
861	892	893	11	35	-3	5
862	0	0	0	0	-1	6
863	894	895	10	0.465	-3	5
864	0	0	0	0	-1	5
865	896	897	4	2.75	-3	5.76470588235294
866	0	0	0	0	-1	5.6
867	898	899	11	9.65	-3	5
868	0	0	0	0	-1	5
869	0	0	0	0	-1	5
870	0	0	0	0	-1	5
871	0	0	0	0	-1	5
872	0	0	0	0	-1	7
873	900	901	6	14	-3	5
874	902	903	2	0.615	-3	5
875	0	0	0	0	-1	5
876	904	905	3	0.205	-3	5.35294117647059
877	0	0	0	0	-1	6
878	906	907	11	9.9	-3	6
879	908	909	8	0.99741	-3	5.78260869565217
880	910	911	2	0	-3	5
881	912	913	1	0	-3	5
882	0	0	0	0	-1	6
883	0	0	0	0	-1	6
884	914	915	1	8.5	-3	6
885	0	0	0	0	-1	6
886	0	0	0	0	-1	7
887	916	917	1	9.05	-3	6
888	0	0	0	0	-1	6
889	918	919	11	0	-3	7
890	0	0	0	0	-1	5
891	0	0	0	0	-1	5
892	920	921	4	2.2	-3	5
893	0	0	0	0	-1	5
894	0	0	0	0	-1	5
895	0	0	0	0	-1	5
896	922	923	6	4.5	-3	5.8125
897	0	0	0	0	-1	5
898	0	0	0	0	-1	5
899	0	0	0	0	-1	5
900	0	0	0	0	-1	5
901	0	0	0	0	-1	5
902	924	925	7	0	-3	5
903	0	0	0	0	-1	5
904	926	927	8	0.9966	-3	5.15384615384615
905	0	0	0	0	-1	6
906	928	929	7	66	-3	6
907	0	0	0	0	-1	6
908	930	931	1	8.05	-3	5.55555555555556
909	932	933	11	9.4	-3	5.92857142857143
910	0	0	0	0	-1	5
911	934	935	3	0.04	-3	5
912	0	0	0	0	-1	6
913	936	937	2	0.71	-3	5
914	0	0	0	0	-1	6
915	0	0	0	0	-1	6
916	0	0	0	0	-1	6
917	0	0	0	0	-1	6
918	0	0	0	0	-1	5
919	938	939	8	0.99708	-3	7
920	940	941	5	0	-3	5
921	942	943	4	0	-3	5
922	0	0	0	0	-1	5.5
923	944	945	4	1.65	-3	5.91666666666667
924	0	0	0	0	-1	6
925	0	0	0	0	-1	5
926	0	0	0	0	-1	6
927	946	947	9	3.57	-3	5.08333333333333
928	948	949	2	0.07	-3	6
929	950	951	7	87.5	-3	6
930	0	0	0	0	-1	5
931	0	0	0	0	-1	6
932	0	0	0	0	-1	5.8
933	952	953	6	0.5525	-3	6
934	0	0	0	0	-1	5
935	0	0	0	0	-1	5
936	0	0	0	0	-1	5
937	0	0	0	0	-1	5
938	0	0	0	0	-1	7
939	954	955	10	0	-3	7
940	0	0	0	0	-1	5
941	956	957	7	52	-3	5
942	0	0	0	0	-1	7
943	0	0	0	0	-1	5
944	0	0	0	0	-1	5
945	958	959	3	0.165	-3	6
946	960	961	3	0.035	-3	5
947	0	0	0	0	-1	6
948	0	0	0	0	-1	5
949	962	963	8	0	-3	6
950	0	0	0	0	-1	6
951	964	965	9	0	-3	6
952	0	0	0	0	-1	5
953	966	967	2	0.5525	-3	6
954	0	0	0	0	-1	5
955	968	969	1	11.5	-3	7
956	0	0	0	0	-1	5
957	0	0	0	0	-1	5
958	970	971	5	0.076	-3	6
959	0	0	0	0	-1	6
960	0	0	0	0	-1	5
961	972	973	8	0.998075	-3	5
962	0	0	0	0	-1	5
963	974	975	11	9.55	-3	6
964	0	0	0	0	-1	5
965	976	977	9	3.41	-3	6
966	0	0	0	0	-1	6
967	978	979	3	0.125	-3	6
968	0	0	0	0	-1	7
969	0	0	0	0	-1	7
970	0	0	0	0	-1	6
971	0	0	0	0	-1	6
972	0	0	0	0	-1	5
973	0	0	0	0	-1	5
974	0	0	0	0	-1	6
975	0	0	0	0	-1	6
976	0	0	0	0	-1	6
977	0	0	0	0	-1	6
978	0	0	0	0	-1	6
979	0	0	0	0	-1	6
