1	2	3	11	10.525	-3	5.61976235146967
2	4	5	10	0.635	-3	5.34545454545455
3	6	7	7	14.5	-3	6.06568144499179
4	8	9	1	10.35	-3	5.20067453625632
5	10	11	11	9.85	-3	5.56171284634761
6	12	13	5	0.0555	-3	5.75490196078431
7	14	15	10	0.735	-3	6.12820512820513
8	16	17	8	0.9941	-3	5.23626373626373
9	18	19	9	3.22	-3	4.78723404255319
10	20	21	7	30.5	-3	5.34745762711864
11	22	23	8	0.99625	-3	5.87577639751553
12	24	25	10	0.61	-3	6.42857142857143
13	26	27	8	0.994165	-3	5.64772727272727
14	28	29	9	3.035	-3	5.88852459016393
15	30	31	5	0.0465	-3	6.49009900990099
16	32	33	3	0.12	-3	4.5
17	34	35	3	0.005	-3	5.25
18	36	37	7	17	-3	4.86363636363637
19	0	0	0	0	-1	3.66666666666667
20	38	39	6	5.5	-3	5.63513513513514
21	40	41	4	2.35	-3	5.21604938271605
22	42	43	6	4.5	-3	6.38888888888889
23	44	45	3	0.65	-3	5.81118881118881
24	0	0	0	0	-1	5
25	46	47	9	3.41	-3	6.66666666666667
26	48	49	5	0.065	-3	6.66666666666667
27	50	51	3	0.265	-3	5.48684210526316
28	52	53	4	2.8	-3	7.33333333333333
29	54	55	8	0.992355	-3	5.85953177257525
30	56	57	6	24.5	-3	7.5
31	58	59	3	0.335	-3	6.42631578947368
32	0	0	0	0	-1	4
33	0	0	0	0	-1	5.66666666666667
34	60	61	1	6.9	-3	5.04081632653061
35	62	63	7	8.5	-3	5.27104722792607
36	64	65	11	8.8	-3	4.27272727272727
37	66	67	9	3.085	-3	5.06060606060606
38	0	0	0	0	-1	5
39	68	69	1	12.05	-3	5.77049180327869
40	70	71	1	10.05	-3	5.1271186440678
41	72	73	9	3.565	-3	5.45454545454545
42	0	0	0	0	-1	7.25
43	74	75	6	15.5	-3	6.14285714285714
44	76	77	5	0.0625	-3	5.74436090225564
45	78	79	7	42.5	-3	6.7
46	80	81	8	0.99598	-3	7
47	0	0	0	0	-1	6
48	0	0	0	0	-1	5.66666666666667
49	82	83	5	0.09	-3	7
50	84	85	7	11.5	-3	4.625
51	86	87	9	3.24	-3	6.11363636363636
52	0	0	0	0	-1	8
53	0	0	0	0	-1	7
54	88	89	5	0.073	-3	6.5
55	90	91	10	0.575	-3	5.83275261324042
56	92	93	5	0.0445	-3	7.14285714285714
57	0	0	0	0	-1	8
58	94	95	11	11.25	-3	6.10344827586207
59	96	97	3	0.475	-3	6.56818181818182
60	98	99	7	44	-3	4.375
61	100	101	4	1.3	-3	5.17073170731707
62	0	0	0	0	-1	4
63	102	103	1	8.75	-3	5.27628865979381
64	0	0	0	0	-1	3
65	104	105	3	0	-3	5
66	106	107	8	0.9983	-3	4.6875
67	108	109	3	0.485	-3	5.41176470588235
68	110	111	10	0.99	-3	5.66037735849057
69	112	113	5	0.0735	-3	6.5
70	114	115	9	2.915	-3	5.10434782608696
71	0	0	0	0	-1	6
72	116	117	5	0.096	-3	5.525
73	0	0	0	0	-1	4.75
74	0	0	0	0	-1	6.5
75	118	119	7	57.5	-3	6
76	120	121	10	0.66	-3	6.46153846153846
77	122	123	3	0.615	-3	5.66666666666667
78	124	125	4	3.3	-3	7
79	0	0	0	0	-1	6
80	126	127	6	4.5	-3	7
81	0	0	0	0	-1	7
82	0	0	0	0	-1	7
83	0	0	0	0	-1	7
84	128	129	3	0.035	-3	4.1
85	130	131	6	8	-3	4.86363636363636
86	132	133	10	0.54	-3	6.47826086956522
87	134	135	2	0.375	-3	5.71428571428571
88	136	137	1	6.65	-3	6.36363636363636
89	0	0	0	0	-1	8
90	138	139	11	11.5	-3	5.47959183673469
91	140	141	11	11.25	-3	6.01587301587302
92	142	143	9	3.51	-3	7
93	0	0	0	0	-1	8
94	144	145	5	0.0565	-3	5.74285714285714
95	146	147	10	0.745	-3	6.65217391304348
96	148	149	6	21.5	-3	6.7
97	150	151	11	11.55	-3	6.36538461538462
98	0	0	0	0	-1	4
99	0	0	0	0	-1	5
100	0	0	0	0	-1	7
101	152	153	10	0.57	-3	5.125
102	154	155	2	0.7925	-3	5.31466666666666
103	156	157	8	0.997835	-3	5.14545454545455
104	0	0	0	0	-1	7
105	158	159	6	0.086	-3	5
106	160	161	2	0.44	-3	4.25
107	162	163	6	7	-3	5.125
108	164	165	4	0	-3	5
109	166	167	4	2.25	-3	5.7
110	168	169	1	6.75	-3	5.76595744680851
111	170	171	3	0.155	-3	4.83333333333333
112	0	0	0	0	-1	8
113	172	173	10	0.815	-3	6.28571428571429
114	0	0	0	0	-1	6
115	174	175	4	1.55	-3	5.08849557522124
116	176	177	3	0.45	-3	5.79166666666667
117	178	179	6	14.5	-3	5.125
118	180	181	3	0.195	-3	6
119	0	0	0	0	-1	6
120	0	0	0	0	-1	7
121	182	183	5	0.055	-3	6.3
122	184	185	2	0.42	-3	5.70796460176991
123	186	187	4	0	-3	5
124	0	0	0	0	-1	7
125	0	0	0	0	-1	7
126	0	0	0	0	-1	7
127	0	0	0	0	-1	7
128	0	0	0	0	-1	3
129	188	189	10	0.545	-3	4.57142857142857
130	190	191	3	0.185	-3	4.76190476190476
131	0	0	0	0	-1	7
132	192	193	7	9.5	-3	6
133	194	195	10	0.69	-3	6.64705882352941
134	196	197	8	0.995585	-3	5.25
135	198	199	5	0.1065	-3	6
136	200	201	10	0	-3	6
137	0	0	0	0	-1	7
138	202	203	7	62	-3	5.21428571428572
139	204	205	8	0.99504	-3	5.83333333333333
140	206	207	9	3.155	-3	5.83333333333333
141	208	209	9	3.25	-3	6.22988505747127
142	0	0	0	0	-1	7
143	0	0	0	0	-1	7
144	0	0	0	0	-1	5
145	210	211	7	56	-3	5.83870967741935
146	212	213	7	53.5	-3	7.5
147	214	215	4	1.9	-3	6.35294117647059
148	216	217	11	10.85	-3	6.83636363636364
149	218	219	1	7.35	-3	6.4
150	220	221	1	14.75	-3	6.11428571428571
151	222	223	5	0.084	-3	6.88235294117647
152	224	225	4	4.8	-3	5
153	226	227	6	10.5	-3	5.5
154	228	229	1	8.65	-3	5.35428571428571
155	230	231	6	4	-3	4.76
156	232	233	7	9.5	-3	4.97959183673469
157	234	235	11	9.9	-3	5.27868852459016
158	0	0	0	0	-1	5
159	0	0	0	0	-1	5
160	0	0	0	0	-1	5
161	236	237	8	0.998005	-3	4
162	0	0	0	0	-1	5.5
163	238	239	2	0.7275	-3	5
164	0	0	0	0	-1	6
165	240	241	5	0	-3	5
166	0	0	0	0	-1	6
167	0	0	0	0	-1	5.25
168	0	0	0	0	-1	5
169	242	243	5	0.0875	-3	5.83720930232558
170	0	0	0	0	-1	4
171	0	0	0	0	-1	5
172	0	0	0	0	-1	6
173	0	0	0	0	-1	7
174	0	0	0	0	-1	4.5
175	244	245	1	7.95	-3	5.11009174311927
176	246	247	10	0.915	-3	5.88888888888889
177	248	249	7	81.5	-3	5.5
178	0	0	0	0	-1	6
179	250	251	9	2.92	-3	5
180	0	0	0	0	-1	6
181	0	0	0	0	-1	6
182	0	0	0	0	-1	6
183	252	253	11	10.25	-3	6.5
184	254	255	10	0.74	-3	5.95454545454545
185	256	257	9	3.23	-3	5.55072463768116
186	0	0	0	0	-1	8
187	258	259	9	0	-3	5
188	0	0	0	0	-1	5
189	0	0	0	0	-1	4
190	260	261	9	3.425	-3	4.7
191	0	0	0	0	-1	6
192	0	0	0	0	-1	6
193	0	0	0	0	-1	6
194	262	263	8	0.997825	-3	6.90909090909091
195	264	265	2	0.525	-3	6.16666666666667
196	0	0	0	0	-1	6
197	266	267	5	0	-3	5
198	268	269	7	10.5	-3	6.08333333333333
199	0	0	0	0	-1	5
200	0	0	0	0	-1	6
201	270	271	8	0.991055	-3	6
202	272	273	10	0.435	-3	5.12
203	274	275	6	28	-3	6
204	276	277	2	0.51	-3	5.65625
205	278	279	2	0.685	-3	6.4
206	280	281	5	0.0705	-3	6.27777777777778
207	282	283	10	0.605	-3	5.73809523809524
208	284	285	11	13.2	-3	6.70833333333333
209	286	287	8	0.998	-3	6.04761904761905
210	288	289	7	19.5	-3	5.96153846153846
211	0	0	0	0	-1	5.2
212	0	0	0	0	-1	7.8
213	0	0	0	0	-1	6
214	290	291	10	0.83	-3	6.11111111111111
215	292	293	6	38	-3	6.625
216	0	0	0	0	-1	6
217	294	295	4	2.55	-3	6.85185185185185
218	296	297	9	3.41	-3	6.83333333333333
219	298	299	1	8.5	-3	6.26315789473684
220	300	301	8	0.99815	-3	6.3
221	0	0	0	0	-1	5
222	302	303	11	11.75	-3	7.2
223	304	305	6	9.5	-3	6.42857142857143
224	306	307	7	26.5	-3	4.96551724137931
225	0	0	0	0	-1	6
226	0	0	0	0	-1	5.25
227	308	309	9	3.36	-3	5.66666666666667
228	310	311	2	0.5875	-3	5.33233532934132
229	312	313	3	0.4	-3	5.8125
230	0	0	0	0	-1	3
231	314	315	2	0.99	-3	4.83333333333333
232	0	0	0	0	-1	6
233	316	317	11	9.35	-3	4.95833333333333
234	318	319	1	10.1	-3	5.11363636363636
235	320	321	9	3.285	-3	5.70588235294118
236	0	0	0	0	-1	4
237	0	0	0	0	-1	4
238	0	0	0	0	-1	5
239	0	0	0	0	-1	5
240	0	0	0	0	-1	5
241	0	0	0	0	-1	5
242	322	323	6	16	-3	5.8974358974359
243	0	0	0	0	-1	5.25
244	324	325	1	7.75	-3	5.16923076923077
245	326	327	1	8.85	-3	5.02272727272727
246	328	329	7	39.5	-3	5.94117647058824
247	0	0	0	0	-1	5
248	0	0	0	0	-1	6
249	0	0	0	0	-1	4.5
250	0	0	0	0	-1	4
251	330	331	8	1.00329	-3	5.07692307692308
252	0	0	0	0	-1	6
253	0	0	0	0	-1	7
254	332	333	8	0.9994	-3	5.6875
255	334	335	11	10.45	-3	6.10714285714286
256	336	337	6	12.5	-3	5.92
257	338	339	8	0.9981	-3	5.34090909090909
258	0	0	0	0	-1	6
259	0	0	0	0	-1	5
260	340	341	5	0.098	-3	4.28571428571429
261	342	343	7	13.5	-3	4.92307692307692
262	344	345	9	3.215	-3	7
263	0	0	0	0	-1	6
264	0	0	0	0	-1	6
265	0	0	0	0	-1	7
266	0	0	0	0	-1	7
267	0	0	0	0	-1	5
268	0	0	0	0	-1	6.5
269	346	347	1	0	-3	6
270	0	0	0	0	-1	6
271	0	0	0	0	-1	6
272	0	0	0	0	-1	4
273	348	349	11	10.85	-3	5.16666666666667
274	0	0	0	0	-1	6
275	0	0	0	0	-1	6
276	350	351	3	0.06	-3	6
277	352	353	1	6.55	-3	5.42105263157895
278	354	355	3	0.54	-3	6
279	0	0	0	0	-1	7
280	0	0	0	0	-1	7.66666666666667
281	356	357	2	0.58	-3	6
282	358	359	7	20.5	-3	6.08333333333333
283	360	361	2	0.415	-3	5.68055555555556
284	362	363	4	1.9	-3	6.65217391304348
285	0	0	0	0	-1	8
286	364	365	3	0.105	-3	5.98275862068966
287	0	0	0	0	-1	6.8
288	0	0	0	0	-1	5
289	366	367	3	0	-3	6
290	368	369	6	26.5	-3	6
291	0	0	0	0	-1	6.5
292	370	371	3	0.165	-3	6.83333333333333
293	0	0	0	0	-1	6
294	372	373	11	11.95	-3	6.93181818181818
295	374	375	5	0.0675	-3	6.5
296	0	0	0	0	-1	7
297	0	0	0	0	-1	6
298	376	377	2	0.245	-3	5.90909090909091
299	378	379	6	28	-3	6.75
300	380	381	9	3.245	-3	5.66666666666667
301	382	383	10	0.775	-3	6.57142857142857
302	0	0	0	0	-1	8
303	0	0	0	0	-1	7
304	0	0	0	0	-1	6
305	0	0	0	0	-1	6.75
306	384	385	6	10	-3	4.88888888888889
307	386	387	5	0.0815	-3	5
308	0	0	0	0	-1	5.33333333333333
309	0	0	0	0	-1	6
310	388	389	5	0.0975	-3	5.40641711229947
311	390	391	11	10.15	-3	5.23809523809524
312	392	393	8	0.99835	-3	6
313	0	0	0	0	-1	5
314	394	395	2	0.97	-3	4.625
315	396	397	6	8.5	-3	5.25
316	398	399	8	0.9977	-3	4.5
317	400	401	4	2.05	-3	5.02380952380952
318	402	403	9	3.305	-3	5.07142857142857
319	0	0	0	0	-1	6
320	404	405	9	3.155	-3	5.92307692307692
321	0	0	0	0	-1	5
322	406	407	8	0.9994	-3	5.94594594594595
323	0	0	0	0	-1	5
324	408	409	3	0.295	-3	5.08163265306122
325	410	411	9	3.295	-3	5.4375
326	412	413	3	0.135	-3	5
327	414	415	8	0.99675	-3	5.09090909090909
328	0	0	0	0	-1	5.66666666666667
329	0	0	0	0	-1	6
330	416	417	8	1.0006	-3	5
331	0	0	0	0	-1	6
332	418	419	11	10.4	-3	5.84615384615385
333	0	0	0	0	-1	5
334	420	421	9	3.045	-3	6
335	0	0	0	0	-1	6.75
336	422	423	9	3.055	-3	5.66666666666667
337	424	425	10	0.685	-3	6.15384615384615
338	426	427	5	0.1395	-3	5.22222222222222
339	428	429	4	5.8	-3	5.52941176470588
340	0	0	0	0	-1	4
341	0	0	0	0	-1	5
342	430	431	5	0.084	-3	4.8
343	0	0	0	0	-1	5.33333333333333
344	432	433	4	2.25	-3	7
345	0	0	0	0	-1	7
346	0	0	0	0	-1	5
347	0	0	0	0	-1	6
348	434	435	1	7.4	-3	5.54545454545455
349	436	437	11	11.15	-3	5.05405405405405
350	0	0	0	0	-1	6
351	438	439	1	7.5	-3	6
352	440	441	4	1.9	-3	5
353	442	443	2	0.855	-3	6
354	0	0	0	0	-1	6
355	0	0	0	0	-1	6
356	444	445	3	0.47	-3	6
357	0	0	0	0	-1	6
358	0	0	0	0	-1	6.5
359	446	447	2	0.615	-3	5.875
360	448	449	1	7.25	-3	5.45
361	450	451	10	0.695	-3	5.76923076923077
362	0	0	0	0	-1	7.5
363	452	453	8	0.99634	-3	6.47368421052632
364	454	455	3	0.085	-3	5.89473684210526
365	456	457	3	0.145	-3	6.02564102564103
366	0	0	0	0	-1	6
367	458	459	2	0.535	-3	6
368	0	0	0	0	-1	6
369	0	0	0	0	-1	6
370	0	0	0	0	-1	7
371	0	0	0	0	-1	6.66666666666667
372	0	0	0	0	-1	7
373	460	461	3	0.455	-3	6.78571428571429
374	0	0	0	0	-1	6
375	0	0	0	0	-1	7
376	0	0	0	0	-1	5
377	0	0	0	0	-1	6
378	0	0	0	0	-1	6.33333333333333
379	0	0	0	0	-1	7
380	0	0	0	0	-1	6
381	0	0	0	0	-1	5.25
382	0	0	0	0	-1	7
383	462	463	2	0.335	-3	6.18181818181818
384	464	465	7	17	-3	5
385	0	0	0	0	-1	4
386	0	0	0	0	-1	5
387	466	467	11	0	-3	5
388	468	469	9	3.345	-3	5.37288135593221
389	0	0	0	0	-1	6
390	470	471	10	0.535	-3	5.18461538461539
391	472	473	10	0.59	-3	5.64705882352941
392	474	475	2	0.585	-3	6
393	0	0	0	0	-1	6
394	476	477	10	0.475	-3	4.78571428571429
395	0	0	0	0	-1	3.5
396	0	0	0	0	-1	6
397	478	479	9	3.265	-3	5
398	0	0	0	0	-1	4
399	0	0	0	0	-1	5
400	480	481	8	0.99574	-3	5.125
401	482	483	7	17	-3	4.96153846153846
402	484	485	4	2.1	-3	5
403	486	487	4	2.45	-3	5.16666666666667
404	0	0	0	0	-1	5
405	488	489	4	1.95	-3	6
406	490	491	11	9.65	-3	6.03030303030303
407	0	0	0	0	-1	5.25
408	492	493	4	2.05	-3	5.05
409	494	495	4	1.85	-3	5.22222222222222
410	496	497	5	0.2605	-3	5.1
411	498	499	8	0.99825	-3	6
412	500	501	6	0	-3	5
413	502	503	6	0	-3	5
414	0	0	0	0	-1	6
415	504	505	9	3.07	-3	5
416	506	507	3	0	-3	5
417	0	0	0	0	-1	5
418	508	509	11	9.95	-3	6
419	0	0	0	0	-1	5
420	0	0	0	0	-1	7
421	510	511	6	16.5	-3	5.95652173913043
422	0	0	0	0	-1	5.25
423	512	513	6	5	-3	5.875
424	0	0	0	0	-1	6.4
425	514	515	5	1.95	-3	6
426	516	517	7	19	-3	5.15384615384615
427	0	0	0	0	-1	7
428	518	519	11	10.3	-3	5.4375
429	0	0	0	0	-1	7
430	520	521	5	0	-3	5
431	0	0	0	0	-1	4.33333333333333
432	0	0	0	0	-1	7
433	0	0	0	0	-1	7
434	522	523	8	0.996525	-3	5.375
435	0	0	0	0	-1	6
436	524	525	1	6.75	-3	4.85714285714286
437	526	527	7	24	-3	5.3125
438	528	529	10	0.565	-3	6
439	0	0	0	0	-1	6
440	0	0	0	0	-1	5.4
441	530	531	10	0.555	-3	4.66666666666667
442	532	533	8	0.99287	-3	6
443	0	0	0	0	-1	6
444	0	0	0	0	-1	6
445	534	535	8	0.99976	-3	6
446	536	537	11	10.9	-3	6
447	0	0	0	0	-1	5.5
448	0	0	0	0	-1	5.8
449	538	539	3	0.425	-3	5.33333333333333
450	540	541	7	34	-3	5.91666666666667
451	542	543	2	0.655	-3	5.4375
452	544	545	7	37.5	-3	6.88888888888889
453	546	547	11	12.75	-3	6.1
454	548	549	7	70.5	-3	5.94444444444444
455	0	0	0	0	-1	5
456	550	551	9	3.385	-3	6.25
457	552	553	8	0.99561	-3	5.96774193548387
458	554	555	2	0.485	-3	6
459	556	557	2	11.15	-3	6
460	0	0	0	0	-1	7
461	0	0	0	0	-1	6
462	0	0	0	0	-1	7
463	558	559	7	34.5	-3	6
464	560	561	4	0	-3	5
465	0	0	0	0	-1	5
466	0	0	0	0	-1	4
467	0	0	0	0	-1	5
468	562	563	2	0.5775	-3	5.28155339805825
469	564	565	11	9.3	-3	5.5
470	566	567	9	3.545	-3	5.04838709677419
471	568	569	7	40.5	-3	5.30882352941177
472	570	571	1	7.8	-3	5.36363636363636
473	572	573	2	0.625	-3	6.16666666666667
474	0	0	0	0	-1	6
475	0	0	0	0	-1	6
476	0	0	0	0	-1	4.25
477	574	575	6	28.5	-3	5
478	0	0	0	0	-1	5
479	0	0	0	0	-1	5
480	0	0	0	0	-1	6
481	576	577	11	9.45	-3	5.06666666666667
482	0	0	0	0	-1	4.75
483	578	579	9	3.205	-3	5
484	0	0	0	0	-1	5
485	0	0	0	0	-1	5
486	0	0	0	0	-1	5
487	580	581	8	0.99934	-3	5.33333333333333
488	0	0	0	0	-1	6
489	582	583	9	3.225	-3	6
490	584	585	8	0.99855	-3	6
491	0	0	0	0	-1	6.33333333333333
492	586	587	11	9.65	-3	5
493	588	589	10	0.645	-3	5.18181818181818
494	0	0	0	0	-1	5.66666666666667
495	590	591	1	7.4	-3	5
496	592	593	3	0	-3	5
497	0	0	0	0	-1	5.33333333333333
498	0	0	0	0	-1	6
499	0	0	0	0	-1	6
500	0	0	0	0	-1	6
501	0	0	0	0	-1	5
502	0	0	0	0	-1	4
503	594	595	5	0.3685	-3	5
504	0	0	0	0	-1	5
505	596	597	1	0	-3	5
506	0	0	0	0	-1	5
507	0	0	0	0	-1	5
508	0	0	0	0	-1	6
509	0	0	0	0	-1	6
510	598	599	9	3.515	-3	6
511	0	0	0	0	-1	5.8
512	0	0	0	0	-1	5
513	600	601	9	0	-3	6
514	602	603	7	103	-3	6
515	0	0	0	0	-1	6
516	0	0	0	0	-1	6
517	604	605	6	9.5	-3	5.08333333333333
518	606	607	8	0.99872	-3	5.25
519	0	0	0	0	-1	6
520	0	0	0	0	-1	5
521	608	609	5	0.08	-3	5
522	0	0	0	0	-1	5
523	0	0	0	0	-1	6
524	0	0	0	0	-1	4.33333333333333
525	610	611	3	0.125	-3	4.94444444444444
526	612	613	5	0.0585	-3	5
527	0	0	0	0	-1	6
528	614	615	9	3.34	-3	6
529	0	0	0	0	-1	6
530	0	0	0	0	-1	5
531	0	0	0	0	-1	4
532	0	0	0	0	-1	6
533	0	0	0	0	-1	6
534	0	0	0	0	-1	6
535	0	0	0	0	-1	6
536	0	0	0	0	-1	6
537	0	0	0	0	-1	6
538	616	617	10	0.685	-3	5.71428571428571
539	618	619	2	0.996145	-3	5
540	620	621	10	0.67	-3	6.30769230769231
541	622	623	4	1.95	-3	5.69565217391304
542	624	625	3	0.355	-3	5.25
543	0	0	0	0	-1	6
544	626	627	8	0.995895	-3	7
545	0	0	0	0	-1	6
546	628	629	6	6.5	-3	6
547	0	0	0	0	-1	7
548	630	631	2	0.66	-3	6
549	0	0	0	0	-1	5
550	0	0	0	0	-1	6
551	0	0	0	0	-1	6.66666666666667
552	632	633	7	19.5	-3	6
553	0	0	0	0	-1	5.75
554	634	635	1	0	-3	6
555	0	0	0	0	-1	6
556	0	0	0	0	-1	6
557	0	0	0	0	-1	6
558	0	0	0	0	-1	6
559	636	637	10	1.055	-3	6
560	0	0	0	0	-1	5
561	638	639	1	7.1	-3	5
562	640	641	6	6.5	-3	5.22222222222222
563	642	643	6	13.5	-3	5.69230769230769
564	644	645	11	9.025	-3	4.85714285714286
565	646	647	6	32.5	-3	5.56716417910448
566	648	649	9	3.165	-3	5.0327868852459
567	0	0	0	0	-1	6
568	650	651	1	7.55	-3	5.05
569	652	653	8	0.997325	-3	5.41666666666667
570	654	655	6	12.5	-3	5.22222222222222
571	0	0	0	0	-1	6
572	0	0	0	0	-1	7
573	0	0	0	0	-1	6
574	0	0	0	0	-1	5
575	0	0	0	0	-1	5
576	0	0	0	0	-1	5.33333333333333
577	656	657	11	9.85	-3	5
578	658	659	1	8.95	-3	5
579	0	0	0	0	-1	5
580	0	0	0	0	-1	5.6
581	0	0	0	0	-1	5
582	0	0	0	0	-1	6
583	0	0	0	0	-1	6
584	660	661	6	0	-3	6
585	0	0	0	0	-1	6
586	0	0	0	0	-1	5
587	662	663	6	28	-3	5
588	664	665	1	7.15	-3	5
589	0	0	0	0	-1	5.4
590	0	0	0	0	-1	5
591	0	0	0	0	-1	5
592	0	0	0	0	-1	4
593	666	667	2	0.38	-3	5
594	668	669	7	0	-3	5
595	670	671	3	0	-3	5
596	0	0	0	0	-1	6
597	672	673	3	0.21	-3	5
598	674	675	3	0.42	-3	6
599	0	0	0	0	-1	6
600	0	0	0	0	-1	5
601	676	677	4	2.65	-3	6
602	0	0	0	0	-1	6
603	0	0	0	0	-1	6
604	0	0	0	0	-1	5.5
605	678	679	3	0.01	-3	5.04545454545454
606	0	0	0	0	-1	6
607	680	681	10	0	-3	5
608	0	0	0	0	-1	5
609	0	0	0	0	-1	5
610	0	0	0	0	-1	4
611	682	683	9	3.41	-3	5
612	0	0	0	0	-1	5
613	0	0	0	0	-1	5
614	0	0	0	0	-1	6
615	0	0	0	0	-1	6
616	0	0	0	0	-1	5
617	0	0	0	0	-1	6
618	684	685	7	0	-3	5
619	0	0	0	0	-1	5
620	686	687	3	0.42	-3	6
621	688	689	3	0.365	-3	6.57142857142857
622	0	0	0	0	-1	5
623	690	691	7	50.5	-3	5.8
624	692	693	10	0.59	-3	5
625	0	0	0	0	-1	6
626	0	0	0	0	-1	7
627	0	0	0	0	-1	7
628	0	0	0	0	-1	6.5
629	694	695	7	26	-3	5.85714285714286
630	696	697	7	61	-3	6
631	0	0	0	0	-1	6
632	0	0	0	0	-1	6
633	698	699	8	0.99336	-3	6
634	0	0	0	0	-1	6
635	700	701	7	42.5	-3	6
636	0	0	0	0	-1	6
637	0	0	0	0	-1	6
638	0	0	0	0	-1	5
639	0	0	0	0	-1	5
640	702	703	8	0.99674	-3	5.47368421052632
641	704	705	6	57	-3	5.15492957746479
642	0	0	0	0	-1	6.5
643	706	707	1	7.7	-3	5.33333333333333
644	0	0	0	0	-1	5
645	0	0	0	0	-1	4.75
646	708	709	5	0.0725	-3	5.62295081967213
647	710	711	6	0	-3	5
648	712	713	1	7.45	-3	5.2
649	714	715	2	0.7625	-3	5
650	716	717	6	0	-3	5
651	718	719	8	0.997025	-3	5.16666666666667
652	720	721	5	0.0855	-3	5.56666666666667
653	722	723	6	10	-3	5.16666666666667
654	0	0	0	0	-1	6
655	724	725	11	10.35	-3	5.125
656	0	0	0	0	-1	5
657	726	727	5	0	-3	5
658	0	0	0	0	-1	5
659	728	729	11	0	-3	5
660	0	0	0	0	-1	7
661	730	731	7	17.5	-3	6
662	732	733	1	0	-3	5
663	734	735	3	0	-3	5
664	0	0	0	0	-1	5
665	0	0	0	0	-1	5
666	0	0	0	0	-1	5
667	0	0	0	0	-1	5
668	0	0	0	0	-1	6
669	0	0	0	0	-1	5
670	0	0	0	0	-1	5
671	736	737	4	1.8	-3	5
672	0	0	0	0	-1	5
673	0	0	0	0	-1	5
674	738	739	4	0	-3	6
675	740	741	1	12.05	-3	6
676	0	0	0	0	-1	6
677	0	0	0	0	-1	6
678	0	0	0	0	-1	5.33333333333333
679	742	743	7	75	-3	5
680	0	0	0	0	-1	6
681	744	745	1	6.9	-3	5
682	746	747	6	0.997755	-3	5
683	0	0	0	0	-1	5
684	0	0	0	0	-1	6
685	0	0	0	0	-1	5
686	0	0	0	0	-1	6
687	0	0	0	0	-1	6
688	0	0	0	0	-1	7
689	0	0	0	0	-1	6
690	748	749	10	0.615	-3	6
691	750	751	8	0.99675	-3	5.42857142857143
692	0	0	0	0	-1	6
693	752	753	9	3.23	-3	5
694	0	0	0	0	-1	5
695	754	755	4	2.175	-3	6
696	756	757	7	0	-3	6
697	0	0	0	0	-1	6
698	0	0	0	0	-1	6
699	758	759	1	7.45	-3	6
700	0	0	0	0	-1	6
701	0	0	0	0	-1	6
702	760	761	7	11.5	-3	5.28571428571429
703	0	0	0	0	-1	6
704	762	763	3	0.015	-3	5.1304347826087
705	0	0	0	0	-1	6
706	764	765	1	7	-3	5
707	0	0	0	0	-1	6
708	766	767	11	9.9	-3	5.17647058823529
709	768	769	7	81	-3	5.79545454545455
710	0	0	0	0	-1	5
711	0	0	0	0	-1	5
712	0	0	0	0	-1	5.66666666666667
713	770	771	3	0	-3	5
714	772	773	11	9.25	-3	4.97826086956522
715	0	0	0	0	-1	5.2
716	0	0	0	0	-1	7
717	774	775	6	0	-3	5
718	0	0	0	0	-1	5.5
719	0	0	0	0	-1	5
720	776	777	7	73	-3	5.73913043478261
721	0	0	0	0	-1	5
722	0	0	0	0	-1	6
723	778	779	5	0.0785	-3	5.0625
724	0	0	0	0	-1	5
725	0	0	0	0	-1	5.33333333333333
726	0	0	0	0	-1	5
727	780	781	7	22.5	-3	5
728	0	0	0	0	-1	5
729	782	783	3	0.23	-3	5
730	0	0	0	0	-1	6
731	784	785	3	0.3	-3	6
732	0	0	0	0	-1	7
733	786	787	7	34	-3	5
734	0	0	0	0	-1	7
735	788	789	9	3.405	-3	5
736	0	0	0	0	-1	5
737	0	0	0	0	-1	5
738	0	0	0	0	-1	4
739	790	791	5	0.0755	-3	6
740	792	793	5	10.05	-3	6
741	0	0	0	0	-1	6
742	794	795	9	3.32	-3	5
743	796	797	9	0	-3	5
744	0	0	0	0	-1	5
745	798	799	8	0	-3	5
746	0	0	0	0	-1	5
747	800	801	11	10.95	-3	5
748	0	0	0	0	-1	6
749	802	803	2	0.61	-3	6
750	0	0	0	0	-1	5.75
751	0	0	0	0	-1	5
752	0	0	0	0	-1	5
753	804	805	5	0	-3	5
754	0	0	0	0	-1	6
755	0	0	0	0	-1	6
756	0	0	0	0	-1	6
757	806	807	11	12	-3	6
758	808	809	4	2.2	-3	6
759	810	811	7	61.5	-3	6
760	812	813	5	0.0785	-3	5.66666666666667
761	814	815	1	6.7	-3	5
762	0	0	0	0	-1	6
763	816	817	4	2.35	-3	5.1044776119403
764	0	0	0	0	-1	5
765	0	0	0	0	-1	5
766	818	819	5	0.067	-3	5.625
767	820	821	11	10.05	-3	4.77777777777778
768	822	823	4	2.45	-3	5.87179487179487
769	0	0	0	0	-1	5.2
770	0	0	0	0	-1	5
771	0	0	0	0	-1	5
772	0	0	0	0	-1	4.5
773	824	825	10	0.515	-3	5
774	0	0	0	0	-1	6
775	826	827	6	10	-3	5
776	828	829	4	1.85	-3	5.53846153846154
777	830	831	1	7.45	-3	6
778	0	0	0	0	-1	5
779	0	0	0	0	-1	5.33333333333333
780	0	0	0	0	-1	5
781	0	0	0	0	-1	5
782	0	0	0	0	-1	5
783	832	833	1	9.85	-3	5
784	834	835	10	0.66	-3	6
785	836	837	1	8.1	-3	6
786	838	839	5	0	-3	5
787	0	0	0	0	-1	5
788	0	0	0	0	-1	5
789	0	0	0	0	-1	5
790	0	0	0	0	-1	6
791	0	0	0	0	-1	6
792	840	841	6	8	-3	6
793	0	0	0	0	-1	6
794	0	0	0	0	-1	5
795	842	843	8	0	-3	5
796	0	0	0	0	-1	5
797	844	845	7	0	-3	5
798	0	0	0	0	-1	6
799	846	847	3	0.27	-3	5
800	0	0	0	0	-1	5
801	848	849	7	0	-3	5
802	850	851	8	0.995395	-3	6
803	0	0	0	0	-1	6
804	0	0	0	0	-1	6
805	852	853	1	10.95	-3	5
806	0	0	0	0	-1	6
807	0	0	0	0	-1	6
808	0	0	0	0	-1	6
809	0	0	0	0	-1	6
810	854	855	7	50.5	-3	6
811	0	0	0	0	-1	6
812	0	0	0	0	-1	6
813	0	0	0	0	-1	5
814	0	0	0	0	-1	5
815	0	0	0	0	-1	5
816	856	857	5	0.0885	-3	5.13461538461539
817	858	859	8	8.25	-3	5
818	0	0	0	0	-1	6
819	0	0	0	0	-1	5
820	0	0	0	0	-1	4
821	0	0	0	0	-1	5
822	860	861	2	0.575	-3	5.94285714285714
823	0	0	0	0	-1	5.25
824	862	863	7	127	-3	5
825	864	865	6	46.5	-3	5
826	866	867	4	0	-3	5
827	0	0	0	0	-1	5
828	0	0	0	0	-1	5
829	868	869	9	3.355	-3	5.77777777777778
830	0	0	0	0	-1	6
831	870	871	10	0.56	-3	6
832	0	0	0	0	-1	5
833	0	0	0	0	-1	5
834	0	0	0	0	-1	6
835	872	873	6	10	-3	6
836	0	0	0	0	-1	6
837	874	875	8	0	-3	6
838	0	0	0	0	-1	5
839	876	877	2	0.635	-3	5
840	0	0	0	0	-1	6
841	0	0	0	0	-1	6
842	0	0	0	0	-1	6
843	878	879	11	10.45	-3	5
844	0	0	0	0	-1	7
845	0	0	0	0	-1	5
846	0	0	0	0	-1	5
847	0	0	0	0	-1	5
848	0	0	0	0	-1	5
849	880	881	5	0.068	-3	5
850	0	0	0	0	-1	6
851	0	0	0	0	-1	6
852	0	0	0	0	-1	5
853	0	0	0	0	-1	5
854	0	0	0	0	-1	6
855	0	0	0	0	-1	6
856	882	883	7	33	-3	5.08510638297872
857	0	0	0	0	-1	5.6
858	884	885	9	0.575	-3	5
859	0	0	0	0	-1	5
860	886	887	7	67	-3	5.97058823529412
861	0	0	0	0	-1	5
862	888	889	4	2	-3	5
863	890	891	4	0	-3	5
864	892	893	5	0.0755	-3	5
865	0	0	0	0	-1	5
866	0	0	0	0	-1	5
867	894	895	10	0.545	-3	5
868	896	897	2	0	-3	6
869	0	0	0	0	-1	5.33333333333333
870	0	0	0	0	-1	6
871	0	0	0	0	-1	6
872	0	0	0	0	-1	6
873	0	0	0	0	-1	6
874	0	0	0	0	-1	6
875	898	899	3	0.465	-3	6
876	0	0	0	0	-1	5
877	0	0	0	0	-1	5
878	900	901	3	0	-3	5
879	0	0	0	0	-1	5
880	0	0	0	0	-1	5
881	902	903	2	0	-3	5
882	904	905	1	7.15	-3	5.3
883	906	907	9	3.275	-3	5.02702702702703
884	0	0	0	0	-1	6
885	908	909	1	7.55	-3	5
886	0	0	0	0	-1	6
887	0	0	0	0	-1	5.8
888	910	911	3	0.035	-3	5
889	912	913	4	2.2	-3	5
890	0	0	0	0	-1	5
891	0	0	0	0	-1	5
892	914	915	4	0	-3	5
893	916	917	7	0	-3	5
894	0	0	0	0	-1	5
895	0	0	0	0	-1	5
896	0	0	0	0	-1	6
897	0	0	0	0	-1	6
898	0	0	0	0	-1	6
899	0	0	0	0	-1	6
900	0	0	0	0	-1	5
901	918	919	3	0.36	-3	5
902	0	0	0	0	-1	5
903	0	0	0	0	-1	5
904	0	0	0	0	-1	5
905	0	0	0	0	-1	5.75
906	920	921	11	9.55	-3	5.11111111111111
907	922	923	5	0.0815	-3	5
908	0	0	0	0	-1	5
909	0	0	0	0	-1	5
910	0	0	0	0	-1	5
911	924	925	8	0.995065	-3	5
912	0	0	0	0	-1	5
913	0	0	0	0	-1	5
914	0	0	0	0	-1	6
915	926	927	7	32	-3	5
916	0	0	0	0	-1	5
917	0	0	0	0	-1	5
918	0	0	0	0	-1	5
919	0	0	0	0	-1	5
920	928	929	4	2.25	-3	5
921	0	0	0	0	-1	5.33333333333333
922	930	931	11	10.25	-3	5
923	0	0	0	0	-1	5
924	0	0	0	0	-1	5
925	0	0	0	0	-1	5
926	0	0	0	0	-1	5
927	0	0	0	0	-1	5
928	0	0	0	0	-1	5
929	0	0	0	0	-1	5
930	932	933	1	6.8	-3	5
931	0	0	0	0	-1	5
932	934	935	10	0	-3	5
933	936	937	10	13.5	-3	5
934	0	0	0	0	-1	4
935	938	939	10	0.6	-3	5
936	940	941	9	0.335	-3	5
937	0	0	0	0	-1	5
938	0	0	0	0	-1	5
939	0	0	0	0	-1	5
940	0	0	0	0	-1	5
941	942	943	4	2.25	-3	5
942	944	945	8	13.5	-3	5
943	0	0	0	0	-1	5
944	946	947	5	0	-3	5
945	0	0	0	0	-1	5
946	0	0	0	0	-1	5
947	948	949	3	0.215	-3	5
948	950	951	3	0.08	-3	5
949	0	0	0	0	-1	5
950	0	0	0	0	-1	5
951	952	953	6	0	-3	5
952	0	0	0	0	-1	5
953	954	955	4	7.65	-3	5
954	0	0	0	0	-1	5
955	0	0	0	0	-1	5
