1	2	3	8	0.99539	-3	5.64915572232645
2	4	5	1	7.15	-3	6.09493670886076
3	6	7	2	0.375	-3	5.53936087295401
4	8	9	3	0.105	-3	5.84
5	10	11	11	10.95	-3	6.4113475177305
6	12	13	7	44.5	-3	5.99245283018868
7	14	15	11	9.85	-3	5.42141453831041
8	16	17	4	3.825	-3	5.66666666666667
9	18	19	8	0.99246	-3	6.1
10	20	21	5	0.0695	-3	5.33333333333333
11	22	23	2	0.385	-3	6.63247863247863
12	24	25	11	10.75	-3	6.19871794871795
13	26	27	7	104.5	-3	5.69724770642202
14	28	29	2	0.855	-3	5.16441005802708
15	30	31	10	0.635	-3	5.68662674650699
16	32	33	8	0.991585	-3	5.73267326732673
17	0	0	0	0	-1	4
18	34	35	4	3.35	-3	6.7
19	36	37	2	0.635	-3	6
20	38	39	4	1.25	-3	6.11111111111111
21	40	41	7	12	-3	4.86666666666667
22	42	43	3	0.315	-3	6.7710843373494
23	44	45	10	0.705	-3	6.29411764705882
24	46	47	1	11.65	-3	5.94252873563218
25	48	49	6	9.5	-3	6.52173913043478
26	50	51	10	0.69	-3	5.74509803921569
27	52	53	6	22.5	-3	5
28	54	55	6	21.5	-3	5.18036072144288
29	56	57	3	0.07	-3	4.72222222222222
30	58	59	2	0.615	-3	5.44736842105263
31	60	61	11	11.55	-3	5.95744680851064
32	0	0	0	0	-1	7.2
33	62	63	2	1	-3	5.65625
34	64	65	9	3.255	-3	6.875
35	0	0	0	0	-1	6
36	66	67	6	5	-3	6.03508771929825
37	0	0	0	0	-1	5.33333333333333
38	0	0	0	0	-1	7
39	68	69	8	0.99484	-3	6
40	0	0	0	0	-1	3
41	70	71	11	0	-3	5
42	72	73	7	31.5	-3	7.66666666666667
43	74	75	7	6.5	-3	6.7012987012987
44	76	77	9	3.195	-3	5.94117647058824
45	78	79	10	0.785	-3	6.64705882352941
46	80	81	8	0.996015	-3	5.72058823529412
47	82	83	8	1.000125	-3	6.73684210526316
48	84	85	9	3.165	-3	6.68085106382979
49	86	87	7	24.5	-3	6.18181818181818
50	88	89	11	9.45	-3	5.41666666666667
51	90	91	4	3.7	-3	6.03703703703704
52	0	0	0	0	-1	4
53	92	93	2	0.315	-3	5.16666666666667
54	94	95	9	3.265	-3	5.21866666666666
55	96	97	5	0.537	-3	5.06451612903226
56	98	99	9	3.275	-3	4.25
57	100	101	7	46.5	-3	5.1
58	102	103	6	30.5	-3	5.60526315789474
59	104	105	4	2.35	-3	5.23684210526316
60	106	107	4	1.6	-3	5.83417085427136
61	108	109	2	0.67	-3	6.63888888888889
62	110	111	10	0.585	-3	5.74725274725275
63	0	0	0	0	-1	4
64	0	0	0	0	-1	6
65	112	113	6	26	-3	7
66	0	0	0	0	-1	5
67	114	115	2	0.555	-3	6.05357142857143
68	0	0	0	0	-1	6
69	0	0	0	0	-1	6
70	0	0	0	0	-1	6
71	116	117	7	44.5	-3	5
72	0	0	0	0	-1	8
73	0	0	0	0	-1	7
74	0	0	0	0	-1	6
75	118	119	10	0.565	-3	6.72972972972973
76	0	0	0	0	-1	5
77	120	121	8	0.99455	-3	6
78	122	123	8	0.99456	-3	7.42857142857143
79	124	125	8	0.9951	-3	6.1
80	0	0	0	0	-1	6.66666666666667
81	126	127	4	2.15	-3	5.67692307692308
82	128	129	5	0.0685	-3	6.93333333333333
83	0	0	0	0	-1	6
84	130	131	9	3.145	-3	7.25
85	132	133	7	15.5	-3	6.48571428571429
86	0	0	0	0	-1	7
87	134	135	6	21.5	-3	6.05263157894737
88	136	137	4	2.25	-3	5.05
89	138	139	7	48.5	-3	5.67857142857143
90	140	141	5	0.0515	-3	6.12
91	0	0	0	0	-1	5
92	0	0	0	0	-1	6
93	0	0	0	0	-1	5
94	142	143	5	0.0715	-3	5.12328767123288
95	144	145	5	0.0895	-3	5.27947598253275
96	146	147	8	0.99865	-3	5.08196721311475
97	0	0	0	0	-1	4
98	0	0	0	0	-1	5
99	0	0	0	0	-1	3.8
100	0	0	0	0	-1	6
101	148	149	11	9.7	-3	5
102	150	151	5	0.0575	-3	5.65
103	152	153	3	0.205	-3	5.08333333333333
104	154	155	9	3.545	-3	5
105	156	157	4	5.6	-3	5.47368421052632
106	158	159	9	3.115	-3	6.71428571428571
107	160	161	3	0.655	-3	5.80208333333333
108	162	163	8	1	-3	6.75862068965517
109	164	165	7	39	-3	6.14285714285714
110	166	167	1	6.25	-3	5.46341463414634
111	168	169	3	0.085	-3	5.98
112	0	0	0	0	-1	7
113	0	0	0	0	-1	7
114	170	171	10	0.635	-3	5.97560975609756
115	172	173	6	15.5	-3	6.26666666666667
116	0	0	0	0	-1	5
117	174	175	2	0.71	-3	5
118	176	177	4	3.65	-3	6.44444444444444
119	178	179	1	8.65	-3	6.82142857142857
120	180	181	3	0.305	-3	6
121	0	0	0	0	-1	6
122	0	0	0	0	-1	8
123	0	0	0	0	-1	7
124	182	183	11	13.15	-3	6.22222222222222
125	0	0	0	0	-1	5
126	184	185	1	8.6	-3	5.83333333333333
127	186	187	7	12.5	-3	5.39130434782609
128	0	0	0	0	-1	6
129	188	189	9	2.93	-3	7.07692307692308
130	190	191	6	7.5	-3	6.83333333333333
131	192	193	4	2.35	-3	7.66666666666667
132	194	195	3	0.435	-3	6.07142857142857
133	196	197	5	0.076	-3	6.76190476190476
134	198	199	3	0.66	-3	5.94117647058824
135	0	0	0	0	-1	7
136	0	0	0	0	-1	5
137	200	201	3	0.39	-3	5.11111111111111
138	0	0	0	0	-1	5
139	202	203	6	25.5	-3	5.79166666666667
140	204	205	7	63.5	-3	5.5
141	206	207	5	0.057	-3	6.20454545454546
142	208	209	10	0.595	-3	5.52941176470588
143	210	211	6	12.5	-3	5.06976744186047
144	212	213	4	2.45	-3	5.2258064516129
145	214	215	9	3.305	-3	5.51162790697674
146	216	217	2	0.385	-3	5.01904761904762
147	218	219	8	0.99875	-3	5.47058823529412
148	0	0	0	0	-1	5
149	0	0	0	0	-1	5
150	0	0	0	0	-1	4.75
151	220	221	4	5.575	-3	5.67647058823529
152	0	0	0	0	-1	6
153	0	0	0	0	-1	5
154	222	223	3	0.26	-3	5.09803921568628
155	224	225	9	3.555	-3	4.16666666666667
156	226	227	4	2.55	-3	5.51785714285714
157	0	0	0	0	-1	3
158	0	0	0	0	-1	7
159	0	0	0	0	-1	6
160	228	229	7	71.5	-3	5.75
161	230	231	4	3	-3	6.58333333333333
162	232	233	10	0.855	-3	6.84615384615385
163	0	0	0	0	-1	6
164	0	0	0	0	-1	7
165	234	235	7	69	-3	6
166	236	237	9	3.33	-3	5.2
167	238	239	6	8.5	-3	5.71428571428571
168	240	241	10	0.835	-3	6.04347826086957
169	0	0	0	0	-1	5.25
170	242	243	4	1.65	-3	5.89655172413793
171	244	245	9	3.445	-3	6.16666666666667
172	246	247	9	3.41	-3	6.57142857142857
173	248	249	9	3.345	-3	6
174	0	0	0	0	-1	5
175	0	0	0	0	-1	5
176	250	251	4	1.3	-3	6.28571428571429
177	0	0	0	0	-1	7
178	252	253	5	0.069	-3	6.75
179	254	255	7	64.5	-3	7.08333333333333
180	256	257	4	1.85	-3	6
181	0	0	0	0	-1	6
182	0	0	0	0	-1	6
183	0	0	0	0	-1	7
184	258	259	11	10.25	-3	5.625
185	260	261	5	0.2165	-3	5.96153846153846
186	0	0	0	0	-1	7
187	262	263	5	0.062	-3	5.31818181818182
188	0	0	0	0	-1	8
189	264	265	7	22.5	-3	7
190	0	0	0	0	-1	7
191	0	0	0	0	-1	6
192	0	0	0	0	-1	7
193	0	0	0	0	-1	8
194	0	0	0	0	-1	6.5
195	266	267	8	0.997705	-3	5.9
196	268	269	9	3.19	-3	6.58333333333333
197	270	271	5	0.0895	-3	7
198	272	273	7	36	-3	6
199	0	0	0	0	-1	5
200	0	0	0	0	-1	6
201	274	275	10	0.59	-3	5
202	276	277	7	60.5	-3	5.93333333333333
203	278	279	11	9.6	-3	5.55555555555556
204	0	0	0	0	-1	6
205	0	0	0	0	-1	5
206	0	0	0	0	-1	7
207	280	281	3	0.285	-3	6.14634146341463
208	282	283	4	2.05	-3	5.875
209	284	285	10	0.635	-3	5.22222222222222
210	286	287	11	9.05	-3	4.95294117647059
211	288	289	10	0.48	-3	5.29545454545455
212	290	291	1	7.75	-3	5.3006993006993
213	292	293	10	0.47	-3	4.97674418604651
214	294	295	5	0.164	-3	5.21428571428571
215	296	297	6	10.5	-3	5.6551724137931
216	0	0	0	0	-1	4
217	298	299	9	3.495	-3	5.04901960784314
218	0	0	0	0	-1	6
219	300	301	4	14.6	-3	5.35714285714286
220	302	303	1	7.45	-3	5.63636363636364
221	0	0	0	0	-1	7
222	304	305	7	25.5	-3	5.24444444444444
223	306	307	6	0	-3	4
224	0	0	0	0	-1	3
225	0	0	0	0	-1	4.4
226	308	309	9	3.375	-3	5.76190476190476
227	310	311	4	4.95	-3	5.37142857142857
228	312	313	7	12	-3	5.82165605095541
229	314	315	4	3.2	-3	5.26086956521739
230	0	0	0	0	-1	6
231	316	317	4	3.45	-3	6.875
232	318	319	6	5.5	-3	6.95652173913044
233	0	0	0	0	-1	6
234	0	0	0	0	-1	6
235	0	0	0	0	-1	6
236	0	0	0	0	-1	6
237	320	321	5	0.0755	-3	5.15789473684211
238	0	0	0	0	-1	5
239	322	323	6	10	-3	5.88235294117647
240	324	325	1	6.05	-3	5.975
241	326	327	3	0.005	-3	6.5
242	0	0	0	0	-1	5
243	328	329	4	1.75	-3	6
244	330	331	3	0.43	-3	6
245	0	0	0	0	-1	7
246	0	0	0	0	-1	6
247	0	0	0	0	-1	7
248	0	0	0	0	-1	6
249	0	0	0	0	-1	6
250	0	0	0	0	-1	6
251	332	333	2	0.33	-3	6.4
252	334	335	7	20.5	-3	6.6
253	336	337	9	3.125	-3	6.94736842105263
254	338	339	11	0.99469	-3	7
255	0	0	0	0	-1	8
256	0	0	0	0	-1	6
257	0	0	0	0	-1	6
258	340	341	2	0.33	-3	6
259	342	343	9	0.99604	-3	5
260	344	345	5	0.0565	-3	6.04166666666667
261	0	0	0	0	-1	5
262	0	0	0	0	-1	4
263	346	347	5	0.073	-3	5.38095238095238
264	0	0	0	0	-1	7
265	348	349	5	0	-3	7
266	350	351	11	11.1	-3	6
267	0	0	0	0	-1	5.5
268	0	0	0	0	-1	6
269	352	353	1	10.15	-3	6.7
270	0	0	0	0	-1	7
271	0	0	0	0	-1	7
272	354	355	9	3.315	-3	6.08333333333333
273	0	0	0	0	-1	5.75
274	356	357	6	0.285	-3	5
275	0	0	0	0	-1	5
276	0	0	0	0	-1	6
277	0	0	0	0	-1	5
278	0	0	0	0	-1	6
279	0	0	0	0	-1	5.2
280	0	0	0	0	-1	5
281	358	359	5	0.0915	-3	6.20512820512821
282	0	0	0	0	-1	5
283	0	0	0	0	-1	6
284	360	361	6	0	-3	5
285	0	0	0	0	-1	5.66666666666667
286	0	0	0	0	-1	3.8
287	362	363	1	12.45	-3	5.025
288	0	0	0	0	-1	6
289	364	365	4	4.9	-3	5.24390243902439
290	366	367	3	0.195	-3	5.22
291	368	369	10	0.56	-3	5.48837209302326
292	0	0	0	0	-1	4
293	370	371	11	9.05	-3	5.07692307692308
294	372	373	10	0.6	-3	5
295	0	0	0	0	-1	6
296	374	375	8	0.997385	-3	5.33333333333333
297	376	377	4	2.65	-3	5.88235294117647
298	378	379	10	1.445	-3	5.02020202020202
299	0	0	0	0	-1	6
300	380	381	5	0.087	-3	5.18181818181818
301	0	0	0	0	-1	6
302	382	383	3	0.13	-3	5.40540540540541
303	384	385	10	0.535	-3	5.72631578947368
304	386	387	5	0.0695	-3	5
305	388	389	10	0.535	-3	5.40740740740741
306	0	0	0	0	-1	6
307	0	0	0	0	-1	4
308	390	391	3	0.035	-3	5.28571428571429
309	392	393	10	3.39	-3	6
310	394	395	1	9.8	-3	5.21428571428571
311	0	0	0	0	-1	6
312	0	0	0	0	-1	4
313	396	397	10	0.655	-3	5.84516129032258
314	398	399	7	90	-3	5.75
315	400	401	1	106	-3	5
316	0	0	0	0	-1	6.66666666666667
317	0	0	0	0	-1	7
318	0	0	0	0	-1	6.5
319	402	403	8	0.9987	-3	7
320	404	405	3	0	-3	5
321	0	0	0	0	-1	5.6
322	0	0	0	0	-1	7
323	406	407	5	0.076	-3	5.8125
324	408	409	8	0.99319	-3	5.76923076923077
325	410	411	6	33	-3	6.07407407407407
326	0	0	0	0	-1	6
327	0	0	0	0	-1	7
328	0	0	0	0	-1	6
329	412	413	7	29	-3	6
330	0	0	0	0	-1	6
331	0	0	0	0	-1	6
332	414	415	9	3.23	-3	6.14285714285714
333	0	0	0	0	-1	7
334	416	417	4	2.25	-3	7
335	418	419	4	2.45	-3	6.28571428571429
336	0	0	0	0	-1	6
337	420	421	9	0	-3	7
338	0	0	0	0	-1	5
339	422	423	4	1.9	-3	7
340	424	425	2	0.23	-3	6
341	0	0	0	0	-1	6
342	0	0	0	0	-1	6
343	0	0	0	0	-1	5
344	0	0	0	0	-1	7
345	426	427	8	0.99644	-3	6
346	0	0	0	0	-1	6
347	428	429	3	0.475	-3	5.23529411764706
348	0	0	0	0	-1	7
349	0	0	0	0	-1	7
350	0	0	0	0	-1	6
351	430	431	7	9	-3	6
352	0	0	0	0	-1	7
353	432	433	1	10.3	-3	6.57142857142857
354	434	435	2	0.295	-3	6
355	0	0	0	0	-1	7
356	0	0	0	0	-1	6
357	0	0	0	0	-1	5
358	436	437	6	52.5	-3	6.12121212121212
359	438	439	2	0.315	-3	6.66666666666667
360	0	0	0	0	-1	5
361	0	0	0	0	-1	5
362	440	441	11	9.15	-3	5
363	0	0	0	0	-1	5.66666666666667
364	442	443	7	93.5	-3	5.225
365	0	0	0	0	-1	6
366	444	445	10	0.585	-3	5.31746031746032
367	446	447	11	9.075	-3	5.05405405405405
368	448	449	2	0.7475	-3	5.15
369	450	451	2	0.6	-3	5.78260869565217
370	0	0	0	0	-1	4
371	452	453	4	4	-3	5.13513513513514
372	454	455	7	0	-3	5
373	0	0	0	0	-1	5
374	456	457	6	0	-3	5
375	0	0	0	0	-1	5.8
376	458	459	11	9.15	-3	6
377	0	0	0	0	-1	5.5
378	460	461	9	3.065	-3	5
379	0	0	0	0	-1	6
380	0	0	0	0	-1	6
381	462	463	1	8.85	-3	5
382	464	465	10	0.615	-3	5.71428571428571
383	466	467	6	5	-3	5
384	468	469	5	0.095	-3	5.40909090909091
385	470	471	4	1.65	-3	5.82191780821918
386	0	0	0	0	-1	5.5
387	472	473	4	2.15	-3	4.85714285714286
388	474	475	1	7.2	-3	5
389	476	477	8	0.99616	-3	5.64705882352941
390	0	0	0	0	-1	6
391	478	479	2	0.765	-3	5.16666666666667
392	480	481	5	0.242	-3	6
393	0	0	0	0	-1	6
394	482	483	9	3.36	-3	5.04761904761905
395	484	485	7	86	-3	5.71428571428571
396	486	487	5	0.0625	-3	6.25
397	488	489	3	0.03	-3	5.77099236641221
398	0	0	0	0	-1	5.33333333333333
399	0	0	0	0	-1	6
400	490	491	11	0	-3	5
401	0	0	0	0	-1	5
402	492	493	7	23	-3	6.94444444444444
403	0	0	0	0	-1	7.33333333333333
404	0	0	0	0	-1	5
405	494	495	3	0.025	-3	5
406	496	497	1	6.5	-3	5.92307692307692
407	0	0	0	0	-1	5.33333333333333
408	498	499	6	15.5	-3	6
409	0	0	0	0	-1	5.4
410	500	501	4	2.35	-3	6.03846153846154
411	0	0	0	0	-1	7
412	0	0	0	0	-1	6
413	0	0	0	0	-1	6
414	0	0	0	0	-1	6
415	0	0	0	0	-1	6.25
416	502	503	2	0.295	-3	7
417	0	0	0	0	-1	7
418	504	505	7	31.5	-3	6.09090909090909
419	0	0	0	0	-1	7
420	0	0	0	0	-1	5
421	506	507	1	0	-3	7
422	0	0	0	0	-1	7
423	508	509	3	0.5	-3	7
424	0	0	0	0	-1	6
425	510	511	8	0.9971	-3	6
426	0	0	0	0	-1	6
427	512	513	1	3.025	-3	6
428	0	0	0	0	-1	5.8
429	514	515	2	0.335	-3	5
430	0	0	0	0	-1	6
431	0	0	0	0	-1	6
432	0	0	0	0	-1	6
433	0	0	0	0	-1	6.8
434	516	517	10	0.71	-3	6
435	0	0	0	0	-1	6
436	518	519	4	2.7	-3	6.09375
437	0	0	0	0	-1	7
438	0	0	0	0	-1	7
439	0	0	0	0	-1	6.33333333333333
440	0	0	0	0	-1	6
441	520	521	3	0.03	-3	4.98684210526316
442	522	523	7	48	-3	5.32142857142857
443	524	525	4	2.85	-3	5
444	526	527	11	9.45	-3	5.11111111111111
445	528	529	10	0.635	-3	5.47222222222222
446	0	0	0	0	-1	4.33333333333333
447	530	531	4	2.3	-3	5.11764705882353
448	532	533	3	0.17	-3	5.10526315789474
449	0	0	0	0	-1	6
450	534	535	1	8.5	-3	5.89473684210526
451	0	0	0	0	-1	5.25
452	536	537	5	0.0725	-3	5.08571428571429
453	0	0	0	0	-1	6
454	0	0	0	0	-1	6
455	538	539	11	9.65	-3	5
456	0	0	0	0	-1	6
457	540	541	4	1.85	-3	5
458	0	0	0	0	-1	6
459	0	0	0	0	-1	6
460	0	0	0	0	-1	4.33333333333333
461	542	543	3	0.11	-3	5.02127659574468
462	0	0	0	0	-1	5
463	0	0	0	0	-1	5
464	544	545	9	3.37	-3	5.52941176470588
465	0	0	0	0	-1	6.5
466	0	0	0	0	-1	4
467	546	547	7	32.5	-3	5.06666666666667
468	548	549	5	0.0895	-3	5.55555555555556
469	0	0	0	0	-1	4.75
470	0	0	0	0	-1	5
471	550	551	10	0.625	-3	5.8695652173913
472	552	553	6	4.5	-3	5
473	0	0	0	0	-1	4
474	0	0	0	0	-1	5
475	554	555	5	0	-3	5
476	556	557	3	0	-3	6
477	558	559	11	10.15	-3	5.4
478	0	0	0	0	-1	5
479	0	0	0	0	-1	6
480	560	561	3	0.005	-3	6
481	0	0	0	0	-1	6
482	0	0	0	0	-1	5.5
483	562	563	5	0.092	-3	4.94117647058824
484	0	0	0	0	-1	5
485	0	0	0	0	-1	6
486	0	0	0	0	-1	6.8
487	564	565	11	10.05	-3	6.10526315789474
488	566	567	10	0.825	-3	5.5
489	568	569	9	3.445	-3	5.8141592920354
490	0	0	0	0	-1	6
491	570	571	8	0	-3	5
492	572	573	7	19.5	-3	6.88888888888889
493	574	575	3	0.6	-3	7
494	0	0	0	0	-1	5
495	576	577	7	0	-3	5
496	0	0	0	0	-1	5.6
497	578	579	2	0.795	-3	6.125
498	0	0	0	0	-1	6
499	580	581	10	0.705	-3	6
500	582	583	9	3.405	-3	6
501	584	585	3	0.05	-3	6.16666666666667
502	0	0	0	0	-1	7
503	0	0	0	0	-1	7
504	0	0	0	0	-1	6.33333333333333
505	586	587	6	30	-3	6
506	0	0	0	0	-1	6
507	0	0	0	0	-1	7
508	0	0	0	0	-1	7
509	0	0	0	0	-1	7
510	0	0	0	0	-1	6
511	0	0	0	0	-1	6
512	0	0	0	0	-1	6
513	588	589	6	11.5	-3	6
514	0	0	0	0	-1	5
515	0	0	0	0	-1	5
516	590	591	1	9.55	-3	6
517	0	0	0	0	-1	6
518	592	593	3	0.36	-3	6.06666666666667
519	0	0	0	0	-1	6.5
520	0	0	0	0	-1	4
521	594	595	3	0.085	-3	5.01351351351351
522	596	597	5	0.4145	-3	5
523	598	599	9	3.215	-3	5.5
524	600	601	3	0.51	-3	5
525	0	0	0	0	-1	5
526	602	603	1	7.2	-3	4.93333333333333
527	604	605	7	33	-3	5.33333333333333
528	606	607	3	0.15	-3	5.83333333333333
529	608	609	5	0.0655	-3	5.4
530	610	611	7	48	-3	5.09090909090909
531	0	0	0	0	-1	6
532	612	613	3	0.09	-3	5.5
533	614	615	7	42	-3	4.92307692307692
534	616	617	2	0.575	-3	6.0625
535	0	0	0	0	-1	5
536	0	0	0	0	-1	5.5
537	618	619	10	0.77	-3	5.06060606060606
538	0	0	0	0	-1	5
539	0	0	0	0	-1	5
540	0	0	0	0	-1	5
541	0	0	0	0	-1	5
542	620	621	11	9.75	-3	5.14285714285714
543	622	623	10	0.545	-3	5
544	0	0	0	0	-1	5
545	624	625	8	0.996185	-3	5.69230769230769
546	0	0	0	0	-1	5.33333333333333
547	626	627	5	0.0805	-3	5
548	628	629	8	0.99861	-3	5.27272727272727
549	0	0	0	0	-1	6
550	630	631	7	18.5	-3	5.8
551	632	633	7	35.5	-3	6.33333333333333
552	0	0	0	0	-1	5
553	634	635	9	3.39	-3	5
554	0	0	0	0	-1	5
555	636	637	4	7.8	-3	5
556	0	0	0	0	-1	6
557	638	639	8	0.995675	-3	6
558	0	0	0	0	-1	6
559	640	641	5	0.0695	-3	5
560	0	0	0	0	-1	6
561	642	643	7	0	-3	6
562	644	645	6	30	-3	5
563	646	647	4	4	-3	4.875
564	0	0	0	0	-1	7
565	648	649	3	0.16	-3	6.05555555555556
566	650	651	8	0.99733	-3	5.25
567	652	653	2	0	-3	6
568	654	655	1	12.05	-3	5.88775510204082
569	656	657	4	3.25	-3	5.33333333333333
570	0	0	0	0	-1	6
571	658	659	3	0.33	-3	5
572	0	0	0	0	-1	7
573	0	0	0	0	-1	6
574	0	0	0	0	-1	7
575	0	0	0	0	-1	7
576	0	0	0	0	-1	6
577	660	661	3	0.065	-3	5
578	0	0	0	0	-1	6
579	0	0	0	0	-1	7
580	0	0	0	0	-1	6
581	0	0	0	0	-1	6
582	662	663	9	3.32	-3	6
583	0	0	0	0	-1	6
584	0	0	0	0	-1	6
585	0	0	0	0	-1	7
586	0	0	0	0	-1	6
587	0	0	0	0	-1	6
588	664	665	5	0.815	-3	6
589	0	0	0	0	-1	6
590	0	0	0	0	-1	6
591	0	0	0	0	-1	6
592	666	667	8	0.995965	-3	6.2
593	668	669	11	9.95	-3	6
594	0	0	0	0	-1	5.25
595	670	671	2	0.405	-3	5
596	672	673	2	0.6	-3	4.88888888888889
597	0	0	0	0	-1	6
598	674	675	8	0.99795	-3	5.35714285714286
599	0	0	0	0	-1	6
600	0	0	0	0	-1	5
601	0	0	0	0	-1	5
602	676	677	4	2.325	-3	5
603	0	0	0	0	-1	4.5
604	0	0	0	0	-1	5.6
605	678	679	8	0.99744	-3	5.14285714285714
606	0	0	0	0	-1	5.6
607	0	0	0	0	-1	7
608	0	0	0	0	-1	5
609	680	681	1	6.85	-3	5.46153846153846
610	682	683	3	0.205	-3	5
611	684	685	8	0.99618	-3	5.25
612	0	0	0	0	-1	5
613	0	0	0	0	-1	6
614	686	687	11	9.45	-3	5
615	0	0	0	0	-1	4.8
616	688	689	11	9.35	-3	6
617	0	0	0	0	-1	7
618	690	691	10	0.595	-3	5.03125
619	0	0	0	0	-1	6
620	692	693	7	38.5	-3	5.07692307692308
621	0	0	0	0	-1	6
622	694	695	7	72.5	-3	5
623	696	697	5	0.093	-3	5
624	698	699	11	10.5	-3	6
625	0	0	0	0	-1	5
626	700	701	1	0.505	-3	5
627	0	0	0	0	-1	5
628	702	703	4	2.95	-3	5
629	0	0	0	0	-1	6
630	704	705	6	5.5	-3	6.21428571428571
631	706	707	2	0.385	-3	5.67391304347826
632	0	0	0	0	-1	6.75
633	0	0	0	0	-1	6
634	708	709	4	0	-3	5
635	0	0	0	0	-1	5
636	0	0	0	0	-1	5
637	0	0	0	0	-1	5
638	0	0	0	0	-1	6
639	0	0	0	0	-1	6
640	0	0	0	0	-1	4
641	0	0	0	0	-1	5.2
642	0	0	0	0	-1	5
643	710	711	1	6.65	-3	6
644	0	0	0	0	-1	5
645	0	0	0	0	-1	5
646	712	713	3	0	-3	5
647	0	0	0	0	-1	4
648	0	0	0	0	-1	7
649	714	715	8	1.001	-3	6
650	0	0	0	0	-1	6
651	716	717	3	0	-3	5
652	0	0	0	0	-1	6
653	0	0	0	0	-1	6
654	718	719	8	0.998495	-3	5.94318181818182
655	720	721	1	12.55	-3	5.4
656	722	723	7	33.5	-3	5.42857142857143
657	0	0	0	0	-1	4
658	0	0	0	0	-1	5
659	724	725	6	28.5	-3	5
660	726	727	8	0	-3	5
661	0	0	0	0	-1	5
662	0	0	0	0	-1	6
663	0	0	0	0	-1	6
664	728	729	11	9.8	-3	6
665	0	0	0	0	-1	6
666	0	0	0	0	-1	7
667	730	731	3	0.335	-3	6.11111111111111
668	0	0	0	0	-1	6
669	732	733	4	1.65	-3	6
670	0	0	0	0	-1	5.5
671	734	735	7	74.5	-3	4.98529411764706
672	0	0	0	0	-1	5
673	0	0	0	0	-1	4.5
674	736	737	1	8.85	-3	5.125
675	738	739	6	17.5	-3	5.66666666666667
676	740	741	9	3.455	-3	5
677	0	0	0	0	-1	5
678	742	743	7	9.65	-3	5
679	0	0	0	0	-1	6
680	0	0	0	0	-1	5
681	744	745	2	0.59	-3	5.57142857142857
682	0	0	0	0	-1	5
683	746	747	9	0	-3	5
684	0	0	0	0	-1	6
685	748	749	7	63	-3	5.18181818181818
686	750	751	10	0	-3	5
687	0	0	0	0	-1	5
688	752	753	1	13.5	-3	6
689	0	0	0	0	-1	6
690	754	755	4	0.7875	-3	5
691	756	757	4	2.55	-3	5.1
692	0	0	0	0	-1	5.5
693	0	0	0	0	-1	5
694	758	759	8	0.9975	-3	5
695	760	761	5	0.093	-3	5
696	762	763	8	0.996805	-3	5
697	0	0	0	0	-1	5
698	0	0	0	0	-1	6
699	0	0	0	0	-1	6
700	0	0	0	0	-1	5
701	764	765	2	0.585	-3	5
702	766	767	5	0	-3	5
703	0	0	0	0	-1	5
704	768	769	9	3.215	-3	6
705	0	0	0	0	-1	6.75
706	0	0	0	0	-1	5
707	770	771	10	0.595	-3	5.72093023255814
708	0	0	0	0	-1	5
709	772	773	2	0.705	-3	5
710	0	0	0	0	-1	6
711	774	775	6	12.05	-3	6
712	0	0	0	0	-1	5
713	0	0	0	0	-1	5
714	776	777	7	36.5	-3	6
715	0	0	0	0	-1	6
716	778	779	10	0.0955	-3	5
717	0	0	0	0	-1	5
718	780	781	4	5.8	-3	5.86567164179105
719	782	783	9	3.285	-3	6.19047619047619
720	0	0	0	0	-1	5
721	0	0	0	0	-1	5.8
722	0	0	0	0	-1	6
723	784	785	3	0.175	-3	5.11111111111111
724	786	787	5	0	-3	5
725	0	0	0	0	-1	5
726	0	0	0	0	-1	7
727	788	789	3	0	-3	5
728	0	0	0	0	-1	6
729	790	791	9	3.385	-3	6
730	792	793	11	0.325	-3	6
731	0	0	0	0	-1	7
732	0	0	0	0	-1	6
733	794	795	2	3.365	-3	6
734	796	797	5	0.0785	-3	5.01785714285714
735	798	799	8	0.99708	-3	4.83333333333333
736	800	801	2	0	-3	5
737	0	0	0	0	-1	6
738	0	0	0	0	-1	6
739	0	0	0	0	-1	5
740	0	0	0	0	-1	5
741	0	0	0	0	-1	5
742	0	0	0	0	-1	7
743	0	0	0	0	-1	5
744	802	803	6	16	-3	5.9
745	804	805	7	26	-3	5.27272727272727
746	0	0	0	0	-1	5
747	806	807	8	0.99605	-3	5
748	0	0	0	0	-1	6
749	0	0	0	0	-1	5
750	0	0	0	0	-1	6
751	0	0	0	0	-1	5
752	808	809	3	0.175	-3	6
753	0	0	0	0	-1	6
754	0	0	0	0	-1	6
755	810	811	6	13	-3	5
756	0	0	0	0	-1	6
757	0	0	0	0	-1	5
758	0	0	0	0	-1	5
759	0	0	0	0	-1	5
760	812	813	11	0	-3	5
761	814	815	5	0	-3	5
762	816	817	4	2.15	-3	5
763	818	819	11	3.415	-3	5
764	820	821	8	0	-3	5
765	0	0	0	0	-1	5
766	0	0	0	0	-1	6
767	822	823	1	8.8	-3	5
768	0	0	0	0	-1	7
769	824	825	4	4.025	-3	5.88888888888889
770	826	827	4	2.25	-3	5.56
771	828	829	6	7.5	-3	5.94444444444444
772	0	0	0	0	-1	5
773	0	0	0	0	-1	5
774	0	0	0	0	-1	6
775	0	0	0	0	-1	6
776	0	0	0	0	-1	6
777	830	831	2	0.435	-3	6
778	0	0	0	0	-1	6
779	0	0	0	0	-1	5
780	832	833	2	0.6475	-3	5.90625
781	0	0	0	0	-1	5
782	834	835	6	27	-3	5.92857142857143
783	836	837	7	48	-3	6.71428571428571
784	0	0	0	0	-1	6
785	838	839	11	10.2	-3	5
786	0	0	0	0	-1	6
787	840	841	10	0.755	-3	5
788	0	0	0	0	-1	6
789	0	0	0	0	-1	5
790	842	843	11	10.3	-3	6
791	0	0	0	0	-1	6
792	0	0	0	0	-1	5
793	844	845	5	0	-3	6
794	846	847	11	10.35	-3	6
795	0	0	0	0	-1	6
796	848	849	5	0.0775	-3	5.08333333333333
797	850	851	2	0.57	-3	5
798	852	853	10	0.73	-3	5
799	0	0	0	0	-1	4.5
800	0	0	0	0	-1	6
801	854	855	4	1.9	-3	5
802	856	857	5	0.0775	-3	6
803	0	0	0	0	-1	5
804	0	0	0	0	-1	6
805	858	859	9	3.575	-3	5
806	0	0	0	0	-1	5
807	0	0	0	0	-1	5
808	0	0	0	0	-1	6
809	0	0	0	0	-1	6
810	0	0	0	0	-1	5
811	860	861	7	0	-3	5
812	0	0	0	0	-1	7
813	862	863	10	0.58	-3	5
814	0	0	0	0	-1	7
815	0	0	0	0	-1	5
816	864	865	8	0.275	-3	5
817	0	0	0	0	-1	5
818	0	0	0	0	-1	6
819	866	867	4	2.65	-3	5
820	0	0	0	0	-1	7
821	868	869	8	0.99652	-3	5
822	0	0	0	0	-1	5
823	0	0	0	0	-1	5
824	870	871	5	0.085	-3	6
825	0	0	0	0	-1	5
826	872	873	11	10.05	-3	6
827	874	875	8	0.99666	-3	5.3125
828	0	0	0	0	-1	5.5
829	876	877	2	0	-3	6
830	0	0	0	0	-1	6
831	878	879	8	0	-3	6
832	880	881	11	11.45	-3	6
833	882	883	4	2.45	-3	5.625
834	884	885	5	0.0705	-3	6
835	0	0	0	0	-1	5
836	0	0	0	0	-1	7
837	0	0	0	0	-1	6.5
838	0	0	0	0	-1	5
839	886	887	1	0	-3	5
840	0	0	0	0	-1	5
841	0	0	0	0	-1	5
842	888	889	4	0	-3	6
843	0	0	0	0	-1	6
844	0	0	0	0	-1	5
845	890	891	6	21.5	-3	6
846	0	0	0	0	-1	6
847	892	893	10	0.84	-3	6
848	894	895	8	0.99725	-3	5
849	0	0	0	0	-1	6
850	896	897	3	0.2	-3	5
851	898	899	8	0.996515	-3	5
852	900	901	1	0	-3	5
853	0	0	0	0	-1	5
854	0	0	0	0	-1	5
855	0	0	0	0	-1	5
856	0	0	0	0	-1	6
857	0	0	0	0	-1	6
858	902	903	4	0	-3	5
859	0	0	0	0	-1	5
860	0	0	0	0	-1	6
861	904	905	3	0.05	-3	5
862	906	907	4	2.25	-3	5
863	0	0	0	0	-1	5
864	0	0	0	0	-1	6
865	908	909	2	0.42	-3	5
866	910	911	3	0	-3	5
867	0	0	0	0	-1	5
868	0	0	0	0	-1	5
869	0	0	0	0	-1	5
870	0	0	0	0	-1	6
871	0	0	0	0	-1	6
872	0	0	0	0	-1	6
873	912	913	2	0.545	-3	6
874	0	0	0	0	-1	5.8
875	914	915	5	0.0985	-3	5.09090909090909
876	0	0	0	0	-1	5
877	916	917	11	11.45	-3	6
878	0	0	0	0	-1	7
879	918	919	11	10.35	-3	6
880	920	921	4	5.15	-3	6.04347826086957
881	0	0	0	0	-1	5
882	922	923	7	20.5	-3	5.45454545454545
883	0	0	0	0	-1	6
884	0	0	0	0	-1	6
885	924	925	7	23.5	-3	6
886	0	0	0	0	-1	6
887	926	927	9	3.515	-3	5
888	0	0	0	0	-1	6
889	928	929	8	0.7	-3	6
890	0	0	0	0	-1	6
891	0	0	0	0	-1	6
892	930	931	6	22	-3	6
893	0	0	0	0	-1	6
894	932	933	3	0.19	-3	5
895	0	0	0	0	-1	5
896	934	935	7	57	-3	5
897	936	937	5	9.45	-3	5
898	938	939	1	0	-3	5
899	940	941	5	0	-3	5
900	0	0	0	0	-1	5
901	942	943	8	8.05	-3	5
902	0	0	0	0	-1	7
903	944	945	8	0.9973	-3	5
904	946	947	3	0.005	-3	5
905	948	949	6	3.05	-3	5
906	950	951	2	0	-3	5
907	0	0	0	0	-1	5
908	0	0	0	0	-1	5
909	952	953	6	0	-3	5
910	0	0	0	0	-1	6
911	954	955	11	9.1	-3	5
912	0	0	0	0	-1	6
913	0	0	0	0	-1	6
914	0	0	0	0	-1	5
915	0	0	0	0	-1	5.25
916	0	0	0	0	-1	6
917	0	0	0	0	-1	6
918	0	0	0	0	-1	6
919	0	0	0	0	-1	6
920	956	957	8	0.99561	-3	6.02222222222222
921	0	0	0	0	-1	7
922	0	0	0	0	-1	6
923	958	959	6	29	-3	5
924	0	0	0	0	-1	6
925	0	0	0	0	-1	6
926	0	0	0	0	-1	5
927	0	0	0	0	-1	5
928	0	0	0	0	-1	7
929	0	0	0	0	-1	6
930	0	0	0	0	-1	6
931	0	0	0	0	-1	6
932	0	0	0	0	-1	5
933	960	961	9	0	-3	5
934	0	0	0	0	-1	5
935	0	0	0	0	-1	5
936	962	963	1	7.55	-3	5
937	0	0	0	0	-1	5
938	0	0	0	0	-1	5
939	964	965	10	0	-3	5
940	0	0	0	0	-1	5
941	966	967	10	0.315	-3	5
942	0	0	0	0	-1	5
943	0	0	0	0	-1	5
944	0	0	0	0	-1	5
945	0	0	0	0	-1	5
946	0	0	0	0	-1	5
947	968	969	8	0	-3	5
948	0	0	0	0	-1	7
949	970	971	7	81	-3	5
950	0	0	0	0	-1	6
951	972	973	1	0.32	-3	5
952	0	0	0	0	-1	6
953	974	975	5	0.075	-3	5
954	0	0	0	0	-1	5
955	976	977	1	8.45	-3	5
956	0	0	0	0	-1	7
957	978	979	11	11.15	-3	6
958	0	0	0	0	-1	5
959	0	0	0	0	-1	5
960	0	0	0	0	-1	5
961	980	981	1	0	-3	5
962	0	0	0	0	-1	5
963	982	983	10	0.51	-3	5
964	0	0	0	0	-1	5
965	0	0	0	0	-1	5
966	0	0	0	0	-1	5
967	984	985	8	0.99739	-3	5
968	0	0	0	0	-1	6
969	986	987	11	3.485	-3	5
970	0	0	0	0	-1	5
971	0	0	0	0	-1	5
972	0	0	0	0	-1	6
973	988	989	8	0	-3	5
974	0	0	0	0	-1	5
975	0	0	0	0	-1	5
976	0	0	0	0	-1	5
977	990	991	10	0	-3	5
978	992	993	10	0.915	-3	6.02777777777778
979	994	995	1	9.45	-3	5.875
980	0	0	0	0	-1	5
981	0	0	0	0	-1	5
982	0	0	0	0	-1	5
983	0	0	0	0	-1	5
984	996	997	2	0	-3	5
985	0	0	0	0	-1	5
986	0	0	0	0	-1	7
987	0	0	0	0	-1	5
988	0	0	0	0	-1	7
989	998	999	9	3.27	-3	5
990	0	0	0	0	-1	5
991	0	0	0	0	-1	5
992	1000	1001	9	3.235	-3	6
993	0	0	0	0	-1	6.5
994	0	0	0	0	-1	5
995	1002	1003	10	0	-3	6
996	0	0	0	0	-1	5
997	1004	1005	5	0.0925	-3	5
998	0	0	0	0	-1	5
999	0	0	0	0	-1	5
1000	0	0	0	0	-1	6
1001	1006	1007	2	0.37	-3	6
1002	0	0	0	0	-1	6
1003	1008	1009	3	0.435	-3	6
1004	0	0	0	0	-1	5
1005	0	0	0	0	-1	5
1006	0	0	0	0	-1	5
1007	1010	1011	9	3.28	-3	6
1008	0	0	0	0	-1	6
1009	0	0	0	0	-1	6
1010	0	0	0	0	-1	6
1011	1012	1013	11	0	-3	6
1012	0	0	0	0	-1	5
1013	1014	1015	6	24.5	-3	6
1014	1016	1017	10	0.87	-3	6
1015	0	0	0	0	-1	6
1016	0	0	0	0	-1	6
1017	0	0	0	0	-1	6
