1	2	3	11	10.55	-3	5.63727329580988
2	4	5	4	1.25	-3	5.37190082644628
3	6	7	10	0.585	-3	6.04437400950871
4	0	0	0	0	-1	3
5	8	9	2	0.4125	-3	5.38174273858921
6	10	11	8	0.99564	-3	5.53333333333333
7	12	13	8	1.0009	-3	6.24833702882483
8	14	15	8	0.996545	-3	5.62380952380952
9	16	17	10	0.535	-3	5.31432360742705
10	18	19	7	7.5	-3	5.74137931034483
11	20	21	5	0.103	-3	5.15625
12	22	23	11	12.55	-3	6.26923076923077
13	24	25	5	0.09	-3	5.22222222222222
14	26	27	4	2.35	-3	5.225
15	28	29	7	66	-3	5.71764705882353
16	30	31	6	18.5	-3	5.05202312138728
17	32	33	1	12.75	-3	5.39242685025817
18	0	0	0	0	-1	4.4
19	34	35	1	6.55	-3	5.8018018018018
20	36	37	9	3.56	-3	4.92
21	38	39	6	9.5	-3	6
22	40	41	10	0.735	-3	6.20654911838791
23	42	43	7	19.5	-3	6.82222222222222
24	0	0	0	0	-1	6.5
25	44	45	11	11.25	-3	4.85714285714286
26	46	47	3	0.125	-3	5.14285714285714
27	0	0	0	0	-1	5.8
28	48	49	4	1.55	-3	5.82352941176471
29	50	51	1	7.35	-3	5.29411764705882
30	52	53	9	3.255	-3	4.97368421052632
31	54	55	4	3.95	-3	5.20338983050847
32	56	57	11	9.85	-3	5.38687392055267
33	0	0	0	0	-1	7
34	58	59	6	14.5	-3	5.38709677419355
35	60	61	5	0.1195	-3	5.9625
36	62	63	11	10.85	-3	5.02173913043478
37	0	0	0	0	-1	3.75
38	0	0	0	0	-1	6
39	64	65	7	23.5	-3	6
40	66	67	6	16.5	-3	6.09009009009009
41	68	69	2	0.385	-3	6.35428571428571
42	70	71	8	0.99569	-3	7.41666666666667
43	72	73	8	0.99715	-3	6.60606060606061
44	74	75	11	11.15	-3	5
45	0	0	0	0	-1	4
46	0	0	0	0	-1	6
47	76	77	3	0.305	-3	5.09090909090909
48	78	79	7	23.5	-3	6.7
49	80	81	5	0.0875	-3	5.75396825396825
50	82	83	10	0.53	-3	5.81818181818182
51	84	85	9	3.355	-3	5.04347826086957
52	86	87	11	10.1	-3	5.13888888888889
53	88	89	8	0.9973	-3	4.8974358974359
54	90	91	8	0.9941	-3	5.02631578947368
55	92	93	11	9.53333333333333	-3	5.52380952380952
56	94	95	4	2.85	-3	5.27840909090909
57	96	97	7	78	-3	5.55506607929515
58	98	99	4	3.55	-3	5.10526315789474
59	100	101	4	2.3	-3	5.83333333333333
60	102	103	11	11.45	-3	6
61	0	0	0	0	-1	3
62	104	105	4	2.45	-3	5.5
63	106	107	10	0.55	-3	4.85294117647059
64	0	0	0	0	-1	6
65	0	0	0	0	-1	6
66	108	109	7	34	-3	6.19047619047619
67	110	111	6	41.5	-3	5.89333333333333
68	112	113	7	56.5	-3	6.54945054945055
69	114	115	3	0.63	-3	6.14285714285714
70	116	117	10	0.71	-3	7.125
71	0	0	0	0	-1	8
72	118	119	6	21	-3	6.51612903225807
73	0	0	0	0	-1	8
74	0	0	0	0	-1	5
75	0	0	0	0	-1	5
76	120	121	9	3.425	-3	4.96
77	122	123	1	8	-3	5.5
78	0	0	0	0	-1	6
79	124	125	11	10.1	-3	7
80	126	127	4	2.15	-3	5.94666666666667
81	128	129	10	0.595	-3	5.47058823529412
82	0	0	0	0	-1	5
83	130	131	5	0.0815	-3	6
84	132	133	1	7.65	-3	4.89473684210526
85	0	0	0	0	-1	5.75
86	134	135	6	5.5	-3	5.06451612903226
87	0	0	0	0	-1	5.6
88	136	137	10	0.495	-3	5.06521739130435
89	138	139	4	3.85	-3	4.65625
90	0	0	0	0	-1	4
91	140	141	2	0.5	-3	5.05405405405405
92	142	143	9	3.41	-3	5.18181818181818
93	144	145	3	0.105	-3	5.9
94	146	147	3	0.025	-3	5.32068965517241
95	148	149	4	9.55	-3	5.08064516129032
96	150	151	9	3.425	-3	5.62
97	152	153	9	3.255	-3	5.07407407407407
98	154	155	2	0.4	-3	5.3125
99	0	0	0	0	-1	4
100	156	157	2	0	-3	6
101	0	0	0	0	-1	5.6
102	158	159	9	3.35	-3	5.59259259259259
103	160	161	6	31.5	-3	6.21153846153846
104	0	0	0	0	-1	6
105	162	163	3	0.24	-3	5.14285714285714
106	164	165	1	9.15	-3	5.17647058823529
107	166	167	8	0.99685	-3	4.52941176470588
108	168	169	7	25.5	-3	6.28695652173913
109	170	171	7	74	-3	5.84375
110	172	173	11	11.45	-3	5.86301369863014
111	0	0	0	0	-1	7
112	174	175	7	14.5	-3	6.63636363636364
113	176	177	8	0.99855	-3	6.07142857142857
114	178	179	5	0.0685	-3	6.1
115	0	0	0	0	-1	7
116	180	181	10	0.665	-3	7
117	0	0	0	0	-1	8
118	182	183	6	16.5	-3	6.29166666666667
119	184	185	10	0.73	-3	7.28571428571429
120	186	187	11	9.25	-3	5
121	0	0	0	0	-1	4.8
122	0	0	0	0	-1	6
123	0	0	0	0	-1	5.2
124	0	0	0	0	-1	7
125	0	0	0	0	-1	7
126	188	189	4	2.05	-3	6.1875
127	190	191	8	0.9981	-3	5.76744186046512
128	192	193	6	0	-3	5
129	194	195	7	42.5	-3	5.54545454545455
130	196	197	6	0	-3	6
131	0	0	0	0	-1	6
132	0	0	0	0	-1	4.5
133	0	0	0	0	-1	5
134	198	199	11	9.9	-3	5.16666666666667
135	200	201	3	0.32	-3	5
136	202	203	9	3.28	-3	4.91666666666667
137	204	205	7	36.5	-3	5.22727272727273
138	206	207	1	8.15	-3	4.73333333333333
139	0	0	0	0	-1	3.5
140	0	0	0	0	-1	5.33333333333333
141	208	209	1	7.3	-3	5.02941176470588
142	210	211	3	0.99773	-3	5
143	0	0	0	0	-1	6
144	0	0	0	0	-1	5
145	212	213	7	83.5	-3	6
146	214	215	2	0.6675	-3	5.59090909090909
147	216	217	7	46.5	-3	5.27235772357723
148	218	219	9	3.095	-3	5.0188679245283
149	220	221	4	12.4	-3	5.44444444444444
150	222	223	3	0.41	-3	5.75167785234899
151	224	225	7	16.5	-3	5.23529411764706
152	226	227	11	10.3	-3	5.25
153	228	229	6	14.5	-3	5
154	0	0	0	0	-1	6
155	230	231	5	0.076	-3	5.21428571428571
156	0	0	0	0	-1	5
157	232	233	5	0.092	-3	6
158	234	235	8	0.99415	-3	5.92857142857143
159	236	237	9	3.415	-3	5.23076923076923
160	238	239	7	15	-3	6.08888888888889
161	240	241	8	0.9919	-3	7
162	242	243	11	18	-3	5
163	0	0	0	0	-1	6
164	244	245	11	11.85	-3	5
165	0	0	0	0	-1	5.6
166	246	247	9	3.215	-3	4.3
167	248	249	2	0.81	-3	4.85714285714286
168	250	251	11	10.75	-3	6.16091954022989
169	252	253	10	0.685	-3	6.67857142857143
170	254	255	2	0.32	-3	5.92857142857143
171	0	0	0	0	-1	5.25
172	256	257	11	11.25	-3	5.78571428571429
173	258	259	9	3.725	-3	6.11764705882353
174	260	261	1	10.15	-3	5.83333333333333
175	262	263	3	0.465	-3	6.70422535211268
176	264	265	4	1.95	-3	5.81818181818182
177	0	0	0	0	-1	7
178	266	267	9	3.19	-3	5.80952380952381
179	268	269	6	20.5	-3	6.20338983050848
180	0	0	0	0	-1	7
181	0	0	0	0	-1	7
182	270	271	9	3.245	-3	6.46666666666667
183	272	273	2	0.415	-3	6
184	0	0	0	0	-1	6.66666666666667
185	0	0	0	0	-1	7.75
186	0	0	0	0	-1	5
187	274	275	6	0	-3	5
188	276	277	7	11	-3	6.10344827586207
189	0	0	0	0	-1	7
190	278	279	8	0.9977	-3	5.38461538461539
191	280	281	10	0.79	-3	5.93333333333333
192	0	0	0	0	-1	6
193	282	283	6	15.5	-3	5
194	284	285	3	0.535	-3	5.35714285714286
195	286	287	8	0.9991	-3	5.875
196	0	0	0	0	-1	6
197	288	289	1	7.25	-3	6
198	290	291	8	0.99675	-3	5.09090909090909
199	0	0	0	0	-1	6
200	292	293	7	43	-3	5
201	0	0	0	0	-1	5
202	0	0	0	0	-1	4
203	294	295	10	0.485	-3	4.95652173913043
204	296	297	1	7.4	-3	5.5
205	298	299	3	0.29	-3	5.07142857142857
206	300	301	11	9.55	-3	4.94444444444444
207	302	303	11	9.15	-3	4.41666666666667
208	304	305	9	3.545	-3	5.14285714285714
209	306	307	4	1.85	-3	5
210	308	309	7	109.5	-3	5
211	0	0	0	0	-1	5
212	0	0	0	0	-1	6
213	0	0	0	0	-1	6
214	310	311	1	6.65	-3	5.84615384615385
215	312	313	2	0.76	-3	5.22222222222222
216	314	315	2	0.495	-3	5.45544554455446
217	316	317	9	3.57	-3	5.1448275862069
218	0	0	0	0	-1	4.5
219	318	319	10	0.545	-3	5.06122448979592
220	0	0	0	0	-1	6
221	320	321	3	0.435	-3	5.16666666666667
222	322	323	10	0.545	-3	5.82835820895522
223	324	325	3	0.45	-3	5.06666666666667
224	0	0	0	0	-1	3.66666666666667
225	326	327	7	48	-3	5.33333333333333
226	328	329	2	0.795	-3	5.14285714285714
227	0	0	0	0	-1	6
228	0	0	0	0	-1	5
229	330	331	2	0.55	-3	5
230	332	333	1	6.35	-3	5.09090909090909
231	0	0	0	0	-1	5.66666666666667
232	0	0	0	0	-1	6
233	0	0	0	0	-1	6
234	0	0	0	0	-1	5
235	334	335	2	0.235	-3	6.18181818181818
236	336	337	10	0.48	-3	4.5
237	338	339	1	7	-3	5.85714285714286
238	340	341	2	0.3025	-3	6.42857142857143
239	342	343	6	9	-3	5.93548387096774
240	0	0	0	0	-1	7
241	0	0	0	0	-1	7
242	0	0	0	0	-1	5
243	0	0	0	0	-1	5
244	0	0	0	0	-1	5
245	0	0	0	0	-1	5
246	0	0	0	0	-1	5
247	344	345	8	0.9963	-3	4.125
248	346	347	11	11.15	-3	5
249	0	0	0	0	-1	4
250	348	349	9	3.295	-3	5.45454545454545
251	350	351	3	0.015	-3	6.26315789473684
252	352	353	6	13.5	-3	6.4375
253	354	355	4	2.2	-3	7
254	0	0	0	0	-1	5
255	356	357	2	0.38	-3	6
256	358	359	3	0.28	-3	5.85714285714286
257	360	361	8	0.99494	-3	5.28571428571429
258	362	363	8	0.99855	-3	6.1875
259	0	0	0	0	-1	5
260	0	0	0	0	-1	5
261	0	0	0	0	-1	6.25
262	364	365	4	2.9	-3	6.85714285714286
263	366	367	4	2.4	-3	6.36363636363636
264	0	0	0	0	-1	6.5
265	368	369	7	69	-3	5.66666666666667
266	0	0	0	0	-1	5.25
267	370	371	11	10.65	-3	5.94117647058824
268	372	373	4	2.4	-3	6.30952380952381
269	374	375	4	2.9	-3	5.94117647058824
270	0	0	0	0	-1	6
271	376	377	11	12.85	-3	6.7
272	0	0	0	0	-1	7
273	378	379	7	71.5	-3	5.875
274	0	0	0	0	-1	6
275	380	381	6	12.5	-3	5
276	382	383	10	0.71	-3	6.5
277	384	385	11	8.55	-3	6
278	386	387	9	3.135	-3	5.71428571428571
279	388	389	4	20.5	-3	5
280	390	391	9	3.29	-3	5.625
281	392	393	9	3.28	-3	6.28571428571429
282	0	0	0	0	-1	5
283	0	0	0	0	-1	5
284	394	395	3	0.415	-3	5.55555555555556
285	396	397	4	2.45	-3	5
286	398	399	3	0.635	-3	6
287	0	0	0	0	-1	5.33333333333333
288	0	0	0	0	-1	6
289	0	0	0	0	-1	6
290	0	0	0	0	-1	5.25
291	400	401	4	0	-3	5
292	402	403	9	0	-3	5
293	404	405	9	0	-3	5
294	0	0	0	0	-1	5
295	0	0	0	0	-1	4
296	0	0	0	0	-1	5.2
297	0	0	0	0	-1	6
298	406	407	8	0.996775	-3	5
299	0	0	0	0	-1	6
300	408	409	2	0	-3	5
301	0	0	0	0	-1	4.75
302	0	0	0	0	-1	5
303	410	411	8	0.9985	-3	4.22222222222222
304	412	413	10	0	-3	5
305	0	0	0	0	-1	6
306	0	0	0	0	-1	5
307	414	415	7	109	-3	5
308	0	0	0	0	-1	5
309	0	0	0	0	-1	5
310	0	0	0	0	-1	5
311	416	417	8	0.997465	-3	5.91666666666667
312	418	419	6	4.5	-3	5.07692307692308
313	0	0	0	0	-1	5.6
314	420	421	5	0.164	-3	5.1304347826087
315	422	423	1	7.15	-3	5.55128205128205
316	424	425	9	3.255	-3	5.12676056338028
317	0	0	0	0	-1	6
318	426	427	11	9.55	-3	5.33333333333333
319	428	429	3	0.15	-3	5.02325581395349
320	0	0	0	0	-1	6
321	0	0	0	0	-1	5
322	430	431	3	0.3	-3	5.35294117647059
323	432	433	5	0.0625	-3	5.8974358974359
324	0	0	0	0	-1	3.5
325	434	435	5	0.0995	-3	5.30769230769231
326	436	437	2	0.69	-3	5.43243243243243
327	438	439	11	10.1	-3	5
328	0	0	0	0	-1	5
329	0	0	0	0	-1	5.5
330	440	441	4	0	-3	5
331	0	0	0	0	-1	5
332	442	443	8	0.994225	-3	5
333	0	0	0	0	-1	6
334	0	0	0	0	-1	7
335	0	0	0	0	-1	6
336	0	0	0	0	-1	5
337	0	0	0	0	-1	4.25
338	0	0	0	0	-1	5
339	444	445	4	2.15	-3	6
340	0	0	0	0	-1	7
341	446	447	8	0.993055	-3	6.27272727272727
342	448	449	1	6.85	-3	5.83333333333333
343	450	451	8	0	-3	6
344	0	0	0	0	-1	4.33333333333333
345	0	0	0	0	-1	4
346	0	0	0	0	-1	5
347	0	0	0	0	-1	5
348	0	0	0	0	-1	6.5
349	452	453	6	9	-3	5.22222222222222
350	0	0	0	0	-1	5.4
351	454	455	7	19.5	-3	6.32394366197183
352	456	457	8	0.995095	-3	6.58333333333333
353	0	0	0	0	-1	6
354	0	0	0	0	-1	7
355	458	459	10	0.705	-3	7
356	0	0	0	0	-1	6
357	460	461	7	47.5	-3	6
358	0	0	0	0	-1	6
359	462	463	7	36.5	-3	5.75
360	0	0	0	0	-1	5
361	0	0	0	0	-1	6
362	464	465	3	0.15	-3	6.07142857142857
363	0	0	0	0	-1	7
364	466	467	10	0.765	-3	6.93333333333334
365	0	0	0	0	-1	6
366	468	469	8	0.99747	-3	6.13333333333333
367	470	471	5	0.077	-3	6.85714285714286
368	0	0	0	0	-1	5.25
369	0	0	0	0	-1	6
370	0	0	0	0	-1	5
371	472	473	11	11.55	-3	6.06666666666667
372	474	475	10	0.855	-3	6.08695652173913
373	476	477	1	11.3	-3	6.57894736842105
374	478	479	11	10.9	-3	6
375	0	0	0	0	-1	5.5
376	0	0	0	0	-1	6.25
377	480	481	1	9.05	-3	7
378	482	483	2	0.665	-3	6
379	0	0	0	0	-1	5.5
380	0	0	0	0	-1	5
381	484	485	10	114.5	-3	5
382	0	0	0	0	-1	6
383	0	0	0	0	-1	7
384	0	0	0	0	-1	6
385	486	487	2	0	-3	6
386	0	0	0	0	-1	5
387	0	0	0	0	-1	6
388	0	0	0	0	-1	5
389	0	0	0	0	-1	5
390	488	489	7	22	-3	5.36363636363636
391	0	0	0	0	-1	6.2
392	490	491	1	13.65	-3	6.16666666666667
393	0	0	0	0	-1	7
394	0	0	0	0	-1	5
395	492	493	10	0.73	-3	5.76923076923077
396	494	495	5	0	-3	5
397	0	0	0	0	-1	5
398	496	497	7	52.5	-3	6.08333333333333
399	0	0	0	0	-1	5
400	0	0	0	0	-1	5
401	0	0	0	0	-1	5
402	0	0	0	0	-1	8
403	498	499	6	8.5	-3	5
404	0	0	0	0	-1	6
405	500	501	9	3.135	-3	5
406	502	503	4	2.05	-3	5
407	0	0	0	0	-1	5
408	0	0	0	0	-1	5
409	504	505	10	0	-3	5
410	506	507	7	44.5	-3	4
411	0	0	0	0	-1	5
412	0	0	0	0	-1	5
413	0	0	0	0	-1	5
414	508	509	2	0	-3	5
415	510	511	1	7.85	-3	5
416	512	513	7	21.5	-3	6
417	0	0	0	0	-1	5
418	0	0	0	0	-1	6
419	514	515	5	0.0935	-3	5
420	516	517	10	0.615	-3	5.09090909090909
421	0	0	0	0	-1	6
422	518	519	11	9.55	-3	5.1875
423	520	521	2	0.575	-3	5.64516129032258
424	522	523	7	82.5	-3	5.04761904761905
425	524	525	6	9	-3	5.18987341772152
426	0	0	0	0	-1	5.66666666666667
427	0	0	0	0	-1	5
428	526	527	3	0.125	-3	5.1
429	528	529	10	0.72	-3	5
430	530	531	5	0.0825	-3	5.21428571428571
431	0	0	0	0	-1	6
432	532	533	5	0.061	-3	6.2
433	534	535	9	3.365	-3	5.86915887850467
434	536	537	1	12.1	-3	5.85714285714286
435	538	539	3	0.52	-3	4.66666666666667
436	540	541	11	10.1	-3	5.61538461538461
437	0	0	0	0	-1	5
438	0	0	0	0	-1	5
439	542	543	8	0	-3	5
440	0	0	0	0	-1	6
441	544	545	1	7.05	-3	5
442	546	547	6	11.2	-3	5
443	0	0	0	0	-1	5
444	0	0	0	0	-1	6
445	0	0	0	0	-1	6
446	0	0	0	0	-1	7
447	548	549	4	2.05	-3	6.11111111111111
448	0	0	0	0	-1	5
449	550	551	3	0	-3	6
450	0	0	0	0	-1	5
451	552	553	9	3.365	-3	6
452	0	0	0	0	-1	5.4
453	0	0	0	0	-1	5
454	554	555	10	0.715	-3	6.48936170212766
455	556	557	10	0.715	-3	6
456	0	0	0	0	-1	7
457	558	559	11	11.25	-3	6.375
458	0	0	0	0	-1	7
459	0	0	0	0	-1	7
460	560	561	7	0.42	-3	6
461	562	563	4	2.55	-3	6
462	564	565	9	3.335	-3	6
463	566	567	6	29	-3	5.58823529411765
464	0	0	0	0	-1	7
465	568	569	4	2.35	-3	6
466	0	0	0	0	-1	7.6
467	570	571	6	6.5	-3	6.85
468	572	573	2	0.29	-3	6
469	0	0	0	0	-1	6.66666666666667
470	0	0	0	0	-1	6
471	574	575	10	0.685	-3	7
472	576	577	4	2.65	-3	6
473	0	0	0	0	-1	6.33333333333333
474	578	579	11	11.15	-3	6.04545454545455
475	0	0	0	0	-1	7
476	580	581	9	3.225	-3	6.84615384615385
477	582	583	6	12.5	-3	6
478	0	0	0	0	-1	6
479	584	585	9	3.385	-3	6
480	0	0	0	0	-1	7
481	0	0	0	0	-1	7
482	0	0	0	0	-1	6
483	0	0	0	0	-1	6
484	586	587	4	2.05	-3	5
485	0	0	0	0	-1	5
486	0	0	0	0	-1	6
487	0	0	0	0	-1	6
488	588	589	5	0.0795	-3	5.66666666666667
489	0	0	0	0	-1	5
490	0	0	0	0	-1	6
491	0	0	0	0	-1	7
492	0	0	0	0	-1	5.33333333333333
493	590	591	8	0.99775	-3	5.9
494	0	0	0	0	-1	7
495	592	593	6	0	-3	5
496	0	0	0	0	-1	6.2
497	594	595	4	2.45	-3	6
498	0	0	0	0	-1	5
499	0	0	0	0	-1	5
500	0	0	0	0	-1	5
501	0	0	0	0	-1	5
502	596	597	11	0	-3	5
503	0	0	0	0	-1	5
504	0	0	0	0	-1	5
505	598	599	4	2.55	-3	5
506	0	0	0	0	-1	4
507	0	0	0	0	-1	4
508	0	0	0	0	-1	5
509	0	0	0	0	-1	5
510	0	0	0	0	-1	5
511	600	601	11	0.3	-3	5
512	0	0	0	0	-1	6.2
513	602	603	10	0.71	-3	5.94117647058824
514	0	0	0	0	-1	5
515	0	0	0	0	-1	5
516	604	605	10	0.555	-3	5.28571428571429
517	606	607	8	0.99795	-3	5
518	0	0	0	0	-1	5.5
519	608	609	7	33	-3	5.08333333333333
520	610	611	9	3.21	-3	5.8
521	612	613	8	0.9983	-3	5.5
522	614	615	8	0.997435	-3	5.1
523	616	617	5	0.1175	-3	5
524	0	0	0	0	-1	6
525	618	619	4	2.05	-3	5.17948717948718
526	620	621	2	0	-3	5
527	0	0	0	0	-1	6
528	622	623	11	9.1	-3	5
529	624	625	4	0	-3	5
530	0	0	0	0	-1	5
531	0	0	0	0	-1	5.6
532	626	627	1	6.45	-3	6
533	0	0	0	0	-1	7
534	628	629	2	0.7775	-3	5.77777777777778
535	630	631	5	0.1005	-3	6.05714285714286
536	0	0	0	0	-1	6.2
537	0	0	0	0	-1	5
538	0	0	0	0	-1	5
539	0	0	0	0	-1	4
540	0	0	0	0	-1	6
541	632	633	9	3.495	-3	5.44444444444444
542	0	0	0	0	-1	6
543	634	635	3	0	-3	5
544	0	0	0	0	-1	5
545	636	637	8	0	-3	5
546	0	0	0	0	-1	5
547	0	0	0	0	-1	5
548	0	0	0	0	-1	6
549	0	0	0	0	-1	6.25
550	0	0	0	0	-1	6
551	638	639	4	0	-3	6
552	0	0	0	0	-1	6
553	640	641	11	11.75	-3	6
554	642	643	1	8.1	-3	6.57142857142857
555	0	0	0	0	-1	5.8
556	644	645	2	0.305	-3	5.90909090909091
557	0	0	0	0	-1	7
558	0	0	0	0	-1	6.75
559	0	0	0	0	-1	6
560	0	0	0	0	-1	6
561	646	647	3	0.435	-3	6
562	648	649	5	0	-3	6
563	0	0	0	0	-1	6
564	0	0	0	0	-1	6
565	0	0	0	0	-1	6
566	650	651	5	0.0975	-3	5.36363636363636
567	652	653	2	0.43	-3	6
568	0	0	0	0	-1	6
569	0	0	0	0	-1	6
570	0	0	0	0	-1	6
571	654	655	3	0.425	-3	6.89473684210526
572	0	0	0	0	-1	6
573	656	657	11	0.99613	-3	6
574	0	0	0	0	-1	6
575	0	0	0	0	-1	7
576	658	659	11	11.35	-3	6
577	0	0	0	0	-1	6
578	660	661	1	9.75	-3	6.14285714285714
579	662	663	6	5.5	-3	6
580	0	0	0	0	-1	6
581	664	665	1	7.25	-3	7
582	0	0	0	0	-1	6
583	0	0	0	0	-1	6
584	666	667	2	0	-3	6
585	0	0	0	0	-1	6
586	0	0	0	0	-1	5
587	0	0	0	0	-1	5
588	0	0	0	0	-1	5
589	0	0	0	0	-1	6
590	0	0	0	0	-1	5
591	668	669	5	0.111	-3	6
592	0	0	0	0	-1	5
593	0	0	0	0	-1	5
594	0	0	0	0	-1	6
595	0	0	0	0	-1	6
596	0	0	0	0	-1	5
597	670	671	7	69.5	-3	5
598	0	0	0	0	-1	5
599	0	0	0	0	-1	5
600	0	0	0	0	-1	7
601	672	673	6	22	-3	5
602	674	675	6	16	-3	6
603	0	0	0	0	-1	5
604	0	0	0	0	-1	5
605	0	0	0	0	-1	6
606	676	677	11	9.35	-3	5
607	0	0	0	0	-1	5
608	678	679	5	0.071	-3	5
609	0	0	0	0	-1	5.25
610	0	0	0	0	-1	5.4
611	680	681	8	0.99887	-3	5.88
612	682	683	7	25	-3	5.27272727272727
613	684	685	1	0	-3	6
614	686	687	10	1.6	-3	5.06896551724138
615	0	0	0	0	-1	6
616	688	689	11	9.35	-3	5
617	690	691	8	0.253	-3	5
618	692	693	1	7.75	-3	5.3125
619	694	695	2	0.44	-3	5.08695652173913
620	0	0	0	0	-1	5
621	696	697	11	9.65	-3	5
622	0	0	0	0	-1	5
623	698	699	5	0.083	-3	5
624	0	0	0	0	-1	5
625	700	701	1	5.25	-3	5
626	0	0	0	0	-1	6
627	702	703	7	0.0595	-3	6
628	704	705	7	52.5	-3	5.81818181818182
629	706	707	6	11.5	-3	5.33333333333333
630	708	709	1	8	-3	6
631	710	711	10	0.645	-3	6.33333333333333
632	712	713	10	0.565	-3	5.125
633	714	715	5	0.0815	-3	5.7
634	0	0	0	0	-1	5
635	0	0	0	0	-1	5
636	0	0	0	0	-1	5
637	716	717	10	0	-3	5
638	0	0	0	0	-1	6
639	0	0	0	0	-1	6
640	0	0	0	0	-1	6
641	718	719	7	33.5	-3	6
642	720	721	8	0.99591	-3	6.26315789473684
643	722	723	3	0.43	-3	6.82608695652174
644	0	0	0	0	-1	5
645	724	725	4	3.4	-3	6.05263157894737
646	0	0	0	0	-1	6
647	0	0	0	0	-1	6
648	0	0	0	0	-1	6
649	726	727	6	15.5	-3	6
650	728	729	9	3.365	-3	5.57142857142857
651	0	0	0	0	-1	5
652	0	0	0	0	-1	6
653	0	0	0	0	-1	6
654	730	731	3	0.395	-3	6.83333333333333
655	732	733	5	0	-3	7
656	0	0	0	0	-1	8
657	734	735	4	0.775	-3	6
658	736	737	3	0	-3	6
659	0	0	0	0	-1	6
660	738	739	9	3.465	-3	6
661	0	0	0	0	-1	7
662	0	0	0	0	-1	6
663	740	741	11	11.35	-3	6
664	0	0	0	0	-1	7
665	742	743	11	11.15	-3	7
666	0	0	0	0	-1	6
667	744	745	5	0.08	-3	6
668	0	0	0	0	-1	6
669	746	747	7	0	-3	6
670	0	0	0	0	-1	5
671	0	0	0	0	-1	5
672	0	0	0	0	-1	5
673	748	749	9	0	-3	5
674	750	751	11	0	-3	6
675	0	0	0	0	-1	6
676	752	753	1	7.35	-3	5
677	754	755	5	0	-3	5
678	0	0	0	0	-1	5
679	756	757	8	0	-3	5
680	758	759	1	9.45	-3	6
681	0	0	0	0	-1	5
682	760	761	5	0.0785	-3	4.9
683	762	763	8	0.9965	-3	5.58333333333333
684	0	0	0	0	-1	5
685	764	765	6	8.5	-3	6
686	766	767	1	7.15	-3	5.03571428571429
687	0	0	0	0	-1	6
688	0	0	0	0	-1	5
689	768	769	1	7.75	-3	5
690	0	0	0	0	-1	7
691	0	0	0	0	-1	5
692	770	771	4	1.95	-3	5.16
693	772	773	9	3.33	-3	5.85714285714286
694	774	775	3	0.315	-3	5.5
695	776	777	1	7.25	-3	5.025
696	0	0	0	0	-1	5
697	0	0	0	0	-1	5
698	778	779	7	0	-3	5
699	780	781	3	0.295	-3	5
700	0	0	0	0	-1	6
701	0	0	0	0	-1	5
702	0	0	0	0	-1	5
703	0	0	0	0	-1	6
704	782	783	2	0.4525	-3	5.93877551020408
705	784	785	7	62.5	-3	5.47058823529412
706	0	0	0	0	-1	5
707	0	0	0	0	-1	6
708	786	787	6	14	-3	6
709	0	0	0	0	-1	6
710	0	0	0	0	-1	6
711	0	0	0	0	-1	7
712	0	0	0	0	-1	6
713	0	0	0	0	-1	5
714	788	789	5	0.0775	-3	5.33333333333333
715	0	0	0	0	-1	6.25
716	0	0	0	0	-1	5
717	0	0	0	0	-1	5
718	790	791	4	0	-3	6
719	0	0	0	0	-1	6
720	792	793	1	6.4	-3	6
721	794	795	2	0.595	-3	6.83333333333333
722	796	797	4	1.9	-3	7.25
723	798	799	8	0.9971	-3	6.6
724	800	801	2	0.385	-3	6
725	0	0	0	0	-1	7
726	0	0	0	0	-1	6
727	0	0	0	0	-1	6
728	0	0	0	0	-1	6
729	0	0	0	0	-1	5.25
730	802	803	8	0.995965	-3	6.95238095238095
731	0	0	0	0	-1	6
732	0	0	0	0	-1	6
733	804	805	10	0	-3	7
734	0	0	0	0	-1	6
735	0	0	0	0	-1	6
736	0	0	0	0	-1	6
737	0	0	0	0	-1	6
738	0	0	0	0	-1	6
739	0	0	0	0	-1	6
740	0	0	0	0	-1	6
741	0	0	0	0	-1	6
742	0	0	0	0	-1	7
743	0	0	0	0	-1	7
744	0	0	0	0	-1	6
745	0	0	0	0	-1	6
746	0	0	0	0	-1	7
747	0	0	0	0	-1	6
748	0	0	0	0	-1	6
749	806	807	1	9.7	-3	5
750	0	0	0	0	-1	5
751	808	809	2	0.57	-3	6
752	0	0	0	0	-1	5
753	0	0	0	0	-1	5
754	0	0	0	0	-1	5
755	810	811	8	0.99606	-3	5
756	0	0	0	0	-1	5
757	812	813	1	7.05	-3	5
758	814	815	7	38.5	-3	5.95238095238095
759	0	0	0	0	-1	7
760	0	0	0	0	-1	4
761	816	817	8	0	-3	5
762	0	0	0	0	-1	5
763	818	819	10	0.545	-3	5.7
764	820	821	6	5.5	-3	6
765	0	0	0	0	-1	6
766	0	0	0	0	-1	5.33333333333333
767	822	823	5	0.3115	-3	5
768	0	0	0	0	-1	5
769	824	825	7	0	-3	5
770	826	827	6	20.5	-3	5.09523809523809
771	0	0	0	0	-1	5.5
772	0	0	0	0	-1	5.66666666666667
773	0	0	0	0	-1	6
774	0	0	0	0	-1	5
775	0	0	0	0	-1	6
776	828	829	7	87	-3	5.0625
777	830	831	8	0.99825	-3	5
778	0	0	0	0	-1	5
779	832	833	7	0	-3	5
780	834	835	6	27.5	-3	5
781	0	0	0	0	-1	5
782	0	0	0	0	-1	6.4
783	836	837	4	1.85	-3	5.88636363636364
784	838	839	10	0.565	-3	5.1
785	840	841	6	0	-3	6
786	0	0	0	0	-1	6
787	842	843	2	3.385	-3	6
788	0	0	0	0	-1	5.66666666666667
789	0	0	0	0	-1	5
790	0	0	0	0	-1	5
791	844	845	9	3.425	-3	6
792	0	0	0	0	-1	6
793	846	847	1	7.8	-3	6
794	0	0	0	0	-1	7
795	0	0	0	0	-1	6
796	0	0	0	0	-1	8
797	848	849	11	11.4	-3	7
798	850	851	9	3.29	-3	6.36363636363636
799	0	0	0	0	-1	7.25
800	0	0	0	0	-1	6
801	852	853	9	3.19	-3	6
802	0	0	0	0	-1	7
803	854	855	1	8.7	-3	6.875
804	0	0	0	0	-1	6
805	856	857	9	3.175	-3	7
806	0	0	0	0	-1	5
807	0	0	0	0	-1	5
808	0	0	0	0	-1	6
809	858	859	5	14.5	-3	6
810	0	0	0	0	-1	5
811	0	0	0	0	-1	5
812	0	0	0	0	-1	5
813	0	0	0	0	-1	5
814	860	861	8	0.997	-3	6
815	0	0	0	0	-1	5.5
816	0	0	0	0	-1	6
817	862	863	2	0.5975	-3	5
818	0	0	0	0	-1	6
819	864	865	11	9.25	-3	5.57142857142857
820	0	0	0	0	-1	6
821	0	0	0	0	-1	6
822	0	0	0	0	-1	5
823	866	867	7	0	-3	5
824	0	0	0	0	-1	5
825	868	869	7	100	-3	5
826	870	871	2	0.635	-3	5
827	872	873	6	22.5	-3	5.2
828	0	0	0	0	-1	5
829	874	875	6	17.5	-3	5.1
830	876	877	10	0	-3	5
831	878	879	7	111.5	-3	5
832	0	0	0	0	-1	6
833	0	0	0	0	-1	5
834	880	881	7	0	-3	5
835	882	883	3	0	-3	5
836	0	0	0	0	-1	6.5
837	884	885	9	3.355	-3	5.825
838	0	0	0	0	-1	6
839	886	887	10	0.605	-3	4.875
840	0	0	0	0	-1	5
841	888	889	10	0.62	-3	6
842	0	0	0	0	-1	6
843	0	0	0	0	-1	6
844	0	0	0	0	-1	6
845	0	0	0	0	-1	6
846	890	891	6	5.5	-3	6
847	0	0	0	0	-1	6
848	0	0	0	0	-1	7
849	0	0	0	0	-1	7
850	892	893	9	3.195	-3	6.66666666666667
851	0	0	0	0	-1	6
852	0	0	0	0	-1	6
853	894	895	6	0	-3	6
854	0	0	0	0	-1	6
855	896	897	5	0.077	-3	7
856	0	0	0	0	-1	7
857	898	899	3	0	-3	7
858	900	901	3	0.01	-3	6
859	0	0	0	0	-1	6
860	0	0	0	0	-1	6.5
861	902	903	3	0.295	-3	5.94117647058824
862	0	0	0	0	-1	5
863	0	0	0	0	-1	5
864	0	0	0	0	-1	6
865	0	0	0	0	-1	5.25
866	0	0	0	0	-1	5
867	0	0	0	0	-1	5
868	0	0	0	0	-1	5
869	0	0	0	0	-1	5
870	0	0	0	0	-1	5
871	904	905	1	0	-3	5
872	0	0	0	0	-1	6
873	906	907	6	25	-3	5
874	0	0	0	0	-1	6
875	908	909	9	0	-3	5
876	0	0	0	0	-1	7
877	910	911	3	0.155	-3	5
878	0	0	0	0	-1	5
879	0	0	0	0	-1	5
880	0	0	0	0	-1	5
881	912	913	1	9.15	-3	5
882	0	0	0	0	-1	5
883	914	915	11	31.5	-3	5
884	916	917	4	4.65	-3	5.91666666666667
885	0	0	0	0	-1	5
886	0	0	0	0	-1	4
887	918	919	9	0	-3	5
888	0	0	0	0	-1	6
889	0	0	0	0	-1	6
890	0	0	0	0	-1	6
891	920	921	11	3.48	-3	6
892	0	0	0	0	-1	6
893	0	0	0	0	-1	7
894	0	0	0	0	-1	6
895	922	923	8	0.99867	-3	6
896	0	0	0	0	-1	7
897	0	0	0	0	-1	7
898	0	0	0	0	-1	5
899	924	925	6	21.5	-3	7
900	926	927	11	9.1	-3	6
901	0	0	0	0	-1	6
902	928	929	7	29.5	-3	6
903	0	0	0	0	-1	5.5
904	0	0	0	0	-1	6
905	0	0	0	0	-1	5
906	0	0	0	0	-1	5
907	930	931	9	0	-3	5
908	0	0	0	0	-1	6
909	0	0	0	0	-1	5
910	0	0	0	0	-1	5
911	932	933	5	0	-3	5
912	0	0	0	0	-1	5
913	0	0	0	0	-1	5
914	0	0	0	0	-1	5
915	0	0	0	0	-1	5
916	934	935	1	9.55	-3	5.94285714285714
917	0	0	0	0	-1	5
918	0	0	0	0	-1	6
919	936	937	3	0.29	-3	5
920	0	0	0	0	-1	5
921	0	0	0	0	-1	6
922	938	939	1	6.9	-3	6
923	0	0	0	0	-1	6
924	0	0	0	0	-1	7
925	0	0	0	0	-1	7
926	0	0	0	0	-1	6
927	0	0	0	0	-1	6
928	0	0	0	0	-1	6
929	0	0	0	0	-1	6
930	0	0	0	0	-1	5
931	940	941	8	0.9959	-3	5
932	0	0	0	0	-1	6
933	942	943	4	2.25	-3	5
934	944	945	11	10.45	-3	6
935	946	947	3	0.235	-3	5.77777777777778
936	0	0	0	0	-1	5
937	0	0	0	0	-1	5
938	0	0	0	0	-1	6
939	948	949	3	0.37	-3	6
940	0	0	0	0	-1	5
941	0	0	0	0	-1	5
942	0	0	0	0	-1	5
943	0	0	0	0	-1	5
944	950	951	3	0	-3	6
945	0	0	0	0	-1	6
946	952	953	5	0.099	-3	6
947	0	0	0	0	-1	5.33333333333333
948	0	0	0	0	-1	6
949	0	0	0	0	-1	6
950	0	0	0	0	-1	6
951	954	955	1	8.5	-3	6
952	0	0	0	0	-1	6
953	0	0	0	0	-1	6
954	956	957	7	3.305	-3	6
955	0	0	0	0	-1	6
956	0	0	0	0	-1	5
957	958	959	6	0	-3	6
958	0	0	0	0	-1	6
959	0	0	0	0	-1	6
