1	2	3	8	0.995575	-3	5.60975609756098
2	4	5	10	0.615	-3	5.97442455242967
3	6	7	11	9.95	-3	5.49172185430463
4	8	9	3	0.26	-3	5.54166666666667
5	10	11	11	11.25	-3	6.39195979899497
6	12	13	7	41.5	-3	5.25602409638554
7	14	15	1	8.65	-3	5.77941176470588
8	16	17	11	11.45	-3	5.34868421052632
9	18	19	5	0.0495	-3	6.275
10	20	21	1	8.95	-3	5.97260273972603
11	22	23	10	0.68	-3	6.63492063492063
12	24	25	9	3.145	-3	5.38571428571429
13	26	27	6	8.5	-3	5.16145833333333
14	28	29	2	0.695	-3	5.496
15	30	31	11	10.95	-3	6.0204081632653
16	32	33	5	0.169	-3	5.17924528301887
17	34	35	11	12.95	-3	5.73913043478261
18	36	37	2	0.305	-3	5.875
19	38	39	4	3.15	-3	6.375
20	40	41	2	0.635	-3	5.91304347826087
21	0	0	0	0	-1	7
22	42	43	4	2.25	-3	6.10810810810811
23	44	45	2	0.8825	-3	6.85393258426966
24	46	47	5	0.1005	-3	5.875
25	48	49	10	0.565	-3	5.28448275862069
26	50	51	3	0.335	-3	5.71428571428571
27	52	53	4	1.65	-3	5.14054054054054
28	54	55	5	0.059	-3	5.60714285714286
29	56	57	8	0.99662	-3	5.09259259259259
30	58	59	10	0.735	-3	5.81286549707602
31	60	61	3	0.525	-3	6.30894308943089
32	62	63	6	10	-3	5.22330097087379
33	0	0	0	0	-1	3.66666666666667
34	64	65	7	19	-3	5.79545454545455
35	0	0	0	0	-1	4.5
36	66	67	4	2.1	-3	6.16666666666667
37	0	0	0	0	-1	5
38	68	69	9	3.195	-3	6.20833333333333
39	70	71	1	6.85	-3	6.875
40	72	73	1	7.8	-3	6.05172413793104
41	74	75	5	0.0635	-3	5.18181818181818
42	76	77	11	12.1	-3	6.33333333333333
43	78	79	9	3.515	-3	5.95454545454545
44	80	81	10	0.775	-3	6.875
45	0	0	0	0	-1	5
46	82	83	1	11.55	-3	6
47	84	85	11	9.25	-3	5.25
48	86	87	7	24.5	-3	5
49	88	89	3	0.01	-3	5.47826086956522
50	90	91	7	53.5	-3	6
51	0	0	0	0	-1	5
52	92	93	11	9.7	-3	4.72727272727273
53	94	95	5	0.062	-3	5.16666666666666
54	96	97	4	5.5	-3	4.84615384615385
55	98	99	11	12.75	-3	5.66120218579235
56	100	101	7	15.5	-3	5.38235294117647
57	102	103	3	0.05	-3	4.6
58	104	105	8	0.99797	-3	5.58095238095238
59	106	107	10	0.865	-3	6.18181818181818
60	108	109	2	0.57	-3	6.05970149253731
61	110	111	5	0.0745	-3	6.60714285714286
62	112	113	1	7.65	-3	5
63	114	115	7	47.5	-3	5.34848484848485
64	116	117	10	0.545	-3	6.16666666666667
65	118	119	10	0.565	-3	5.65625
66	0	0	0	0	-1	6
67	0	0	0	0	-1	7
68	120	121	1	9.75	-3	6.71428571428571
69	122	123	6	1.45	-3	6
70	0	0	0	0	-1	6
71	124	125	7	153.5	-3	7
72	126	127	2	0.4	-3	6.17777777777778
73	128	129	8	0.99517	-3	5.61538461538461
74	0	0	0	0	-1	6
75	130	131	3	0.035	-3	5.1
76	132	133	9	3.265	-3	6
77	134	135	10	0.645	-3	6.71428571428571
78	136	137	11	12.6	-3	6.13333333333333
79	138	139	5	0.0525	-3	5.57142857142857
80	140	141	8	0.994225	-3	7.07142857142857
81	142	143	5	0.049	-3	6.53125
82	144	145	2	0.58	-3	5.73076923076923
83	146	147	10	0.55	-3	6.5
84	0	0	0	0	-1	6
85	148	149	1	10.65	-3	5
86	150	151	5	0.0825	-3	4.80487804878049
87	152	153	9	3.355	-3	5.15094339622642
88	154	155	5	0.0675	-3	5.93333333333333
89	156	157	11	8.55	-3	5.42276422764228
90	0	0	0	0	-1	6
91	0	0	0	0	-1	6
92	158	159	6	18	-3	4.94736842105263
93	0	0	0	0	-1	3.33333333333333
94	0	0	0	0	-1	4.33333333333333
95	160	161	8	1.0012	-3	5.17391304347826
96	162	163	2	0.6425	-3	5.22222222222222
97	0	0	0	0	-1	4
98	164	165	7	104.5	-3	5.6353591160221
99	0	0	0	0	-1	8
100	166	167	2	0.86	-3	5
101	168	169	2	0.9575	-3	5.61904761904762
102	170	171	7	12	-3	3.9
103	172	173	10	0.65	-3	5.3
104	174	175	2	0.21	-3	5.3
105	176	177	1	9.05	-3	5.75384615384615
106	178	179	1	9.2	-3	6.34883720930233
107	180	181	2	0.38	-3	5.8695652173913
108	182	183	1	9.35	-3	6.2037037037037
109	184	185	6	15.5	-3	5.46153846153846
110	186	187	1	10.55	-3	7.18181818181818
111	188	189	7	22.5	-3	6.46666666666667
112	190	191	7	9.5	-3	4.90322580645161
113	192	193	6	3.5	-3	5.5
114	194	195	2	0.535	-3	5.48837209302326
115	196	197	8	0.992885	-3	5.08695652173913
116	198	199	7	14	-3	6
117	0	0	0	0	-1	6.66666666666667
118	200	201	4	3.75	-3	5.3125
119	0	0	0	0	-1	6
120	0	0	0	0	-1	6.33333333333333
121	0	0	0	0	-1	7
122	0	0	0	0	-1	4
123	0	0	0	0	-1	6
124	0	0	0	0	-1	7
125	0	0	0	0	-1	7
126	202	203	2	0.335	-3	6.54545454545454
127	204	205	4	1.75	-3	6.05882352941176
128	206	207	8	0.99405	-3	5.28571428571429
129	208	209	6	21	-3	6
130	0	0	0	0	-1	6
131	210	211	3	0	-3	5
132	0	0	0	0	-1	6
133	212	213	8	0.99533	-3	6
134	214	215	4	1.45	-3	6.83333333333333
135	0	0	0	0	-1	6
136	216	217	9	3.43	-3	6.07142857142857
137	0	0	0	0	-1	7
138	0	0	0	0	-1	5
139	0	0	0	0	-1	5.8
140	218	219	3	0.085	-3	7.5
141	220	221	8	0.99457	-3	6.86842105263158
142	222	223	2	0.8425	-3	7
143	224	225	1	8.95	-3	6.31818181818182
144	226	227	4	2.25	-3	5.79166666666667
145	0	0	0	0	-1	5
146	0	0	0	0	-1	5
147	228	229	8	0.99985	-3	6.61538461538461
148	0	0	0	0	-1	5
149	0	0	0	0	-1	5
150	230	231	7	22.5	-3	4.68
151	232	233	1	7.5	-3	5
152	234	235	3	0.095	-3	5.34375
153	236	237	4	3.8	-3	4.85714285714286
154	0	0	0	0	-1	5
155	238	239	10	0.585	-3	6
156	0	0	0	0	-1	3
157	240	241	8	0.99716	-3	5.44262295081967
158	242	243	9	3.34	-3	4.83333333333333
159	244	245	7	1.45	-3	5
160	246	247	10	0.615	-3	5.15709969788519
161	248	249	10	0.685	-3	5.57142857142857
162	250	251	10	0.61	-3	5.57142857142857
163	0	0	0	0	-1	4
164	252	253	8	0.997425	-3	5.67857142857143
165	254	255	1	6.45	-3	5.07692307692308
166	256	257	5	0.073	-3	5.09090909090909
167	0	0	0	0	-1	4.5
168	258	259	2	0.7075	-3	5.76470588235294
169	0	0	0	0	-1	5
170	0	0	0	0	-1	3
171	260	261	8	0.99728	-3	4.125
172	262	263	8	0.996825	-3	5
173	0	0	0	0	-1	5.75
174	0	0	0	0	-1	6
175	264	265	5	0.1175	-3	5.24324324324324
176	0	0	0	0	-1	5
177	266	267	2	0.42	-3	5.80327868852459
178	268	269	5	0.065	-3	6.875
179	270	271	5	0.061	-3	6.22857142857143
180	272	273	1	10.45	-3	6.05555555555556
181	0	0	0	0	-1	5.2
182	274	275	5	0.119	-3	5.85714285714286
183	276	277	8	0.99581	-3	6.325
184	278	279	4	4.25	-3	5
185	0	0	0	0	-1	6.2
186	280	281	5	0.0555	-3	6.85714285714286
187	0	0	0	0	-1	7.75
188	282	283	4	2.25	-3	6.80952380952381
189	284	285	1	10.55	-3	6.16666666666667
190	0	0	0	0	-1	4
191	286	287	6	5.5	-3	5
192	0	0	0	0	-1	5
193	0	0	0	0	-1	6
194	288	289	11	10	-3	5.8125
195	290	291	4	3.35	-3	5.2962962962963
196	0	0	0	0	-1	6
197	292	293	9	3.665	-3	5
198	0	0	0	0	-1	6
199	294	295	4	2	-3	6
200	296	297	6	30	-3	5.5
201	0	0	0	0	-1	4
202	298	299	7	35	-3	6.28571428571429
203	0	0	0	0	-1	7
204	0	0	0	0	-1	6.5
205	300	301	9	3.37	-3	6
206	0	0	0	0	-1	6
207	0	0	0	0	-1	5
208	0	0	0	0	-1	6
209	0	0	0	0	-1	6
210	0	0	0	0	-1	5
211	0	0	0	0	-1	5
212	0	0	0	0	-1	6
213	0	0	0	0	-1	6
214	0	0	0	0	-1	6
215	0	0	0	0	-1	7
216	302	303	7	21.5	-3	6.16666666666667
217	304	305	11	12	-3	6
218	306	307	1	5.05	-3	6.83333333333333
219	308	309	1	8.15	-3	7.83333333333333
220	310	311	8	0.99435	-3	6.16666666666667
221	312	313	8	0.994725	-3	7
222	314	315	2	0.455	-3	6.88888888888889
223	0	0	0	0	-1	8
224	316	317	2	0.7375	-3	6.21052631578947
225	0	0	0	0	-1	7
226	318	319	11	0	-3	6
227	320	321	10	0.61	-3	5.375
228	322	323	9	3.125	-3	7
229	324	325	2	0.26	-3	6.28571428571429
230	326	327	8	0.997	-3	4.80952380952381
231	0	0	0	0	-1	4
232	0	0	0	0	-1	5
233	328	329	7	16.5	-3	5
234	330	331	4	2.15	-3	5.88888888888889
235	332	333	1	7.25	-3	5.1304347826087
236	334	335	1	8.1	-3	4.94736842105263
237	0	0	0	0	-1	4
238	0	0	0	0	-1	6
239	336	337	9	9.85	-3	6
240	338	339	5	0.0665	-3	5.16666666666667
241	340	341	9	3.565	-3	5.55813953488372
242	0	0	0	0	-1	5
243	0	0	0	0	-1	4
244	0	0	0	0	-1	5
245	342	343	9	3.31	-3	5
246	344	345	1	8.25	-3	5.0935960591133
247	346	347	2	0.38	-3	5.2578125
248	0	0	0	0	-1	5
249	348	349	6	24	-3	5.72727272727273
250	0	0	0	0	-1	5
251	0	0	0	0	-1	5.8
252	350	351	11	10.75	-3	5.77142857142857
253	352	353	11	10.15	-3	5.21428571428571
254	0	0	0	0	-1	6
255	354	355	9	3.33	-3	5
256	0	0	0	0	-1	6
257	356	357	2	0.7625	-3	5
258	0	0	0	0	-1	5
259	358	359	9	3.365	-3	5.86666666666667
260	360	361	9	0	-3	4
261	0	0	0	0	-1	5
262	0	0	0	0	-1	5
263	0	0	0	0	-1	5
264	362	363	4	3.5	-3	5.2
265	0	0	0	0	-1	6
266	364	365	8	0.9995	-3	5.59090909090909
267	366	367	5	0.0935	-3	5.92307692307692
268	0	0	0	0	-1	6
269	368	369	8	0.997645	-3	7
270	370	371	9	3.045	-3	6.85714285714286
271	372	373	7	59.5	-3	6.07142857142857
272	374	375	11	10.25	-3	6
273	376	377	7	22.5	-3	6.16666666666667
274	378	379	2	0.335	-3	6
275	0	0	0	0	-1	5.33333333333333
276	380	381	8	10.45	-3	7
277	382	383	7	23.5	-3	6.20588235294118
278	384	385	1	11.4	-3	4.85714285714286
279	0	0	0	0	-1	6
280	0	0	0	0	-1	6
281	386	387	1	10.3	-3	7
282	0	0	0	0	-1	6
283	388	389	3	0.565	-3	6.94444444444444
284	390	391	5	0.0855	-3	6.625
285	392	393	10	0.63	-3	5.9375
286	394	395	8	0.99537	-3	5
287	396	397	7	0	-3	5
288	0	0	0	0	-1	5.25
289	398	399	7	32.5	-3	6
290	400	401	3	0.075	-3	5.4
291	0	0	0	0	-1	4
292	402	403	8	0.99526	-3	5.05
293	0	0	0	0	-1	4
294	0	0	0	0	-1	6
295	0	0	0	0	-1	6
296	404	405	4	1.5	-3	5.38461538461539
297	0	0	0	0	-1	7
298	0	0	0	0	-1	7
299	0	0	0	0	-1	6
300	0	0	0	0	-1	6
301	406	407	5	0.885	-3	6
302	0	0	0	0	-1	6
303	0	0	0	0	-1	7
304	0	0	0	0	-1	6
305	0	0	0	0	-1	6
306	0	0	0	0	-1	6
307	0	0	0	0	-1	7
308	408	409	2	0.4	-3	7.90909090909091
309	0	0	0	0	-1	7
310	0	0	0	0	-1	7
311	0	0	0	0	-1	6
312	410	411	7	28.5	-3	7.3
313	412	413	5	0.061	-3	6.86363636363636
314	0	0	0	0	-1	6.66666666666667
315	414	415	11	13.3	-3	7
316	416	417	6	18.5	-3	6.16666666666667
317	0	0	0	0	-1	7
318	0	0	0	0	-1	6
319	418	419	7	16	-3	6
320	0	0	0	0	-1	6
321	0	0	0	0	-1	5
322	0	0	0	0	-1	7.2
323	0	0	0	0	-1	6
324	0	0	0	0	-1	7
325	0	0	0	0	-1	6
326	420	421	7	17	-3	4.92857142857143
327	422	423	4	1.9	-3	4.57142857142857
328	424	425	10	0	-3	5
329	426	427	3	0	-3	5
330	428	429	8	0.996425	-3	6
331	0	0	0	0	-1	5.66666666666667
332	430	431	5	0.083	-3	5.5
333	0	0	0	0	-1	5
334	432	433	7	30	-3	5.0625
335	0	0	0	0	-1	4.33333333333333
336	434	435	5	0.0885	-3	6
337	0	0	0	0	-1	6
338	436	437	1	7.8	-3	5.71428571428571
339	438	439	10	0.995	-3	5.03448275862069
340	440	441	1	8.85	-3	5.62162162162162
341	442	443	4	2.7	-3	5.16666666666667
342	0	0	0	0	-1	5
343	444	445	7	64	-3	5
344	446	447	10	0.515	-3	5.19354838709678
345	448	449	11	9.35	-3	4.9367088607595
346	450	451	3	0.525	-3	5.85714285714286
347	452	453	9	2.82	-3	5.18421052631579
348	454	455	7	0	-3	6
349	0	0	0	0	-1	5.4
350	456	457	7	92.5	-3	5.66
351	458	459	7	19.5	-3	6.05
352	460	461	8	0	-3	6
353	462	463	10	0.575	-3	4.95238095238095
354	0	0	0	0	-1	5
355	464	465	3	0	-3	5
356	466	467	7	0	-3	5
357	0	0	0	0	-1	5
358	0	0	0	0	-1	6.33333333333333
359	468	469	2	0.8875	-3	5.75
360	0	0	0	0	-1	5
361	470	471	8	0	-3	4
362	472	473	8	0.99777	-3	5.125
363	0	0	0	0	-1	6
364	474	475	8	0.9983	-3	5.8125
365	0	0	0	0	-1	5
366	476	477	7	41.5	-3	6.0625
367	478	479	6	15.5	-3	5.28571428571429
368	0	0	0	0	-1	7
369	0	0	0	0	-1	7
370	0	0	0	0	-1	6.5
371	0	0	0	0	-1	7
372	480	481	3	0.71	-3	6.2
373	0	0	0	0	-1	5
374	0	0	0	0	-1	6
375	482	483	5	0.0665	-3	6
376	0	0	0	0	-1	7
377	0	0	0	0	-1	6
378	0	0	0	0	-1	5
379	484	485	3	0.31	-3	6.1
380	0	0	0	0	-1	7
381	0	0	0	0	-1	7
382	486	487	1	11.2	-3	6.04761904761905
383	488	489	7	35.5	-3	6.46153846153846
384	0	0	0	0	-1	4.5
385	0	0	0	0	-1	5
386	0	0	0	0	-1	7
387	0	0	0	0	-1	7
388	490	491	4	3.1	-3	7.33333333333333
389	492	493	2	0.35	-3	6.75
390	0	0	0	0	-1	6
391	0	0	0	0	-1	7
392	0	0	0	0	-1	5
393	494	495	10	0.765	-3	6.07142857142857
394	496	497	11	0	-3	5
395	0	0	0	0	-1	5
396	0	0	0	0	-1	5
397	0	0	0	0	-1	5
398	498	499	2	10.85	-3	6
399	0	0	0	0	-1	6
400	500	501	6	18	-3	5.75
401	502	503	4	2.05	-3	5.07692307692308
402	0	0	0	0	-1	5
403	0	0	0	0	-1	5.33333333333333
404	0	0	0	0	-1	6
405	504	505	4	2.9	-3	5.2
406	506	507	2	0.54	-3	6
407	0	0	0	0	-1	6
408	0	0	0	0	-1	7.5
409	508	509	5	0	-3	8
410	510	511	5	0.057	-3	7
411	0	0	0	0	-1	8
412	0	0	0	0	-1	6
413	512	513	5	0.081	-3	7
414	0	0	0	0	-1	7
415	0	0	0	0	-1	7
416	514	515	7	26.5	-3	6.33333333333333
417	0	0	0	0	-1	6
418	0	0	0	0	-1	6
419	516	517	6	9.5	-3	6
420	518	519	4	1.65	-3	5
421	0	0	0	0	-1	4.5
422	0	0	0	0	-1	4
423	0	0	0	0	-1	5
424	0	0	0	0	-1	6
425	520	521	7	14.5	-3	5
426	0	0	0	0	-1	5
427	0	0	0	0	-1	5
428	0	0	0	0	-1	6
429	0	0	0	0	-1	6
430	0	0	0	0	-1	5.75
431	0	0	0	0	-1	5
432	0	0	0	0	-1	5.33333333333333
433	522	523	4	0.535	-3	5
434	524	525	8	0.996495	-3	6
435	0	0	0	0	-1	6
436	0	0	0	0	-1	5.25
437	0	0	0	0	-1	6.33333333333333
438	526	527	10	0.575	-3	5.07142857142857
439	0	0	0	0	-1	4
440	528	529	10	1.185	-3	5.79545454545455
441	530	531	7	14	-3	5.36666666666667
442	532	533	9	3.635	-3	5
443	0	0	0	0	-1	6
444	534	535	11	0	-3	5
445	0	0	0	0	-1	5
446	536	537	1	8.05	-3	5.04761904761905
447	538	539	4	1.85	-3	5.26829268292683
448	540	541	7	81.5	-3	4.75
449	542	543	8	0.99685	-3	5
450	544	545	4	1.85	-3	5.92307692307692
451	0	0	0	0	-1	5
452	0	0	0	0	-1	4
453	546	547	10	1.6	-3	5.19469026548673
454	0	0	0	0	-1	5
455	0	0	0	0	-1	6
456	548	549	7	10	-3	5.63265306122449
457	0	0	0	0	-1	7
458	550	551	11	11.2	-3	6.85714285714286
459	552	553	6	10.5	-3	5.87878787878788
460	0	0	0	0	-1	6
461	554	555	8	0.997975	-3	6
462	0	0	0	0	-1	4
463	556	557	8	0.99839	-3	5.11111111111111
464	0	0	0	0	-1	8
465	0	0	0	0	-1	5
466	0	0	0	0	-1	5
467	0	0	0	0	-1	5
468	558	559	8	0.99589	-3	5.9
469	0	0	0	0	-1	5
470	0	0	0	0	-1	6
471	0	0	0	0	-1	4
472	560	561	8	0.99773	-3	5.25
473	562	563	6	8	-3	4.91666666666667
474	0	0	0	0	-1	7
475	564	565	11	10.65	-3	5.73333333333333
476	566	567	3	0.29	-3	5.90476190476191
477	568	569	1	10.05	-3	6.36363636363636
478	0	0	0	0	-1	6
479	0	0	0	0	-1	5
480	570	571	4	3	-3	6.16666666666667
481	0	0	0	0	-1	7
482	0	0	0	0	-1	6
483	572	573	2	1.115	-3	6
484	0	0	0	0	-1	6.33333333333333
485	574	575	4	2.2	-3	6
486	576	577	7	10.5	-3	6.1
487	0	0	0	0	-1	5
488	578	579	3	0.465	-3	6.85714285714286
489	580	581	6	8	-3	6
490	0	0	0	0	-1	8
491	0	0	0	0	-1	7
492	0	0	0	0	-1	6
493	582	583	9	3.18	-3	7
494	584	585	2	0.33	-3	6.27272727272727
495	0	0	0	0	-1	5.33333333333333
496	0	0	0	0	-1	6
497	586	587	1	5.85	-3	5
498	0	0	0	0	-1	6
499	0	0	0	0	-1	6
500	588	589	1	7.1	-3	6.16666666666667
501	590	591	1	7	-3	5.33333333333333
502	592	593	3	0.085	-3	5
503	0	0	0	0	-1	6
504	594	595	9	3.35	-3	5.11111111111111
505	0	0	0	0	-1	6
506	596	597	10	0.885	-3	6
507	598	599	2	0.585	-3	6
508	0	0	0	0	-1	5
509	600	601	1	0	-3	8
510	0	0	0	0	-1	7
511	0	0	0	0	-1	7
512	602	603	10	0.7	-3	7.05882352941177
513	0	0	0	0	-1	6.5
514	0	0	0	0	-1	6
515	0	0	0	0	-1	6.75
516	0	0	0	0	-1	6
517	0	0	0	0	-1	6
518	0	0	0	0	-1	5
519	604	605	8	0	-3	5
520	0	0	0	0	-1	5
521	0	0	0	0	-1	5
522	0	0	0	0	-1	6
523	606	607	1	7.65	-3	5
524	0	0	0	0	-1	6
525	0	0	0	0	-1	6
526	0	0	0	0	-1	6
527	608	609	10	0.865	-3	5.03703703703704
528	610	611	3	0.055	-3	5.85365853658537
529	0	0	0	0	-1	5
530	0	0	0	0	-1	6
531	612	613	1	10.55	-3	5.24
532	0	0	0	0	-1	5
533	614	615	3	2.35	-3	5
534	0	0	0	0	-1	6
535	616	617	11	9.3	-3	5
536	618	619	2	0.82	-3	4.97142857142857
537	620	621	7	81	-3	5.42857142857143
538	622	623	7	104.5	-3	5.75
539	624	625	6	16.5	-3	5.21621621621622
540	626	627	2	0.425	-3	4.28571428571429
541	628	629	7	89	-3	5
542	0	0	0	0	-1	6
543	630	631	4	3.95	-3	4.98275862068966
544	0	0	0	0	-1	5.8
545	632	633	11	9.65	-3	6
546	634	635	3	0.3	-3	5.17431192660551
547	0	0	0	0	-1	5.75
548	0	0	0	0	-1	4
549	636	637	6	30.5	-3	5.64948453608247
550	638	639	7	0	-3	7
551	0	0	0	0	-1	6
552	0	0	0	0	-1	5
553	640	641	3	0.335	-3	6.03571428571429
554	0	0	0	0	-1	6
555	0	0	0	0	-1	6
556	0	0	0	0	-1	5
557	0	0	0	0	-1	5.66666666666667
558	0	0	0	0	-1	5
559	642	643	6	14.5	-3	6
560	644	645	10	0.705	-3	5.16666666666667
561	0	0	0	0	-1	6
562	0	0	0	0	-1	4
563	646	647	11	10.25	-3	5
564	0	0	0	0	-1	5.2
565	648	649	7	0.082	-3	6
566	650	651	3	0.23	-3	5.66666666666667
567	652	653	5	0.061	-3	6
568	0	0	0	0	-1	6
569	654	655	9	3.215	-3	6.66666666666667
570	656	657	9	3.35	-3	6.09090909090909
571	0	0	0	0	-1	7
572	0	0	0	0	-1	6
573	0	0	0	0	-1	6
574	0	0	0	0	-1	6
575	0	0	0	0	-1	6
576	0	0	0	0	-1	7
577	658	659	6	10.5	-3	6.05263157894737
578	0	0	0	0	-1	6.5
579	0	0	0	0	-1	7
580	0	0	0	0	-1	6
581	0	0	0	0	-1	6
582	660	661	10	0.88	-3	6.875
583	0	0	0	0	-1	8
584	0	0	0	0	-1	7
585	662	663	8	1.001295	-3	6.11111111111111
586	0	0	0	0	-1	5
587	0	0	0	0	-1	5
588	0	0	0	0	-1	6
589	0	0	0	0	-1	7
590	0	0	0	0	-1	5
591	0	0	0	0	-1	6
592	0	0	0	0	-1	5
593	0	0	0	0	-1	5
594	0	0	0	0	-1	6
595	664	665	3	0.15	-3	5
596	666	667	3	0	-3	6
597	0	0	0	0	-1	6
598	0	0	0	0	-1	6
599	0	0	0	0	-1	6
600	0	0	0	0	-1	6
601	0	0	0	0	-1	8
602	0	0	0	0	-1	8
603	0	0	0	0	-1	7
604	0	0	0	0	-1	5
605	668	669	1	7.7	-3	5
606	0	0	0	0	-1	5
607	670	671	6	0	-3	5
608	672	673	10	0.045	-3	5
609	0	0	0	0	-1	5.2
610	0	0	0	0	-1	5
611	674	675	7	19.5	-3	5.92105263157895
612	676	677	8	0.997595	-3	5.05
613	0	0	0	0	-1	6
614	0	0	0	0	-1	5
615	0	0	0	0	-1	5
616	0	0	0	0	-1	5
617	0	0	0	0	-1	5
618	678	679	1	7.95	-3	5.03125
619	0	0	0	0	-1	4.33333333333333
620	0	0	0	0	-1	5.2
621	0	0	0	0	-1	6
622	680	681	9	3.28	-3	6
623	0	0	0	0	-1	5
624	682	683	5	0.1445	-3	5.03846153846154
625	684	685	2	0.56	-3	5.3125
626	0	0	0	0	-1	5
627	0	0	0	0	-1	4
628	0	0	0	0	-1	5
629	686	687	5	0.09	-3	5
630	688	689	1	9.15	-3	5
631	0	0	0	0	-1	4.66666666666667
632	0	0	0	0	-1	6
633	690	691	11	9.75	-3	6
634	692	693	11	9.275	-3	5.0952380952381
635	694	695	11	9.45	-3	5.28260869565217
636	696	697	7	46	-3	5.57954545454545
637	698	699	11	10.05	-3	6.33333333333333
638	0	0	0	0	-1	7
639	0	0	0	0	-1	7
640	700	701	8	0.99691	-3	5.95833333333333
641	0	0	0	0	-1	6.5
642	0	0	0	0	-1	6
643	0	0	0	0	-1	6
644	702	703	5	0.0885	-3	5.11764705882353
645	0	0	0	0	-1	6
646	0	0	0	0	-1	5
647	0	0	0	0	-1	5
648	0	0	0	0	-1	5
649	704	705	9	0.605	-3	6
650	0	0	0	0	-1	6
651	0	0	0	0	-1	5
652	0	0	0	0	-1	6
653	706	707	6	8	-3	6
654	0	0	0	0	-1	6.33333333333333
655	0	0	0	0	-1	7
656	708	709	1	9.55	-3	6
657	0	0	0	0	-1	6.5
658	710	711	9	3.225	-3	6
659	0	0	0	0	-1	6.33333333333333
660	712	713	3	0.605	-3	7
661	0	0	0	0	-1	6
662	714	715	3	0.565	-3	6
663	0	0	0	0	-1	7
664	716	717	10	0	-3	5
665	0	0	0	0	-1	5
666	0	0	0	0	-1	6
667	718	719	4	2.35	-3	6
668	0	0	0	0	-1	5
669	0	0	0	0	-1	5
670	0	0	0	0	-1	6
671	720	721	11	9.55	-3	5
672	0	0	0	0	-1	6
673	722	723	2	0.565	-3	5
674	724	725	5	0.156	-3	5.625
675	726	727	9	3.265	-3	6
676	0	0	0	0	-1	6
677	728	729	10	0.61	-3	5
678	730	731	6	34.5	-3	5
679	732	733	6	20.5	-3	5.16666666666667
680	0	0	0	0	-1	6
681	0	0	0	0	-1	6
682	734	735	8	0.995925	-3	5
683	0	0	0	0	-1	6
684	736	737	7	62	-3	5.1
685	738	739	7	89.5	-3	5.46428571428571
686	0	0	0	0	-1	5
687	740	741	1	0	-3	5
688	742	743	1	8.55	-3	5
689	744	745	7	71.5	-3	5
690	0	0	0	0	-1	6
691	0	0	0	0	-1	6
692	746	747	1	7.75	-3	5.44444444444444
693	748	749	10	0.665	-3	5.03703703703704
694	750	751	9	2.95	-3	5.04347826086957
695	752	753	3	0.315	-3	5.52173913043478
696	754	755	5	0.066	-3	5.66666666666667
697	756	757	5	0.0835	-3	5.39285714285714
698	0	0	0	0	-1	7
699	758	759	10	0.55	-3	6
700	760	761	8	0.996365	-3	5.90909090909091
701	0	0	0	0	-1	6.5
702	0	0	0	0	-1	5
703	762	763	8	0.99691	-3	5.25
704	0	0	0	0	-1	6
705	764	765	2	0.385	-3	6
706	766	767	5	11.8	-3	6
707	0	0	0	0	-1	6
708	0	0	0	0	-1	6
709	0	0	0	0	-1	6
710	768	769	9	0	-3	6
711	770	771	8	0.997195	-3	6
712	0	0	0	0	-1	7
713	0	0	0	0	-1	7
714	0	0	0	0	-1	6
715	772	773	11	11.9	-3	6
716	0	0	0	0	-1	6
717	774	775	11	0	-3	5
718	0	0	0	0	-1	6
719	0	0	0	0	-1	6
720	0	0	0	0	-1	5
721	0	0	0	0	-1	5
722	776	777	1	0	-3	5
723	778	779	4	0	-3	5
724	0	0	0	0	-1	5.4
725	0	0	0	0	-1	6
726	0	0	0	0	-1	6
727	780	781	4	0	-3	6
728	0	0	0	0	-1	5
729	782	783	7	33	-3	5
730	784	785	9	86.5	-3	5
731	786	787	11	9.45	-3	5
732	0	0	0	0	-1	5.5
733	0	0	0	0	-1	5
734	0	0	0	0	-1	4
735	788	789	9	3.26	-3	5.08695652173913
736	0	0	0	0	-1	6
737	790	791	10	7.55	-3	5
738	792	793	3	0.035	-3	5.15384615384615
739	794	795	4	6.65	-3	5.73333333333333
740	0	0	0	0	-1	5
741	796	797	11	9.15	-3	5
742	0	0	0	0	-1	5
743	798	799	8	0.9983	-3	5
744	800	801	8	0.99895	-3	5
745	802	803	4	0	-3	5
746	0	0	0	0	-1	5.2
747	0	0	0	0	-1	5.75
748	804	805	5	0.107	-3	5.13636363636364
749	806	807	8	1.0002	-3	4.96875
750	0	0	0	0	-1	6
751	0	0	0	0	-1	5
752	808	809	9	3.195	-3	5.72727272727273
753	810	811	9	3.17	-3	5.33333333333333
754	0	0	0	0	-1	7
755	812	813	1	8.35	-3	5.62068965517241
756	814	815	2	0.31	-3	5
757	816	817	2	0.6425	-3	5.84615384615385
758	0	0	0	0	-1	6
759	0	0	0	0	-1	6
760	818	819	6	17.5	-3	6
761	0	0	0	0	-1	5.6
762	0	0	0	0	-1	6
763	820	821	3	0.32	-3	5.14285714285714
764	0	0	0	0	-1	6
765	0	0	0	0	-1	6
766	822	823	5	0.0715	-3	6
767	0	0	0	0	-1	6
768	0	0	0	0	-1	5
769	0	0	0	0	-1	6
770	0	0	0	0	-1	6
771	0	0	0	0	-1	6
772	0	0	0	0	-1	6
773	0	0	0	0	-1	6
774	0	0	0	0	-1	6
775	0	0	0	0	-1	5
776	0	0	0	0	-1	6
777	824	825	5	0.074	-3	5
778	0	0	0	0	-1	5
779	0	0	0	0	-1	5
780	0	0	0	0	-1	6
781	826	827	5	0.0805	-3	6
782	828	829	7	0	-3	5
783	0	0	0	0	-1	5
784	830	831	1	6.75	-3	5
785	0	0	0	0	-1	5
786	0	0	0	0	-1	5
787	0	0	0	0	-1	5
788	0	0	0	0	-1	5.66666666666667
789	832	833	7	60.5	-3	5
790	834	835	5	0.1005	-3	5
791	0	0	0	0	-1	5
792	0	0	0	0	-1	6
793	836	837	9	3.56	-3	5.08333333333333
794	838	839	11	9.35	-3	5.84615384615385
795	0	0	0	0	-1	5
796	0	0	0	0	-1	5
797	840	841	4	0	-3	5
798	842	843	3	0.155	-3	5
799	0	0	0	0	-1	5
800	0	0	0	0	-1	5
801	0	0	0	0	-1	5
802	0	0	0	0	-1	5
803	0	0	0	0	-1	5
804	844	845	5	0.083	-3	5
805	0	0	0	0	-1	5.75
806	846	847	9	3.195	-3	5
807	0	0	0	0	-1	4
808	0	0	0	0	-1	5
809	848	849	8	0	-3	6
810	0	0	0	0	-1	6
811	850	851	4	2.45	-3	5.2
812	852	853	11	10.55	-3	5.68
813	854	855	7	25	-3	5.25
814	0	0	0	0	-1	6
815	856	857	11	10.05	-3	4.92857142857143
816	858	859	11	10.05	-3	5.91666666666667
817	0	0	0	0	-1	5
818	0	0	0	0	-1	6
819	860	861	3	0.025	-3	6
820	0	0	0	0	-1	6
821	862	863	3	42	-3	5
822	0	0	0	0	-1	6
823	0	0	0	0	-1	6
824	0	0	0	0	-1	5
825	0	0	0	0	-1	5
826	864	865	7	23.5	-3	6
827	0	0	0	0	-1	6
828	0	0	0	0	-1	6
829	866	867	3	0.195	-3	5
830	0	0	0	0	-1	5
831	868	869	8	0	-3	5
832	0	0	0	0	-1	5
833	870	871	4	2.45	-3	5
834	872	873	10	0.53	-3	5
835	0	0	0	0	-1	5
836	0	0	0	0	-1	5
837	0	0	0	0	-1	6
838	0	0	0	0	-1	5
839	874	875	6	27.5	-3	5.91666666666667
840	0	0	0	0	-1	5
841	876	877	2	0	-3	5
842	0	0	0	0	-1	5
843	878	879	6	120.5	-3	5
844	880	881	4	0	-3	5
845	0	0	0	0	-1	5
846	882	883	9	0	-3	5
847	884	885	8	0.9963	-3	5
848	0	0	0	0	-1	6
849	886	887	2	0	-3	6
850	888	889	1	0	-3	5
851	0	0	0	0	-1	5.66666666666667
852	890	891	1	7.45	-3	5.6
853	892	893	10	0.64	-3	6
854	894	895	11	10.45	-3	5
855	0	0	0	0	-1	6
856	0	0	0	0	-1	4.5
857	896	897	10	0.66	-3	5
858	0	0	0	0	-1	5
859	0	0	0	0	-1	6
860	0	0	0	0	-1	6
861	898	899	8	0	-3	6
862	0	0	0	0	-1	5
863	0	0	0	0	-1	5
864	0	0	0	0	-1	6
865	900	901	11	9.55	-3	6
866	0	0	0	0	-1	5
867	0	0	0	0	-1	5
868	0	0	0	0	-1	8
869	902	903	4	1.95	-3	5
870	904	905	10	0	-3	5
871	906	907	1	6.9	-3	5
872	0	0	0	0	-1	5
873	0	0	0	0	-1	5
874	908	909	6	23.5	-3	6
875	0	0	0	0	-1	5
876	0	0	0	0	-1	5
877	0	0	0	0	-1	5
878	0	0	0	0	-1	5
879	0	0	0	0	-1	5
880	0	0	0	0	-1	5
881	910	911	3	0.185	-3	5
882	0	0	0	0	-1	7
883	912	913	1	7.95	-3	5
884	0	0	0	0	-1	5
885	914	915	9	3.61	-3	5
886	0	0	0	0	-1	5
887	916	917	10	0.8	-3	6
888	0	0	0	0	-1	4
889	918	919	7	82	-3	5
890	920	921	9	3.445	-3	5.375
891	922	923	8	0.99582	-3	5.75
892	0	0	0	0	-1	6
893	0	0	0	0	-1	6
894	0	0	0	0	-1	5
895	0	0	0	0	-1	5
896	924	925	9	0.385	-3	5
897	0	0	0	0	-1	5
898	0	0	0	0	-1	5
899	0	0	0	0	-1	6
900	0	0	0	0	-1	6
901	926	927	9	3.44	-3	6
902	0	0	0	0	-1	5
903	0	0	0	0	-1	5
904	0	0	0	0	-1	5
905	928	929	8	0.9967	-3	5
906	0	0	0	0	-1	5
907	0	0	0	0	-1	5
908	930	931	7	0.99651	-3	6
909	0	0	0	0	-1	6
910	0	0	0	0	-1	5
911	932	933	7	0	-3	5
912	934	935	3	0.215	-3	5
913	0	0	0	0	-1	5
914	936	937	5	0	-3	5
915	0	0	0	0	-1	5
916	0	0	0	0	-1	6
917	0	0	0	0	-1	6
918	0	0	0	0	-1	5
919	0	0	0	0	-1	5
920	938	939	5	0.071	-3	5.6
921	940	941	1	7	-3	5
922	0	0	0	0	-1	5
923	942	943	5	0.0695	-3	5.81818181818182
924	0	0	0	0	-1	5
925	944	945	6	29	-3	5
926	0	0	0	0	-1	6
927	0	0	0	0	-1	6
928	0	0	0	0	-1	5
929	0	0	0	0	-1	5
930	0	0	0	0	-1	5
931	946	947	1	7.45	-3	6
932	0	0	0	0	-1	7
933	948	949	8	0	-3	5
934	0	0	0	0	-1	5
935	0	0	0	0	-1	5
936	0	0	0	0	-1	6
937	950	951	2	0.645	-3	5
938	0	0	0	0	-1	5
939	952	953	8	0.996285	-3	5.75
940	0	0	0	0	-1	5
941	0	0	0	0	-1	5
942	0	0	0	0	-1	5
943	0	0	0	0	-1	6
944	954	955	10	0	-3	5
945	0	0	0	0	-1	5
946	0	0	0	0	-1	6
947	0	0	0	0	-1	6
948	0	0	0	0	-1	5
949	0	0	0	0	-1	5
950	0	0	0	0	-1	5
951	956	957	11	0	-3	5
952	0	0	0	0	-1	6
953	0	0	0	0	-1	5.33333333333333
954	0	0	0	0	-1	5
955	958	959	1	0.067	-3	5
956	0	0	0	0	-1	5
957	0	0	0	0	-1	5
958	0	0	0	0	-1	6
959	0	0	0	0	-1	5
