1	2	3	2	0.385	-3	5.66228893058161
2	4	5	11	10.75	-3	6.16995073891625
3	6	7	8	0.99241	-3	5.48952221290863
4	8	9	11	9.75	-3	5.68862275449102
5	10	11	5	0.0845	-3	6.50627615062761
6	12	13	5	0.045	-3	6.8
7	14	15	5	0.0695	-3	5.46717817561807
8	16	17	2	0.265	-3	5.52325581395349
9	18	19	5	0.06	-3	5.8641975308642
10	20	21	10	0.735	-3	6.59473684210526
11	22	23	7	24.5	-3	6.16326530612245
12	24	25	8	0.991185	-3	7.28571428571429
13	26	27	9	3.25	-3	6.53846153846154
14	28	29	11	10.525	-3	5.66808510638298
15	30	31	11	11.45	-3	5.41684434968017
16	32	33	6	15.5	-3	5.95
17	34	35	9	3.335	-3	5.39393939393939
18	36	37	1	10.15	-3	6.83333333333333
19	38	39	10	0.74	-3	5.78666666666667
20	40	41	1	10.5	-3	6.40776699029126
21	42	43	11	11.15	-3	6.81609195402299
22	44	45	1	9.05	-3	6.6
23	46	47	7	95.5	-3	5.70833333333333
24	0	0	0	0	-1	8
25	0	0	0	0	-1	7
26	0	0	0	0	-1	8
27	48	49	10	0.755	-3	6.41666666666667
28	50	51	2	0.8625	-3	5.40816326530612
29	52	53	1	6.55	-3	5.85401459854015
30	54	55	11	9.975	-3	5.34450867052023
31	56	57	3	0.515	-3	6.27397260273973
32	58	59	4	2.1	-3	6.1875
33	0	0	0	0	-1	5
34	60	61	9	3.01	-3	5.22222222222222
35	62	63	6	15.5	-3	5.76190476190476
36	0	0	0	0	-1	6.5
37	0	0	0	0	-1	7
38	64	65	9	3.42	-3	5.55813953488372
39	66	67	5	0.0715	-3	6.09375
40	68	69	4	10.6	-3	6.32258064516129
41	70	71	1	10.75	-3	7.2
42	72	73	10	0.815	-3	6.51724137931035
43	74	75	3	0.155	-3	6.96551724137931
44	76	77	6	5.5	-3	6.85714285714286
45	78	79	10	0.625	-3	6.27272727272727
46	80	81	6	9.5	-3	5.85
47	0	0	0	0	-1	5
48	82	83	9	3.48	-3	6
49	0	0	0	0	-1	7
50	84	85	4	1.3	-3	5.53409090909091
51	86	87	11	9.05	-3	4.3
52	88	89	6	13.5	-3	5.58333333333333
53	90	91	9	3.435	-3	6
54	92	93	10	0.535	-3	5.21797323135755
55	94	95	10	0.595	-3	5.53801169590643
56	96	97	11	12.25	-3	6.15094339622642
57	98	99	8	1.0004	-3	6.6
58	100	101	2	0.25	-3	6
59	102	103	6	8	-3	6.5
60	0	0	0	0	-1	5.8
61	104	105	11	9.25	-3	5.15
62	0	0	0	0	-1	5.25
63	106	107	6	34	-3	5.88235294117647
64	108	109	3	0.495	-3	5.67567567567568
65	110	111	8	0.99582	-3	4.83333333333333
66	112	113	5	0.07	-3	5.78571428571429
67	114	115	1	12.55	-3	6.33333333333333
68	116	117	5	0.0555	-3	6.34782608695652
69	0	0	0	0	-1	4
70	0	0	0	0	-1	8
71	118	119	5	0.0685	-3	6.66666666666667
72	120	121	10	0.8	-3	6
73	122	123	8	0.9975	-3	6.68181818181818
74	0	0	0	0	-1	6
75	124	125	5	0.0585	-3	7.01818181818182
76	0	0	0	0	-1	6.33333333333333
77	126	127	9	3.3	-3	7
78	128	129	9	3.215	-3	6
79	0	0	0	0	-1	6.75
80	0	0	0	0	-1	7
81	130	131	3	0.645	-3	5.78947368421053
82	0	0	0	0	-1	6
83	0	0	0	0	-1	6
84	0	0	0	0	-1	7
85	132	133	8	0.997005	-3	5.5
86	0	0	0	0	-1	6
87	134	135	3	0.045	-3	3.875
88	136	137	2	0.525	-3	5.26315789473684
89	138	139	2	1.01	-3	5.79310344827586
90	140	141	5	0.0595	-3	5.88461538461539
91	142	143	11	12.5	-3	6.81818181818182
92	144	145	1	6.05	-3	5
93	146	147	7	50.5	-3	5.31062670299727
94	148	149	11	10.85	-3	5.19166666666667
95	150	151	6	11.5	-3	5.72522522522523
96	152	153	4	3.425	-3	6.04878048780488
97	154	155	3	0.495	-3	6.5
98	156	157	5	0.1075	-3	6.68421052631579
99	0	0	0	0	-1	5
100	0	0	0	0	-1	6
101	158	159	5	0.078	-3	6
102	0	0	0	0	-1	6
103	0	0	0	0	-1	7
104	160	161	3	0.445	-3	5.66666666666667
105	162	163	1	10.45	-3	5.05882352941177
106	164	165	11	9.55	-3	6
107	0	0	0	0	-1	5
108	166	167	8	0.9977	-3	5.92
109	168	169	8	1.0003	-3	5.16666666666667
110	0	0	0	0	-1	4
111	0	0	0	0	-1	5.25
112	170	171	6	39	-3	6
113	0	0	0	0	-1	5.25
114	172	173	8	0.99965	-3	6.23529411764706
115	0	0	0	0	-1	8
116	174	175	3	0.485	-3	6.8421052631579
117	176	177	4	6.15	-3	6.21917808219178
118	0	0	0	0	-1	7
119	0	0	0	0	-1	6.33333333333333
120	0	0	0	0	-1	6
121	0	0	0	0	-1	6
122	178	179	10	0.86	-3	6.5
123	180	181	11	10.95	-3	6.9
124	182	183	1	7.55	-3	7.5
125	184	185	5	0.0745	-3	6.91111111111111
126	186	187	8	0.99551	-3	7
127	0	0	0	0	-1	7
128	0	0	0	0	-1	6
129	0	0	0	0	-1	6
130	188	189	5	0.0875	-3	5.9375
131	0	0	0	0	-1	5
132	190	191	3	0.01	-3	5.34042553191489
133	192	193	7	26	-3	5.69230769230769
134	0	0	0	0	-1	4
135	0	0	0	0	-1	3
136	0	0	0	0	-1	6
137	194	195	9	3.445	-3	5
138	196	197	1	5.3	-3	5.85185185185185
139	0	0	0	0	-1	5
140	198	199	4	2.55	-3	5.5625
141	200	201	9	3.425	-3	6.10869565217391
142	202	203	2	0.8475	-3	6.55555555555556
143	0	0	0	0	-1	8
144	0	0	0	0	-1	4
145	204	205	3	0.085	-3	5.01960784313725
146	206	207	11	9.925	-3	5.47222222222222
147	208	209	6	22.5	-3	5.15508021390374
148	210	211	8	0.99785	-3	5.31111111111111
149	212	213	7	10	-3	4.83333333333333
150	214	215	4	5.35	-3	5.58536585365854
151	216	217	11	10.55	-3	5.80714285714286
152	218	219	1	7.05	-3	6.13888888888889
153	0	0	0	0	-1	5.4
154	220	221	10	0.62	-3	6.36363636363636
155	0	0	0	0	-1	8
156	222	223	9	3.135	-3	6.91666666666667
157	224	225	10	0.7	-3	6.28571428571429
158	0	0	0	0	-1	6
159	0	0	0	0	-1	6
160	0	0	0	0	-1	5
161	0	0	0	0	-1	6
162	226	227	5	0.0785	-3	5
163	228	229	5	0.084	-3	5.22222222222222
164	230	231	5	0	-3	6
165	0	0	0	0	-1	6
166	232	233	4	1.75	-3	6.04545454545455
167	0	0	0	0	-1	5
168	234	235	2	0.275	-3	5.09090909090909
169	0	0	0	0	-1	6
170	236	237	11	0.064	-3	6
171	0	0	0	0	-1	6
172	238	239	3	0.555	-3	6.13333333333333
173	0	0	0	0	-1	7
174	240	241	7	104.5	-3	6.9375
175	0	0	0	0	-1	6.33333333333333
176	242	243	2	0.2	-3	6.25352112676056
177	0	0	0	0	-1	5
178	244	245	8	0.99598	-3	6.85714285714286
179	0	0	0	0	-1	6
180	246	247	4	1.85	-3	7
181	0	0	0	0	-1	6.66666666666667
182	0	0	0	0	-1	8
183	0	0	0	0	-1	7
184	248	249	8	0.99504	-3	6.65
185	250	251	7	19	-3	7.12
186	0	0	0	0	-1	7
187	0	0	0	0	-1	7
188	0	0	0	0	-1	5
189	252	253	5	0.0965	-3	6
190	254	255	10	0.7	-3	5
191	256	257	2	0.63	-3	5.42105263157895
192	258	259	7	18	-3	5.88
193	260	261	8	0.99734	-3	5.35714285714286
194	0	0	0	0	-1	6
195	262	263	4	3.45	-3	4.92307692307692
196	0	0	0	0	-1	6.4
197	264	265	5	0.0545	-3	5.72727272727273
198	266	267	9	3.355	-3	5.86363636363636
199	268	269	4	4.45	-3	4.9
200	270	271	1	9.65	-3	6.15909090909091
201	0	0	0	0	-1	5
202	272	273	4	1.75	-3	6.71428571428571
203	0	0	0	0	-1	6
204	274	275	10	0.505	-3	4.80434782608696
205	276	277	3	0.195	-3	5.11214953271028
206	278	279	9	3.065	-3	5.48603351955307
207	0	0	0	0	-1	3
208	280	281	9	2.965	-3	5.23684210526316
209	282	283	1	10.05	-3	5.02739726027397
210	284	285	7	14.5	-3	5.14285714285714
211	286	287	3	0.545	-3	5.7037037037037
212	0	0	0	0	-1	3
213	288	289	3	0.04	-3	4.89655172413793
214	290	291	7	21	-3	5.51282051282051
215	0	0	0	0	-1	7
216	292	293	5	0.093	-3	5.58461538461538
217	294	295	3	0.625	-3	6
218	296	297	7	14.5	-3	5.78571428571429
219	298	299	3	0.07	-3	6.36363636363636
220	0	0	0	0	-1	5.75
221	300	301	5	0.071	-3	6.71428571428571
222	0	0	0	0	-1	6
223	302	303	11	12.95	-3	7
224	0	0	0	0	-1	6
225	0	0	0	0	-1	6.66666666666667
226	304	305	2	0	-3	5
227	306	307	9	0.108	-3	5
228	0	0	0	0	-1	6
229	308	309	5	0	-3	5
230	0	0	0	0	-1	6
231	310	311	4	1.75	-3	6
232	0	0	0	0	-1	5.5
233	312	313	1	11.1	-3	6.1
234	0	0	0	0	-1	5.5
235	0	0	0	0	-1	5
236	0	0	0	0	-1	4
237	314	315	7	28.5	-3	6
238	316	317	9	3.135	-3	6
239	0	0	0	0	-1	7
240	318	319	7	0	-3	7
241	0	0	0	0	-1	6
242	320	321	5	0.0605	-3	5.72727272727273
243	322	323	11	11.05	-3	6.35
244	324	325	1	10.1	-3	7
245	0	0	0	0	-1	6
246	0	0	0	0	-1	7
247	0	0	0	0	-1	7
248	326	327	7	49.5	-3	6.25
249	328	329	8	0.99629	-3	6.91666666666667
250	0	0	0	0	-1	8
251	330	331	4	3.2	-3	7.04347826086957
252	0	0	0	0	-1	6
253	332	333	8	0	-3	6
254	0	0	0	0	-1	5
255	0	0	0	0	-1	5
256	334	335	8	0.995765	-3	5.34375
257	336	337	1	7.9	-3	5.83333333333333
258	338	339	5	0.06	-3	5.7
259	340	341	9	3.215	-3	6
260	0	0	0	0	-1	5.8
261	342	343	1	9.75	-3	5.11111111111111
262	344	345	1	6.15	-3	5
263	0	0	0	0	-1	4
264	346	347	2	0.57	-3	5.5
265	348	349	6	21.5	-3	5.91666666666667
266	350	351	1	9.05	-3	6.14285714285714
267	352	353	11	12.25	-3	5.375
268	354	355	11	12.15	-3	5
269	0	0	0	0	-1	4
270	356	357	8	0.99615	-3	6.29032258064516
271	358	359	1	9.9	-3	5.84615384615385
272	0	0	0	0	-1	7
273	0	0	0	0	-1	6.6
274	360	361	6	6.5	-3	4.68965517241379
275	362	363	2	0.7275	-3	5
276	364	365	8	0.996695	-3	5.4375
277	366	367	7	47	-3	4.97333333333333
278	368	369	10	0.59	-3	4.875
279	370	371	8	0.998065	-3	5.51461988304094
280	0	0	0	0	-1	6
281	372	373	1	9.95	-3	5.20909090909091
282	374	375	9	2.91	-3	4.98507462686567
283	376	377	9	3.33	-3	5.5
284	378	379	2	1.035	-3	4.16666666666667
285	380	381	3	0.025	-3	5.24561403508772
286	382	383	7	76.5	-3	5.79166666666667
287	0	0	0	0	-1	5
288	384	385	4	1.95	-3	4.54545454545454
289	386	387	4	1.75	-3	5.11111111111111
290	388	389	9	3.175	-3	5.84615384615385
291	390	391	2	0.925	-3	5.34615384615385
292	392	393	5	0.0825	-3	5.68518518518519
293	394	395	8	0.995895	-3	5.09090909090909
294	396	397	2	0.695	-3	5.97222222222222
295	0	0	0	0	-1	6.66666666666667
296	0	0	0	0	-1	4
297	398	399	8	0.99534	-3	5.92307692307692
298	0	0	0	0	-1	7
299	400	401	4	2.4	-3	6.22222222222222
300	0	0	0	0	-1	6
301	402	403	6	4.5	-3	6.83333333333333
302	404	405	10	0.58	-3	6.9
303	0	0	0	0	-1	8
304	0	0	0	0	-1	5
305	406	407	4	0	-3	5
306	0	0	0	0	-1	7
307	408	409	4	0	-3	5
308	0	0	0	0	-1	7
309	410	411	3	0.595	-3	5
310	0	0	0	0	-1	6
311	412	413	8	0.9966	-3	6
312	414	415	6	5.5	-3	6.05263157894737
313	0	0	0	0	-1	7
314	0	0	0	0	-1	6
315	0	0	0	0	-1	6
316	0	0	0	0	-1	6
317	0	0	0	0	-1	6
318	0	0	0	0	-1	6
319	0	0	0	0	-1	7
320	416	417	10	0	-3	6
321	0	0	0	0	-1	5.4
322	418	419	5	0.0575	-3	6
323	420	421	9	3.37	-3	6.4375
324	0	0	0	0	-1	7
325	0	0	0	0	-1	7
326	0	0	0	0	-1	6.66666666666667
327	0	0	0	0	-1	6
328	422	423	4	2.225	-3	7
329	0	0	0	0	-1	6
330	424	425	9	0	-3	7
331	0	0	0	0	-1	8
332	0	0	0	0	-1	5
333	426	427	6	15.5	-3	6
334	428	429	11	9.35	-3	5.66666666666667
335	430	431	1	7.1	-3	5.15
336	0	0	0	0	-1	6
337	0	0	0	0	-1	5
338	432	433	2	0.6575	-3	5.875
339	0	0	0	0	-1	5
340	0	0	0	0	-1	6
341	0	0	0	0	-1	6
342	434	435	1	6.9	-3	5
343	0	0	0	0	-1	6
344	436	437	1	0.025	-3	5
345	0	0	0	0	-1	5
346	438	439	10	0.575	-3	5.16666666666667
347	0	0	0	0	-1	6
348	440	441	1	6.25	-3	6
349	0	0	0	0	-1	5.66666666666667
350	442	443	8	0.99336	-3	6
351	0	0	0	0	-1	7
352	0	0	0	0	-1	5
353	0	0	0	0	-1	6
354	444	445	7	0	-3	5
355	0	0	0	0	-1	5
356	446	447	7	15	-3	6.16666666666667
357	448	449	3	0.45	-3	6.71428571428571
358	0	0	0	0	-1	5
359	450	451	11	11.1	-3	6
360	452	453	8	0.99558	-3	4.33333333333333
361	454	455	2	0.555	-3	4.85
362	456	457	6	0	-3	5
363	0	0	0	0	-1	5
364	458	459	6	7	-3	5.26666666666667
365	460	461	2	0.6175	-3	5.58823529411765
366	462	463	9	3.255	-3	4.85714285714286
367	464	465	7	75.5	-3	5.01851851851852
368	0	0	0	0	-1	4
369	466	467	6	0	-3	5
370	468	469	10	0.925	-3	5.40869565217391
371	470	471	1	10.6	-3	5.73214285714286
372	472	473	9	3.515	-3	5.17924528301887
373	0	0	0	0	-1	6
374	0	0	0	0	-1	4
375	474	475	6	27.5	-3	5
376	0	0	0	0	-1	5.8
377	0	0	0	0	-1	4
378	0	0	0	0	-1	4.4
379	0	0	0	0	-1	3
380	476	477	4	2.65	-3	5.875
381	478	479	2	0.575	-3	5.14285714285714
382	480	481	1	9.15	-3	5.94444444444444
383	482	483	5	0.078	-3	5.33333333333333
384	484	485	9	3.34	-3	5.16666666666667
385	0	0	0	0	-1	3.8
386	0	0	0	0	-1	5.66666666666667
387	486	487	11	0	-3	5
388	0	0	0	0	-1	5.33333333333333
389	488	489	5	0.099	-3	5.91304347826087
390	490	491	6	6.5	-3	5.4
391	0	0	0	0	-1	4
392	492	493	11	10.45	-3	5.46875
393	494	495	9	3.045	-3	6
394	0	0	0	0	-1	6
395	496	497	4	2.3	-3	5
396	498	499	3	0.305	-3	6
397	0	0	0	0	-1	5.33333333333333
398	500	501	3	0.205	-3	6
399	0	0	0	0	-1	5.66666666666667
400	502	503	6	11.5	-3	6
401	504	505	9	3.405	-3	6.33333333333333
402	0	0	0	0	-1	7
403	0	0	0	0	-1	6.66666666666667
404	0	0	0	0	-1	6
405	506	507	6	10.5	-3	7
406	0	0	0	0	-1	5
407	0	0	0	0	-1	5
408	0	0	0	0	-1	5
409	508	509	2	0.275	-3	5
410	0	0	0	0	-1	5
411	0	0	0	0	-1	5
412	0	0	0	0	-1	6
413	0	0	0	0	-1	6
414	0	0	0	0	-1	6.5
415	510	511	4	2.3	-3	6
416	0	0	0	0	-1	6
417	0	0	0	0	-1	6
418	0	0	0	0	-1	6
419	512	513	2	0.335	-3	6
420	514	515	3	0.385	-3	6.55
421	516	517	4	2.25	-3	5.875
422	0	0	0	0	-1	7
423	518	519	6	11	-3	7
424	0	0	0	0	-1	7
425	520	521	5	0	-3	7
426	0	0	0	0	-1	6
427	0	0	0	0	-1	6
428	0	0	0	0	-1	5
429	522	523	4	1.9	-3	5.8
430	524	525	2	0.48	-3	5
431	526	527	8	0.99619	-3	5.3
432	528	529	3	0.18	-3	6
433	0	0	0	0	-1	5
434	0	0	0	0	-1	5
435	530	531	1	0	-3	5
436	0	0	0	0	-1	6
437	532	533	11	12.4	-3	5
438	0	0	0	0	-1	6
439	0	0	0	0	-1	5
440	534	535	8	0.99379	-3	6
441	0	0	0	0	-1	6
442	0	0	0	0	-1	7
443	536	537	4	2.1	-3	5.8
444	0	0	0	0	-1	6
445	538	539	8	0	-3	5
446	0	0	0	0	-1	6.66666666666667
447	540	541	8	0.99423	-3	6.09523809523809
448	0	0	0	0	-1	7
449	0	0	0	0	-1	6
450	0	0	0	0	-1	5
451	542	543	8	0.995885	-3	6.1
452	0	0	0	0	-1	5
453	0	0	0	0	-1	4
454	0	0	0	0	-1	4
455	544	545	2	0.73	-3	4.94444444444444
456	0	0	0	0	-1	7
457	546	547	9	3.3	-3	5
458	0	0	0	0	-1	5.66666666666667
459	548	549	9	3.275	-3	5.16666666666667
460	550	551	9	3.41	-3	6
461	552	553	9	3.24	-3	5.3
462	554	555	5	0.09	-3	5
463	0	0	0	0	-1	4.4
464	556	557	3	0.31	-3	5.11111111111111
465	558	559	7	126	-3	5
466	0	0	0	0	-1	6
467	560	561	8	0.99895	-3	5
468	562	563	2	0.605	-3	5.44036697247707
469	564	565	9	3.18	-3	4.83333333333333
470	566	567	1	10.35	-3	5.67391304347826
471	568	569	1	10.85	-3	6
472	570	571	8	0.99618	-3	5.1123595505618
473	572	573	11	9.4	-3	5.52941176470588
474	574	575	8	0.9997	-3	4.92592592592593
475	576	577	9	3.425	-3	5.05128205128205
476	578	579	8	0.9953	-3	6
477	0	0	0	0	-1	5
478	580	581	11	10.15	-3	5.34782608695652
479	582	583	5	0.1115	-3	4.96153846153846
480	0	0	0	0	-1	5.75
481	584	585	8	0.29	-3	6
482	0	0	0	0	-1	6
483	0	0	0	0	-1	5
484	0	0	0	0	-1	6
485	0	0	0	0	-1	5
486	0	0	0	0	-1	6
487	0	0	0	0	-1	5
488	586	587	8	0	-3	6
489	0	0	0	0	-1	5.33333333333333
490	0	0	0	0	-1	6.2
491	588	589	11	10.45	-3	5.31111111111111
492	590	591	1	5.95	-3	5.65217391304348
493	592	593	2	0	-3	5
494	0	0	0	0	-1	5
495	594	595	10	0.625	-3	6.04761904761905
496	0	0	0	0	-1	5
497	596	597	4	2.65	-3	5
498	598	599	4	3.2	-3	6.08333333333333
499	600	601	2	0.44	-3	5.80952380952381
500	602	603	3	0.12	-3	6
501	0	0	0	0	-1	6
502	0	0	0	0	-1	6
503	0	0	0	0	-1	6
504	604	605	10	0.82	-3	6.66666666666667
505	606	607	5	0.0795	-3	6
506	0	0	0	0	-1	7
507	0	0	0	0	-1	7
508	0	0	0	0	-1	5
509	608	609	1	0	-3	5
510	610	611	6	0	-3	6
511	612	613	8	0.997155	-3	6
512	0	0	0	0	-1	6
513	614	615	11	0	-3	6
514	616	617	8	0.99556	-3	6.88888888888889
515	618	619	4	3.7	-3	6.27272727272727
516	0	0	0	0	-1	6
517	0	0	0	0	-1	5
518	0	0	0	0	-1	7
519	0	0	0	0	-1	7
520	0	0	0	0	-1	4
521	620	621	11	0	-3	7
522	0	0	0	0	-1	5
523	622	623	9	3.34	-3	6
524	0	0	0	0	-1	5
525	624	625	11	0	-3	5
526	0	0	0	0	-1	6
527	626	627	4	2.55	-3	5.125
528	0	0	0	0	-1	6
529	0	0	0	0	-1	6
530	0	0	0	0	-1	5
531	628	629	3	0.44	-3	5
532	630	631	4	0	-3	5
533	0	0	0	0	-1	5
534	0	0	0	0	-1	6
535	0	0	0	0	-1	6
536	632	633	10	0	-3	6
537	0	0	0	0	-1	5.33333333333333
538	0	0	0	0	-1	5
539	0	0	0	0	-1	5
540	634	635	5	0.063	-3	6.33333333333333
541	636	637	11	11.4	-3	6
542	0	0	0	0	-1	7
543	638	639	1	0	-3	6
544	640	641	4	0	-3	5
545	0	0	0	0	-1	4.75
546	0	0	0	0	-1	5
547	0	0	0	0	-1	5
548	642	643	9	0	-3	5
549	0	0	0	0	-1	5.4
550	0	0	0	0	-1	6
551	0	0	0	0	-1	6
552	0	0	0	0	-1	5.75
553	644	645	6	7.5	-3	5
554	646	647	9	0	-3	5
555	648	649	8	0	-3	5
556	0	0	0	0	-1	5
557	0	0	0	0	-1	5.33333333333333
558	650	651	9	3.27	-3	5
559	652	653	9	3.18	-3	5
560	0	0	0	0	-1	5
561	0	0	0	0	-1	5
562	654	655	2	0.575	-3	5.66037735849057
563	656	657	2	0.995	-3	5.23214285714286
564	0	0	0	0	-1	4
565	0	0	0	0	-1	5
566	658	659	9	3.25	-3	5.72727272727273
567	0	0	0	0	-1	4.5
568	0	0	0	0	-1	6
569	0	0	0	0	-1	6
570	660	661	7	88.5	-3	5.30769230769231
571	662	663	6	14.5	-3	5.07894736842105
572	664	665	2	0.615	-3	5.77777777777778
573	666	667	4	2.25	-3	5.25
574	668	669	10	1.095	-3	4.96153846153846
575	0	0	0	0	-1	4
576	670	671	6	36	-3	5
577	0	0	0	0	-1	5.66666666666667
578	0	0	0	0	-1	6
579	0	0	0	0	-1	6
580	672	673	9	3.3	-3	5
581	674	675	10	0.55	-3	5.53333333333333
582	676	677	2	0.6275	-3	4.92
583	0	0	0	0	-1	6
584	0	0	0	0	-1	6
585	678	679	5	0.092	-3	6
586	0	0	0	0	-1	6
587	680	681	10	0.61	-3	6
588	682	683	2	0.585	-3	5.58823529411765
589	684	685	7	24.5	-3	5.14285714285714
590	0	0	0	0	-1	5
591	686	687	8	0.995695	-3	5.71428571428571
592	0	0	0	0	-1	5
593	688	689	10	0.715	-3	5
594	0	0	0	0	-1	6.5
595	0	0	0	0	-1	6
596	0	0	0	0	-1	5
597	690	691	8	0	-3	5
598	692	693	8	0.99714	-3	6.13953488372093
599	0	0	0	0	-1	5.6
600	0	0	0	0	-1	6
601	694	695	2	0.475	-3	5.42857142857143
602	0	0	0	0	-1	6
603	0	0	0	0	-1	6
604	0	0	0	0	-1	7
605	0	0	0	0	-1	6
606	0	0	0	0	-1	6
607	0	0	0	0	-1	6
608	0	0	0	0	-1	5
609	696	697	2	0.375	-3	5
610	0	0	0	0	-1	6
611	0	0	0	0	-1	6
612	698	699	2	0.315	-3	6
613	0	0	0	0	-1	6
614	0	0	0	0	-1	5
615	0	0	0	0	-1	6
616	700	701	5	0.071	-3	7
617	0	0	0	0	-1	6
618	702	703	2	0.275	-3	6.2
619	0	0	0	0	-1	7
620	0	0	0	0	-1	5
621	704	705	6	0	-3	7
622	0	0	0	0	-1	6
623	0	0	0	0	-1	6
624	0	0	0	0	-1	5
625	706	707	7	10	-3	5
626	708	709	8	0.9965	-3	5
627	0	0	0	0	-1	5.5
628	0	0	0	0	-1	5
629	0	0	0	0	-1	5
630	0	0	0	0	-1	5
631	0	0	0	0	-1	5
632	0	0	0	0	-1	5
633	710	711	2	0	-3	6
634	0	0	0	0	-1	7
635	0	0	0	0	-1	6
636	0	0	0	0	-1	6
637	0	0	0	0	-1	6
638	0	0	0	0	-1	7
639	712	713	2	0.425	-3	6
640	0	0	0	0	-1	5
641	714	715	4	0	-3	5
642	0	0	0	0	-1	5
643	716	717	2	0.86	-3	5
644	0	0	0	0	-1	5
645	0	0	0	0	-1	5
646	0	0	0	0	-1	7
647	718	719	2	0.655	-3	5
648	0	0	0	0	-1	5
649	720	721	8	0.99702	-3	5
650	722	723	5	3.195	-3	5
651	724	725	10	0.52	-3	5
652	0	0	0	0	-1	5
653	0	0	0	0	-1	5
654	726	727	1	6.75	-3	5.5625
655	0	0	0	0	-1	6.6
656	728	729	4	1.95	-3	5.18867924528302
657	0	0	0	0	-1	6
658	730	731	10	0.615	-3	6.11111111111111
659	732	733	9	3.3	-3	5.62857142857143
660	0	0	0	0	-1	5
661	0	0	0	0	-1	5.8
662	734	735	2	0.575	-3	5.17857142857143
663	736	737	10	0.635	-3	5.02083333333333
664	0	0	0	0	-1	5.5
665	0	0	0	0	-1	6
666	0	0	0	0	-1	6
667	738	739	2	0	-3	5
668	740	741	5	0.0785	-3	5
669	0	0	0	0	-1	4
670	0	0	0	0	-1	5
671	0	0	0	0	-1	5
672	0	0	0	0	-1	5
673	742	743	1	0	-3	5
674	0	0	0	0	-1	5
675	744	745	1	9.9	-3	5.8
676	746	747	3	0.315	-3	5.1
677	748	749	9	3.325	-3	4.8
678	750	751	1	3.205	-3	6
679	0	0	0	0	-1	6
680	0	0	0	0	-1	6
681	752	753	2	0.765	-3	6
682	754	755	3	0.33	-3	5.14285714285714
683	756	757	10	0.915	-3	5.9
684	758	759	11	11	-3	5.33333333333333
685	760	761	5	0.0905	-3	5.09090909090909
686	762	763	6	28.5	-3	5.90909090909091
687	764	765	6	29.5	-3	5.5
688	0	0	0	0	-1	5
689	0	0	0	0	-1	5
690	0	0	0	0	-1	7
691	766	767	8	0.99965	-3	5
692	768	769	3	0.01	-3	6
693	770	771	11	10.9	-3	6.85714285714286
694	0	0	0	0	-1	5
695	0	0	0	0	-1	5.75
696	772	773	8	0.9981	-3	5
697	0	0	0	0	-1	5
698	0	0	0	0	-1	6
699	774	775	1	0	-3	6
700	776	777	7	43	-3	6.92307692307692
701	0	0	0	0	-1	7.33333333333333
702	778	779	4	9.15	-3	6
703	780	781	1	9.85	-3	6.4
704	0	0	0	0	-1	6
705	782	783	7	0	-3	7
706	0	0	0	0	-1	5
707	0	0	0	0	-1	5
708	0	0	0	0	-1	5
709	0	0	0	0	-1	5
710	0	0	0	0	-1	5
711	0	0	0	0	-1	6
712	0	0	0	0	-1	6
713	784	785	8	0.99747	-3	6
714	0	0	0	0	-1	5
715	786	787	2	0.605	-3	5
716	0	0	0	0	-1	5
717	0	0	0	0	-1	5
718	0	0	0	0	-1	5
719	0	0	0	0	-1	5
720	0	0	0	0	-1	5
721	0	0	0	0	-1	5
722	788	789	7	86.5	-3	5
723	0	0	0	0	-1	5
724	790	791	4	0	-3	5
725	0	0	0	0	-1	5
726	792	793	11	0	-3	5
727	794	795	4	1.65	-3	5.64285714285714
728	796	797	9	3.38	-3	5.33333333333333
729	798	799	9	3.375	-3	5.03846153846154
730	0	0	0	0	-1	7
731	800	801	8	1.00045	-3	6
732	802	803	1	0	-3	5
733	804	805	5	0.076	-3	5.78571428571429
734	0	0	0	0	-1	6
735	806	807	6	12.5	-3	5.14814814814815
736	808	809	4	1.95	-3	5
737	810	811	9	3.305	-3	5.05263157894737
738	0	0	0	0	-1	7
739	0	0	0	0	-1	5
740	812	813	2	0	-3	5
741	814	815	9	24.5	-3	5
742	0	0	0	0	-1	5
743	816	817	9	3.375	-3	5
744	818	819	1	7.6	-3	6
745	0	0	0	0	-1	5
746	820	821	8	0	-3	5
747	0	0	0	0	-1	6
748	822	823	1	7.95	-3	4.625
749	824	825	8	0	-3	5
750	0	0	0	0	-1	8
751	826	827	1	9.75	-3	6
752	828	829	11	10.95	-3	6
753	0	0	0	0	-1	6
754	830	831	5	0.095	-3	5
755	0	0	0	0	-1	6
756	832	833	5	0.1265	-3	6.14285714285714
757	0	0	0	0	-1	5.33333333333333
758	0	0	0	0	-1	6
759	0	0	0	0	-1	5
760	834	835	5	0.0865	-3	5.18181818181818
761	836	837	1	0.1015	-3	5
762	0	0	0	0	-1	6
763	0	0	0	0	-1	5
764	838	839	7	34.5	-3	5.28571428571429
765	0	0	0	0	-1	6
766	0	0	0	0	-1	5
767	0	0	0	0	-1	5
768	0	0	0	0	-1	5.8
769	840	841	1	6.55	-3	6.03225806451613
770	842	843	7	0	-3	7
771	0	0	0	0	-1	6
772	0	0	0	0	-1	5
773	0	0	0	0	-1	5
774	0	0	0	0	-1	5
775	844	845	1	7.1	-3	6
776	846	847	6	4.5	-3	7
777	0	0	0	0	-1	6
778	848	849	7	0.22	-3	6
779	0	0	0	0	-1	6
780	850	851	9	3.26	-3	6.57142857142857
781	0	0	0	0	-1	6
782	0	0	0	0	-1	6
783	0	0	0	0	-1	7
784	0	0	0	0	-1	6
785	0	0	0	0	-1	6
786	0	0	0	0	-1	5
787	852	853	2	0	-3	5
788	0	0	0	0	-1	5
789	854	855	1	8.05	-3	5
790	0	0	0	0	-1	7
791	856	857	8	0.997065	-3	5
792	0	0	0	0	-1	6
793	0	0	0	0	-1	5
794	858	859	11	9.55	-3	5.25
795	860	861	10	0.555	-3	5.8
796	862	863	7	25	-3	5.66666666666667
797	864	865	11	9.85	-3	5.06666666666667
798	866	867	1	9.6	-3	5
799	868	869	6	10.5	-3	5.125
800	0	0	0	0	-1	6
801	0	0	0	0	-1	6
802	0	0	0	0	-1	7
803	0	0	0	0	-1	5
804	0	0	0	0	-1	5
805	870	871	8	0.9992	-3	5.84615384615385
806	872	873	1	9.15	-3	5
807	874	875	11	9.65	-3	5.36363636363636
808	0	0	0	0	-1	5
809	876	877	6	17.5	-3	5
810	878	879	2	0	-3	5
811	0	0	0	0	-1	5.2
812	0	0	0	0	-1	6
813	880	881	2	0.605	-3	5
814	882	883	6	9.65	-3	5
815	0	0	0	0	-1	5
816	0	0	0	0	-1	5
817	0	0	0	0	-1	5
818	0	0	0	0	-1	6
819	0	0	0	0	-1	6
820	0	0	0	0	-1	6
821	884	885	3	0.21	-3	5
822	0	0	0	0	-1	5
823	0	0	0	0	-1	4
824	0	0	0	0	-1	5
825	886	887	6	9	-3	5
826	0	0	0	0	-1	6
827	0	0	0	0	-1	6
828	888	889	5	0.01	-3	6
829	0	0	0	0	-1	6
830	0	0	0	0	-1	5
831	0	0	0	0	-1	5
832	890	891	5	0.097	-3	6
833	0	0	0	0	-1	7
834	0	0	0	0	-1	5
835	0	0	0	0	-1	6
836	0	0	0	0	-1	7
837	892	893	10	0.665	-3	5
838	0	0	0	0	-1	5
839	0	0	0	0	-1	5.5
840	0	0	0	0	-1	6.2
841	894	895	5	0.1185	-3	6
842	0	0	0	0	-1	7
843	0	0	0	0	-1	7
844	0	0	0	0	-1	6
845	0	0	0	0	-1	6
846	0	0	0	0	-1	7
847	896	897	5	0.066	-3	7
848	0	0	0	0	-1	5
849	898	899	7	21.5	-3	6
850	0	0	0	0	-1	7
851	0	0	0	0	-1	6.25
852	0	0	0	0	-1	6
853	900	901	10	9.4	-3	5
854	0	0	0	0	-1	5
855	0	0	0	0	-1	5
856	0	0	0	0	-1	5
857	0	0	0	0	-1	5
858	902	903	11	9.25	-3	5.1
859	0	0	0	0	-1	6
860	0	0	0	0	-1	5.4
861	904	905	3	0.24	-3	5.88
862	0	0	0	0	-1	5
863	906	907	1	8	-3	6
864	0	0	0	0	-1	5
865	0	0	0	0	-1	6
866	908	909	6	0	-3	5
867	0	0	0	0	-1	5
868	0	0	0	0	-1	5.33333333333333
869	0	0	0	0	-1	5
870	910	911	8	0.998575	-3	5.91304347826087
871	0	0	0	0	-1	5.33333333333333
872	912	913	4	70	-3	5
873	0	0	0	0	-1	5
874	914	915	3	0.225	-3	5.57142857142857
875	0	0	0	0	-1	5
876	916	917	8	0	-3	5
877	918	919	8	0.99855	-3	5
878	0	0	0	0	-1	5
879	920	921	4	3.04	-3	5
880	0	0	0	0	-1	5
881	0	0	0	0	-1	5
882	0	0	0	0	-1	6
883	922	923	4	2	-3	5
884	924	925	2	0	-3	5
885	0	0	0	0	-1	5
886	0	0	0	0	-1	5
887	0	0	0	0	-1	5
888	0	0	0	0	-1	6
889	926	927	11	10.2	-3	6
890	0	0	0	0	-1	6
891	0	0	0	0	-1	6
892	928	929	8	0	-3	5
893	0	0	0	0	-1	5
894	930	931	8	0.99459	-3	6
895	0	0	0	0	-1	6
896	932	933	5	0.064	-3	7
897	0	0	0	0	-1	7
898	0	0	0	0	-1	6
899	0	0	0	0	-1	6
900	0	0	0	0	-1	5
901	0	0	0	0	-1	5
902	0	0	0	0	-1	5.5
903	934	935	7	43	-3	5
904	0	0	0	0	-1	6
905	936	937	3	0.27	-3	5.57142857142857
906	938	939	1	0	-3	6
907	0	0	0	0	-1	6
908	0	0	0	0	-1	5
909	940	941	9	3.265	-3	5
910	942	943	1	7.2	-3	5.83333333333333
911	944	945	10	0	-3	6
912	946	947	6	0.997585	-3	5
913	0	0	0	0	-1	5
914	0	0	0	0	-1	6
915	0	0	0	0	-1	5
916	0	0	0	0	-1	7
917	0	0	0	0	-1	5
918	948	949	9	0	-3	5
919	0	0	0	0	-1	5
920	950	951	8	0.9967	-3	5
921	0	0	0	0	-1	5
922	0	0	0	0	-1	5
923	952	953	9	0	-3	5
924	0	0	0	0	-1	5
925	954	955	4	2.15	-3	5
926	0	0	0	0	-1	6
927	956	957	2	0.6775	-3	6
928	0	0	0	0	-1	6
929	958	959	8	0.996275	-3	5
930	0	0	0	0	-1	6
931	960	961	8	0.99665	-3	6
932	0	0	0	0	-1	7
933	0	0	0	0	-1	7
934	0	0	0	0	-1	5
935	0	0	0	0	-1	5
936	0	0	0	0	-1	5
937	0	0	0	0	-1	5.8
938	0	0	0	0	-1	6
939	0	0	0	0	-1	6
940	962	963	9	0	-3	5
941	964	965	3	0.05	-3	5
942	0	0	0	0	-1	5
943	966	967	8	0.99835	-3	5.90909090909091
944	0	0	0	0	-1	6
945	968	969	4	4.25	-3	6
946	0	0	0	0	-1	5
947	970	971	10	0.665	-3	5
948	0	0	0	0	-1	5
949	0	0	0	0	-1	5
950	972	973	11	8.1	-3	5
951	0	0	0	0	-1	5
952	0	0	0	0	-1	6
953	974	975	3	0.325	-3	5
954	0	0	0	0	-1	5
955	0	0	0	0	-1	5
956	0	0	0	0	-1	6
957	0	0	0	0	-1	6
958	0	0	0	0	-1	5
959	0	0	0	0	-1	5
960	0	0	0	0	-1	6
961	0	0	0	0	-1	6
962	0	0	0	0	-1	4
963	976	977	1	8.5	-3	5
964	0	0	0	0	-1	5
965	0	0	0	0	-1	5
966	978	979	6	22	-3	6
967	0	0	0	0	-1	5.8
968	980	981	3	0.07	-3	6
969	0	0	0	0	-1	6
970	982	983	6	0	-3	5
971	0	0	0	0	-1	5
972	0	0	0	0	-1	5
973	984	985	2	0.5725	-3	5
974	986	987	5	0.0925	-3	5
975	0	0	0	0	-1	5
976	0	0	0	0	-1	5
977	0	0	0	0	-1	5
978	0	0	0	0	-1	6
979	0	0	0	0	-1	6
980	0	0	0	0	-1	6
981	988	989	5	0.1595	-3	6
982	0	0	0	0	-1	6
983	0	0	0	0	-1	5
984	0	0	0	0	-1	5
985	990	991	8	0	-3	5
986	992	993	1	0	-3	5
987	0	0	0	0	-1	5
988	0	0	0	0	-1	6
989	0	0	0	0	-1	6
990	0	0	0	0	-1	5
991	994	995	10	0	-3	5
992	0	0	0	0	-1	6
993	996	997	7	123.5	-3	5
994	0	0	0	0	-1	5
995	0	0	0	0	-1	5
996	0	0	0	0	-1	5
997	0	0	0	0	-1	5
