1	2	3	10	0.625	-3	5.62414008755472
2	4	5	10	0.585	-3	5.35928143712575
3	6	7	7	50.5	-3	5.91361256544502
4	8	9	2	0.3075	-3	5.26333907056798
5	10	11	2	0.605	-3	5.57874015748032
6	12	13	10	0.685	-3	6.11287128712871
7	14	15	2	0.5875	-3	5.52509652509652
8	16	17	11	9.35	-3	6.21875
9	18	19	4	1.25	-3	5.20765027322404
10	20	21	8	0.99529	-3	5.6775956284153
11	22	23	6	12.5	-3	5.32394366197183
12	24	25	1	9.35	-3	5.84472049689441
13	26	27	8	0.99624	-3	6.23837209302325
14	28	29	11	11.35	-3	5.6353591160221
15	30	31	11	10.1	-3	5.26923076923077
16	0	0	0	0	-1	4
17	32	33	5	0.104	-3	6.29032258064516
18	0	0	0	0	-1	3
19	34	35	2	1.01	-3	5.21167883211679
20	36	37	3	0.455	-3	6.09375
21	38	39	6	14.5	-3	5.58940397350993
22	40	41	1	6.5	-3	5.11627906976744
23	42	43	10	0.605	-3	5.64285714285714
24	44	45	8	0.995825	-3	5.64705882352941
25	46	47	3	0.455	-3	6.1864406779661
26	48	49	2	0.425	-3	6.6551724137931
27	50	51	2	0.335	-3	6.02631578947368
28	52	53	11	9.95	-3	5.44897959183673
29	54	55	2	0.41	-3	6.44117647058824
30	56	57	2	0.825	-3	4.94444444444445
31	58	59	5	0.057	-3	6
32	60	61	9	3.275	-3	6.33333333333333
33	0	0	0	0	-1	5
34	62	63	11	10.35	-3	5.23452157598499
35	64	65	4	2.05	-3	4.4
36	66	67	5	0.0535	-3	6.03333333333333
37	0	0	0	0	-1	7
38	68	69	11	11.95	-3	5.74157303370786
39	70	71	5	0.0775	-3	5.37096774193548
40	72	73	7	37.5	-3	4.16666666666667
41	74	75	1	10.65	-3	5.27027027027027
42	76	77	7	95	-3	5.9
43	78	79	3	0.335	-3	5
44	80	81	7	11.5	-3	6.125
45	82	83	11	11.1	-3	5.33870967741935
46	84	85	1	10.65	-3	5.8
47	86	87	9	2.99	-3	6.31818181818182
48	88	89	10	0.695	-3	6.87341772151899
49	90	91	7	47.5	-3	6.18918918918919
50	92	93	1	12.4	-3	6.48051948051948
51	94	95	6	31	-3	5.79470198675497
52	96	97	2	0.355	-3	5.26086956521739
53	98	99	7	83	-3	5.61538461538461
54	100	101	3	0.58	-3	5.9375
55	102	103	5	0.059	-3	6.88888888888889
56	104	105	11	9.15	-3	5
57	106	107	2	0.9025	-3	4.5
58	0	0	0	0	-1	7.5
59	108	109	3	0.05	-3	5.86363636363636
60	110	111	4	1.55	-3	6.58823529411765
61	112	113	4	2.15	-3	6
62	114	115	8	1.0007	-3	5.10621761658031
63	116	117	1	7.05	-3	5.57142857142857
64	118	119	7	56.5	-3	4.77777777777778
65	120	121	7	22.5	-3	3.83333333333333
66	0	0	0	0	-1	5.33333333333333
67	122	123	8	0.994055	-3	6.11111111111111
68	124	125	2	0.585	-3	5.67857142857143
69	0	0	0	0	-1	6.8
70	126	127	1	6.6	-3	5.1304347826087
71	128	129	1	7.65	-3	5.51282051282051
72	0	0	0	0	-1	4
73	0	0	0	0	-1	5
74	130	131	6	8.5	-3	5.34285714285714
75	0	0	0	0	-1	4
76	132	133	8	3.835	-3	6
77	0	0	0	0	-1	5
78	134	135	4	0	-3	5
79	0	0	0	0	-1	5
80	136	137	9	3.555	-3	7
81	138	139	2	0.635	-3	5.93939393939394
82	140	141	11	10.75	-3	5.21428571428571
83	142	143	11	11.35	-3	6.5
84	0	0	0	0	-1	5.25
85	144	145	5	0	-3	6
86	0	0	0	0	-1	7
87	146	147	8	0.99765	-3	6.25
88	148	149	8	0.99431	-3	7.66666666666667
89	150	151	5	0.0755	-3	6.80821917808219
90	152	153	2	0.565	-3	6.25714285714286
91	0	0	0	0	-1	5
92	154	155	6	4.5	-3	6.28571428571429
93	156	157	5	0.0735	-3	7.35714285714286
94	158	159	11	9.85	-3	5.81333333333333
95	0	0	0	0	-1	3
96	160	161	7	65.5	-3	5.85714285714286
97	162	163	3	0.435	-3	5.19354838709677
98	164	165	1	9.5	-3	5.84210526315789
99	166	167	5	0.0925	-3	5
100	168	169	4	1.775	-3	6.07142857142857
101	0	0	0	0	-1	5
102	170	171	1	5.4	-3	7.22222222222222
103	172	173	8	0.99705	-3	6.55555555555556
104	0	0	0	0	-1	4
105	174	175	10	1.6	-3	5.02127659574468
106	0	0	0	0	-1	4
107	0	0	0	0	-1	5
108	0	0	0	0	-1	5
109	176	177	6	20.5	-3	5.95
110	0	0	0	0	-1	6
111	178	179	5	0.0885	-3	6.83333333333333
112	180	181	3	0	-3	6
113	182	183	9	3.34	-3	6
114	184	185	9	3.54	-3	5.1171875
115	0	0	0	0	-1	3
116	186	187	9	3.37	-3	5.39130434782609
117	188	189	6	4.5	-3	5.73076923076923
118	0	0	0	0	-1	4.6
119	0	0	0	0	-1	5
120	0	0	0	0	-1	3
121	0	0	0	0	-1	4.25
122	190	191	4	2.35	-3	6.375
123	192	193	9	3.27	-3	6
124	194	195	9	3.6	-3	5.59459459459459
125	196	197	1	7.25	-3	6.3
126	0	0	0	0	-1	6
127	198	199	2	0.385	-3	5.04761904761905
128	200	201	10	0.595	-3	5.93333333333333
129	202	203	2	0.45	-3	5.25
130	204	205	2	0.7025	-3	5.53846153846154
131	206	207	9	3.375	-3	4.77777777777778
132	208	209	10	0.595	-3	6
133	0	0	0	0	-1	6
134	0	0	0	0	-1	6
135	210	211	10	0.615	-3	5
136	0	0	0	0	-1	7
137	0	0	0	0	-1	7
138	212	213	11	12.5	-3	6
139	214	215	11	11.75	-3	5.66666666666667
140	216	217	6	8.5	-3	5.28301886792453
141	0	0	0	0	-1	4
142	0	0	0	0	-1	7
143	0	0	0	0	-1	6
144	0	0	0	0	-1	4
145	218	219	11	10.6166666666666	-3	6
146	220	221	8	0.9971	-3	6.625
147	222	223	4	2.95	-3	6
148	0	0	0	0	-1	6
149	0	0	0	0	-1	8
150	224	225	3	0.395	-3	6.92452830188679
151	226	227	9	3.255	-3	6.5
152	228	229	7	13	-3	6.05
153	230	231	10	0.75	-3	6.53333333333333
154	232	233	2	0.275	-3	5.85714285714286
155	234	235	4	5.75	-3	6.40816326530612
156	0	0	0	0	-1	8
157	236	237	3	0.64	-3	7
158	238	239	1	11.75	-3	5.5
159	240	241	2	0.435	-3	5.97
160	0	0	0	0	-1	6
161	0	0	0	0	-1	5
162	242	243	4	2.55	-3	5.42105263157895
163	244	245	8	0.99725	-3	4.83333333333333
164	246	247	8	0.99726	-3	5.97435897435897
165	248	249	10	0.87	-3	5.55555555555556
166	250	251	7	120.5	-3	5
167	0	0	0	0	-1	5
168	0	0	0	0	-1	6.33333333333333
169	252	253	9	0	-3	6
170	254	255	3	0.145	-3	7
171	0	0	0	0	-1	8
172	0	0	0	0	-1	6.2
173	0	0	0	0	-1	7
174	256	257	2	0.645	-3	5
175	0	0	0	0	-1	6
176	258	259	1	8.1	-3	5.66666666666667
177	260	261	6	22	-3	6.07142857142857
178	262	263	11	12.4	-3	6.90909090909091
179	0	0	0	0	-1	6
180	0	0	0	0	-1	5
181	264	265	6	18.5	-3	6
182	0	0	0	0	-1	6
183	0	0	0	0	-1	6
184	266	267	3	0.075	-3	5.1078947368421
185	0	0	0	0	-1	6
186	268	269	10	0.43	-3	5.81818181818182
187	270	271	7	47.5	-3	5.31034482758621
188	272	273	1	10.1	-3	5.125
189	274	275	4	1.95	-3	5.8
190	276	277	5	0.056	-3	6.16666666666667
191	0	0	0	0	-1	7
192	0	0	0	0	-1	6
193	278	279	9	3.37	-3	6
194	280	281	2	0.35	-3	5.61643835616438
195	0	0	0	0	-1	4
196	0	0	0	0	-1	7
197	282	283	1	7.65	-3	5.83333333333333
198	0	0	0	0	-1	5.25
199	284	285	9	3.445	-3	5
200	286	287	1	7.55	-3	5.83333333333333
201	288	289	4	2.5	-3	6
202	290	291	8	0.997995	-3	5.625
203	292	293	3	0.13	-3	5.0625
204	294	295	5	0.07	-3	5.7
205	296	297	6	7	-3	5
206	298	299	2	0.83	-3	4.625
207	0	0	0	0	-1	6
208	0	0	0	0	-1	6
209	300	301	9	3.215	-3	6
210	0	0	0	0	-1	5
211	0	0	0	0	-1	5
212	302	303	11	0	-3	6
213	0	0	0	0	-1	6
214	0	0	0	0	-1	6
215	0	0	0	0	-1	5
216	304	305	9	3.51	-3	5.57894736842105
217	306	307	8	0.99812	-3	5.11764705882353
218	308	309	11	9.66666666666665	-3	6
219	0	0	0	0	-1	6
220	310	311	11	10.5	-3	6.33333333333333
221	0	0	0	0	-1	7.5
222	312	313	5	0.2545	-3	5.9
223	0	0	0	0	-1	6.5
224	314	315	10	0.99	-3	7.08
225	316	317	7	46	-3	6.78571428571429
226	0	0	0	0	-1	7
227	318	319	9	3.295	-3	6.33333333333333
228	0	0	0	0	-1	7
229	320	321	9	3.15	-3	6
230	0	0	0	0	-1	7.5
231	322	323	11	12.05	-3	6.38461538461539
232	324	325	4	1.95	-3	6
233	0	0	0	0	-1	5
234	326	327	2	0.3175	-3	6.34042553191489
235	0	0	0	0	-1	8
236	0	0	0	0	-1	7
237	0	0	0	0	-1	7
238	328	329	5	0.075	-3	5.44444444444444
239	0	0	0	0	-1	6
240	330	331	5	0.076	-3	6.32352941176471
241	332	333	8	0.99686	-3	5.78787878787879
242	334	335	7	75.5	-3	5.3
243	336	337	3	0.295	-3	5.875
244	0	0	0	0	-1	4
245	338	339	4	1.65	-3	4.90909090909091
246	340	341	1	6.2	-3	5.88571428571429
247	0	0	0	0	-1	6.75
248	342	343	7	65.5	-3	5.71428571428571
249	0	0	0	0	-1	5
250	344	345	7	0	-3	5
251	0	0	0	0	-1	5
252	0	0	0	0	-1	5
253	346	347	10	0.685	-3	6
254	0	0	0	0	-1	7
255	0	0	0	0	-1	7
256	348	349	8	0.9961	-3	5
257	350	351	4	1.85	-3	5
258	0	0	0	0	-1	5
259	0	0	0	0	-1	6
260	0	0	0	0	-1	7
261	352	353	8	0.9998	-3	6
262	354	355	11	12	-3	7
263	0	0	0	0	-1	6.66666666666667
264	0	0	0	0	-1	6
265	0	0	0	0	-1	6
266	356	357	5	0.0965	-3	4.99056603773585
267	358	359	5	0.0945	-3	5.15328467153284
268	0	0	0	0	-1	4
269	360	361	1	6.95	-3	6
270	362	363	1	6.45	-3	5.21276595744681
271	364	365	11	12.9	-3	5.72727272727273
272	366	367	9	0	-3	5
273	0	0	0	0	-1	6
274	368	369	1	10.75	-3	6.11538461538461
275	370	371	9	3.2	-3	5.61363636363636
276	0	0	0	0	-1	7
277	0	0	0	0	-1	6
278	372	373	11	0	-3	6
279	374	375	1	7.7	-3	6
280	376	377	5	0.0855	-3	5.30769230769231
281	378	379	3	0.645	-3	5.68333333333333
282	0	0	0	0	-1	5
283	0	0	0	0	-1	6
284	0	0	0	0	-1	5
285	0	0	0	0	-1	5
286	0	0	0	0	-1	6
287	0	0	0	0	-1	5.5
288	0	0	0	0	-1	6
289	0	0	0	0	-1	6
290	0	0	0	0	-1	5
291	380	381	6	16	-3	5.83333333333333
292	0	0	0	0	-1	6
293	382	383	11	0.5725	-3	5
294	0	0	0	0	-1	5
295	384	385	9	3.27	-3	5.875
296	0	0	0	0	-1	5
297	0	0	0	0	-1	5
298	386	387	6	10.5	-3	4.83333333333333
299	0	0	0	0	-1	4
300	0	0	0	0	-1	6
301	0	0	0	0	-1	6
302	0	0	0	0	-1	7
303	388	389	1	6.85	-3	6
304	390	391	1	7.5	-3	5.72222222222222
305	0	0	0	0	-1	3
306	392	393	2	0.6275	-3	5.04347826086957
307	394	395	5	0.0865	-3	5.27272727272727
308	396	397	8	0	-3	6
309	0	0	0	0	-1	6
310	0	0	0	0	-1	5
311	398	399	9	3.09	-3	6.45454545454546
312	400	401	9	3.055	-3	5.94736842105263
313	0	0	0	0	-1	5
314	402	403	6	21.5	-3	7.04166666666667
315	0	0	0	0	-1	8
316	404	405	4	2.05	-3	6.84615384615385
317	0	0	0	0	-1	6
318	406	407	11	0	-3	6
319	408	409	10	0.895	-3	6.71428571428571
320	0	0	0	0	-1	7
321	410	411	4	2.25	-3	5.94444444444444
322	412	413	11	10.65	-3	6.2
323	0	0	0	0	-1	7
324	0	0	0	0	-1	6
325	414	415	1	10.3	-3	6
326	416	417	9	3.255	-3	6.20512820512821
327	418	419	5	6.5	-3	7
328	420	421	6	4.5	-3	5.88888888888889
329	422	423	2	0.7275	-3	5.33333333333333
330	424	425	5	0.0635	-3	5.9375
331	426	427	1	11.75	-3	6.66666666666667
332	428	429	2	0.46	-3	5.1
333	430	431	10	0.695	-3	5.91071428571429
334	432	433	8	0.99805	-3	5.05882352941176
335	434	435	3	0.315	-3	5.61538461538461
336	0	0	0	0	-1	5
337	436	437	5	0.0875	-3	6
338	0	0	0	0	-1	4
339	438	439	7	58	-3	5
340	0	0	0	0	-1	5.33333333333333
341	440	441	9	3.38	-3	5.9375
342	0	0	0	0	-1	5.2
343	442	443	11	10.45	-3	6
344	0	0	0	0	-1	5
345	0	0	0	0	-1	5
346	0	0	0	0	-1	6
347	444	445	7	67.5	-3	6
348	0	0	0	0	-1	5
349	446	447	5	0.1255	-3	5
350	448	449	8	0	-3	5
351	450	451	1	6.75	-3	5
352	0	0	0	0	-1	6
353	0	0	0	0	-1	6
354	0	0	0	0	-1	7
355	0	0	0	0	-1	7
356	452	453	2	0.7475	-3	4.96907216494845
357	454	455	8	0.99651	-3	5.22222222222222
358	456	457	6	4.5	-3	5.19730941704036
359	458	459	9	3.305	-3	4.96078431372549
360	460	461	7	12.5	-3	6.11111111111111
361	0	0	0	0	-1	5
362	462	463	8	0.99238	-3	5.42307692307692
363	464	465	4	3.825	-3	4.95238095238095
364	466	467	8	0.99434	-3	5.9
365	0	0	0	0	-1	4
366	0	0	0	0	-1	6
367	468	469	8	0.995515	-3	5
368	470	471	6	5.5	-3	6.16
369	0	0	0	0	-1	5
370	472	473	7	18	-3	5.14285714285714
371	474	475	8	0.996195	-3	5.7027027027027
372	0	0	0	0	-1	5
373	0	0	0	0	-1	6
374	476	477	4	2	-3	6
375	0	0	0	0	-1	6
376	478	479	9	3.13	-3	5.1
377	0	0	0	0	-1	6
378	480	481	3	0.335	-3	5.71929824561404
379	0	0	0	0	-1	5
380	0	0	0	0	-1	5
381	0	0	0	0	-1	6
382	0	0	0	0	-1	5
383	482	483	1	0	-3	5
384	0	0	0	0	-1	5.5
385	484	485	10	0.595	-3	6
386	0	0	0	0	-1	5
387	0	0	0	0	-1	4
388	486	487	3	21	-3	6
389	488	489	7	25.5	-3	6
390	0	0	0	0	-1	5
391	490	491	2	0.8575	-3	5.92857142857143
392	0	0	0	0	-1	5
393	492	493	3	0.03	-3	5.1
394	0	0	0	0	-1	5.75
395	494	495	2	0	-3	5
396	0	0	0	0	-1	7
397	0	0	0	0	-1	6
398	0	0	0	0	-1	6
399	496	497	5	0.1075	-3	6.71428571428571
400	0	0	0	0	-1	5
401	498	499	5	0.086	-3	6
402	500	501	7	48.5	-3	7.10526315789474
403	0	0	0	0	-1	6.8
404	502	503	8	0.994665	-3	6.5
405	504	505	2	0	-3	7
406	0	0	0	0	-1	5
407	506	507	5	0	-3	6
408	0	0	0	0	-1	7
409	0	0	0	0	-1	6
410	508	509	7	29.5	-3	6
411	510	511	10	0.795	-3	5.83333333333333
412	0	0	0	0	-1	6.66666666666667
413	0	0	0	0	-1	6
414	0	0	0	0	-1	6
415	0	0	0	0	-1	6
416	512	513	6	10	-3	6.5
417	514	515	8	0.99765	-3	5.82352941176471
418	0	0	0	0	-1	7
419	0	0	0	0	-1	7
420	0	0	0	0	-1	5
421	516	517	3	0.996905	-3	6
422	518	519	4	1.85	-3	5.25
423	0	0	0	0	-1	6
424	0	0	0	0	-1	5
425	520	521	9	3.28	-3	6.07142857142857
426	522	523	10	0.895	-3	7
427	524	525	4	3	-3	6.14285714285714
428	0	0	0	0	-1	6
429	0	0	0	0	-1	5
430	0	0	0	0	-1	6.8
431	526	527	3	0.645	-3	5.82352941176471
432	528	529	2	0.41	-3	5
433	0	0	0	0	-1	6
434	530	531	9	3.2	-3	5.8
435	0	0	0	0	-1	5
436	0	0	0	0	-1	6
437	0	0	0	0	-1	6
438	0	0	0	0	-1	6
439	532	533	10	1.655	-3	4.94736842105263
440	534	535	11	11.25	-3	6
441	536	537	10	0.72	-3	5.66666666666667
442	538	539	4	2.9	-3	6
443	0	0	0	0	-1	6
444	540	541	8	0.99463	-3	6
445	0	0	0	0	-1	6
446	0	0	0	0	-1	5
447	542	543	2	0.615	-3	5
448	0	0	0	0	-1	5
449	544	545	9	0	-3	5
450	0	0	0	0	-1	5
451	546	547	3	0	-3	5
452	548	549	1	8.75	-3	5.04819277108434
453	550	551	11	9.75	-3	4.5
454	0	0	0	0	-1	5
455	0	0	0	0	-1	5.5
456	552	553	9	3.31	-3	5.85714285714286
457	554	555	7	95	-3	5.17592592592592
458	556	557	4	2.05	-3	5.02439024390244
459	558	559	2	0.585	-3	4.7
460	0	0	0	0	-1	7
461	560	561	1	6.75	-3	6
462	0	0	0	0	-1	6
463	562	563	5	0.074	-3	5.28571428571429
464	564	565	6	10.5	-3	5.13333333333333
465	566	567	1	6.55	-3	4.5
466	0	0	0	0	-1	5
467	568	569	5	0.048	-3	6
468	0	0	0	0	-1	5
469	0	0	0	0	-1	5
470	0	0	0	0	-1	7
471	570	571	3	0.015	-3	6.08695652173913
472	0	0	0	0	-1	6
473	572	573	2	0.58	-3	5
474	574	575	2	0.855	-3	5.9
475	576	577	9	3.335	-3	5.47058823529412
476	0	0	0	0	-1	6
477	0	0	0	0	-1	6
478	0	0	0	0	-1	6
479	578	579	5	0.585	-3	5
480	580	581	6	10.5	-3	5.5625
481	582	583	8	1.0001	-3	5.92
482	0	0	0	0	-1	6
483	584	585	8	0.475	-3	5
484	0	0	0	0	-1	6
485	586	587	4	1.95	-3	6
486	0	0	0	0	-1	6
487	0	0	0	0	-1	6
488	0	0	0	0	-1	6
489	0	0	0	0	-1	6
490	588	589	6	4.5	-3	5.84615384615385
491	0	0	0	0	-1	7
492	0	0	0	0	-1	5.5
493	590	591	2	0.665	-3	5
494	0	0	0	0	-1	6
495	592	593	11	0.19	-3	5
496	594	595	8	0.995975	-3	6.83333333333333
497	0	0	0	0	-1	6
498	596	597	4	2	-3	6
499	0	0	0	0	-1	6
500	598	599	9	3.25	-3	7.05555555555556
501	0	0	0	0	-1	8
502	0	0	0	0	-1	5.5
503	600	601	3	0.505	-3	6.83333333333333
504	0	0	0	0	-1	5
505	602	603	7	0	-3	7
506	0	0	0	0	-1	6
507	604	605	5	0.08	-3	6
508	606	607	5	0.17	-3	6
509	0	0	0	0	-1	6
510	0	0	0	0	-1	6
511	0	0	0	0	-1	5
512	608	609	8	0.99825	-3	6.78571428571429
513	610	611	2	0.285	-3	6
514	612	613	3	0.395	-3	6
515	0	0	0	0	-1	5.25
516	614	615	5	0.57	-3	6
517	0	0	0	0	-1	6
518	616	617	7	34.5	-3	5.46666666666667
519	618	619	1	7	-3	5.05882352941176
520	620	621	1	0.465	-3	6
521	0	0	0	0	-1	6.25
522	622	623	11	12.45	-3	7.1
523	0	0	0	0	-1	6
524	0	0	0	0	-1	6
525	0	0	0	0	-1	6.5
526	624	625	1	10.75	-3	5.73913043478261
527	0	0	0	0	-1	6.6
528	0	0	0	0	-1	5
529	0	0	0	0	-1	5
530	0	0	0	0	-1	5.5
531	626	627	3	0.27	-3	6
532	0	0	0	0	-1	5
533	0	0	0	0	-1	4
534	628	629	1	9	-3	6.04
535	0	0	0	0	-1	5
536	0	0	0	0	-1	5.33333333333333
537	0	0	0	0	-1	6
538	0	0	0	0	-1	6
539	0	0	0	0	-1	6
540	0	0	0	0	-1	6
541	0	0	0	0	-1	6
542	0	0	0	0	-1	5
543	630	631	6	0	-3	5
544	0	0	0	0	-1	7
545	0	0	0	0	-1	5
546	0	0	0	0	-1	6
547	0	0	0	0	-1	5
548	632	633	5	0.0725	-3	5.02469135802469
549	0	0	0	0	-1	6
550	634	635	7	13	-3	4.3
551	0	0	0	0	-1	5
552	636	637	4	1.45	-3	6
553	0	0	0	0	-1	5
554	638	639	7	89.5	-3	5.21468926553672
555	640	641	10	0.555	-3	5
556	642	643	11	9.95	-3	5.06666666666667
557	644	645	11	9.35	-3	5
558	0	0	0	0	-1	4
559	646	647	10	0	-3	5
560	648	649	6	16	-3	6
561	0	0	0	0	-1	6
562	650	651	8	0.9948	-3	5.07692307692308
563	652	653	11	11.4	-3	5.625
564	654	655	7	9.5	-3	4.9
565	0	0	0	0	-1	5.6
566	0	0	0	0	-1	4
567	0	0	0	0	-1	4.75
568	0	0	0	0	-1	6
569	0	0	0	0	-1	6
570	0	0	0	0	-1	7
571	656	657	11	11.6	-3	6
572	0	0	0	0	-1	5
573	0	0	0	0	-1	5
574	658	659	5	0.088	-3	5.94736842105263
575	0	0	0	0	-1	5
576	660	661	4	2.5	-3	5.72727272727273
577	662	663	11	10.6	-3	5
578	664	665	9	3.37	-3	5
579	0	0	0	0	-1	5
580	666	667	10	0.615	-3	5.36842105263158
581	668	669	4	3.15	-3	5.84615384615385
582	670	671	5	0.062	-3	6
583	0	0	0	0	-1	5
584	0	0	0	0	-1	5
585	672	673	7	134.5	-3	5
586	0	0	0	0	-1	6
587	0	0	0	0	-1	6
588	0	0	0	0	-1	5.33333333333333
589	0	0	0	0	-1	6
590	0	0	0	0	-1	5
591	0	0	0	0	-1	5
592	0	0	0	0	-1	6
593	0	0	0	0	-1	5
594	0	0	0	0	-1	6
595	0	0	0	0	-1	7
596	0	0	0	0	-1	6
597	674	675	3	0	-3	6
598	0	0	0	0	-1	7.33333333333333
599	676	677	9	0	-3	7
600	0	0	0	0	-1	7
601	0	0	0	0	-1	6
602	0	0	0	0	-1	5
603	678	679	7	0	-3	7
604	0	0	0	0	-1	6
605	0	0	0	0	-1	6
606	680	681	3	0.155	-3	6
607	0	0	0	0	-1	6
608	682	683	3	0.345	-3	6.84615384615385
609	0	0	0	0	-1	6
610	0	0	0	0	-1	6
611	0	0	0	0	-1	6
612	0	0	0	0	-1	6
613	684	685	8	0.99665	-3	6
614	686	687	9	3.47	-3	6
615	0	0	0	0	-1	6
616	688	689	6	5.5	-3	5.71428571428571
617	690	691	6	5	-3	5.25
618	0	0	0	0	-1	5.25
619	692	693	6	0	-3	5
620	0	0	0	0	-1	5
621	694	695	5	0.99654	-3	6
622	696	697	10	0.755	-3	7
623	0	0	0	0	-1	8
624	698	699	9	3.65	-3	5.9375
625	700	701	11	11.65	-3	5.28571428571429
626	0	0	0	0	-1	6
627	0	0	0	0	-1	6
628	702	703	11	10.25	-3	6
629	0	0	0	0	-1	6.5
630	0	0	0	0	-1	5
631	704	705	2	76	-3	5
632	706	707	5	0.071	-3	4.8
633	708	709	4	4.9	-3	5.05633802816901
634	0	0	0	0	-1	4
635	710	711	3	0.035	-3	4.5
636	0	0	0	0	-1	6
637	0	0	0	0	-1	6
638	712	713	11	10.15	-3	5.17964071856287
639	714	715	5	0.085	-3	5.8
640	716	717	5	0.0775	-3	5
641	718	719	6	0	-3	5
642	720	721	9	3.225	-3	5
643	0	0	0	0	-1	6
644	722	723	5	0.101	-3	5
645	724	725	11	9.55	-3	5
646	0	0	0	0	-1	6
647	726	727	3	0.205	-3	5
648	0	0	0	0	-1	6
649	0	0	0	0	-1	6
650	728	729	8	0.99321	-3	5
651	0	0	0	0	-1	6
652	0	0	0	0	-1	5.25
653	0	0	0	0	-1	6
654	0	0	0	0	-1	4
655	0	0	0	0	-1	5
656	730	731	11	10.45	-3	6
657	0	0	0	0	-1	6
658	732	733	10	0.555	-3	6
659	0	0	0	0	-1	5.66666666666667
660	0	0	0	0	-1	5
661	734	735	3	0.25	-3	5.88888888888889
662	0	0	0	0	-1	5
663	0	0	0	0	-1	5
664	736	737	8	0	-3	5
665	0	0	0	0	-1	5
666	738	739	4	1.9	-3	5.53846153846154
667	740	741	3	0.0965	-3	5
668	742	743	1	7.9	-3	6
669	0	0	0	0	-1	5
670	0	0	0	0	-1	5.5
671	744	745	11	9.6	-3	6.04761904761905
672	746	747	8	0	-3	5
673	0	0	0	0	-1	5
674	0	0	0	0	-1	7
675	748	749	9	3.12	-3	6
676	0	0	0	0	-1	5
677	750	751	5	0	-3	7
678	0	0	0	0	-1	6
679	752	753	9	0	-3	7
680	0	0	0	0	-1	6
681	0	0	0	0	-1	6
682	0	0	0	0	-1	6
683	754	755	8	0.99765	-3	6.91666666666667
684	756	757	4	0	-3	6
685	0	0	0	0	-1	6
686	0	0	0	0	-1	6
687	0	0	0	0	-1	6
688	0	0	0	0	-1	5
689	0	0	0	0	-1	6
690	0	0	0	0	-1	6
691	758	759	2	1.3	-3	5
692	0	0	0	0	-1	7
693	760	761	11	9.5	-3	5
694	762	763	3	10.1	-3	6
695	0	0	0	0	-1	6
696	0	0	0	0	-1	7
697	0	0	0	0	-1	7
698	764	765	2	0.6925	-3	6
699	0	0	0	0	-1	5
700	766	767	2	0.455	-3	5.15384615384615
701	0	0	0	0	-1	7
702	0	0	0	0	-1	6
703	768	769	10	0	-3	6
704	0	0	0	0	-1	5
705	0	0	0	0	-1	5
706	0	0	0	0	-1	5
707	0	0	0	0	-1	4
708	770	771	2	0.59	-3	5.04285714285714
709	0	0	0	0	-1	6
710	0	0	0	0	-1	4.75
711	0	0	0	0	-1	4
712	772	773	11	9.05	-3	5.15432098765432
713	0	0	0	0	-1	6
714	774	775	9	0	-3	6
715	0	0	0	0	-1	5
716	0	0	0	0	-1	5
717	0	0	0	0	-1	5
718	0	0	0	0	-1	6
719	0	0	0	0	-1	5
720	776	777	2	0	-3	5
721	778	779	8	0	-3	5
722	0	0	0	0	-1	5
723	0	0	0	0	-1	5
724	0	0	0	0	-1	5
725	780	781	3	0.32	-3	5
726	0	0	0	0	-1	5
727	0	0	0	0	-1	5
728	0	0	0	0	-1	5
729	0	0	0	0	-1	5
730	782	783	2	0.415	-3	6
731	784	785	1	7.45	-3	6
732	786	787	7	0	-3	6
733	788	789	7	27	-3	6
734	0	0	0	0	-1	5
735	790	791	10	3	-3	6
736	0	0	0	0	-1	5
737	792	793	11	0	-3	5
738	0	0	0	0	-1	5
739	794	795	4	2.95	-3	5.77777777777778
740	0	0	0	0	-1	5
741	0	0	0	0	-1	5
742	796	797	6	13	-3	6
743	0	0	0	0	-1	6
744	798	799	5	0.117	-3	6
745	800	801	10	0.605	-3	6.1
746	0	0	0	0	-1	6
747	0	0	0	0	-1	5
748	0	0	0	0	-1	6
749	802	803	8	0.9998	-3	6
750	0	0	0	0	-1	7
751	804	805	6	0	-3	7
752	0	0	0	0	-1	6
753	806	807	1	0	-3	7
754	808	809	2	0.28	-3	7
755	0	0	0	0	-1	6.75
756	0	0	0	0	-1	8
757	810	811	6	8.5	-3	6
758	0	0	0	0	-1	5
759	0	0	0	0	-1	5
760	812	813	5	0.2605	-3	5
761	0	0	0	0	-1	5
762	814	815	6	0	-3	6
763	0	0	0	0	-1	6
764	816	817	4	4.3	-3	6.03571428571429
765	0	0	0	0	-1	5.5
766	818	819	1	11.15	-3	5.33333333333333
767	820	821	11	0	-3	5
768	0	0	0	0	-1	6
769	822	823	4	2	-3	6
770	824	825	11	9.55	-3	5.2
771	826	827	7	87	-3	5.01666666666667
772	828	829	1	7.9	-3	5.57142857142857
773	830	831	4	3.7	-3	5.13548387096774
774	0	0	0	0	-1	6
775	832	833	5	0	-3	6
776	0	0	0	0	-1	6
777	834	835	5	0.995815	-3	5
778	0	0	0	0	-1	5
779	836	837	11	0.415	-3	5
780	838	839	3	0	-3	5
781	0	0	0	0	-1	5
782	0	0	0	0	-1	6
783	0	0	0	0	-1	6
784	0	0	0	0	-1	6
785	840	841	11	0.845	-3	6
786	0	0	0	0	-1	6
787	842	843	6	9.5	-3	6
788	0	0	0	0	-1	6
789	844	845	2	0.51	-3	6
790	846	847	6	0	-3	6
791	0	0	0	0	-1	6
792	0	0	0	0	-1	5
793	0	0	0	0	-1	5
794	848	849	2	0	-3	6
795	0	0	0	0	-1	5
796	0	0	0	0	-1	6
797	0	0	0	0	-1	6
798	0	0	0	0	-1	6
799	850	851	1	0	-3	6
800	0	0	0	0	-1	7
801	0	0	0	0	-1	6
802	0	0	0	0	-1	6
803	0	0	0	0	-1	6
804	0	0	0	0	-1	6
805	852	853	3	0.365	-3	7
806	0	0	0	0	-1	6
807	854	855	11	0	-3	7
808	856	857	11	10.05	-3	7
809	0	0	0	0	-1	7
810	0	0	0	0	-1	6
811	0	0	0	0	-1	6
812	858	859	4	0	-3	5
813	0	0	0	0	-1	5
814	0	0	0	0	-1	5
815	860	861	9	3.18	-3	6
816	862	863	5	0.09	-3	6.07407407407407
817	0	0	0	0	-1	5
818	0	0	0	0	-1	5
819	0	0	0	0	-1	6
820	0	0	0	0	-1	5
821	0	0	0	0	-1	5
822	0	0	0	0	-1	6
823	864	865	3	0.48	-3	6
824	0	0	0	0	-1	7
825	866	867	10	0	-3	5
826	868	869	10	0.535	-3	5
827	870	871	11	9.65	-3	5.1
828	0	0	0	0	-1	5
829	0	0	0	0	-1	6
830	872	873	2	0.82	-3	5.11920529801325
831	0	0	0	0	-1	5.75
832	0	0	0	0	-1	6
833	874	875	10	0	-3	6
834	0	0	0	0	-1	5
835	0	0	0	0	-1	5
836	0	0	0	0	-1	5
837	0	0	0	0	-1	5
838	0	0	0	0	-1	5
839	876	877	4	2.95	-3	5
840	0	0	0	0	-1	6
841	878	879	2	0.645	-3	6
842	0	0	0	0	-1	6
843	0	0	0	0	-1	6
844	0	0	0	0	-1	6
845	0	0	0	0	-1	6
846	0	0	0	0	-1	5
847	880	881	3	0.375	-3	6
848	0	0	0	0	-1	5
849	882	883	8	0.9968	-3	6
850	0	0	0	0	-1	5
851	884	885	8	2.15	-3	6
852	886	887	11	13.8	-3	7
853	0	0	0	0	-1	7
854	0	0	0	0	-1	5
855	888	889	1	6.95	-3	7
856	0	0	0	0	-1	7
857	0	0	0	0	-1	7
858	0	0	0	0	-1	5
859	890	891	9	10.95	-3	5
860	0	0	0	0	-1	6
861	0	0	0	0	-1	6
862	892	893	4	0.505	-3	6
863	0	0	0	0	-1	6.4
864	0	0	0	0	-1	6
865	0	0	0	0	-1	6
866	0	0	0	0	-1	5
867	894	895	8	0.99512	-3	5
868	896	897	3	0.035	-3	5
869	898	899	1	42.5	-3	5
870	0	0	0	0	-1	5
871	0	0	0	0	-1	5.2
872	900	901	11	9.85	-3	5.13793103448276
873	902	903	6	12	-3	4.66666666666667
874	0	0	0	0	-1	8
875	0	0	0	0	-1	6
876	0	0	0	0	-1	5
877	0	0	0	0	-1	5
878	0	0	0	0	-1	6
879	0	0	0	0	-1	6
880	0	0	0	0	-1	6
881	0	0	0	0	-1	6
882	0	0	0	0	-1	6
883	0	0	0	0	-1	6
884	0	0	0	0	-1	6
885	0	0	0	0	-1	6
886	904	905	9	3.325	-3	7
887	0	0	0	0	-1	7
888	0	0	0	0	-1	7
889	906	907	8	0.99391	-3	7
890	0	0	0	0	-1	5
891	0	0	0	0	-1	5
892	0	0	0	0	-1	5
893	908	909	9	3.495	-3	6
894	0	0	0	0	-1	5
895	910	911	5	0	-3	5
896	912	913	4	2.55	-3	5
897	914	915	8	0.99505	-3	5
898	916	917	3	0.055	-3	5
899	0	0	0	0	-1	5
900	918	919	6	15.5	-3	5.09734513274336
901	920	921	7	66.5	-3	5.28125
902	0	0	0	0	-1	4.33333333333333
903	0	0	0	0	-1	5
904	0	0	0	0	-1	7
905	0	0	0	0	-1	7
906	0	0	0	0	-1	7
907	922	923	9	3.39	-3	7
908	0	0	0	0	-1	6
909	0	0	0	0	-1	6
910	0	0	0	0	-1	5
911	0	0	0	0	-1	5
912	924	925	10	0	-3	5
913	926	927	8	0	-3	5
914	0	0	0	0	-1	5
915	928	929	8	0	-3	5
916	0	0	0	0	-1	5
917	930	931	2	0	-3	5
918	932	933	6	14.5	-3	5.16666666666667
919	934	935	2	0.32	-3	5.0188679245283
920	936	937	5	0.077	-3	5.17857142857143
921	0	0	0	0	-1	6
922	938	939	9	3.28	-3	7
923	0	0	0	0	-1	7
924	0	0	0	0	-1	7
925	940	941	3	0.01	-3	5
926	0	0	0	0	-1	6
927	942	943	8	0.9984	-3	5
928	0	0	0	0	-1	5
929	944	945	10	0.525	-3	5
930	0	0	0	0	-1	7
931	946	947	1	0	-3	5
932	948	949	5	0.092	-3	5.11111111111111
933	950	951	7	54	-3	5.66666666666667
934	0	0	0	0	-1	6
935	952	953	5	0.0875	-3	5
936	954	955	9	3.365	-3	5
937	956	957	5	0.0835	-3	5.33333333333333
938	0	0	0	0	-1	7
939	0	0	0	0	-1	7
940	0	0	0	0	-1	5
941	958	959	6	0	-3	5
942	960	961	6	0	-3	5
943	0	0	0	0	-1	5
944	0	0	0	0	-1	5
945	0	0	0	0	-1	5
946	0	0	0	0	-1	7
947	0	0	0	0	-1	5
948	962	963	9	3.4	-3	5.09433962264151
949	0	0	0	0	-1	6
950	0	0	0	0	-1	6
951	0	0	0	0	-1	5
952	964	965	1	7	-3	5.02173913043478
953	966	967	8	0.997815	-3	4.83333333333333
954	968	969	4	1.85	-3	5.08333333333333
955	0	0	0	0	-1	4
956	970	971	9	3.275	-3	5.55555555555556
957	972	973	4	0.095	-3	5
958	0	0	0	0	-1	5
959	974	975	3	49.5	-3	5
960	0	0	0	0	-1	5
961	976	977	4	3.45	-3	5
962	978	979	11	9.75	-3	5.05882352941177
963	0	0	0	0	-1	6
964	0	0	0	0	-1	5.33333333333333
965	980	981	3	0.27	-3	5
966	0	0	0	0	-1	4.5
967	0	0	0	0	-1	5
968	0	0	0	0	-1	6
969	982	983	7	18.5	-3	5
970	0	0	0	0	-1	5.2
971	0	0	0	0	-1	6
972	0	0	0	0	-1	6
973	0	0	0	0	-1	5
974	0	0	0	0	-1	5
975	0	0	0	0	-1	5
976	0	0	0	0	-1	5
977	0	0	0	0	-1	5
978	984	985	1	8.05	-3	5.04
979	0	0	0	0	-1	6
980	986	987	9	9.35	-3	5
981	988	989	11	9.75	-3	5
982	0	0	0	0	-1	5
983	990	991	7	51	-3	5
984	992	993	2	0.71	-3	5.13636363636364
985	994	995	6	13	-3	4.96428571428571
986	996	997	5	0.994965	-3	5
987	0	0	0	0	-1	5
988	998	999	9	0	-3	5
989	1000	1001	5	0	-3	5
990	1002	1003	10	0	-3	5
991	0	0	0	0	-1	5
992	1004	1005	4	2.05	-3	5.09523809523809
993	0	0	0	0	-1	6
994	1006	1007	3	0.105	-3	5
995	0	0	0	0	-1	4
996	1008	1009	8	0.996525	-3	5
997	0	0	0	0	-1	5
998	0	0	0	0	-1	6
999	1010	1011	1	8	-3	5
1000	0	0	0	0	-1	6
1001	0	0	0	0	-1	5
1002	0	0	0	0	-1	5
1003	1012	1013	9	0.074	-3	5
1004	1014	1015	5	0.079	-3	5.28571428571429
1005	1016	1017	8	0	-3	5
1006	0	0	0	0	-1	6
1007	1018	1019	11	9.3	-3	4.96153846153846
1008	1020	1021	1	0	-3	5
1009	1022	1023	11	0	-3	5
1010	1024	1025	6	26	-3	5
1011	1026	1027	4	0	-3	5
1012	0	0	0	0	-1	5
1013	0	0	0	0	-1	5
1014	0	0	0	0	-1	5
1015	0	0	0	0	-1	5.66666666666667
1016	0	0	0	0	-1	5
1017	1028	1029	6	11	-3	5
1018	0	0	0	0	-1	4.5
1019	1030	1031	7	70.5	-3	5
1020	0	0	0	0	-1	6
1021	1032	1033	8	0.99631	-3	5
1022	0	0	0	0	-1	5
1023	1034	1035	8	0.996615	-3	5
1024	0	0	0	0	-1	5
1025	0	0	0	0	-1	5
1026	0	0	0	0	-1	6
1027	1036	1037	8	0.99826	-3	5
1028	1038	1039	11	0.9971	-3	5
1029	0	0	0	0	-1	5
1030	0	0	0	0	-1	5
1031	0	0	0	0	-1	5
1032	1040	1041	9	0	-3	5
1033	0	0	0	0	-1	5
1034	0	0	0	0	-1	5
1035	0	0	0	0	-1	5
1036	0	0	0	0	-1	5
1037	0	0	0	0	-1	5
1038	0	0	0	0	-1	7
1039	1042	1043	9	3.35	-3	5
1040	0	0	0	0	-1	6
1041	0	0	0	0	-1	5
1042	1044	1045	11	0	-3	5
1043	0	0	0	0	-1	5
1044	0	0	0	0	-1	6
1045	1046	1047	2	0.52	-3	5
1046	0	0	0	0	-1	5
1047	0	0	0	0	-1	5
