1	2	3	10	0.645	-3	5.66416510318949
2	4	5	5	0.255	-3	5.39247311827957
3	6	7	8	0.99537	-3	6.04185351270553
4	8	9	10	0.585	-3	5.40021574973031
5	0	0	0	0	-1	3
6	10	11	10	0.67	-3	6.6695652173913
7	12	13	1	10.05	-3	5.91155234657039
8	14	15	9	3.62	-3	5.29296235679214
9	16	17	2	0.405	-3	5.60759493670886
10	18	19	6	23.5	-3	5.875
11	20	21	1	5.75	-3	6.72897196261682
12	22	23	7	61.5	-3	5.75265957446809
13	24	25	8	0.99785	-3	6.24719101123595
14	26	27	11	11.45	-3	5.31177446102819
15	28	29	5	0.0755	-3	3.875
16	30	31	6	37	-3	6.0377358490566
17	32	33	5	0.0895	-3	5.52091254752852
18	0	0	0	0	-1	6
19	0	0	0	0	-1	5.66666666666667
20	34	35	1	5.45	-3	7.35714285714286
21	36	37	2	0.415	-3	6.63440860215054
22	38	39	11	9.95	-3	5.88194444444444
23	40	41	2	0.29	-3	5.32954545454546
24	42	43	11	12.7	-3	6.65671641791045
25	44	45	8	0.99838	-3	6
26	46	47	11	9.75	-3	5.20152091254753
27	48	49	6	31.5	-3	6.06493506493507
28	50	51	10	0.57	-3	4.16666666666667
29	0	0	0	0	-1	3
30	52	53	7	41	-3	6
31	0	0	0	0	-1	8
32	54	55	11	10.45	-3	5.44387755102041
33	56	57	9	3.445	-3	5.74626865671642
34	58	59	9	3.7	-3	7.1
35	0	0	0	0	-1	8
36	60	61	5	0.136	-3	6.79365079365079
37	62	63	11	13	-3	6.3
38	64	65	1	6.95	-3	5.48333333333333
39	66	67	10	0.755	-3	6.16666666666667
40	0	0	0	0	-1	7
41	68	69	11	11.25	-3	5.2289156626506
42	70	71	11	10.95	-3	6.75409836065574
43	72	73	6	17	-3	5.66666666666667
44	74	75	4	1.65	-3	5.42307692307692
45	76	77	11	11.15	-3	6.17647058823529
46	78	79	3	0.645	-3	5.10416666666666
47	80	81	9	3.405	-3	5.31932773109244
48	82	83	1	6.95	-3	5.90322580645161
49	84	85	11	12.5	-3	6.73333333333333
50	0	0	0	0	-1	4
51	0	0	0	0	-1	5
52	86	87	11	10.75	-3	6.16216216216216
53	88	89	6	20	-3	5.6
54	90	91	9	3.525	-3	5.26811594202899
55	92	93	6	26.5	-3	5.86206896551724
56	94	95	11	9.6	-3	5.80645161290323
57	0	0	0	0	-1	5
58	96	97	11	13.8	-3	6.875
59	0	0	0	0	-1	8
60	98	99	2	0.195	-3	6.8448275862069
61	0	0	0	0	-1	6.2
62	100	101	10	0.765	-3	6.24137931034483
63	0	0	0	0	-1	8
64	102	103	6	24	-3	5.1304347826087
65	104	105	11	9.35	-3	5.56701030927835
66	106	107	1	6.95	-3	5.89795918367347
67	108	109	3	0.475	-3	6.54285714285714
68	110	111	6	10.5	-3	5.16883116883117
69	112	113	5	0.0985	-3	6
70	114	115	3	0.485	-3	6.48148148148148
71	116	117	2	0.515	-3	6.97058823529412
72	0	0	0	0	-1	6
73	0	0	0	0	-1	5
74	0	0	0	0	-1	4.25
75	118	119	2	0.445	-3	5.63636363636364
76	120	121	1	11.75	-3	6.02941176470588
77	122	123	1	12.2	-3	6.76470588235294
78	124	125	9	3.545	-3	5.11149825783972
79	0	0	0	0	-1	3
80	126	127	6	7.5	-3	5.41988950276243
81	128	129	11	10.95	-3	5
82	130	131	7	27.5	-3	5.60714285714286
83	132	133	2	0.8125	-3	6.14705882352941
84	134	135	7	34	-3	7
85	0	0	0	0	-1	6
86	136	137	10	0.605	-3	5.69230769230769
87	138	139	2	0.265	-3	6.41666666666667
88	0	0	0	0	-1	5
89	140	141	7	77	-3	5.75
90	142	143	2	0.9175	-3	5.30232558139535
91	144	145	7	18	-3	4.77777777777778
92	146	147	7	11.5	-3	5.94
93	148	149	7	47.5	-3	5.375
94	150	151	6	7.5	-3	5.51724137931035
95	152	153	4	5.125	-3	6.06060606060606
96	154	155	9	3.55	-3	7
97	0	0	0	0	-1	6
98	0	0	0	0	-1	6
99	156	157	6	39	-3	6.92452830188679
100	158	159	8	0.995205	-3	6.88888888888889
101	160	161	8	0.9951	-3	5.95
102	0	0	0	0	-1	5
103	162	163	4	1.85	-3	5.33333333333333
104	164	165	1	7.75	-3	5.33333333333333
105	166	167	5	0.0905	-3	5.70491803278689
106	168	169	8	0.996305	-3	5.5
107	170	171	4	1.95	-3	6.02702702702703
108	172	173	6	20.5	-3	6.64814814814815
109	174	175	4	2.25	-3	6.1875
110	0	0	0	0	-1	6
111	176	177	9	2.935	-3	5.12328767123288
112	0	0	0	0	-1	6
113	0	0	0	0	-1	6
114	178	179	11	10.5	-3	6.26315789473684
115	180	181	5	0	-3	7
116	182	183	11	12.55	-3	7.10714285714286
117	184	185	11	11.45	-3	6.33333333333333
118	186	187	8	0.99795	-3	5.82352941176471
119	0	0	0	0	-1	5
120	188	189	6	6.5	-3	5.75675675675676
121	190	191	9	3.065	-3	6.35483870967742
122	192	193	8	0.9989	-3	7.22222222222222
123	194	195	2	0.41	-3	6.25
124	196	197	8	1.0005	-3	5.09574468085106
125	0	0	0	0	-1	6
126	198	199	11	11.1	-3	5.16949152542373
127	200	201	1	7.75	-3	5.54098360655738
128	202	203	1	6.7	-3	5.17142857142857
129	204	205	4	3.25	-3	4.72727272727273
130	206	207	4	2.3	-3	5.23076923076923
131	208	209	7	48	-3	5.93333333333333
132	210	211	3	0.005	-3	6.18181818181818
133	0	0	0	0	-1	5
134	0	0	0	0	-1	6
135	0	0	0	0	-1	7
136	212	213	5	0.086	-3	6
137	214	215	2	0.35	-3	5.42857142857143
138	0	0	0	0	-1	5
139	216	217	11	12.3	-3	6.47826086956522
140	218	219	5	0.065	-3	5.9
141	0	0	0	0	-1	5
142	220	221	9	3.51	-3	5.344
143	0	0	0	0	-1	4
144	0	0	0	0	-1	4
145	222	223	7	0	-3	5
146	0	0	0	0	-1	7
147	224	225	7	13.5	-3	5.91836734693878
148	0	0	0	0	-1	6
149	226	227	9	3.405	-3	5.16666666666667
150	228	229	10	0.615	-3	6
151	230	231	10	0.6	-3	5
152	232	233	9	3.25	-3	6.12903225806452
153	0	0	0	0	-1	5
154	0	0	0	0	-1	7
155	0	0	0	0	-1	7
156	234	235	8	0.994075	-3	6.98
157	0	0	0	0	-1	6
158	236	237	10	0.73	-3	7.14285714285714
159	0	0	0	0	-1	6
160	238	239	1	6.15	-3	6
161	0	0	0	0	-1	5.8
162	0	0	0	0	-1	5
163	0	0	0	0	-1	5.75
164	240	241	10	0.97	-3	4.75
165	242	243	2	0.575	-3	5.5
166	244	245	6	27.5	-3	5.92857142857143
167	246	247	3	0.165	-3	5.21052631578947
168	248	249	3	0.125	-3	5.86666666666667
169	250	251	2	0.57	-3	4.88888888888889
170	252	253	2	0.525	-3	5.58823529411765
171	254	255	1	7.85	-3	6.15789473684211
172	256	257	11	12.55	-3	6.83333333333333
173	258	259	8	0.99557	-3	6
174	260	261	1	9.8	-3	5.875
175	262	263	4	2.5	-3	6.5
176	264	265	1	9.15	-3	5.57142857142857
177	266	267	11	10.95	-3	5.07575757575758
178	268	269	4	1.85	-3	6
179	270	271	10	0.945	-3	6.5
180	0	0	0	0	-1	5
181	272	273	5	0.0655	-3	7
182	274	275	5	0.0705	-3	7.03846153846154
183	0	0	0	0	-1	8
184	0	0	0	0	-1	6
185	0	0	0	0	-1	7
186	0	0	0	0	-1	5
187	276	277	2	0.42	-3	5.93333333333333
188	278	279	4	2.15	-3	5.5
189	280	281	7	96.5	-3	5.88
190	282	283	8	1.002275	-3	5.75
191	284	285	4	2.85	-3	6.56521739130435
192	0	0	0	0	-1	7.66666666666667
193	286	287	2	0.385	-3	7
194	0	0	0	0	-1	7
195	288	289	10	0.835	-3	6
196	290	291	7	9	-3	5.07971014492753
197	292	293	6	8.5	-3	5.83333333333333
198	294	295	1	8.35	-3	5.04166666666667
199	296	297	2	0.49	-3	5.72727272727273
200	298	299	3	0.025	-3	5.78
201	300	301	7	53	-3	5.375
202	302	303	7	19.5	-3	4.94117647058824
203	304	305	8	0.9965	-3	5.38888888888889
204	306	307	11	11.35	-3	5.15384615384615
205	308	309	2	0.8975	-3	4.11111111111111
206	310	311	5	0.0525	-3	5.44444444444444
207	0	0	0	0	-1	4.75
208	312	313	7	30.5	-3	6
209	0	0	0	0	-1	5.5
210	0	0	0	0	-1	7
211	314	315	9	3.265	-3	6.15625
212	0	0	0	0	-1	6
213	0	0	0	0	-1	6
214	0	0	0	0	-1	5
215	0	0	0	0	-1	6
216	316	317	5	0.0945	-3	6.36842105263158
217	0	0	0	0	-1	7
218	0	0	0	0	-1	5
219	318	319	7	67.5	-3	6
220	320	321	3	0.21	-3	5.31707317073171
221	0	0	0	0	-1	7
222	0	0	0	0	-1	6
223	0	0	0	0	-1	5
224	0	0	0	0	-1	4
225	322	323	7	102.5	-3	5.95833333333333
226	0	0	0	0	-1	5
227	0	0	0	0	-1	6
228	0	0	0	0	-1	6
229	324	325	11	0	-3	6
230	0	0	0	0	-1	4.33333333333333
231	326	327	11	9.15	-3	5.18181818181818
232	328	329	4	2.25	-3	6.46153846153846
233	330	331	4	2.3	-3	5.88888888888889
234	332	333	11	12.45	-3	6.625
235	334	335	8	0.994225	-3	7.04761904761905
236	0	0	0	0	-1	7
237	0	0	0	0	-1	7.5
238	0	0	0	0	-1	6
239	336	337	11	11.4	-3	6
240	338	339	9	3.345	-3	5
241	0	0	0	0	-1	4
242	340	341	8	0.99643	-3	5.73684210526316
243	342	343	10	1.355	-3	5
244	344	345	6	4	-3	5.975
245	0	0	0	0	-1	5
246	0	0	0	0	-1	5.6
247	346	347	9	3.29	-3	5.07142857142857
248	0	0	0	0	-1	5.5
249	348	349	5	0.069	-3	6
250	0	0	0	0	-1	4
251	350	351	10	0.69	-3	5
252	352	353	8	0.99742	-3	6
253	354	355	3	0	-3	5
254	356	357	2	0.94	-3	6.64705882352941
255	358	359	5	0.1	-3	5.95
256	360	361	7	14.5	-3	6.775
257	0	0	0	0	-1	8
258	0	0	0	0	-1	6
259	362	363	1	7.6	-3	6
260	364	365	9	0.29	-3	6
261	0	0	0	0	-1	5
262	0	0	0	0	-1	7
263	0	0	0	0	-1	6
264	366	367	4	1.95	-3	5.83333333333333
265	0	0	0	0	-1	4
266	368	369	4	1.55	-3	5.03389830508475
267	370	371	9	3.31	-3	5.42857142857143
268	372	373	11	0	-3	6
269	0	0	0	0	-1	6
270	0	0	0	0	-1	6
271	0	0	0	0	-1	7
272	0	0	0	0	-1	7
273	0	0	0	0	-1	7
274	374	375	5	0.068	-3	7.42857142857143
275	376	377	6	14.5	-3	6.89473684210526
276	378	379	6	14.5	-3	6
277	0	0	0	0	-1	5.66666666666667
278	0	0	0	0	-1	6
279	380	381	10	0.83	-3	5.33333333333333
280	0	0	0	0	-1	6
281	0	0	0	0	-1	5
282	382	383	3	0.485	-3	6
283	0	0	0	0	-1	5
284	384	385	1	13.8	-3	6.16666666666667
285	0	0	0	0	-1	7
286	0	0	0	0	-1	7
287	0	0	0	0	-1	7
288	0	0	0	0	-1	6
289	0	0	0	0	-1	6
290	0	0	0	0	-1	4
291	386	387	2	0.625	-3	5.09157509157509
292	0	0	0	0	-1	5
293	0	0	0	0	-1	6
294	388	389	2	0.575	-3	4.88461538461539
295	390	391	8	0.99721	-3	5.22727272727273
296	392	393	11	11.3	-3	6.33333333333333
297	0	0	0	0	-1	5
298	394	395	1	7.65	-3	6.22222222222222
299	396	397	3	0.135	-3	5.68292682926829
300	398	399	4	2.65	-3	5.52380952380952
301	400	401	6	15.5	-3	5.16666666666667
302	0	0	0	0	-1	4.75
303	402	403	7	51.5	-3	5
304	404	405	5	0.0805	-3	5.21428571428571
305	0	0	0	0	-1	6
306	406	407	3	0.17	-3	5.4
307	0	0	0	0	-1	4.33333333333333
308	408	409	5	0	-3	4
309	0	0	0	0	-1	5
310	0	0	0	0	-1	5
311	0	0	0	0	-1	5.8
312	0	0	0	0	-1	6
313	410	411	11	12.5	-3	6
314	412	413	3	0.465	-3	6.3125
315	0	0	0	0	-1	6
316	414	415	11	11.2	-3	6.58333333333333
317	0	0	0	0	-1	6
318	0	0	0	0	-1	6
319	0	0	0	0	-1	6
320	416	417	6	14.5	-3	5.46875
321	418	419	3	0.6	-3	5.15254237288136
322	420	421	2	0.445	-3	5.93617021276596
323	0	0	0	0	-1	7
324	0	0	0	0	-1	6
325	422	423	6	0	-3	6
326	0	0	0	0	-1	6
327	424	425	2	0.5	-3	5.1
328	0	0	0	0	-1	6
329	426	427	6	23	-3	6.85714285714286
330	0	0	0	0	-1	5
331	428	429	1	9.4	-3	6
332	0	0	0	0	-1	6
333	0	0	0	0	-1	7
334	0	0	0	0	-1	8
335	430	431	9	3.22	-3	7
336	0	0	0	0	-1	6
337	0	0	0	0	-1	6
338	0	0	0	0	-1	5
339	0	0	0	0	-1	5
340	0	0	0	0	-1	5
341	432	433	6	15	-3	5.93333333333333
342	434	435	5	0	-3	5
343	0	0	0	0	-1	5
344	0	0	0	0	-1	5
345	436	437	9	3.64	-3	6.02631578947368
346	438	439	7	41.5	-3	5
347	0	0	0	0	-1	5.33333333333333
348	0	0	0	0	-1	6
349	440	441	6	0	-3	6
350	0	0	0	0	-1	5
351	442	443	6	0	-3	5
352	0	0	0	0	-1	6
353	0	0	0	0	-1	6
354	0	0	0	0	-1	6
355	444	445	3	0.0805	-3	5
356	446	447	8	0.99677	-3	6.75
357	0	0	0	0	-1	5
358	448	449	7	12.5	-3	6.08571428571429
359	0	0	0	0	-1	5
360	0	0	0	0	-1	8
361	450	451	10	0.905	-3	6.74358974358974
362	0	0	0	0	-1	6
363	452	453	2	11.55	-3	6
364	0	0	0	0	-1	6
365	454	455	7	53.5	-3	6
366	0	0	0	0	-1	6
367	0	0	0	0	-1	5
368	0	0	0	0	-1	4
369	456	457	9	3.365	-3	5.05172413793103
370	0	0	0	0	-1	6
371	0	0	0	0	-1	5.2
372	0	0	0	0	-1	5
373	0	0	0	0	-1	6
374	0	0	0	0	-1	7
375	0	0	0	0	-1	8
376	458	459	2	0.275	-3	6.94444444444444
377	0	0	0	0	-1	6
378	460	461	3	0.49	-3	6
379	0	0	0	0	-1	6
380	462	463	9	3.15	-3	5.14285714285714
381	0	0	0	0	-1	6
382	0	0	0	0	-1	6
383	0	0	0	0	-1	6
384	464	465	6	6	-3	5.88888888888889
385	0	0	0	0	-1	7
386	466	467	5	0.0785	-3	5.03947368421053
387	468	469	11	9.05	-3	5.15702479338843
388	470	471	2	0.55	-3	5.25
389	472	473	7	25.5	-3	4.57142857142857
390	0	0	0	0	-1	6
391	474	475	5	0.0535	-3	5.15
392	0	0	0	0	-1	7
393	0	0	0	0	-1	6
394	476	477	9	0	-3	6
395	0	0	0	0	-1	7
396	478	479	5	0.0755	-3	5.35714285714286
397	480	481	1	7.05	-3	5.85185185185185
398	482	483	9	3.16	-3	5.45945945945946
399	0	0	0	0	-1	6
400	0	0	0	0	-1	4.25
401	484	485	11	9.95	-3	5.30769230769231
402	0	0	0	0	-1	5
403	486	487	7	0	-3	5
404	0	0	0	0	-1	6
405	488	489	5	0	-3	5
406	490	491	9	3.475	-3	5.66666666666667
407	0	0	0	0	-1	5
408	0	0	0	0	-1	5
409	492	493	5	0	-3	4
410	494	495	8	0.99428	-3	6
411	0	0	0	0	-1	6
412	0	0	0	0	-1	7
413	496	497	2	0.315	-3	6.08333333333333
414	0	0	0	0	-1	7
415	498	499	4	3.5	-3	6.28571428571429
416	500	501	2	0.605	-3	5.77777777777778
417	502	503	7	67.5	-3	5.24324324324324
418	504	505	9	3.375	-3	5.13793103448276
419	0	0	0	0	-1	6
420	0	0	0	0	-1	5
421	506	507	11	12.9	-3	5.95652173913043
422	0	0	0	0	-1	5
423	508	509	7	45.5	-3	6
424	0	0	0	0	-1	6
425	0	0	0	0	-1	5
426	510	511	11	9.85	-3	7
427	0	0	0	0	-1	6
428	512	513	10	0.595	-3	6
429	0	0	0	0	-1	6
430	0	0	0	0	-1	7.2
431	514	515	7	47.5	-3	6.97142857142857
432	516	517	7	0	-3	6
433	518	519	5	0.3775	-3	5.83333333333333
434	0	0	0	0	-1	5
435	520	521	9	0.99671	-3	5
436	522	523	8	0.997	-3	6.08333333333333
437	0	0	0	0	-1	5
438	524	525	6	0	-3	5
439	0	0	0	0	-1	5
440	0	0	0	0	-1	5
441	526	527	8	0	-3	6
442	0	0	0	0	-1	6
443	0	0	0	0	-1	5
444	0	0	0	0	-1	5
445	0	0	0	0	-1	5
446	0	0	0	0	-1	6.4
447	528	529	8	0.99775	-3	6.90909090909091
448	0	0	0	0	-1	7
449	530	531	8	0.995905	-3	6.03030303030303
450	532	533	11	10.25	-3	6.87878787878788
451	534	535	10	0.93	-3	6
452	536	537	10	0.79	-3	6
453	0	0	0	0	-1	6
454	0	0	0	0	-1	6
455	0	0	0	0	-1	6
456	538	539	3	0.455	-3	5
457	540	541	9	3.415	-3	5.375
458	0	0	0	0	-1	6
459	542	543	4	0	-3	7
460	0	0	0	0	-1	6
461	0	0	0	0	-1	6
462	0	0	0	0	-1	5
463	0	0	0	0	-1	6
464	0	0	0	0	-1	5
465	544	545	9	3.135	-3	6
466	546	547	5	0.071	-3	5.14666666666667
467	548	549	2	0.605	-3	4.93506493506494
468	550	551	2	1.035	-3	5.66666666666667
469	552	553	8	0.99857	-3	5.11607142857143
470	554	555	10	0.5	-3	5.18181818181818
471	0	0	0	0	-1	6
472	556	557	11	9.9	-3	4.33333333333333
473	0	0	0	0	-1	5
474	0	0	0	0	-1	6
475	558	559	4	3.35	-3	5.05555555555556
476	0	0	0	0	-1	7
477	560	561	5	0.088	-3	6
478	0	0	0	0	-1	6
479	562	563	6	10.5	-3	5.18181818181818
480	564	565	8	0.99448	-3	6.1
481	566	567	10	0.535	-3	5.70588235294118
482	568	569	10	0.515	-3	5.07142857142857
483	570	571	11	9.85	-3	5.69565217391304
484	572	573	2	0.755	-3	5.0625
485	574	575	2	0.54	-3	5.7
486	0	0	0	0	-1	6
487	576	577	9	0	-3	5
488	0	0	0	0	-1	6
489	578	579	7	43.5	-3	5
490	0	0	0	0	-1	6
491	0	0	0	0	-1	5
492	0	0	0	0	-1	4
493	580	581	11	0.99636	-3	4
494	582	583	10	0	-3	6
495	0	0	0	0	-1	6
496	0	0	0	0	-1	6.33333333333333
497	0	0	0	0	-1	6
498	0	0	0	0	-1	6
499	0	0	0	0	-1	7
500	584	585	4	1.65	-3	5.95
501	586	587	3	0.02	-3	5.28571428571429
502	588	589	11	10.15	-3	5.125
503	0	0	0	0	-1	6
504	590	591	5	0.0645	-3	5.07317073170732
505	592	593	4	2.45	-3	5.29411764705882
506	594	595	10	0.595	-3	6
507	0	0	0	0	-1	5
508	0	0	0	0	-1	6
509	0	0	0	0	-1	6
510	0	0	0	0	-1	7
511	0	0	0	0	-1	7
512	0	0	0	0	-1	6
513	596	597	5	0.0935	-3	6
514	0	0	0	0	-1	7
515	0	0	0	0	-1	6.66666666666667
516	0	0	0	0	-1	5
517	598	599	11	9.15	-3	6
518	0	0	0	0	-1	6
519	0	0	0	0	-1	5
520	0	0	0	0	-1	5
521	0	0	0	0	-1	5
522	0	0	0	0	-1	7
523	600	601	8	0.99825	-3	6
524	0	0	0	0	-1	5
525	602	603	10	0.71	-3	5
526	0	0	0	0	-1	5
527	0	0	0	0	-1	6
528	604	605	3	0.085	-3	7
529	0	0	0	0	-1	6.66666666666667
530	0	0	0	0	-1	5
531	606	607	10	0.665	-3	6.09677419354839
532	0	0	0	0	-1	6
533	608	609	6	6.5	-3	6.90625
534	0	0	0	0	-1	6
535	0	0	0	0	-1	6
536	0	0	0	0	-1	6
537	0	0	0	0	-1	6
538	610	611	3	0.405	-3	5.02702702702703
539	612	613	1	8	-3	4.92307692307692
540	0	0	0	0	-1	5.75
541	0	0	0	0	-1	5
542	0	0	0	0	-1	7
543	614	615	5	0	-3	7
544	0	0	0	0	-1	6
545	0	0	0	0	-1	6
546	616	617	1	9.1	-3	4.90909090909091
547	618	619	2	0.54	-3	5.24528301886792
548	620	621	6	6.5	-3	4.97260273972603
549	0	0	0	0	-1	4.25
550	622	623	6	10.5	-3	6
551	0	0	0	0	-1	5
552	624	625	4	4.75	-3	5.09
553	626	627	7	53.5	-3	5.33333333333333
554	628	629	6	6	-3	5
555	0	0	0	0	-1	6
556	0	0	0	0	-1	5
557	630	631	9	3.355	-3	4.25
558	632	633	9	3.315	-3	5
559	0	0	0	0	-1	6
560	0	0	0	0	-1	6
561	0	0	0	0	-1	6
562	0	0	0	0	-1	6
563	634	635	8	0	-3	5
564	0	0	0	0	-1	7
565	636	637	7	67	-3	6
566	638	639	7	63	-3	5.5
567	640	641	2	0	-3	6
568	0	0	0	0	-1	5.5
569	642	643	6	17.5	-3	5
570	0	0	0	0	-1	5
571	644	645	8	0.995825	-3	5.8
572	646	647	4	0	-3	5
573	0	0	0	0	-1	5.5
574	0	0	0	0	-1	5
575	648	649	10	0.565	-3	5.875
576	0	0	0	0	-1	7
577	0	0	0	0	-1	5
578	650	651	11	3.48	-3	5
579	0	0	0	0	-1	5
580	0	0	0	0	-1	6
581	0	0	0	0	-1	4
582	0	0	0	0	-1	5
583	652	653	8	0	-3	6
584	0	0	0	0	-1	5.5
585	654	655	7	37	-3	6
586	0	0	0	0	-1	6
587	656	657	1	7.75	-3	5.16666666666667
588	658	659	6	15.5	-3	5.04166666666667
589	660	661	9	3.435	-3	5.375
590	0	0	0	0	-1	5.66666666666667
591	662	663	3	0.255	-3	5.02631578947368
592	664	665	2	0.6	-3	5.14285714285714
593	0	0	0	0	-1	6
594	666	667	7	25.5	-3	6.33333333333333
595	668	669	10	0.625	-3	5.94736842105263
596	0	0	0	0	-1	6
597	670	671	4	2.55	-3	6
598	0	0	0	0	-1	6
599	0	0	0	0	-1	6
600	0	0	0	0	-1	6
601	0	0	0	0	-1	6
602	0	0	0	0	-1	5
603	672	673	3	0	-3	5
604	0	0	0	0	-1	7
605	674	675	7	43.5	-3	7
606	0	0	0	0	-1	5.6
607	676	677	2	0.4	-3	6.19230769230769
608	0	0	0	0	-1	6
609	0	0	0	0	-1	7
610	678	679	8	0.9985	-3	5
611	0	0	0	0	-1	5.33333333333333
612	0	0	0	0	-1	4.5
613	0	0	0	0	-1	5
614	0	0	0	0	-1	6
615	0	0	0	0	-1	7
616	680	681	9	3.255	-3	5.05263157894737
617	0	0	0	0	-1	4
618	682	683	5	0.0725	-3	5.52380952380952
619	684	685	11	9.1	-3	5.0625
620	686	687	3	0.185	-3	4.8
621	688	689	7	67.5	-3	5
622	0	0	0	0	-1	6
623	0	0	0	0	-1	6
624	690	691	2	0.7175	-3	5.07291666666667
625	0	0	0	0	-1	5.5
626	692	693	8	0.99904	-3	5.66666666666667
627	694	695	1	9.55	-3	5
628	696	697	7	0	-3	5
629	0	0	0	0	-1	5
630	0	0	0	0	-1	4
631	0	0	0	0	-1	4.66666666666667
632	698	699	2	0.7025	-3	5.0625
633	0	0	0	0	-1	4
634	0	0	0	0	-1	6
635	700	701	5	0	-3	5
636	0	0	0	0	-1	6
637	702	703	4	5.5	-3	6
638	704	705	1	7.15	-3	5.83333333333333
639	0	0	0	0	-1	5
640	0	0	0	0	-1	6
641	706	707	10	0.55	-3	6
642	708	709	7	25.5	-3	5
643	0	0	0	0	-1	5
644	0	0	0	0	-1	5.4
645	710	711	1	9.55	-3	5.93333333333333
646	0	0	0	0	-1	5
647	0	0	0	0	-1	5
648	712	713	10	3.1	-3	6
649	0	0	0	0	-1	5
650	0	0	0	0	-1	5
651	714	715	11	10.4	-3	5
652	0	0	0	0	-1	6
653	0	0	0	0	-1	6
654	716	717	9	3.345	-3	6.05882352941176
655	0	0	0	0	-1	5
656	0	0	0	0	-1	5.33333333333333
657	0	0	0	0	-1	5
658	0	0	0	0	-1	5.25
659	718	719	10	0.63	-3	5
660	0	0	0	0	-1	6
661	720	721	4	1.85	-3	5.16666666666667
662	722	723	8	0.997375	-3	5.09090909090909
663	724	725	2	0.425	-3	5
664	726	727	3	0.29	-3	5.07692307692308
665	0	0	0	0	-1	6
666	0	0	0	0	-1	6.66666666666667
667	0	0	0	0	-1	6
668	728	729	5	0.056	-3	5.96774193548387
669	730	731	1	6.8	-3	5.85714285714286
670	0	0	0	0	-1	6
671	0	0	0	0	-1	6
672	0	0	0	0	-1	5
673	732	733	11	0	-3	5
674	0	0	0	0	-1	7
675	0	0	0	0	-1	7
676	0	0	0	0	-1	6.66666666666667
677	734	735	9	3.32	-3	6.1304347826087
678	0	0	0	0	-1	5
679	736	737	5	0.1095	-3	5
680	0	0	0	0	-1	6
681	0	0	0	0	-1	5
682	0	0	0	0	-1	6
683	738	739	10	0.565	-3	5.44444444444444
684	0	0	0	0	-1	4
685	740	741	6	22	-3	5.13333333333333
686	0	0	0	0	-1	4
687	742	743	11	9.15	-3	5
688	744	745	1	8.75	-3	5
689	746	747	2	0.365	-3	5
690	748	749	3	0.075	-3	5.15094339622642
691	750	751	9	3.135	-3	4.97674418604651
692	0	0	0	0	-1	6
693	0	0	0	0	-1	5
694	0	0	0	0	-1	5
695	0	0	0	0	-1	5
696	0	0	0	0	-1	5
697	0	0	0	0	-1	5
698	752	753	4	3.05	-3	5
699	0	0	0	0	-1	6
700	0	0	0	0	-1	5
701	0	0	0	0	-1	5
702	0	0	0	0	-1	6
703	0	0	0	0	-1	6
704	0	0	0	0	-1	5
705	0	0	0	0	-1	6
706	0	0	0	0	-1	6
707	0	0	0	0	-1	6
708	0	0	0	0	-1	5
709	0	0	0	0	-1	5
710	754	755	3	0.145	-3	6
711	0	0	0	0	-1	5.75
712	756	757	2	0.585	-3	6
713	0	0	0	0	-1	6
714	0	0	0	0	-1	5
715	758	759	11	0	-3	5
716	760	761	1	7.75	-3	6
717	0	0	0	0	-1	6.2
718	762	763	10	0	-3	5
719	0	0	0	0	-1	5
720	0	0	0	0	-1	5
721	0	0	0	0	-1	6
722	764	765	4	1.95	-3	5
723	0	0	0	0	-1	5.2
724	0	0	0	0	-1	5
725	766	767	3	0.315	-3	5
726	0	0	0	0	-1	5.25
727	768	769	6	15.5	-3	5
728	0	0	0	0	-1	5.8
729	770	771	8	0.99875	-3	6
730	0	0	0	0	-1	5
731	772	773	5	0.078	-3	6
732	0	0	0	0	-1	5
733	0	0	0	0	-1	5
734	774	775	3	0.17	-3	6
735	776	777	5	0.0835	-3	6.3
736	0	0	0	0	-1	5
737	778	779	7	0	-3	5
738	780	781	1	7.4	-3	5.61538461538461
739	0	0	0	0	-1	5
740	782	783	10	0.535	-3	5
741	784	785	11	9.45	-3	5.57142857142857
742	0	0	0	0	-1	5
743	786	787	2	0	-3	5
744	788	789	10	0.99594	-3	5
745	790	791	10	52.5	-3	5
746	792	793	10	0.505	-3	5
747	794	795	8	0.515	-3	5
748	796	797	1	7.35	-3	5
749	798	799	10	0.545	-3	5.27586206896552
750	0	0	0	0	-1	5.5
751	800	801	1	8.75	-3	4.95121951219512
752	0	0	0	0	-1	5
753	0	0	0	0	-1	5
754	802	803	7	24	-3	6
755	0	0	0	0	-1	6
756	0	0	0	0	-1	6
757	0	0	0	0	-1	6
758	0	0	0	0	-1	5
759	804	805	11	10.85	-3	5
760	0	0	0	0	-1	6
761	806	807	6	5.5	-3	6
762	0	0	0	0	-1	5
763	808	809	5	0.0835	-3	5
764	0	0	0	0	-1	5
765	0	0	0	0	-1	5
766	810	811	8	0	-3	5
767	812	813	1	0	-3	5
768	0	0	0	0	-1	5
769	814	815	2	0	-3	5
770	816	817	4	0.99351	-3	6
771	0	0	0	0	-1	6
772	0	0	0	0	-1	6
773	0	0	0	0	-1	6
774	0	0	0	0	-1	6
775	0	0	0	0	-1	6
776	0	0	0	0	-1	7
777	818	819	11	0	-3	6
778	0	0	0	0	-1	6
779	820	821	10	1	-3	5
780	0	0	0	0	-1	6
781	822	823	8	0.9972	-3	5.375
782	824	825	3	0.115	-3	5
783	0	0	0	0	-1	5
784	0	0	0	0	-1	5.25
785	0	0	0	0	-1	6
786	0	0	0	0	-1	5
787	0	0	0	0	-1	5
788	0	0	0	0	-1	5
789	0	0	0	0	-1	5
790	826	827	8	0.99759	-3	5
791	0	0	0	0	-1	5
792	828	829	3	0	-3	5
793	0	0	0	0	-1	5
794	0	0	0	0	-1	5
795	830	831	7	107	-3	5
796	0	0	0	0	-1	5
797	832	833	4	1.6	-3	5
798	834	835	9	3.2	-3	5.44444444444444
799	0	0	0	0	-1	5
800	836	837	7	65.5	-3	5
801	838	839	3	0.16	-3	4.75
802	0	0	0	0	-1	6
803	0	0	0	0	-1	6
804	0	0	0	0	-1	5
805	0	0	0	0	-1	5
806	0	0	0	0	-1	6
807	840	841	5	0.0825	-3	6
808	842	843	6	18.5	-3	5
809	0	0	0	0	-1	5
810	0	0	0	0	-1	5
811	844	845	8	0.99607	-3	5
812	0	0	0	0	-1	6
813	846	847	8	0.9983	-3	5
814	0	0	0	0	-1	6
815	848	849	6	0	-3	5
816	0	0	0	0	-1	3
817	850	851	7	21	-3	6
818	0	0	0	0	-1	4
819	852	853	3	0.03	-3	6
820	0	0	0	0	-1	5
821	0	0	0	0	-1	5
822	0	0	0	0	-1	5.75
823	0	0	0	0	-1	5
824	0	0	0	0	-1	5
825	854	855	5	0	-3	5
826	0	0	0	0	-1	5
827	0	0	0	0	-1	5
828	0	0	0	0	-1	6
829	0	0	0	0	-1	5
830	856	857	4	0	-3	5
831	858	859	11	0	-3	5
832	0	0	0	0	-1	5
833	0	0	0	0	-1	5
834	0	0	0	0	-1	5
835	860	861	8	0.996625	-3	5.57142857142857
836	862	863	5	0.104	-3	5
837	0	0	0	0	-1	5
838	0	0	0	0	-1	4
839	864	865	2	1.11	-3	5
840	866	867	4	1.95	-3	6
841	0	0	0	0	-1	6
842	868	869	3	0	-3	5
843	870	871	2	0.495	-3	5
844	0	0	0	0	-1	5
845	0	0	0	0	-1	5
846	872	873	3	0	-3	5
847	0	0	0	0	-1	5
848	0	0	0	0	-1	7
849	0	0	0	0	-1	5
850	0	0	0	0	-1	6
851	0	0	0	0	-1	6
852	0	0	0	0	-1	6
853	0	0	0	0	-1	6
854	0	0	0	0	-1	5
855	874	875	10	0	-3	5
856	0	0	0	0	-1	5
857	876	877	2	0.435	-3	5
858	0	0	0	0	-1	5
859	878	879	11	9.6	-3	5
860	880	881	5	0.0925	-3	5.25
861	882	883	2	0.645	-3	6
862	884	885	11	9.3	-3	5
863	0	0	0	0	-1	5
864	0	0	0	0	-1	5
865	0	0	0	0	-1	5
866	0	0	0	0	-1	6
867	0	0	0	0	-1	6
868	0	0	0	0	-1	5
869	0	0	0	0	-1	5
870	0	0	0	0	-1	5
871	886	887	7	0	-3	5
872	0	0	0	0	-1	4
873	888	889	10	0.625	-3	5
874	0	0	0	0	-1	5
875	0	0	0	0	-1	5
876	0	0	0	0	-1	5
877	890	891	1	0	-3	5
878	0	0	0	0	-1	5
879	0	0	0	0	-1	5
880	0	0	0	0	-1	5
881	0	0	0	0	-1	5.66666666666667
882	0	0	0	0	-1	6
883	0	0	0	0	-1	6
884	0	0	0	0	-1	5
885	892	893	11	0	-3	5
886	0	0	0	0	-1	6
887	894	895	2	0.57	-3	5
888	896	897	10	0	-3	5
889	0	0	0	0	-1	5
890	0	0	0	0	-1	6
891	898	899	10	0	-3	5
892	0	0	0	0	-1	6
893	900	901	6	0.0695	-3	5
894	0	0	0	0	-1	5
895	0	0	0	0	-1	5
896	0	0	0	0	-1	4
897	902	903	7	15.5	-3	5
898	0	0	0	0	-1	5
899	904	905	11	9.45	-3	5
900	0	0	0	0	-1	6
901	906	907	7	22.5	-3	5
902	0	0	0	0	-1	5
903	0	0	0	0	-1	5
904	0	0	0	0	-1	5
905	0	0	0	0	-1	5
906	908	909	10	0	-3	5
907	910	911	6	0	-3	5
908	0	0	0	0	-1	5
909	912	913	3	0.015	-3	5
910	0	0	0	0	-1	6
911	914	915	6	2.2	-3	5
912	0	0	0	0	-1	5
913	916	917	8	0	-3	5
914	0	0	0	0	-1	6
915	0	0	0	0	-1	5
916	0	0	0	0	-1	5
917	918	919	7	0	-3	5
918	0	0	0	0	-1	6
919	0	0	0	0	-1	5
