1	2	3	2	0.405	-3	5.64665415884928
2	4	5	8	0.99553	-3	6.17579908675799
3	6	7	11	10.15	-3	5.44702842377261
4	8	9	1	6.65	-3	6.47169811320754
5	10	11	11	10.15	-3	6.00716845878136
6	12	13	10	0.535	-3	5.22171945701357
7	14	15	10	0.585	-3	5.74698795180723
8	16	17	8	0.995495	-3	5.96
9	18	19	10	0.615	-3	6.56716417910448
10	20	21	6	18.5	-3	5.632
11	22	23	2	0.355	-3	6.31168831168831
12	24	25	9	3.385	-3	5.03517587939698
13	26	27	2	0.6475	-3	5.30172413793103
14	28	29	2	1	-3	5.41916167664671
15	30	31	10	0.835	-3	5.91238670694864
16	32	33	10	0.47	-3	5.8695652173913
17	0	0	0	0	-1	7
18	34	35	9	3.425	-3	6.26923076923077
19	36	37	7	46	-3	6.75609756097561
20	38	39	9	3.005	-3	5.8125
21	40	41	5	0.0735	-3	5.31111111111111
22	42	43	5	0.0955	-3	6.44565217391304
23	44	45	1	7.45	-3	6.11290322580645
24	46	47	4	1.25	-3	4.97604790419162
25	48	49	5	0.074	-3	5.34375
26	50	51	3	0.025	-3	5.37151702786378
27	52	53	8	0.99935	-3	5.14184397163121
28	54	55	6	8.5	-3	5.50632911392405
29	56	57	10	0.485	-3	3.88888888888889
30	58	59	7	95.5	-3	5.83687943262411
31	60	61	11	11.9	-3	6.34693877551021
32	0	0	0	0	-1	5
33	62	63	11	9.7	-3	6
34	64	65	10	0.605	-3	6.31372549019608
35	0	0	0	0	-1	4
36	66	67	8	0.994145	-3	6.84057971014493
37	68	69	1	9.05	-3	6.30769230769231
38	70	71	11	9.5	-3	6.5
39	72	73	10	0.505	-3	5.75675675675676
40	74	75	9	3.37	-3	4.72727272727273
41	76	77	1	7.65	-3	5.5
42	78	79	3	0.27	-3	6.52439024390244
43	80	81	8	0.99762	-3	5.8
44	0	0	0	0	-1	5
45	82	83	10	0.765	-3	6.16949152542373
46	0	0	0	0	-1	3
47	84	85	5	0.052	-3	5
48	86	87	1	7.1	-3	6.5
49	88	89	2	0.605	-3	5.07692307692308
50	90	91	1	7.65	-3	5.79411764705882
51	92	93	11	9.95	-3	5.32179930795848
52	94	95	3	0.645	-3	5.11851851851852
53	96	97	5	0.104	-3	5.66666666666667
54	98	99	9	3.285	-3	5.21428571428571
55	100	101	7	19.5	-3	5.66666666666667
56	0	0	0	0	-1	4.5
57	0	0	0	0	-1	3.4
58	102	103	11	11.55	-3	5.86940298507463
59	104	105	8	0.9932	-3	5.21428571428571
60	106	107	9	3.09	-3	6
61	108	109	9	3.095	-3	6.85
62	0	0	0	0	-1	5
63	110	111	11	10.5	-3	6.05263157894737
64	112	113	1	6.95	-3	6.36734693877551
65	0	0	0	0	-1	5
66	114	115	2	0.22	-3	6.46153846153846
67	116	117	3	0.315	-3	6.92857142857143
68	118	119	2	0.29	-3	6.09090909090909
69	0	0	0	0	-1	7.5
70	0	0	0	0	-1	6
71	0	0	0	0	-1	7.5
72	120	121	4	1.85	-3	5.2
73	122	123	8	0.9961	-3	5.84375
74	0	0	0	0	-1	4
75	124	125	8	0.996185	-3	5
76	126	127	11	9.45	-3	5.78947368421053
77	128	129	10	0.66	-3	5.13333333333333
78	130	131	11	10.45	-3	5.66666666666667
79	132	133	10	0.64	-3	6.59210526315789
80	0	0	0	0	-1	6.4
81	0	0	0	0	-1	5.2
82	134	135	3	0.415	-3	6.08163265306122
83	136	137	2	0.395	-3	6.6
84	0	0	0	0	-1	6
85	138	139	7	24.5	-3	4.98773006134969
86	0	0	0	0	-1	5.5
87	0	0	0	0	-1	7
88	140	141	9	3.495	-3	5.33333333333333
89	142	143	1	7.95	-3	5
90	144	145	3	0.005	-3	5.62962962962963
91	146	147	3	0.01	-3	6.42857142857143
92	148	149	1	10.45	-3	5.26086956521739
93	150	151	4	2.55	-3	5.75
94	152	153	4	1.35	-3	5.10526315789474
95	0	0	0	0	-1	6
96	0	0	0	0	-1	6
97	0	0	0	0	-1	5
98	154	155	2	0.415	-3	5.6875
99	156	157	9	3.81	-3	5.025
100	158	159	8	0.996115	-3	6.33333333333333
101	160	161	3	0.075	-3	5.55172413793103
102	162	163	7	13.5	-3	5.72857142857143
103	164	165	10	0.635	-3	6.37931034482759
104	0	0	0	0	-1	7
105	166	167	2	0.65	-3	5.07692307692308
106	0	0	0	0	-1	5
107	168	169	7	54.5	-3	6.11538461538461
108	0	0	0	0	-1	6
109	170	171	7	20	-3	6.89473684210526
110	0	0	0	0	-1	7
111	0	0	0	0	-1	6
112	172	173	4	2.1	-3	7
113	174	175	3	0.62	-3	6.27906976744186
114	0	0	0	0	-1	5.66666666666667
115	176	177	7	25.5	-3	6.7
116	178	179	6	17.5	-3	7.28571428571429
117	180	181	1	10.05	-3	6.87755102040816
118	0	0	0	0	-1	5
119	182	183	7	49	-3	6.2
120	0	0	0	0	-1	6
121	184	185	11	9.35	-3	4.85714285714286
122	0	0	0	0	-1	6.5
123	186	187	1	11	-3	5.82258064516129
124	0	0	0	0	-1	4
125	0	0	0	0	-1	5.6
126	0	0	0	0	-1	5.25
127	188	189	9	3.315	-3	5.93333333333333
128	190	191	6	29.5	-3	5
129	0	0	0	0	-1	5.4
130	0	0	0	0	-1	6
131	0	0	0	0	-1	5
132	192	193	7	11.5	-3	5.33333333333333
133	194	195	9	3.215	-3	6.7
134	196	197	6	9.5	-3	6.33333333333333
135	198	199	3	0.505	-3	6
136	0	0	0	0	-1	6
137	200	201	4	6.15	-3	7
138	202	203	9	3.245	-3	4.77272727272727
139	204	205	3	0.225	-3	5.0672268907563
140	0	0	0	0	-1	5
141	0	0	0	0	-1	6
142	0	0	0	0	-1	5
143	0	0	0	0	-1	5
144	206	207	7	36	-3	6
145	208	209	10	0.675	-3	5.41176470588235
146	0	0	0	0	-1	6
147	0	0	0	0	-1	7
148	210	211	11	8.55	-3	5.3
149	212	213	9	3.025	-3	4.53846153846154
150	214	215	3	0.035	-3	5.47826086956522
151	216	217	6	10	-3	6.23076923076923
152	0	0	0	0	-1	4.66666666666667
153	218	219	2	0.9875	-3	5.11538461538462
154	0	0	0	0	-1	7
155	220	221	3	0.315	-3	5.6
156	222	223	7	36	-3	5.05128205128205
157	0	0	0	0	-1	4
158	0	0	0	0	-1	7
159	0	0	0	0	-1	6
160	224	225	7	27.5	-3	5.775
161	226	227	10	0.525	-3	5.36170212765957
162	228	229	9	3.485	-3	5
163	230	231	8	1.003175	-3	5.77664974619289
164	232	233	7	47.5	-3	5.90476190476191
165	234	235	9	3.51	-3	6.64864864864865
166	236	237	4	2.2	-3	5
167	0	0	0	0	-1	5.33333333333333
168	238	239	10	0.925	-3	6.22727272727273
169	0	0	0	0	-1	5.5
170	0	0	0	0	-1	6
171	240	241	5	0.0755	-3	6.94444444444444
172	0	0	0	0	-1	7
173	0	0	0	0	-1	7
174	242	243	6	6.5	-3	6.20512820512821
175	0	0	0	0	-1	7
176	244	245	10	0.76	-3	7
177	0	0	0	0	-1	6.25
178	0	0	0	0	-1	8
179	0	0	0	0	-1	7
180	246	247	9	3.16	-3	6.91489361702128
181	0	0	0	0	-1	6
182	0	0	0	0	-1	6.5
183	248	249	3	0.35	-3	6
184	0	0	0	0	-1	4
185	250	251	2	6.5	-3	5
186	252	253	3	0.515	-3	5.74418604651163
187	254	255	1	11.85	-3	6
188	0	0	0	0	-1	5
189	256	257	9	3.385	-3	6
190	258	259	4	56	-3	5
191	0	0	0	0	-1	5
192	0	0	0	0	-1	6
193	0	0	0	0	-1	5
194	260	261	8	0.9973	-3	6.92
195	262	263	3	0.47	-3	6.57777777777778
196	0	0	0	0	-1	7
197	264	265	6	22.5	-3	6
198	266	267	8	0.997665	-3	5.57142857142857
199	268	269	4	5.5	-3	6.1
200	0	0	0	0	-1	7
201	0	0	0	0	-1	7
202	270	271	1	7.45	-3	5
203	272	273	1	7.8	-3	4.6
204	274	275	6	6.5	-3	5.15384615384615
205	276	277	6	17.5	-3	4.96296296296296
206	0	0	0	0	-1	6
207	0	0	0	0	-1	6
208	278	279	9	3.475	-3	5.7
209	280	281	8	0	-3	5
210	0	0	0	0	-1	3
211	282	283	6	7.5	-3	5.30962343096234
212	0	0	0	0	-1	7
213	284	285	11	9.1	-3	4.33333333333333
214	286	287	9	3.505	-3	4.66666666666667
215	288	289	6	25	-3	5.76470588235294
216	0	0	0	0	-1	7
217	290	291	4	2.65	-3	6
218	292	293	2	0.9425	-3	5.09756097560976
219	294	295	5	0.131	-3	5.42857142857143
220	296	297	11	12.4	-3	5.9
221	0	0	0	0	-1	5
222	298	299	11	10.25	-3	5
223	0	0	0	0	-1	6
224	0	0	0	0	-1	4.5
225	300	301	8	0.99675	-3	5.84210526315789
226	302	303	9	3.255	-3	5.13636363636364
227	304	305	6	15.5	-3	5.56
228	306	307	5	0.0685	-3	5.44444444444444
229	0	0	0	0	-1	4
230	308	309	11	10.525	-3	5.76410256410256
231	0	0	0	0	-1	7
232	310	311	6	3.5	-3	6
233	0	0	0	0	-1	5
234	312	313	7	68.5	-3	6.5625
235	0	0	0	0	-1	7.2
236	0	0	0	0	-1	5
237	314	315	2	0.465	-3	5
238	316	317	11	10.85	-3	6.5
239	318	319	5	0.076	-3	6
240	320	321	10	0	-3	7
241	0	0	0	0	-1	6.8
242	322	323	2	0.33	-3	6.625
243	324	325	9	3.255	-3	6.09677419354839
244	0	0	0	0	-1	7
245	0	0	0	0	-1	7
246	0	0	0	0	-1	6
247	326	327	5	0.0785	-3	6.93478260869565
248	0	0	0	0	-1	6
249	0	0	0	0	-1	6
250	0	0	0	0	-1	5
251	0	0	0	0	-1	5
252	328	329	8	0.9995	-3	5.88571428571429
253	330	331	7	77.5	-3	5.125
254	332	333	9	3.165	-3	6
255	0	0	0	0	-1	6
256	0	0	0	0	-1	6
257	334	335	4	2.35	-3	6
258	336	337	11	8.95	-3	5
259	0	0	0	0	-1	5
260	338	339	4	2.5	-3	7.25
261	340	341	11	10.45	-3	6.76470588235294
262	342	343	5	0.077	-3	6.82608695652174
263	344	345	10	0.77	-3	6.31818181818182
264	0	0	0	0	-1	6
265	0	0	0	0	-1	6
266	0	0	0	0	-1	6
267	0	0	0	0	-1	5
268	346	347	10	0.715	-3	6.13793103448276
269	0	0	0	0	-1	5
270	0	0	0	0	-1	5
271	348	349	3	0.065	-3	5
272	350	351	8	0.99651	-3	4.90909090909091
273	352	353	2	0.8325	-3	4.35714285714286
274	0	0	0	0	-1	4.5
275	354	355	8	0.996695	-3	5.17460317460317
276	356	357	2	0.6725	-3	4.91304347826087
277	358	359	2	0.435	-3	5
278	360	361	2	0.575	-3	6
279	0	0	0	0	-1	5.25
280	0	0	0	0	-1	6
281	362	363	6	11	-3	5
282	364	365	3	0.25	-3	5.62962962962963
283	366	367	3	0.235	-3	5.2688679245283
284	0	0	0	0	-1	3
285	368	369	8	0.9994	-3	4.45454545454546
286	0	0	0	0	-1	5
287	0	0	0	0	-1	4
288	370	371	4	1.95	-3	5.6875
289	0	0	0	0	-1	7
290	0	0	0	0	-1	7
291	372	373	9	3.245	-3	5.88888888888889
292	374	375	6	3.5	-3	5.10655737704918
293	0	0	0	0	-1	4
294	0	0	0	0	-1	6
295	0	0	0	0	-1	5
296	376	377	10	0.565	-3	6
297	0	0	0	0	-1	5
298	0	0	0	0	-1	3
299	378	379	1	9.2	-3	5.05555555555556
300	380	381	11	12.05	-3	5.94117647058824
301	0	0	0	0	-1	5
302	0	0	0	0	-1	5.66666666666667
303	382	383	3	0.09	-3	5.05263157894737
304	384	385	5	0.0665	-3	5.11111111111111
305	386	387	6	26.5	-3	5.8125
306	0	0	0	0	-1	6.5
307	388	389	2	0.485	-3	5.14285714285714
308	390	391	9	3.435	-3	5.62162162162162
309	392	393	1	7.7	-3	5.85123966942149
310	0	0	0	0	-1	7
311	394	395	2	0.45	-3	5.94444444444444
312	396	397	4	2.3	-3	6.6551724137931
313	0	0	0	0	-1	5.66666666666667
314	0	0	0	0	-1	5
315	398	399	7	0	-3	5
316	0	0	0	0	-1	7
317	0	0	0	0	-1	6
318	0	0	0	0	-1	6
319	0	0	0	0	-1	6
320	0	0	0	0	-1	6
321	400	401	7	55	-3	7
322	0	0	0	0	-1	6.4
323	0	0	0	0	-1	7
324	402	403	2	0.325	-3	6.16666666666667
325	404	405	8	0.9929	-3	6
326	406	407	3	0.48	-3	7.02631578947368
327	408	409	1	8.75	-3	6.5
328	410	411	7	13.5	-3	5.93939393939394
329	0	0	0	0	-1	5
330	412	413	1	0	-3	5
331	0	0	0	0	-1	6
332	0	0	0	0	-1	6
333	414	415	10	0.805	-3	6
334	0	0	0	0	-1	6
335	0	0	0	0	-1	6
336	0	0	0	0	-1	5
337	416	417	6	0	-3	5
338	418	419	1	11.45	-3	7
339	0	0	0	0	-1	8
340	0	0	0	0	-1	6
341	420	421	10	1.055	-3	6.92857142857143
342	422	423	5	0.063	-3	6.65
343	0	0	0	0	-1	8
344	424	425	9	3.24	-3	6.75
345	426	427	8	0.99762	-3	6.07142857142857
346	428	429	5	0.067	-3	6.04
347	0	0	0	0	-1	6.75
348	0	0	0	0	-1	5
349	430	431	3	0.455	-3	5
350	432	433	3	0.035	-3	5
351	0	0	0	0	-1	4.66666666666667
352	434	435	8	0.998265	-3	4.625
353	436	437	7	0	-3	4
354	438	439	6	10.5	-3	5.025
355	440	441	9	3.27	-3	5.43478260869565
356	442	443	3	0.31	-3	4.95454545454545
357	0	0	0	0	-1	4
358	0	0	0	0	-1	5
359	444	445	7	97	-3	5
360	0	0	0	0	-1	6
361	0	0	0	0	-1	6
362	0	0	0	0	-1	5
363	0	0	0	0	-1	5
364	446	447	10	0.865	-3	5.46666666666667
365	448	449	8	0.997285	-3	5.83333333333333
366	450	451	5	0.0765	-3	5.3875
367	452	453	8	0.996785	-3	5.1969696969697
368	454	455	9	0.99823	-3	4
369	0	0	0	0	-1	5
370	456	457	3	0	-3	6
371	458	459	8	0.996635	-3	5.44444444444444
372	0	0	0	0	-1	5.75
373	0	0	0	0	-1	6
374	0	0	0	0	-1	6
375	460	461	8	0.998165	-3	5.09917355371901
376	0	0	0	0	-1	6
377	0	0	0	0	-1	6
378	462	463	3	0.005	-3	5.02857142857143
379	0	0	0	0	-1	6
380	464	465	6	24.5	-3	5.90625
381	0	0	0	0	-1	6.5
382	0	0	0	0	-1	6
383	466	467	11	0	-3	5
384	0	0	0	0	-1	5.5
385	468	469	2	0	-3	5
386	0	0	0	0	-1	6
387	470	471	3	0.165	-3	5.5
388	472	473	4	2.95	-3	5
389	0	0	0	0	-1	6
390	474	475	2	0.49	-3	5.74545454545455
391	476	477	10	0.655	-3	5.26315789473684
392	478	479	7	17.5	-3	6
393	480	481	3	0.375	-3	5.67272727272727
394	0	0	0	0	-1	7
395	482	483	7	27	-3	5.88235294117647
396	484	485	4	2.05	-3	6
397	486	487	8	0.9999	-3	6.90476190476191
398	0	0	0	0	-1	5
399	488	489	10	0.715	-3	5
400	0	0	0	0	-1	7
401	490	491	10	0.875	-3	7
402	492	493	2	0.275	-3	6.30769230769231
403	0	0	0	0	-1	5.8
404	0	0	0	0	-1	6
405	494	495	9	3.32	-3	6
406	496	497	8	0	-3	7
407	0	0	0	0	-1	7.33333333333333
408	0	0	0	0	-1	6
409	0	0	0	0	-1	7
410	0	0	0	0	-1	5
411	498	499	4	1.9	-3	5.96875
412	0	0	0	0	-1	5
413	500	501	11	0.55	-3	5
414	0	0	0	0	-1	6
415	0	0	0	0	-1	6
416	0	0	0	0	-1	6
417	502	503	1	20.5	-3	5
418	0	0	0	0	-1	7
419	0	0	0	0	-1	7
420	504	505	4	0	-3	7
421	0	0	0	0	-1	6
422	506	507	10	0.79	-3	6.25
423	508	509	3	0.335	-3	6.91666666666667
424	0	0	0	0	-1	6
425	510	511	11	10.6	-3	7
426	512	513	9	3.29	-3	5.83333333333333
427	514	515	7	52	-3	6.25
428	0	0	0	0	-1	7
429	516	517	7	38	-3	6
430	518	519	1	0.09	-3	5
431	0	0	0	0	-1	5
432	0	0	0	0	-1	5
433	520	521	11	9.5	-3	5
434	0	0	0	0	-1	4
435	0	0	0	0	-1	5
436	0	0	0	0	-1	5
437	0	0	0	0	-1	4
438	522	523	8	0.995925	-3	5.28571428571429
439	524	525	11	9.1	-3	4.96969696969697
440	526	527	5	0.0955	-3	5.69230769230769
441	528	529	5	0.072	-3	5.1
442	530	531	4	2.5	-3	4.85714285714286
443	532	533	11	0	-3	5
444	534	535	5	0.089	-3	5
445	536	537	6	0	-3	5
446	538	539	11	9.75	-3	5.33333333333333
447	0	0	0	0	-1	6
448	0	0	0	0	-1	5
449	0	0	0	0	-1	6
450	540	541	7	93	-3	5.625
451	542	543	7	64	-3	5.22916666666667
452	544	545	10	0.565	-3	5.41379310344828
453	546	547	11	9.85	-3	5.13592233009709
454	0	0	0	0	-1	6
455	0	0	0	0	-1	4
456	0	0	0	0	-1	5
457	548	549	4	1.85	-3	6
458	0	0	0	0	-1	5
459	550	551	7	39	-3	5.66666666666667
460	552	553	7	23.5	-3	5.07692307692308
461	554	555	11	9.85	-3	5.23529411764706
462	556	557	11	11.15	-3	5.22222222222222
463	558	559	1	8.2	-3	4.96153846153846
464	560	561	7	45.5	-3	6
465	562	563	7	43.5	-3	5.72727272727273
466	0	0	0	0	-1	5
467	564	565	9	3.365	-3	5
468	0	0	0	0	-1	5
469	0	0	0	0	-1	5
470	0	0	0	0	-1	5
471	0	0	0	0	-1	5.6
472	0	0	0	0	-1	5
473	0	0	0	0	-1	5
474	566	567	3	0.22	-3	5.375
475	568	569	5	0.0875	-3	5.8974358974359
476	570	571	4	2	-3	5.625
477	572	573	1	0.081	-3	5
478	574	575	11	10.7	-3	5.66666666666667
479	576	577	11	10.85	-3	6.07407407407407
480	578	579	5	0.0935	-3	5.48387096774194
481	580	581	1	14.75	-3	5.91666666666667
482	582	583	3	0.18	-3	5.66666666666667
483	0	0	0	0	-1	6
484	0	0	0	0	-1	6
485	0	0	0	0	-1	6
486	584	585	3	0.665	-3	7
487	0	0	0	0	-1	6
488	0	0	0	0	-1	5
489	0	0	0	0	-1	5
490	586	587	1	7.9	-3	7
491	0	0	0	0	-1	7
492	588	589	5	0.0755	-3	6.18181818181818
493	0	0	0	0	-1	7
494	0	0	0	0	-1	6
495	590	591	5	0.067	-3	6
496	0	0	0	0	-1	8
497	592	593	10	0	-3	7
498	594	595	11	9.45	-3	5.8
499	596	597	2	0.375	-3	6.11764705882353
500	0	0	0	0	-1	6
501	0	0	0	0	-1	5
502	0	0	0	0	-1	5
503	0	0	0	0	-1	5
504	0	0	0	0	-1	5
505	598	599	11	10.7	-3	7
506	0	0	0	0	-1	7
507	600	601	5	0.0565	-3	6
508	0	0	0	0	-1	6
509	0	0	0	0	-1	7
510	0	0	0	0	-1	7
511	0	0	0	0	-1	7
512	0	0	0	0	-1	5
513	0	0	0	0	-1	6
514	602	603	3	0.535	-3	6.14285714285714
515	0	0	0	0	-1	7
516	604	605	3	0.535	-3	6
517	0	0	0	0	-1	6
518	0	0	0	0	-1	6
519	606	607	4	1.45	-3	5
520	0	0	0	0	-1	5
521	0	0	0	0	-1	5
522	0	0	0	0	-1	5
523	0	0	0	0	-1	5.5
524	0	0	0	0	-1	4
525	608	609	1	6.6	-3	5
526	610	611	8	0.997495	-3	5.9
527	0	0	0	0	-1	5
528	0	0	0	0	-1	6
529	612	613	1	0.755	-3	5
530	0	0	0	0	-1	5
531	0	0	0	0	-1	4
532	0	0	0	0	-1	5
533	614	615	9	0	-3	5
534	616	617	6	0	-3	5
535	0	0	0	0	-1	5
536	0	0	0	0	-1	6
537	0	0	0	0	-1	5
538	618	619	3	0.135	-3	5.2
539	0	0	0	0	-1	6
540	620	621	9	3.245	-3	5.47826086956522
541	0	0	0	0	-1	6
542	622	623	1	7.95	-3	5.42307692307692
543	624	625	10	1.025	-3	5
544	626	627	10	0.555	-3	6
545	628	629	10	1.38	-3	5.26086956521739
546	630	631	10	1.99	-3	5.10416666666667
547	632	633	3	0.275	-3	5.57142857142857
548	0	0	0	0	-1	6
549	0	0	0	0	-1	6
550	0	0	0	0	-1	5.33333333333333
551	0	0	0	0	-1	6
552	634	635	8	0.997725	-3	4.95652173913043
553	636	637	4	1.65	-3	5.11111111111111
554	638	639	3	0.205	-3	5.07142857142857
555	0	0	0	0	-1	6
556	640	641	11	12.5	-3	5
557	0	0	0	0	-1	5.66666666666667
558	642	643	3	0.21	-3	5
559	644	645	3	0.07	-3	4.85714285714286
560	646	647	11	11	-3	6
561	0	0	0	0	-1	6
562	0	0	0	0	-1	6
563	648	649	8	0.99438	-3	5.5
564	0	0	0	0	-1	5
565	650	651	1	0	-3	5
566	0	0	0	0	-1	6
567	652	653	9	3.26	-3	5.23076923076923
568	654	655	5	0.0855	-3	5.73684210526316
569	656	657	3	0.135	-3	6.05
570	0	0	0	0	-1	5
571	0	0	0	0	-1	6
572	0	0	0	0	-1	5
573	658	659	11	10.35	-3	5
574	0	0	0	0	-1	5
575	0	0	0	0	-1	6
576	660	661	2	0.545	-3	6.31818181818182
577	662	663	2	0.57	-3	5.90625
578	664	665	6	13	-3	5.70833333333333
579	666	667	11	11.25	-3	4.71428571428571
580	668	669	4	3	-3	6
581	0	0	0	0	-1	5
582	0	0	0	0	-1	5
583	0	0	0	0	-1	6
584	670	671	8	0.994585	-3	6.94117647058824
585	0	0	0	0	-1	7.5
586	0	0	0	0	-1	7
587	0	0	0	0	-1	7
588	672	673	2	0.235	-3	6.1
589	0	0	0	0	-1	7
590	0	0	0	0	-1	6
591	0	0	0	0	-1	6
592	0	0	0	0	-1	7
593	674	675	6	0	-3	7
594	0	0	0	0	-1	5.33333333333333
595	676	677	5	0.0585	-3	5.91666666666667
596	678	679	3	0.225	-3	6
597	0	0	0	0	-1	6.4
598	0	0	0	0	-1	7
599	680	681	6	7.5	-3	7
600	0	0	0	0	-1	6
601	0	0	0	0	-1	6
602	682	683	8	0.9995	-3	6
603	0	0	0	0	-1	7
604	0	0	0	0	-1	6
605	0	0	0	0	-1	6
606	0	0	0	0	-1	5
607	684	685	11	0	-3	5
608	686	687	11	0.0715	-3	5
609	688	689	5	0.094	-3	5
610	690	691	4	2.35	-3	6
611	0	0	0	0	-1	5.66666666666667
612	0	0	0	0	-1	6
613	692	693	10	0.475	-3	5
614	0	0	0	0	-1	5
615	694	695	11	9.1	-3	5
616	0	0	0	0	-1	6
617	696	697	10	0.525	-3	5
618	0	0	0	0	-1	5.4
619	0	0	0	0	-1	5
620	0	0	0	0	-1	6
621	698	699	7	38.5	-3	5.4
622	700	701	8	0.996995	-3	5.26315789473684
623	702	703	8	0.9994	-3	5.85714285714286
624	704	705	2	0.625	-3	5.04761904761905
625	0	0	0	0	-1	4
626	0	0	0	0	-1	6
627	0	0	0	0	-1	6
628	706	707	11	9.2	-3	5.19047619047619
629	0	0	0	0	-1	6
630	708	709	4	11.05	-3	5.11578947368421
631	0	0	0	0	-1	4
632	0	0	0	0	-1	5
633	0	0	0	0	-1	6
634	710	711	5	0.0785	-3	5
635	0	0	0	0	-1	4
636	0	0	0	0	-1	5.5
637	712	713	7	26	-3	5.09090909090909
638	714	715	6	18	-3	5
639	0	0	0	0	-1	6
640	0	0	0	0	-1	5
641	0	0	0	0	-1	5
642	0	0	0	0	-1	5
643	0	0	0	0	-1	5
644	0	0	0	0	-1	4
645	0	0	0	0	-1	5
646	716	717	10	0.52	-3	6
647	0	0	0	0	-1	6
648	0	0	0	0	-1	5
649	0	0	0	0	-1	6
650	0	0	0	0	-1	7
651	718	719	4	1.75	-3	5
652	0	0	0	0	-1	5.6
653	720	721	3	0.245	-3	5
654	722	723	7	31	-3	5.82352941176471
655	0	0	0	0	-1	5
656	0	0	0	0	-1	6.33333333333333
657	0	0	0	0	-1	6
658	0	0	0	0	-1	5
659	724	725	6	0	-3	5
660	726	727	9	3.495	-3	6
661	728	729	9	3.385	-3	6.58333333333333
662	730	731	5	0.0575	-3	5.66666666666667
663	732	733	4	2.8	-3	6
664	734	735	2	0.485	-3	6.16666666666667
665	736	737	6	15	-3	5.55555555555556
666	0	0	0	0	-1	5
667	0	0	0	0	-1	4
668	738	739	9	3.165	-3	5.94444444444444
669	0	0	0	0	-1	6.25
670	0	0	0	0	-1	6.5
671	740	741	3	0	-3	7
672	0	0	0	0	-1	6
673	0	0	0	0	-1	6.2
674	0	0	0	0	-1	5
675	742	743	2	0	-3	7
676	0	0	0	0	-1	5
677	744	745	9	3.28	-3	6
678	0	0	0	0	-1	6
679	746	747	6	0.285	-3	6
680	0	0	0	0	-1	7
681	748	749	7	35.5	-3	7
682	0	0	0	0	-1	6
683	0	0	0	0	-1	6
684	0	0	0	0	-1	6
685	750	751	8	0.99673	-3	5
686	0	0	0	0	-1	6
687	0	0	0	0	-1	5
688	752	753	8	0.995265	-3	5
689	0	0	0	0	-1	5
690	0	0	0	0	-1	6
691	0	0	0	0	-1	6
692	0	0	0	0	-1	5
693	754	755	7	0	-3	5
694	0	0	0	0	-1	5
695	756	757	10	0	-3	5
696	0	0	0	0	-1	5
697	0	0	0	0	-1	5
698	758	759	1	6.75	-3	5.8
699	760	761	11	9.75	-3	5
700	762	763	5	0.0795	-3	5.08333333333333
701	764	765	6	10.5	-3	5.57142857142857
702	0	0	0	0	-1	6
703	0	0	0	0	-1	5
704	766	767	9	3.42	-3	5
705	0	0	0	0	-1	5.25
706	0	0	0	0	-1	6
707	768	769	4	1.95	-3	5.10526315789474
708	770	771	3	0.245	-3	5.10638297872341
709	0	0	0	0	-1	6
710	772	773	2	0	-3	5
711	774	775	7	10.5	-3	5
712	0	0	0	0	-1	5.5
713	776	777	1	7.05	-3	5.08
714	778	779	4	0	-3	5
715	780	781	6	28.5	-3	5
716	0	0	0	0	-1	6
717	782	783	1	7.2	-3	6
718	0	0	0	0	-1	5
719	0	0	0	0	-1	5
720	0	0	0	0	-1	5
721	784	785	11	0	-3	5
722	786	787	4	1.95	-3	5.57142857142857
723	788	789	3	0.395	-3	6
724	0	0	0	0	-1	5
725	0	0	0	0	-1	5
726	790	791	3	0.185	-3	6
727	0	0	0	0	-1	6
728	0	0	0	0	-1	6
729	792	793	10	0.635	-3	7
730	0	0	0	0	-1	5
731	794	795	3	0.255	-3	5.85714285714286
732	796	797	7	22	-3	6
733	0	0	0	0	-1	6
734	0	0	0	0	-1	7
735	0	0	0	0	-1	6
736	0	0	0	0	-1	5
737	798	799	4	2	-3	5.71428571428571
738	0	0	0	0	-1	5.66666666666667
739	800	801	1	9.4	-3	6
740	0	0	0	0	-1	7
741	802	803	8	0	-3	7
742	0	0	0	0	-1	5
743	0	0	0	0	-1	7
744	0	0	0	0	-1	6
745	804	805	2	0.265	-3	6
746	0	0	0	0	-1	5
747	806	807	9	3.27	-3	6
748	0	0	0	0	-1	7
749	0	0	0	0	-1	7
750	0	0	0	0	-1	5
751	0	0	0	0	-1	5
752	808	809	11	0	-3	5
753	810	811	5	0.083	-3	5
754	0	0	0	0	-1	5
755	812	813	11	9.75	-3	5
756	0	0	0	0	-1	7
757	814	815	9	3.35	-3	5
758	0	0	0	0	-1	5
759	816	817	9	3.31	-3	6
760	818	819	6	24.5	-3	5
761	0	0	0	0	-1	5
762	0	0	0	0	-1	5.5
763	820	821	3	0.055	-3	5
764	0	0	0	0	-1	5
765	0	0	0	0	-1	6
766	822	823	8	0.99689	-3	5
767	0	0	0	0	-1	5
768	824	825	3	0.37	-3	5
769	0	0	0	0	-1	5.5
770	826	827	9	3.3	-3	5.375
771	828	829	11	8.85	-3	5.08139534883721
772	0	0	0	0	-1	6
773	830	831	11	9.95	-3	5
774	0	0	0	0	-1	5
775	832	833	6	0	-3	5
776	834	835	1	6.95	-3	5.25
777	836	837	3	0.145	-3	5.05970149253731
778	0	0	0	0	-1	5
779	838	839	8	0.998425	-3	5
780	0	0	0	0	-1	5
781	0	0	0	0	-1	5
782	840	841	1	6.85	-3	6
783	0	0	0	0	-1	6
784	0	0	0	0	-1	4
785	842	843	2	0.9976	-3	5
786	0	0	0	0	-1	6
787	0	0	0	0	-1	5
788	844	845	2	0	-3	6
789	0	0	0	0	-1	6
790	0	0	0	0	-1	6
791	0	0	0	0	-1	6
792	0	0	0	0	-1	7
793	0	0	0	0	-1	7
794	0	0	0	0	-1	6
795	0	0	0	0	-1	5.5
796	0	0	0	0	-1	6
797	846	847	8	0.995235	-3	6
798	0	0	0	0	-1	5
799	848	849	3	0.05	-3	5.83333333333333
800	0	0	0	0	-1	6
801	850	851	9	3.19	-3	6
802	0	0	0	0	-1	5
803	852	853	5	0	-3	7
804	0	0	0	0	-1	6
805	0	0	0	0	-1	6
806	0	0	0	0	-1	6
807	0	0	0	0	-1	6
808	0	0	0	0	-1	6
809	854	855	4	1.85	-3	5
810	856	857	1	0	-3	5
811	0	0	0	0	-1	5
812	0	0	0	0	-1	5
813	0	0	0	0	-1	5
814	0	0	0	0	-1	5
815	0	0	0	0	-1	5
816	0	0	0	0	-1	6
817	858	859	2	0	-3	6
818	0	0	0	0	-1	5
819	0	0	0	0	-1	5
820	0	0	0	0	-1	5
821	860	861	10	0	-3	5
822	0	0	0	0	-1	5
823	862	863	10	0	-3	5
824	864	865	11	0	-3	5
825	866	867	3	0.59	-3	5
826	0	0	0	0	-1	5
827	0	0	0	0	-1	6
828	0	0	0	0	-1	6
829	868	869	2	0.53	-3	5.07058823529412
830	0	0	0	0	-1	5
831	870	871	11	0	-3	5
832	0	0	0	0	-1	6
833	872	873	3	0.025	-3	5
834	874	875	1	2	-3	5
835	0	0	0	0	-1	6
836	876	877	7	37.5	-3	5
837	878	879	10	0.575	-3	5.11111111111111
838	0	0	0	0	-1	5
839	0	0	0	0	-1	5
840	0	0	0	0	-1	6
841	0	0	0	0	-1	6
842	0	0	0	0	-1	5
843	0	0	0	0	-1	5
844	0	0	0	0	-1	7
845	880	881	10	0.083	-3	6
846	882	883	4	2.2	-3	6
847	884	885	10	0.665	-3	6
848	0	0	0	0	-1	5
849	886	887	10	0.64	-3	5.90909090909091
850	0	0	0	0	-1	6
851	0	0	0	0	-1	6
852	0	0	0	0	-1	5
853	888	889	6	32.5	-3	7
854	0	0	0	0	-1	5
855	0	0	0	0	-1	5
856	0	0	0	0	-1	8
857	890	891	11	9.5	-3	5
858	0	0	0	0	-1	5
859	892	893	10	0.565	-3	6
860	0	0	0	0	-1	6
861	894	895	7	27	-3	5
862	0	0	0	0	-1	5
863	896	897	4	3.85	-3	5
864	0	0	0	0	-1	5
865	898	899	8	0	-3	5
866	900	901	11	0	-3	5
867	0	0	0	0	-1	5
868	902	903	1	8.9	-3	5.03846153846154
869	904	905	3	0.285	-3	5.12121212121212
870	0	0	0	0	-1	5
871	906	907	7	20.5	-3	5
872	908	909	5	0	-3	5
873	0	0	0	0	-1	5
874	0	0	0	0	-1	5
875	0	0	0	0	-1	5
876	910	911	5	2	-3	5
877	912	913	1	8.35	-3	5
878	914	915	11	9.45	-3	5.4
879	916	917	5	0.3805	-3	5
880	0	0	0	0	-1	6
881	918	919	6	23	-3	6
882	920	921	11	0	-3	6
883	0	0	0	0	-1	6
884	0	0	0	0	-1	6
885	0	0	0	0	-1	6
886	0	0	0	0	-1	5
887	922	923	6	16.5	-3	6
888	0	0	0	0	-1	7
889	0	0	0	0	-1	7
890	0	0	0	0	-1	5
891	924	925	3	0	-3	5
892	0	0	0	0	-1	6
893	0	0	0	0	-1	6
894	0	0	0	0	-1	5
895	926	927	6	0	-3	5
896	0	0	0	0	-1	5
897	0	0	0	0	-1	5
898	0	0	0	0	-1	5
899	0	0	0	0	-1	5
900	0	0	0	0	-1	5
901	928	929	8	0.99622	-3	5
902	930	931	3	0.315	-3	5
903	932	933	5	0.0895	-3	5.13333333333333
904	934	935	1	8.05	-3	5.25
905	936	937	4	2.75	-3	5.04761904761905
906	0	0	0	0	-1	5
907	0	0	0	0	-1	5
908	0	0	0	0	-1	5
909	938	939	2	0	-3	5
910	940	941	10	0.545	-3	5
911	0	0	0	0	-1	5
912	0	0	0	0	-1	5
913	0	0	0	0	-1	5
914	0	0	0	0	-1	5
915	0	0	0	0	-1	6
916	942	943	6	11.5	-3	5
917	0	0	0	0	-1	5
918	0	0	0	0	-1	6
919	0	0	0	0	-1	6
920	0	0	0	0	-1	5
921	944	945	11	11	-3	6
922	0	0	0	0	-1	6
923	946	947	9	3.38	-3	6
924	0	0	0	0	-1	5
925	948	949	6	29	-3	5
926	0	0	0	0	-1	5
927	950	951	2	0.635	-3	5
928	0	0	0	0	-1	5
929	0	0	0	0	-1	5
930	952	953	9	3.23	-3	5
931	0	0	0	0	-1	5
932	954	955	6	25	-3	5.07692307692308
933	0	0	0	0	-1	5.5
934	0	0	0	0	-1	6
935	956	957	1	0	-3	5
936	958	959	4	2.5	-3	5
937	960	961	1	9.65	-3	5.16666666666667
938	0	0	0	0	-1	6
939	0	0	0	0	-1	5
940	0	0	0	0	-1	5
941	962	963	3	0.02	-3	5
942	0	0	0	0	-1	5
943	0	0	0	0	-1	5
944	0	0	0	0	-1	6
945	0	0	0	0	-1	6
946	964	965	9	3.26	-3	6
947	0	0	0	0	-1	6
948	0	0	0	0	-1	5
949	0	0	0	0	-1	5
950	0	0	0	0	-1	5
951	0	0	0	0	-1	5
952	966	967	7	0	-3	5
953	968	969	8	0	-3	5
954	970	971	7	0	-3	5
955	0	0	0	0	-1	5.5
956	0	0	0	0	-1	6
957	972	973	2	0.595	-3	5
958	974	975	10	1.175	-3	5
959	0	0	0	0	-1	5
960	0	0	0	0	-1	5
961	0	0	0	0	-1	6
962	976	977	6	12.5	-3	5
963	0	0	0	0	-1	5
964	0	0	0	0	-1	6
965	0	0	0	0	-1	6
966	0	0	0	0	-1	6
967	978	979	4	2.05	-3	5
968	0	0	0	0	-1	6
969	980	981	2	0.425	-3	5
970	0	0	0	0	-1	5
971	982	983	8	0.998	-3	5
972	984	985	8	0	-3	5
973	0	0	0	0	-1	5
974	986	987	8	0.99685	-3	5
975	0	0	0	0	-1	5
976	0	0	0	0	-1	5
977	0	0	0	0	-1	5
978	0	0	0	0	-1	5
979	0	0	0	0	-1	5
980	0	0	0	0	-1	5
981	0	0	0	0	-1	5
982	0	0	0	0	-1	5
983	0	0	0	0	-1	5
984	0	0	0	0	-1	6
985	988	989	6	0	-3	5
986	0	0	0	0	-1	5
987	990	991	11	9.25	-3	5
988	0	0	0	0	-1	5
989	0	0	0	0	-1	5
990	0	0	0	0	-1	5
991	992	993	8	0	-3	5
992	0	0	0	0	-1	6
993	994	995	8	0	-3	5
994	0	0	0	0	-1	6
995	0	0	0	0	-1	5
