1	2	3	3	0.295	-3	5.63789868667917
2	4	5	10	0.555	-3	5.43264840182648
3	6	7	11	10.75	-3	5.8865836791148
4	8	9	8	0.99255	-3	5.14814814814815
5	10	11	10	0.675	-3	5.59963768115942
6	12	13	2	0.335	-3	5.48492462311558
7	14	15	5	0.0745	-3	6.37846153846153
8	16	17	8	0.99107	-3	6.3
9	18	19	2	1.01	-3	5.11146496815286
10	20	21	3	0.015	-3	5.49197860962567
11	22	23	11	10.525	-3	5.82584269662921
12	24	25	10	0.71	-3	5.91428571428571
13	26	27	8	0.996025	-3	5.33105802047782
14	28	29	10	0.645	-3	6.59477124183006
15	30	31	11	11.45	-3	6.18604651162791
16	0	0	0	0	-1	7
17	0	0	0	0	-1	6
18	32	33	9	3.415	-3	5.15771812080537
19	34	35	7	11.5	-3	4.25
20	36	37	8	0.994695	-3	5.78688524590164
21	38	39	8	0.995645	-3	5.43450479233227
22	40	41	2	0.545	-3	5.4375
23	42	43	9	3.435	-3	6.28048780487805
24	44	45	9	3.225	-3	5.53061224489796
25	46	47	7	14	-3	6.25
26	48	49	7	80	-3	5.9
27	50	51	7	65.5	-3	5.31095406360424
28	52	53	11	11.65	-3	6.2972972972973
29	54	55	10	0.655	-3	6.68965517241379
30	56	57	2	0.335	-3	5.77922077922078
31	58	59	3	0.575	-3	6.51578947368421
32	60	61	6	4.5	-3	5.10666666666666
33	62	63	11	9.6	-3	5.31506849315069
34	0	0	0	0	-1	3
35	64	65	5	0.0905	-3	4.66666666666667
36	66	67	6	6.5	-3	6.33333333333333
37	68	69	6	11.5	-3	5.55813953488372
38	70	71	2	0.415	-3	5.76712328767123
39	72	73	2	0.925	-3	5.33333333333333
40	74	75	5	0.1015	-3	5.88571428571429
41	76	77	8	0.99625	-3	5.18032786885246
42	78	79	8	0.99653	-3	5.97777777777778
43	80	81	5	0.0425	-3	6.64864864864865
44	82	83	8	1.0014	-3	5.86363636363636
45	84	85	11	9.45	-3	5.25925925925926
46	86	87	4	1.75	-3	7
47	88	89	1	12.4	-3	6.14285714285714
48	90	91	4	2.05	-3	6
49	0	0	0	0	-1	5
50	92	93	6	34	-3	5.45714285714286
51	94	95	6	51.5	-3	5.07407407407407
52	96	97	8	0.99564	-3	5.8
53	98	99	10	0.575	-3	6.63636363636364
54	0	0	0	0	-1	7.33333333333333
55	100	101	11	11.55	-3	6.67256637168142
56	102	103	5	0.092	-3	6.38888888888889
57	104	105	4	2.25	-3	5.59322033898305
58	106	107	10	0.58	-3	6.71875
59	108	109	6	7.5	-3	6.09677419354839
60	110	111	10	0.38	-3	4.61111111111111
61	112	113	4	3.95	-3	5.14975845410628
62	114	115	1	6.95	-3	5.13636363636364
63	116	117	4	2.35	-3	5.3921568627451
64	118	119	6	15	-3	4.81818181818182
65	0	0	0	0	-1	3
66	120	121	8	0	-3	7
67	122	123	6	8	-3	5.90909090909091
68	124	125	8	0.995685	-3	5.05882352941176
69	126	127	11	10.35	-3	5.88461538461539
70	128	129	10	0.64	-3	5.25
71	130	131	6	13.5	-3	5.83076923076923
72	132	133	11	10.15	-3	5.37229437229437
73	134	135	6	10.5	-3	4.33333333333333
74	136	137	9	3.365	-3	5.96774193548387
75	0	0	0	0	-1	5.25
76	0	0	0	0	-1	7
77	138	139	11	9.225	-3	5.15
78	140	141	8	0.996315	-3	5.85714285714286
79	142	143	10	0.845	-3	6.4
80	0	0	0	0	-1	5
81	144	145	1	5.7	-3	6.74285714285714
82	146	147	10	0.6	-3	5.90476190476191
83	0	0	0	0	-1	5
84	148	149	9	3.265	-3	4.875
85	150	151	1	7.9	-3	5.42105263157895
86	0	0	0	0	-1	8
87	0	0	0	0	-1	6.6
88	152	153	7	17	-3	6.04651162790698
89	154	155	4	2	-3	6.83333333333333
90	156	157	8	0.99595	-3	6
91	0	0	0	0	-1	6
92	158	159	3	0.345	-3	5.47398843930636
93	0	0	0	0	-1	4
94	160	161	5	0.075	-3	5.05769230769231
95	0	0	0	0	-1	5.5
96	162	163	3	0.38	-3	6.16666666666667
97	0	0	0	0	-1	4.33333333333333
98	164	165	2	0.275	-3	6.76470588235294
99	0	0	0	0	-1	6.2
100	166	167	8	0.99574	-3	6.55172413793104
101	168	169	7	17	-3	6.8
102	170	171	6	25.5	-3	6.53846153846154
103	0	0	0	0	-1	6
104	172	173	5	0.099	-3	5.9
105	174	175	3	0.495	-3	5.43589743589744
106	176	177	2	0.295	-3	6.07692307692308
107	178	179	9	3.16	-3	6.88235294117647
108	180	181	2	0.495	-3	6.58333333333333
109	182	183	9	3.235	-3	5.78947368421053
110	0	0	0	0	-1	4
111	184	185	4	1.7	-3	4.78571428571429
112	186	187	7	39.5	-3	5.10215053763441
113	188	189	11	9.53333333333333	-3	5.57142857142857
114	0	0	0	0	-1	5.6
115	190	191	1	0.7025	-3	5
116	192	193	9	3.43	-3	5.61290322580645
117	194	195	2	0.8725	-3	5.05
118	196	197	10	0.52	-3	5.28571428571429
119	0	0	0	0	-1	4
120	0	0	0	0	-1	6
121	0	0	0	0	-1	7
122	0	0	0	0	-1	5
123	198	199	6	0	-3	6
124	0	0	0	0	-1	4.25
125	200	201	2	0.575	-3	5.30769230769231
126	202	203	9	3.425	-3	5.5
127	204	205	6	13.5	-3	6.33333333333333
128	206	207	2	0.385	-3	5
129	0	0	0	0	-1	6
130	208	209	11	12.95	-3	5.52941176470588
131	210	211	11	12.75	-3	5.9375
132	212	213	3	0.245	-3	5.26315789473684
133	214	215	6	5.5	-3	5.68333333333333
134	0	0	0	0	-1	5
135	0	0	0	0	-1	4
136	216	217	1	7.05	-3	5.75
137	218	219	2	0.335	-3	6.04347826086957
138	0	0	0	0	-1	4.4
139	220	221	8	0.99716	-3	5.21818181818182
140	222	223	8	0.99406	-3	6.03846153846154
141	224	225	2	0.56	-3	5.33333333333333
142	226	227	5	0.069	-3	6.25
143	0	0	0	0	-1	7
144	228	229	8	0.99117	-3	7.08333333333333
145	230	231	7	48	-3	6.56521739130435
146	232	233	6	14.5	-3	6
147	234	235	7	24.5	-3	5.81818181818182
148	0	0	0	0	-1	4
149	0	0	0	0	-1	5
150	0	0	0	0	-1	6
151	236	237	5	0.083	-3	5.26666666666667
152	0	0	0	0	-1	5
153	238	239	7	78	-3	6.09756097560976
154	0	0	0	0	-1	6
155	0	0	0	0	-1	7
156	0	0	0	0	-1	6
157	0	0	0	0	-1	6
158	240	241	8	0.9981	-3	5.79310344827586
159	242	243	4	2.35	-3	5.40972222222222
160	244	245	6	23	-3	4.96428571428571
161	246	247	9	3.125	-3	5.0921052631579
162	0	0	0	0	-1	6.8
163	248	249	6	8	-3	5.71428571428571
164	0	0	0	0	-1	6
165	250	251	7	11.5	-3	6.92857142857143
166	252	253	4	2.35	-3	6.76470588235294
167	254	255	9	3.365	-3	6.25
168	256	257	1	8.55	-3	7.33333333333333
169	258	259	6	14	-3	6.65116279069768
170	260	261	10	1.055	-3	6.66666666666667
171	0	0	0	0	-1	5
172	262	263	1	10	-3	6
173	0	0	0	0	-1	5.33333333333333
174	264	265	3	0.465	-3	5.3125
175	266	267	8	2.9	-3	6
176	0	0	0	0	-1	7
177	268	269	1	7.6	-3	6
178	0	0	0	0	-1	7.75
179	270	271	3	0.32	-3	6.80851063829787
180	272	273	10	0	-3	6
181	274	275	7	17	-3	7.16666666666667
182	276	277	2	0.295	-3	5.64705882352941
183	0	0	0	0	-1	7
184	0	0	0	0	-1	4.4
185	278	279	2	0.088	-3	5
186	280	281	10	0.465	-3	5.22077922077922
187	282	283	5	0.0625	-3	5.01834862385321
188	284	285	7	70.75	-3	5
189	286	287	3	0.045	-3	5.92307692307692
190	0	0	0	0	-1	7
191	288	289	5	0.074	-3	5
192	0	0	0	0	-1	7
193	290	291	1	6.55	-3	5.51724137931035
194	292	293	2	0.8325	-3	5.17647058823529
195	0	0	0	0	-1	4.33333333333333
196	0	0	0	0	-1	5
197	0	0	0	0	-1	6
198	0	0	0	0	-1	6
199	294	295	4	1.5	-3	6
200	0	0	0	0	-1	6
201	296	297	6	5.5	-3	5.1
202	298	299	8	0.99788	-3	5.75
203	300	301	11	9.35	-3	5.16666666666667
204	0	0	0	0	-1	7
205	302	303	4	0	-3	6
206	0	0	0	0	-1	5
207	0	0	0	0	-1	5
208	304	305	9	3.615	-3	5.625
209	0	0	0	0	-1	4
210	306	307	10	0.565	-3	5.95744680851064
211	0	0	0	0	-1	5
212	308	309	7	13.5	-3	5.18705035971223
213	310	311	8	0.99729	-3	5.59375
214	312	313	3	0.1	-3	4.77777777777778
215	314	315	3	0.11	-3	5.84313725490196
216	0	0	0	0	-1	5
217	316	317	10	0.685	-3	6
218	0	0	0	0	-1	6.2
219	318	319	1	6.45	-3	6
220	320	321	8	0.996525	-3	5.04
221	322	323	6	19	-3	5.36666666666667
222	0	0	0	0	-1	7
223	324	325	7	105.5	-3	5.95833333333333
224	326	327	10	0.84	-3	5
225	0	0	0	0	-1	6
226	0	0	0	0	-1	7
227	328	329	3	0.15	-3	6
228	0	0	0	0	-1	8
229	330	331	3	0.16	-3	7
230	332	333	4	2.8	-3	6.8125
231	334	335	7	0	-3	6
232	336	337	10	0.515	-3	6
233	0	0	0	0	-1	6
234	338	339	10	9.45	-3	6
235	0	0	0	0	-1	5
236	0	0	0	0	-1	5.8
237	340	341	1	9.85	-3	5
238	342	343	5	0.0575	-3	6.16216216216216
239	0	0	0	0	-1	5.5
240	344	345	2	0.415	-3	5.5
241	346	347	6	15.5	-3	6.27272727272727
242	348	349	1	10.75	-3	5.28421052631579
243	350	351	4	5.2	-3	5.6530612244898
244	352	353	8	0.9973	-3	4.91666666666667
245	354	355	10	0.535	-3	5
246	356	357	11	9.4	-3	5.23076923076923
247	358	359	2	0.375	-3	5.06349206349206
248	0	0	0	0	-1	6
249	0	0	0	0	-1	5.6
250	0	0	0	0	-1	6.5
251	360	361	8	22.25	-3	7
252	362	363	3	0.425	-3	6.86666666666667
253	0	0	0	0	-1	6
254	364	365	10	0.805	-3	6.18181818181818
255	0	0	0	0	-1	7
256	366	367	5	0.058	-3	7
257	0	0	0	0	-1	7.8
258	368	369	1	7.95	-3	6.875
259	370	371	5	0.0735	-3	6.36842105263158
260	372	373	4	1.7	-3	6.88888888888889
261	0	0	0	0	-1	6
262	374	375	5	0.086	-3	6
263	0	0	0	0	-1	6
264	376	377	10	0.69	-3	5.52631578947368
265	0	0	0	0	-1	5
266	378	379	2	0.43	-3	6
267	0	0	0	0	-1	6
268	0	0	0	0	-1	6
269	380	381	4	0.125	-3	6
270	0	0	0	0	-1	6
271	382	383	4	2.3	-3	6.86363636363637
272	0	0	0	0	-1	6
273	0	0	0	0	-1	6
274	0	0	0	0	-1	7
275	0	0	0	0	-1	8
276	0	0	0	0	-1	5
277	384	385	3	0.645	-3	5.84615384615385
278	0	0	0	0	-1	5
279	386	387	7	10	-3	5
280	388	389	2	0.735	-3	4.8125
281	390	391	4	1.25	-3	5.32786885245902
282	0	0	0	0	-1	4.33333333333333
283	392	393	2	0.4	-3	5.0377358490566
284	0	0	0	0	-1	5
285	394	395	2	0	-3	5
286	0	0	0	0	-1	5.66666666666667
287	0	0	0	0	-1	6
288	0	0	0	0	-1	5
289	396	397	5	0	-3	5
290	398	399	8	0.993935	-3	5.27777777777778
291	400	401	7	109	-3	5.90909090909091
292	402	403	2	0.44	-3	5.125
293	0	0	0	0	-1	6
294	0	0	0	0	-1	6
295	0	0	0	0	-1	6
296	0	0	0	0	-1	6
297	404	405	6	1.85	-3	5
298	406	407	8	0.995775	-3	6
299	0	0	0	0	-1	5
300	0	0	0	0	-1	6
301	0	0	0	0	-1	5
302	0	0	0	0	-1	6
303	408	409	3	8.1	-3	6
304	410	411	9	3.425	-3	5.76923076923077
305	0	0	0	0	-1	5
306	0	0	0	0	-1	6.66666666666667
307	412	413	6	35	-3	5.90909090909091
308	414	415	3	0.04	-3	4.58333333333333
309	416	417	8	0.99835	-3	5.24409448818898
310	418	419	3	0.275	-3	5.4
311	420	421	5	0.1005	-3	5.91666666666667
312	0	0	0	0	-1	4
313	422	423	2	0.62	-3	5.16666666666667
314	424	425	8	0.996575	-3	5.70833333333333
315	426	427	9	3.17	-3	5.96296296296296
316	0	0	0	0	-1	6
317	0	0	0	0	-1	6
318	428	429	6	23	-3	6
319	430	431	11	9.45	-3	6
320	432	433	7	42.5	-3	5.16666666666667
321	434	435	4	1.85	-3	5
322	436	437	6	8.5	-3	5.63157894736842
323	438	439	2	0.8175	-3	4.90909090909091
324	440	441	5	0.0565	-3	6
325	0	0	0	0	-1	5
326	0	0	0	0	-1	5
327	0	0	0	0	-1	5
328	0	0	0	0	-1	6
329	0	0	0	0	-1	6
330	442	443	11	13.8	-3	6.9
331	0	0	0	0	-1	8
332	444	445	10	0.75	-3	7
333	0	0	0	0	-1	6
334	0	0	0	0	-1	5
335	446	447	8	0.995425	-3	6
336	0	0	0	0	-1	6
337	0	0	0	0	-1	6
338	448	449	8	0.99945	-3	6
339	0	0	0	0	-1	6
340	450	451	3	0	-3	5
341	0	0	0	0	-1	5
342	0	0	0	0	-1	6.66666666666667
343	452	453	5	0.0825	-3	6.11764705882353
344	454	455	5	0.0765	-3	6
345	456	457	1	9.15	-3	5.25
346	0	0	0	0	-1	6.75
347	458	459	8	10.15	-3	6
348	460	461	2	0.56	-3	5.01724137931035
349	462	463	7	9.5	-3	5.7027027027027
350	464	465	4	3.4	-3	5.625
351	0	0	0	0	-1	7
352	0	0	0	0	-1	4
353	466	467	4	2.25	-3	5
354	0	0	0	0	-1	5
355	0	0	0	0	-1	5
356	468	469	2	0.505	-3	5
357	0	0	0	0	-1	5.75
358	470	471	2	0.36	-3	5.5
359	472	473	7	87.5	-3	5.01754385964912
360	474	475	4	3.95	-3	7
361	0	0	0	0	-1	7
362	476	477	8	0.99435	-3	6.75
363	478	479	1	0	-3	7
364	480	481	3	0.31	-3	6.06666666666667
365	482	483	7	23	-3	6.42857142857143
366	0	0	0	0	-1	7
367	0	0	0	0	-1	7
368	0	0	0	0	-1	6
369	484	485	6	9.5	-3	6.91304347826087
370	486	487	9	3.285	-3	6.2
371	0	0	0	0	-1	7
372	0	0	0	0	-1	6
373	488	489	4	2.35	-3	7
374	490	491	9	3.385	-3	6
375	0	0	0	0	-1	6
376	492	493	1	0	-3	5
377	494	495	9	3.315	-3	5.83333333333333
378	0	0	0	0	-1	6
379	0	0	0	0	-1	6
380	0	0	0	0	-1	7
381	0	0	0	0	-1	6
382	496	497	10	0.745	-3	6.46153846153846
383	498	499	11	12.7	-3	7.03225806451613
384	500	501	4	0	-3	6
385	0	0	0	0	-1	5
386	0	0	0	0	-1	5
387	502	503	11	0	-3	5
388	504	505	7	32.5	-3	5
389	0	0	0	0	-1	4
390	0	0	0	0	-1	7
391	506	507	3	0.185	-3	5.3
392	0	0	0	0	-1	5.4
393	508	509	5	0.0795	-3	5.01980198019802
394	0	0	0	0	-1	5
395	0	0	0	0	-1	5
396	0	0	0	0	-1	6
397	0	0	0	0	-1	5
398	0	0	0	0	-1	5
399	510	511	8	0.995195	-3	5.45454545454545
400	512	513	11	10.55	-3	6
401	0	0	0	0	-1	5
402	0	0	0	0	-1	6
403	514	515	5	0.0925	-3	5.06666666666667
404	0	0	0	0	-1	6
405	516	517	4	1.85	-3	5
406	0	0	0	0	-1	6
407	0	0	0	0	-1	6
408	518	519	10	0.64	-3	6
409	0	0	0	0	-1	6
410	520	521	1	6.85	-3	5.625
411	0	0	0	0	-1	6
412	522	523	1	5.1	-3	5.95238095238095
413	0	0	0	0	-1	5
414	0	0	0	0	-1	3
415	524	525	10	0.62	-3	5.11111111111111
416	526	527	11	9.05	-3	5.1875
417	528	529	2	0.645	-3	5.66666666666667
418	530	531	7	119	-3	5.58333333333333
419	532	533	9	3.425	-3	5.125
420	534	535	5	0.096	-3	6
421	0	0	0	0	-1	5
422	0	0	0	0	-1	6
423	0	0	0	0	-1	5
424	536	537	9	3.57	-3	5.9
425	0	0	0	0	-1	4.75
426	0	0	0	0	-1	5
427	538	539	11	10.25	-3	6
428	0	0	0	0	-1	6
429	0	0	0	0	-1	6
430	0	0	0	0	-1	6
431	540	541	11	0.997645	-3	6
432	0	0	0	0	-1	6
433	0	0	0	0	-1	5
434	542	543	2	0.6925	-3	5
435	544	545	8	0.079	-3	5
436	546	547	10	0.705	-3	5.28571428571429
437	548	549	11	9.95	-3	5.83333333333333
438	550	551	2	0.6525	-3	5
439	0	0	0	0	-1	4
440	0	0	0	0	-1	5
441	552	553	11	11.55	-3	6.04545454545455
442	554	555	3	0.045	-3	7
443	0	0	0	0	-1	6.66666666666667
444	556	557	8	0.994655	-3	7.1
445	0	0	0	0	-1	6.66666666666667
446	0	0	0	0	-1	6
447	0	0	0	0	-1	6
448	558	559	5	0.079	-3	6
449	0	0	0	0	-1	6
450	0	0	0	0	-1	7
451	560	561	3	0.465	-3	5
452	562	563	11	10.65	-3	6.03703703703704
453	564	565	7	28	-3	6.42857142857143
454	0	0	0	0	-1	6
455	0	0	0	0	-1	6
456	566	567	11	10.55	-3	5.1
457	0	0	0	0	-1	6
458	568	569	5	0.088	-3	6
459	0	0	0	0	-1	6
460	570	571	8	0.996175	-3	5.09803921568628
461	572	573	6	5.5	-3	4.42857142857143
462	0	0	0	0	-1	5
463	574	575	4	1.65	-3	5.8125
464	576	577	9	3.18	-3	5.68181818181818
465	0	0	0	0	-1	5
466	0	0	0	0	-1	5
467	0	0	0	0	-1	5
468	0	0	0	0	-1	5
469	0	0	0	0	-1	5
470	0	0	0	0	-1	5.25
471	0	0	0	0	-1	6
472	578	579	8	0.9984	-3	5.05555555555556
473	580	581	7	130	-3	5
474	0	0	0	0	-1	7
475	582	583	3	0.565	-3	7
476	0	0	0	0	-1	6
477	584	585	5	0.051	-3	6.92307692307692
478	0	0	0	0	-1	5
479	0	0	0	0	-1	7
480	0	0	0	0	-1	7
481	586	587	3	0.52	-3	6
482	0	0	0	0	-1	6
483	0	0	0	0	-1	7
484	588	589	10	0.765	-3	6.71428571428571
485	590	591	6	0	-3	7
486	592	593	10	0	-3	6
487	594	595	4	2.35	-3	6.33333333333333
488	0	0	0	0	-1	7
489	0	0	0	0	-1	7
490	0	0	0	0	-1	6
491	0	0	0	0	-1	6
492	0	0	0	0	-1	7
493	596	597	4	2.4	-3	5
494	598	599	8	0.99804	-3	5.90909090909091
495	0	0	0	0	-1	5
496	0	0	0	0	-1	6.2
497	600	601	7	33	-3	6.625
498	602	603	5	0.104	-3	6.96551724137931
499	0	0	0	0	-1	8
500	0	0	0	0	-1	5
501	0	0	0	0	-1	6
502	0	0	0	0	-1	6
503	604	605	4	1.9	-3	5
504	606	607	8	0.995255	-3	5
505	608	609	7	0	-3	5
506	610	611	4	2.5	-3	5.45
507	612	613	2	0.8225	-3	5
508	614	615	8	0.996865	-3	5.10526315789474
509	616	617	3	0.245	-3	4.96825396825397
510	618	619	3	0.13	-3	5.625
511	0	0	0	0	-1	5
512	0	0	0	0	-1	6
513	0	0	0	0	-1	6
514	0	0	0	0	-1	5
515	0	0	0	0	-1	5.5
516	0	0	0	0	-1	5
517	620	621	10	0	-3	5
518	0	0	0	0	-1	6
519	0	0	0	0	-1	6
520	0	0	0	0	-1	5.4
521	0	0	0	0	-1	6
522	0	0	0	0	-1	5
523	622	623	8	0.99282	-3	5.97560975609756
524	624	625	7	10.5	-3	5
525	0	0	0	0	-1	6
526	0	0	0	0	-1	6
527	626	627	2	0.6475	-3	5.15740740740741
528	628	629	4	3.1	-3	5.44444444444444
529	630	631	3	0.17	-3	6
530	632	633	8	0.99593	-3	5.77777777777778
531	0	0	0	0	-1	5
532	634	635	11	0	-3	5
533	0	0	0	0	-1	6
534	636	637	9	3.335	-3	6
535	0	0	0	0	-1	6
536	638	639	9	3.43	-3	5.94736842105263
537	0	0	0	0	-1	5
538	640	641	10	0.64	-3	6.28571428571429
539	642	643	6	11.5	-3	5.89473684210526
540	0	0	0	0	-1	5
541	644	645	5	0.0815	-3	6
542	646	647	3	0	-3	5
543	0	0	0	0	-1	5
544	0	0	0	0	-1	6
545	648	649	5	0.0735	-3	5
546	0	0	0	0	-1	6
547	650	651	10	0.845	-3	5.16666666666667
548	652	653	11	9.45	-3	5.90909090909091
549	0	0	0	0	-1	5
550	0	0	0	0	-1	5
551	654	655	5	0	-3	5
552	0	0	0	0	-1	6
553	0	0	0	0	-1	6.33333333333333
554	0	0	0	0	-1	7
555	0	0	0	0	-1	7
556	0	0	0	0	-1	8
557	656	657	10	0.7	-3	7
558	0	0	0	0	-1	6
559	0	0	0	0	-1	6
560	0	0	0	0	-1	5
561	0	0	0	0	-1	5
562	658	659	9	3.41	-3	6.08
563	0	0	0	0	-1	5.5
564	0	0	0	0	-1	6
565	0	0	0	0	-1	6.75
566	660	661	3	0	-3	5
567	0	0	0	0	-1	6
568	0	0	0	0	-1	6
569	0	0	0	0	-1	6
570	0	0	0	0	-1	5.5
571	662	663	11	9.15	-3	5.06382978723404
572	0	0	0	0	-1	3.33333333333333
573	0	0	0	0	-1	5.25
574	0	0	0	0	-1	6.6
575	664	665	5	0.086	-3	5.66666666666667
576	666	667	9	3.155	-3	5.44444444444444
577	668	669	1	9.95	-3	6.05882352941176
578	0	0	0	0	-1	5
579	0	0	0	0	-1	5.2
580	670	671	4	2.6	-3	5
581	672	673	8	0.99795	-3	5
582	0	0	0	0	-1	7
583	674	675	7	283.5	-3	7
584	0	0	0	0	-1	6
585	676	677	9	3.375	-3	7
586	678	679	9	0.0665	-3	6
587	0	0	0	0	-1	6
588	0	0	0	0	-1	6
589	680	681	1	9.1	-3	6.83333333333333
590	0	0	0	0	-1	6
591	0	0	0	0	-1	7
592	0	0	0	0	-1	6
593	0	0	0	0	-1	6
594	0	0	0	0	-1	6
595	0	0	0	0	-1	6.75
596	0	0	0	0	-1	5
597	0	0	0	0	-1	5
598	682	683	2	0.46	-3	6
599	0	0	0	0	-1	5
600	0	0	0	0	-1	7
601	0	0	0	0	-1	6
602	684	685	11	0	-3	7
603	686	687	8	0.99855	-3	6.85714285714286
604	0	0	0	0	-1	5
605	0	0	0	0	-1	5
606	0	0	0	0	-1	5
607	0	0	0	0	-1	5
608	0	0	0	0	-1	7
609	688	689	2	34	-3	5
610	690	691	7	24.5	-3	5.59375
611	692	693	5	0.072	-3	4.875
612	694	695	9	3.245	-3	5.05263157894737
613	0	0	0	0	-1	4
614	696	697	7	43	-3	4.96969696969697
615	0	0	0	0	-1	6
616	698	699	2	0.61	-3	5
617	700	701	2	0.6375	-3	4.8
618	702	703	11	10.6	-3	5.83333333333333
619	0	0	0	0	-1	5
620	0	0	0	0	-1	6
621	704	705	9	3.42	-3	5
622	0	0	0	0	-1	7
623	706	707	10	0.625	-3	5.95
624	0	0	0	0	-1	5
625	708	709	2	0	-3	5
626	710	711	8	0.996775	-3	5.21176470588235
627	712	713	11	9.25	-3	4.95652173913043
628	714	715	8	0.9989	-3	5.66666666666667
629	0	0	0	0	-1	5
630	0	0	0	0	-1	6
631	0	0	0	0	-1	6
632	0	0	0	0	-1	5
633	716	717	5	0.0765	-3	5.875
634	0	0	0	0	-1	6
635	718	719	6	18.5	-3	5
636	720	721	9	3.205	-3	6
637	0	0	0	0	-1	6
638	722	723	2	0.655	-3	6
639	724	725	5	0.072	-3	5.85714285714286
640	726	727	1	7.8	-3	6.16666666666667
641	0	0	0	0	-1	7
642	728	729	6	8.5	-3	5.75
643	730	731	5	8.5	-3	6
644	0	0	0	0	-1	6
645	0	0	0	0	-1	6
646	0	0	0	0	-1	5
647	732	733	6	0	-3	5
648	0	0	0	0	-1	5
649	734	735	11	0	-3	5
650	0	0	0	0	-1	5
651	0	0	0	0	-1	6
652	0	0	0	0	-1	5.66666666666667
653	736	737	7	37.5	-3	6
654	0	0	0	0	-1	6
655	0	0	0	0	-1	5
656	0	0	0	0	-1	7
657	0	0	0	0	-1	7
658	738	739	4	1.95	-3	6
659	740	741	11	10.25	-3	6.28571428571429
660	0	0	0	0	-1	6
661	742	743	8	0.9979	-3	5
662	0	0	0	0	-1	5.5
663	744	745	1	8.4	-3	5.02325581395349
664	746	747	4	2.05	-3	5.93333333333333
665	748	749	1	11.05	-3	5.33333333333333
666	750	751	6	8.5	-3	5.6
667	0	0	0	0	-1	5
668	752	753	9	3.385	-3	6
669	0	0	0	0	-1	6.5
670	754	755	1	9.5	-3	5
671	756	757	11	9.45	-3	5
672	758	759	3	0.315	-3	5
673	0	0	0	0	-1	5
674	0	0	0	0	-1	7
675	0	0	0	0	-1	7
676	760	761	11	11.1	-3	7
677	0	0	0	0	-1	7
678	0	0	0	0	-1	6
679	762	763	11	11.35	-3	6
680	0	0	0	0	-1	6.66666666666667
681	0	0	0	0	-1	7
682	764	765	6	0.996115	-3	6
683	0	0	0	0	-1	6
684	0	0	0	0	-1	7
685	0	0	0	0	-1	7
686	0	0	0	0	-1	6.66666666666667
687	0	0	0	0	-1	7
688	0	0	0	0	-1	5
689	0	0	0	0	-1	5
690	766	767	1	8.25	-3	5.18181818181818
691	768	769	9	3.18	-3	5.80952380952381
692	0	0	0	0	-1	4
693	0	0	0	0	-1	5
694	770	771	6	12.5	-3	5.14285714285714
695	772	773	6	6	-3	5
696	774	775	4	1.9	-3	4.83333333333333
697	776	777	7	59.5	-3	5
698	778	779	7	93.5	-3	5
699	780	781	4	2.45	-3	5
700	782	783	2	0.585	-3	5
701	0	0	0	0	-1	4.5
702	0	0	0	0	-1	5
703	0	0	0	0	-1	6
704	0	0	0	0	-1	5
705	0	0	0	0	-1	5
706	784	785	8	0.993365	-3	6
707	786	787	7	36	-3	5.83333333333333
708	0	0	0	0	-1	5
709	788	789	11	9.35	-3	5
710	790	791	1	6.4	-3	5.03225806451613
711	792	793	7	27	-3	5.31481481481481
712	0	0	0	0	-1	4.6
713	794	795	8	0.99612	-3	5.05555555555556
714	0	0	0	0	-1	5.33333333333333
715	0	0	0	0	-1	6
716	0	0	0	0	-1	5
717	796	797	8	2.05	-3	6
718	0	0	0	0	-1	5
719	0	0	0	0	-1	5
720	0	0	0	0	-1	6
721	0	0	0	0	-1	6
722	798	799	7	10.55	-3	6
723	0	0	0	0	-1	6
724	0	0	0	0	-1	6
725	0	0	0	0	-1	5
726	0	0	0	0	-1	7
727	0	0	0	0	-1	6
728	800	801	4	2.15	-3	6
729	0	0	0	0	-1	5
730	0	0	0	0	-1	6
731	0	0	0	0	-1	6
732	0	0	0	0	-1	6
733	0	0	0	0	-1	5
734	0	0	0	0	-1	5
735	802	803	3	0.005	-3	5
736	804	805	1	7.15	-3	6
737	0	0	0	0	-1	6
738	0	0	0	0	-1	6
739	806	807	8	0.99775	-3	6
740	0	0	0	0	-1	6.66666666666667
741	0	0	0	0	-1	6
742	808	809	4	0	-3	5
743	0	0	0	0	-1	5
744	810	811	8	0.9978	-3	5.1
745	812	813	8	0.99684	-3	5
746	814	815	3	0.605	-3	5.83333333333333
747	816	817	11	9.4	-3	6
748	0	0	0	0	-1	6
749	818	819	5	0.11	-3	5.11111111111111
750	820	821	8	0.9995	-3	5.2
751	822	823	11	9.95	-3	6
752	824	825	6	8.5	-3	6
753	0	0	0	0	-1	6
754	0	0	0	0	-1	5
755	0	0	0	0	-1	5
756	0	0	0	0	-1	5
757	826	827	7	105.5	-3	5
758	0	0	0	0	-1	5
759	0	0	0	0	-1	5
760	0	0	0	0	-1	7
761	828	829	1	19	-3	7
762	830	831	3	0.405	-3	6
763	0	0	0	0	-1	6
764	0	0	0	0	-1	5
765	832	833	7	65.5	-3	6
766	834	835	2	0	-3	5
767	0	0	0	0	-1	6
768	0	0	0	0	-1	5
769	836	837	1	6.7	-3	5.85
770	838	839	9	0.235	-3	5
771	0	0	0	0	-1	6
772	0	0	0	0	-1	5
773	840	841	6	0	-3	5
774	0	0	0	0	-1	4
775	0	0	0	0	-1	5
776	842	843	5	0	-3	5
777	844	845	7	110.5	-3	5
778	846	847	3	0.04	-3	5
779	848	849	6	23	-3	5
780	0	0	0	0	-1	5
781	0	0	0	0	-1	5
782	0	0	0	0	-1	5
783	0	0	0	0	-1	5
784	0	0	0	0	-1	6
785	850	851	6	0	-3	6
786	0	0	0	0	-1	5.6
787	852	853	3	0.215	-3	6
788	0	0	0	0	-1	5
789	0	0	0	0	-1	5
790	0	0	0	0	-1	5.33333333333333
791	854	855	1	7.95	-3	5
792	856	857	6	7.5	-3	5.875
793	858	859	8	0.996875	-3	5.21739130434783
794	0	0	0	0	-1	5.5
795	860	861	10	0.61	-3	5
796	862	863	3	0.255	-3	6
797	0	0	0	0	-1	6
798	0	0	0	0	-1	5
799	864	865	6	49	-3	6
800	0	0	0	0	-1	6
801	0	0	0	0	-1	6
802	0	0	0	0	-1	5
803	866	867	11	0	-3	5
804	0	0	0	0	-1	6
805	0	0	0	0	-1	6
806	0	0	0	0	-1	6
807	868	869	2	0.285	-3	6
808	0	0	0	0	-1	6
809	870	871	7	56	-3	5
810	872	873	9	3.41	-3	5
811	0	0	0	0	-1	6
812	874	875	7	0	-3	5
813	876	877	7	41	-3	5
814	0	0	0	0	-1	6
815	0	0	0	0	-1	5
816	0	0	0	0	-1	6
817	878	879	4	2.25	-3	6
818	880	881	5	0.089	-3	5
819	0	0	0	0	-1	6
820	0	0	0	0	-1	5
821	0	0	0	0	-1	5.4
822	0	0	0	0	-1	6
823	882	883	4	2.5	-3	6
824	0	0	0	0	-1	6
825	884	885	1	19	-3	6
826	886	887	6	0	-3	5
827	0	0	0	0	-1	5
828	0	0	0	0	-1	7
829	0	0	0	0	-1	7
830	0	0	0	0	-1	6
831	0	0	0	0	-1	6
832	0	0	0	0	-1	6
833	0	0	0	0	-1	6
834	0	0	0	0	-1	5
835	888	889	1	7.55	-3	5
836	0	0	0	0	-1	5
837	890	891	6	8	-3	5.89473684210526
838	0	0	0	0	-1	5
839	0	0	0	0	-1	5
840	0	0	0	0	-1	5
841	892	893	6	11.5	-3	5
842	0	0	0	0	-1	5
843	894	895	2	0.505	-3	5
844	896	897	5	0	-3	5
845	0	0	0	0	-1	5
846	0	0	0	0	-1	5
847	898	899	10	0.515	-3	5
848	900	901	7	0	-3	5
849	902	903	9	3.2	-3	5
850	0	0	0	0	-1	6
851	904	905	1	7.35	-3	6
852	0	0	0	0	-1	6
853	0	0	0	0	-1	6
854	906	907	10	0.635	-3	5
855	0	0	0	0	-1	5
856	0	0	0	0	-1	5.66666666666667
857	0	0	0	0	-1	6
858	908	909	8	0.99683	-3	5.71428571428571
859	910	911	3	0.025	-3	5.12820512820513
860	912	913	2	0.8075	-3	5
861	0	0	0	0	-1	5
862	0	0	0	0	-1	6
863	0	0	0	0	-1	6
864	914	915	11	11.2	-3	6
865	0	0	0	0	-1	6
866	0	0	0	0	-1	7
867	0	0	0	0	-1	5
868	0	0	0	0	-1	6
869	0	0	0	0	-1	6
870	0	0	0	0	-1	5
871	0	0	0	0	-1	5
872	916	917	10	0	-3	5
873	0	0	0	0	-1	5
874	0	0	0	0	-1	5
875	918	919	2	0.48	-3	5
876	920	921	9	2.965	-3	5
877	922	923	5	0	-3	5
878	0	0	0	0	-1	6
879	0	0	0	0	-1	6
880	0	0	0	0	-1	5
881	924	925	10	0	-3	5
882	0	0	0	0	-1	6
883	926	927	7	53.5	-3	6
884	928	929	1	0	-3	6
885	0	0	0	0	-1	6
886	0	0	0	0	-1	6
887	930	931	3	0.56	-3	5
888	932	933	1	0	-3	5
889	0	0	0	0	-1	5
890	934	935	3	0.06	-3	5.75
891	936	937	11	9.85	-3	6
892	938	939	4	0	-3	5
893	0	0	0	0	-1	5
894	0	0	0	0	-1	5
895	940	941	5	0	-3	5
896	0	0	0	0	-1	7
897	942	943	3	0.2	-3	5
898	0	0	0	0	-1	5
899	0	0	0	0	-1	5
900	0	0	0	0	-1	6
901	944	945	6	19	-3	5
902	0	0	0	0	-1	5
903	0	0	0	0	-1	5
904	946	947	6	20.5	-3	6
905	0	0	0	0	-1	6
906	948	949	11	9.55	-3	5
907	950	951	5	0	-3	5
908	0	0	0	0	-1	5.33333333333333
909	0	0	0	0	-1	6
910	0	0	0	0	-1	6
911	952	953	10	0.63	-3	5.10526315789474
912	954	955	3	0	-3	5
913	0	0	0	0	-1	5
914	956	957	9	3.33	-3	6
915	0	0	0	0	-1	6
916	0	0	0	0	-1	7
917	958	959	4	2.25	-3	5
918	0	0	0	0	-1	5
919	0	0	0	0	-1	5
920	0	0	0	0	-1	5
921	960	961	2	0	-3	5
922	0	0	0	0	-1	6
923	962	963	7	48.5	-3	5
924	0	0	0	0	-1	6
925	964	965	3	0.575	-3	5
926	0	0	0	0	-1	6
927	0	0	0	0	-1	6
928	0	0	0	0	-1	6
929	966	967	2	0.405	-3	6
930	0	0	0	0	-1	5
931	0	0	0	0	-1	5
932	0	0	0	0	-1	6
933	0	0	0	0	-1	5
934	0	0	0	0	-1	5
935	968	969	1	8	-3	6
936	0	0	0	0	-1	6
937	970	971	9	0	-3	6
938	0	0	0	0	-1	6
939	0	0	0	0	-1	5
940	0	0	0	0	-1	5
941	0	0	0	0	-1	5
942	972	973	1	0	-3	5
943	974	975	8	0.99669	-3	5
944	976	977	7	0	-3	5
945	0	0	0	0	-1	5
946	0	0	0	0	-1	6
947	978	979	11	11.5	-3	6
948	980	981	5	0	-3	5
949	982	983	8	0	-3	5
950	0	0	0	0	-1	5
951	0	0	0	0	-1	5
952	984	985	6	9	-3	5.04
953	986	987	6	15.5	-3	5.23076923076923
954	0	0	0	0	-1	6
955	988	989	4	0	-3	5
956	0	0	0	0	-1	6
957	0	0	0	0	-1	6
958	0	0	0	0	-1	5
959	0	0	0	0	-1	5
960	0	0	0	0	-1	5
961	990	991	8	0.99709	-3	5
962	0	0	0	0	-1	5
963	0	0	0	0	-1	5
964	0	0	0	0	-1	5
965	0	0	0	0	-1	5
966	0	0	0	0	-1	6
967	0	0	0	0	-1	6
968	0	0	0	0	-1	6
969	0	0	0	0	-1	6
970	0	0	0	0	-1	5
971	992	993	9	3.265	-3	6
972	0	0	0	0	-1	6
973	0	0	0	0	-1	5
974	0	0	0	0	-1	5
975	0	0	0	0	-1	5
976	0	0	0	0	-1	6
977	994	995	6	16	-3	5
978	0	0	0	0	-1	6
979	996	997	11	0.9944	-3	6
980	0	0	0	0	-1	5
981	998	999	3	0.195	-3	5
982	0	0	0	0	-1	5
983	0	0	0	0	-1	5
984	0	0	0	0	-1	5.33333333333333
985	1000	1001	2	0	-3	5
986	1002	1003	3	0.225	-3	5.09090909090909
987	0	0	0	0	-1	6
988	0	0	0	0	-1	6
989	0	0	0	0	-1	5
990	0	0	0	0	-1	5
991	1004	1005	6	6.5	-3	5
992	0	0	0	0	-1	6
993	0	0	0	0	-1	6
994	0	0	0	0	-1	5
995	0	0	0	0	-1	5
996	0	0	0	0	-1	5
997	1006	1007	4	1.95	-3	6
998	1008	1009	1	0	-3	5
999	0	0	0	0	-1	5
1000	0	0	0	0	-1	6
1001	1010	1011	2	0.535	-3	5
1002	1012	1013	9	3.635	-3	5
1003	0	0	0	0	-1	6
1004	1014	1015	10	0	-3	5
1005	1016	1017	10	0.84	-3	5
1006	0	0	0	0	-1	6
1007	0	0	0	0	-1	6
1008	0	0	0	0	-1	6
1009	1018	1019	3	0.145	-3	5
1010	1020	1021	2	0	-3	5
1011	1022	1023	6	0	-3	5
1012	1024	1025	2	0	-3	5
1013	0	0	0	0	-1	5
1014	0	0	0	0	-1	5
1015	0	0	0	0	-1	5
1016	1026	1027	3	0	-3	5
1017	0	0	0	0	-1	5
1018	0	0	0	0	-1	5
1019	0	0	0	0	-1	5
1020	0	0	0	0	-1	5
1021	1028	1029	4	0.49	-3	5
1022	0	0	0	0	-1	6
1023	0	0	0	0	-1	5
1024	0	0	0	0	-1	6
1025	1030	1031	4	3.585	-3	5
1026	0	0	0	0	-1	6
1027	1032	1033	4	0	-3	5
1028	0	0	0	0	-1	6
1029	0	0	0	0	-1	5
1030	1034	1035	1	0	-3	5
1031	0	0	0	0	-1	5
1032	0	0	0	0	-1	6
1033	0	0	0	0	-1	5
1034	0	0	0	0	-1	6
1035	1036	1037	9	0	-3	5
1036	0	0	0	0	-1	7
1037	0	0	0	0	-1	5
