1	2	9	9	3.245	-3	-0.000299739
2	3	6	8	0.99568	-3	0.00322272
3	4	5	3	0.395	-3	0.016454
4	0	0	0	0	-1	0.0246693
5	0	0	0	0	-1	0.00237055
6	7	8	3	0.175	-3	0.00112777
7	0	0	0	0	-1	-0.0117225
8	0	0	0	0	-1	0.00268901
9	10	31	3	0.515	-3	-0.00217928
10	11	16	11	9.275	-3	-0.00144254
11	12	15	8	0.9977	-3	0.00796382
12	13	14	7	40.5	-3	-0.00198275
13	0	0	0	0	-1	0.0117717
14	0	0	0	0	-1	-0.0157372
15	0	0	0	0	-1	0.0324477
16	17	28	8	0.99739	-3	-0.00238317
17	18	25	8	0.99719	-3	-0.000602334
18	19	24	1	8.55	-3	-0.00183157
19	20	21	10	0.515	-3	-0.00316873
20	0	0	0	0	-1	0.0067176
21	22	23	9	3.545	-3	-0.00457024
22	0	0	0	0	-1	-0.00285952
23	0	0	0	0	-1	-0.0163897
24	0	0	0	0	-1	0.0154933
25	26	27	7	32.5	-3	0.0125505
26	0	0	0	0	-1	-0.0122162
27	0	0	0	0	-1	0.0249338
28	29	30	8	0.99755	-3	-0.00869705
29	0	0	0	0	-1	-0.0327169
30	0	0	0	0	-1	-0.00599819
31	32	33	4	2.25	-3	-0.0162058
32	0	0	0	0	-1	-0.0298364
33	0	0	0	0	-1	-0.000303391
