1	2	29	10	0.805	-3	0.000523907
2	3	4	6	5.25	-3	-0.000677692
3	0	0	0	0	-1	-0.00641364
4	5	28	3	0.425	-3	8.71013e-05
5	6	19	8	0.997215	-3	-0.00121358
6	7	18	8	0.997185	-3	0.000767983
7	8	11	6	15.5	-3	7.67018e-05
8	9	10	2	0.89	-3	0.0033674
9	0	0	0	0	-1	0.00194835
10	0	0	0	0	-1	0.0200919
11	12	15	10	0.555	-3	-0.00407143
12	13	14	3	0.055	-3	-0.013112
13	0	0	0	0	-1	-0.0358422
14	0	0	0	0	-1	-0.0038778
15	16	17	4	2.45	-3	0.000122637
16	0	0	0	0	-1	-0.00231204
17	0	0	0	0	-1	0.0213043
18	0	0	0	0	-1	0.0209408
19	20	25	7	44.5	-3	-0.00568895
20	21	24	11	9.65	-3	-0.0139899
21	22	23	2	0.555	-3	-0.00534476
22	0	0	0	0	-1	0.00984241
23	0	0	0	0	-1	-0.0174945
24	0	0	0	0	-1	-0.0237158
25	26	27	10	0.535	-3	-0.00127905
26	0	0	0	0	-1	0.0104357
27	0	0	0	0	-1	-0.00496999
28	0	0	0	0	-1	0.00523608
29	30	33	6	31.5	-3	0.00739019
30	31	32	3	0.555	-3	0.00986247
31	0	0	0	0	-1	0.0071702
32	0	0	0	0	-1	0.026593
33	0	0	0	0	-1	-0.00648209
