1	2	27	4	2.825	-3	0.000690069
2	3	24	8	0.999395	-3	0.00165679
3	4	7	11	9.15	-3	0.00104153
4	5	6	6	13.5	-3	0.0127414
5	0	0	0	0	-1	0.028178
6	0	0	0	0	-1	-0.00423883
7	8	19	8	0.997795	-3	0.000645244
8	9	12	8	0.99722	-3	0.00176021
9	10	11	2	0.355	-3	0.000666626
10	0	0	0	0	-1	-0.00535483
11	0	0	0	0	-1	0.00196599
12	13	14	10	0.595	-3	0.00908247
13	0	0	0	0	-1	-0.0050672
14	15	16	11	9.65	-3	0.0171221
15	0	0	0	0	-1	0.00363173
16	17	18	9	3.29	-3	0.028364
17	0	0	0	0	-1	0.0119408
18	0	0	0	0	-1	0.0400948
19	20	23	7	31.5	-3	-0.00600697
20	21	22	1	10.75	-3	-0.017704
21	0	0	0	0	-1	-0.0310896
22	0	0	0	0	-1	0.00906711
23	0	0	0	0	-1	0.000885947
24	25	26	1	12	-3	0.0126118
25	0	0	0	0	-1	0.0212361
26	0	0	0	0	-1	-0.00264649
27	28	33	11	11.25	-3	-0.00467445
28	29	32	11	10.95	-3	-0.00889504
29	30	31	10	0.545	-3	-0.00456818
30	0	0	0	0	-1	0.00699095
31	0	0	0	0	-1	-0.0096253
32	0	0	0	0	-1	-0.0287986
33	0	0	0	0	-1	0.00465529
