1	2	3	9	2.99	-3	0.000171076
2	0	0	0	0	-1	-0.0119023
3	4	9	11	9.21667	-3	0.000324097
4	5	6	7	23.5	-3	-0.00479933
5	0	0	0	0	-1	-0.0215171
6	7	8	7	38.5	-3	-0.000886664
7	0	0	0	0	-1	0.0128551
8	0	0	0	0	-1	-0.00460066
9	10	17	10	0.525	-3	0.000730607
10	11	14	1	8.05	-3	-0.00281544
11	12	13	1	7.65	-3	8.652e-05
12	0	0	0	0	-1	-0.00276124
13	0	0	0	0	-1	0.010305
14	15	16	9	3.255	-3	-0.00910302
15	0	0	0	0	-1	-0.0021557
16	0	0	0	0	-1	-0.0248924
17	18	21	4	2.05	-3	0.00138579
18	19	20	1	10.3	-3	-0.00105504
19	0	0	0	0	-1	-0.000139215
20	0	0	0	0	-1	-0.0126745
21	22	23	5	0.0585	-3	0.00272886
22	0	0	0	0	-1	-0.00829956
23	24	33	2	0.475	-3	0.00325126
24	25	30	6	27.5	-3	0.000329465
25	26	29	1	10.05	-3	0.00183925
26	27	28	11	10.95	-3	-0.00122683
27	0	0	0	0	-1	-0.00651287
28	0	0	0	0	-1	0.00443678
29	0	0	0	0	-1	0.00677905
30	31	32	5	0.077	-3	-0.00892618
31	0	0	0	0	-1	0.0023616
32	0	0	0	0	-1	-0.0176091
33	0	0	0	0	-1	0.00546966
