1	2	33	8	1.0007	-3	0.000132938
2	3	32	5	0.173	-3	-2.58901e-05
3	4	31	11	13.2	-3	0.000173494
4	5	30	3	0.665	-3	2.51007e-05
5	6	21	3	0.375	-3	0.000145439
6	7	20	3	0.355	-3	-0.00053805
7	8	17	8	0.998065	-3	-0.000239664
8	9	16	2	0.6125	-3	-0.000631556
9	10	13	5	0.0815	-3	-0.00182132
10	11	12	5	0.0725	-3	-0.000379467
11	0	0	0	0	-1	-0.00314427
12	0	0	0	0	-1	0.00280005
13	14	15	8	0.995565	-3	-0.00488304
14	0	0	0	0	-1	0.00463526
15	0	0	0	0	-1	-0.00704629
16	0	0	0	0	-1	0.00101331
17	18	19	8	0.99838	-3	0.00251623
18	0	0	0	0	-1	0.0164282
19	0	0	0	0	-1	-0.000484387
20	0	0	0	0	-1	-0.00982533
21	22	25	3	0.395	-3	0.00165972
22	23	24	9	3.295	-3	0.0101809
23	0	0	0	0	-1	0.00379642
24	0	0	0	0	-1	0.0171458
25	26	29	8	0.995215	-3	0.000721987
26	27	28	4	1.95	-3	-0.00554102
27	0	0	0	0	-1	-0.0124342
28	0	0	0	0	-1	0.00188238
29	0	0	0	0	-1	0.00165112
30	0	0	0	0	-1	-0.00895217
31	0	0	0	0	-1	0.00880311
32	0	0	0	0	-1	-0.00854401
33	0	0	0	0	-1	0.0105494
