1	2	19	5	0.0815	-3	-0.000193006
2	3	12	3	0.405	-3	-0.00220553
3	4	7	5	0.0525	-3	-0.00407027
4	5	6	1	6.35	-3	0.00994076
5	0	0	0	0	-1	-0.00310494
6	0	0	0	0	-1	0.02399
7	8	11	5	0.0585	-3	-0.00528666
8	9	10	3	0.145	-3	-0.0235345
9	0	0	0	0	-1	-0.00558457
10	0	0	0	0	-1	-0.0456266
11	0	0	0	0	-1	-0.00341011
12	13	18	8	0.99845	-3	0.00391372
13	14	15	11	11.25	-3	0.00809926
14	0	0	0	0	-1	0.0158052
15	16	17	3	0.485	-3	-0.00170828
16	0	0	0	0	-1	-0.0111444
17	0	0	0	0	-1	0.0128088
18	0	0	0	0	-1	-0.00729755
19	20	21	8	0.996435	-3	0.0022861
20	0	0	0	0	-1	0.0100285
21	22	31	10	0.735	-3	-0.000756632
22	23	28	2	0.495	-3	-0.00325727
23	24	25	8	0.99702	-3	-0.0111663
24	0	0	0	0	-1	-0.0348867
25	26	27	11	10.15	-3	-0.0053572
26	0	0	0	0	-1	0.00281343
27	0	0	0	0	-1	-0.0222091
28	29	30	5	0.0975	-3	0.000831286
29	0	0	0	0	-1	0.00502442
30	0	0	0	0	-1	-0.00952821
31	32	33	11	9.25	-3	0.00498201
32	0	0	0	0	-1	0.023752
33	0	0	0	0	-1	0.00122801
