1	2	5	7	10.5	-3	-0.000682074
2	3	4	6	3.5	-3	0.00799925
3	0	0	0	0	-1	-0.00286071
4	0	0	0	0	-1	0.0143875
5	6	33	3	0.645	-3	-0.000985696
6	7	18	4	2.025	-3	-0.000731957
7	8	15	5	0.0655	-3	-0.00248813
8	9	10	5	0.0525	-3	0.00245214
9	0	0	0	0	-1	-0.00689649
10	11	14	9	3.415	-3	0.00723516
11	12	13	1	7.25	-3	0.00090545
12	0	0	0	0	-1	-0.00896459
13	0	0	0	0	-1	0.00858215
14	0	0	0	0	-1	0.0256489
15	16	17	4	1.95	-3	-0.00379881
16	0	0	0	0	-1	-0.00225679
17	0	0	0	0	-1	-0.00729405
18	19	20	11	9.15	-3	0.000488699
19	0	0	0	0	-1	0.0143746
20	21	28	7	74.5	-3	0.000137563
21	22	27	9	3.59	-3	0.00114276
22	23	24	8	0.994	-3	0.00149656
23	0	0	0	0	-1	-0.00790478
24	25	26	1	11.25	-3	0.0019471
25	0	0	0	0	-1	0.00260643
26	0	0	0	0	-1	-0.00450976
27	0	0	0	0	-1	-0.0104617
28	29	32	7	88.5	-3	-0.00336509
29	30	31	10	0.545	-3	-0.0110055
30	0	0	0	0	-1	0.000811792
31	0	0	0	0	-1	-0.0191299
32	0	0	0	0	-1	-0.000418071
33	0	0	0	0	-1	-0.0129749
