1	2	3	5	0.0685	-3	0.000540484
2	0	0	0	0	-1	0.00206931
3	4	19	6	8.5	-3	5.02485e-05
4	5	18	3	0.635	-3	0.00167197
5	6	15	6	7.5	-3	0.00109242
6	7	8	1	6.75	-3	0.000296352
7	0	0	0	0	-1	-0.0066582
8	9	12	4	2.05	-3	0.000991807
9	10	11	4	1.85	-3	0.00360916
10	0	0	0	0	-1	-0.000414372
11	0	0	0	0	-1	0.00847093
12	13	14	7	18.5	-3	-0.000809747
13	0	0	0	0	-1	0.00173617
14	0	0	0	0	-1	-0.00386484
15	16	17	1	7.75	-3	0.00651329
16	0	0	0	0	-1	0.00101296
17	0	0	0	0	-1	0.0125637
18	0	0	0	0	-1	0.00959248
19	20	23	1	6.55	-3	-0.000615074
20	21	22	8	0.995045	-3	0.00386888
21	0	0	0	0	-1	-0.00509509
22	0	0	0	0	-1	0.00813744
23	24	33	7	135	-3	-0.000964327
24	25	28	5	0.0725	-3	-0.00119975
25	26	27	11	9.55	-3	-0.00520023
26	0	0	0	0	-1	0.00282469
27	0	0	0	0	-1	-0.0101044
28	29	30	10	0.555	-3	-0.000872955
29	0	0	0	0	-1	-0.00348586
30	31	32	10	0.635	-3	-2.47363e-05
31	0	0	0	0	-1	0.00205433
32	0	0	0	0	-1	-0.00142811
33	0	0	0	0	-1	0.00549313
