1	2	33	9	3.665	-3	-0.000137341
2	3	28	7	83.5	-3	1.62839e-07
3	4	5	11	9.075	-3	0.000357871
4	0	0	0	0	-1	-0.00711673
5	6	13	8	0.99548	-3	0.000526471
6	7	8	4	1.75	-3	-0.00152368
7	0	0	0	0	-1	0.00351116
8	9	10	5	0.0605	-3	-0.00290073
9	0	0	0	0	-1	0.00225408
10	11	12	5	0.0695	-3	-0.004231
11	0	0	0	0	-1	-0.00818173
12	0	0	0	0	-1	-0.0020581
13	14	25	10	0.875	-3	0.00111847
14	15	16	4	1.85	-3	0.00154486
15	0	0	0	0	-1	-0.00159005
16	17	18	9	3.045	-3	0.00218627
17	0	0	0	0	-1	0.0111646
18	19	24	9	3.215	-3	0.001902
19	20	23	8	0.99737	-3	-0.000674029
20	21	22	8	0.99678	-3	-0.00508996
21	0	0	0	0	-1	0.00108385
22	0	0	0	0	-1	-0.0136383
23	0	0	0	0	-1	0.0012816
24	0	0	0	0	-1	0.00283789
25	26	27	4	2.15	-3	-0.00334436
26	0	0	0	0	-1	0.000795558
27	0	0	0	0	-1	-0.00767245
28	29	32	7	135.5	-3	-0.00223141
29	30	31	2	0.7475	-3	-0.00358446
30	0	0	0	0	-1	-0.00244124
31	0	0	0	0	-1	-0.0122106
32	0	0	0	0	-1	0.00624774
33	0	0	0	0	-1	-0.0109864
