1	2	9	5	0.0585	-3	0.000551216
2	3	4	7	19.5	-3	-0.0123524
3	0	0	0	0	-1	0.0114337
4	5	6	6	14.5	-3	-0.0200828
5	0	0	0	0	-1	-0.0448724
6	7	8	6	21.5	-3	-0.00520909
7	0	0	0	0	-1	0.0112958
8	0	0	0	0	-1	-0.0230894
9	10	17	8	0.99461	-3	0.00146796
10	11	16	3	0.385	-3	0.0120662
11	12	15	1	6.95	-3	0.0194354
12	13	14	7	25.5	-3	0.00492906
13	0	0	0	0	-1	-0.0135529
14	0	0	0	0	-1	0.023411
15	0	0	0	0	-1	0.036843
16	0	0	0	0	-1	-0.0174106
17	18	23	7	13.5	-3	0.000624394
18	19	20	1	7.15	-3	0.0119762
19	0	0	0	0	-1	-0.0108714
20	21	22	1	8.15	-3	0.0178345
21	0	0	0	0	-1	0.0433938
22	0	0	0	0	-1	0.00505489
23	24	25	7	14.5	-3	-0.00024202
24	0	0	0	0	-1	-0.0246629
25	26	31	7	19.5	-3	0.000382155
26	27	28	10	0.695	-3	0.0100472
27	0	0	0	0	-1	0.0200524
28	29	30	10	0.805	-3	-0.00814407
29	0	0	0	0	-1	-0.0302464
30	0	0	0	0	-1	0.0183787
31	32	33	7	23.5	-3	-0.000680318
32	0	0	0	0	-1	-0.0146017
33	0	0	0	0	-1	0.000884803
