1	2	31	2	0.8925	-3	-0.000522165
2	3	30	10	0.975	-3	-0.00138541
3	4	23	1	11.55	-3	-0.00219874
4	5	6	6	3.5	-3	-0.00317687
5	0	0	0	0	-1	-0.0206995
6	7	18	1	10.35	-3	-0.00262601
7	8	17	1	10.05	-3	-0.00171581
8	9	10	7	10.5	-3	-0.00238975
9	0	0	0	0	-1	0.0165359
10	11	16	8	0.99517	-3	-0.00297407
11	12	13	5	0.047	-3	-0.011161
12	0	0	0	0	-1	0.0219891
13	14	15	5	0.0585	-3	-0.0146876
14	0	0	0	0	-1	-0.0342619
15	0	0	0	0	-1	-0.00870654
16	0	0	0	0	-1	-0.00119654
17	0	0	0	0	-1	0.02211
18	19	22	8	0.99845	-3	-0.0138762
19	20	21	2	0.375	-3	-0.00129447
20	0	0	0	0	-1	-0.0198933
21	0	0	0	0	-1	0.012138
22	0	0	0	0	-1	-0.0344042
23	24	29	2	0.485	-3	0.01128
24	25	26	11	9.95	-3	0.0207319
25	0	0	0	0	-1	0.0473213
26	27	28	9	3.14	-3	0.0063294
27	0	0	0	0	-1	-0.0208058
28	0	0	0	0	-1	0.0292899
29	0	0	0	0	-1	-0.0156218
30	0	0	0	0	-1	0.0173973
31	32	33	9	3.355	-3	0.023248
32	0	0	0	0	-1	0.0486828
33	0	0	0	0	-1	0.00911762
