1	2	33	11	11.75	-3	-0.000454212
2	3	30	6	33.5	-3	0.000456274
3	4	15	7	20.5	-3	0.00105068
4	5	8	10	0.615	-3	-0.00360704
5	6	7	8	0.995505	-3	0.00252792
6	0	0	0	0	-1	-0.00992191
7	0	0	0	0	-1	0.00789844
8	9	10	10	0.635	-3	-0.0098272
9	0	0	0	0	-1	-0.032949
10	11	12	11	9.525	-3	-0.00374252
11	0	0	0	0	-1	-0.0214253
12	13	14	11	11.05	-3	0.000972895
13	0	0	0	0	-1	0.0103561
14	0	0	0	0	-1	-0.0131019
15	16	17	7	22.5	-3	0.00239336
16	0	0	0	0	-1	0.0154507
17	18	29	1	7.25	-3	0.00179614
18	19	20	2	0.345	-3	0.00579017
19	0	0	0	0	-1	-0.0112759
20	21	22	11	9.65	-3	0.0075866
21	0	0	0	0	-1	0.0157456
22	23	26	6	17.5	-3	0.00444199
23	24	25	2	0.6325	-3	0.0106307
24	0	0	0	0	-1	0.0165951
25	0	0	0	0	-1	-0.00129812
26	27	28	5	0.0845	-3	-0.00174672
27	0	0	0	0	-1	-0.00718625
28	0	0	0	0	-1	0.0165499
29	0	0	0	0	-1	3.8293e-05
30	31	32	4	1.95	-3	-0.00756818
31	0	0	0	0	-1	-0.0214272
32	0	0	0	0	-1	-0.00242053
33	0	0	0	0	-1	-0.00660662
