1	2	23	4	3.45	-3	0.000408204
2	3	18	4	2.825	-3	-0.000165858
3	4	17	7	107	-3	0.00048894
4	5	16	3	0.065	-3	0.000764786
5	6	13	5	0.0805	-3	-0.00190887
6	7	12	8	0.995965	-3	-0.00588936
7	8	9	2	0.625	-3	-0.000543276
8	0	0	0	0	-1	-0.00653395
9	10	11	11	10.95	-3	0.00680892
10	0	0	0	0	-1	0.0187461
11	0	0	0	0	-1	-0.00313872
12	0	0	0	0	-1	-0.0121264
13	14	15	6	7.5	-3	0.0063235
14	0	0	0	0	-1	0.0200057
15	0	0	0	0	-1	0.00119269
16	0	0	0	0	-1	0.0014838
17	0	0	0	0	-1	-0.00601897
18	19	20	5	0.0785	-3	-0.00961773
19	0	0	0	0	-1	-0.000587934
20	21	22	8	0.9994	-3	-0.0154226
21	0	0	0	0	-1	-0.00820858
22	0	0	0	0	-1	-0.0284078
23	24	27	7	19.5	-3	0.0049878
24	25	26	2	0.535	-3	0.0129018
25	0	0	0	0	-1	0.00590493
26	0	0	0	0	-1	0.0211708
27	28	29	4	4.25	-3	0.00206572
28	0	0	0	0	-1	0.0113275
29	30	31	7	61.5	-3	-0.00235469
30	0	0	0	0	-1	-0.0134376
31	32	33	10	0.65	-3	0.0039784
32	0	0	0	0	-1	0.0111331
33	0	0	0	0	-1	-0.00222237
