1	2	29	9	3.365	-3	-0.000549745
2	3	28	8	1.00018	-3	-0.00122339
3	4	7	8	0.996095	-3	-0.00152067
4	5	6	8	0.995865	-3	0.000490891
5	0	0	0	0	-1	-0.000778205
6	0	0	0	0	-1	0.00837264
7	8	9	2	0.325	-3	-0.00229697
8	0	0	0	0	-1	0.00249389
9	10	21	7	63.5	-3	-0.00297477
10	11	12	11	9.75	-3	-0.00411765
11	0	0	0	0	-1	-0.00172604
12	13	16	1	8.55	-3	-0.00614299
13	14	15	1	7.95	-3	-0.0143297
14	0	0	0	0	-1	-0.00805215
15	0	0	0	0	-1	-0.0206073
16	17	20	1	11	-3	-0.0033812
17	18	19	1	9.45	-3	-0.00106533
18	0	0	0	0	-1	-0.00663972
19	0	0	0	0	-1	0.00259784
20	0	0	0	0	-1	-0.00875401
21	22	27	11	10.15	-3	-0.000764485
22	23	26	2	0.535	-3	-0.00208932
23	24	25	10	0.63	-3	-0.00851791
24	0	0	0	0	-1	-0.0035531
25	0	0	0	0	-1	-0.0161908
26	0	0	0	0	-1	0.000723185
27	0	0	0	0	-1	0.0079416
28	0	0	0	0	-1	0.00462723
29	30	31	5	0.0485	-3	0.000685264
30	0	0	0	0	-1	-0.00856388
31	32	33	2	0.8775	-3	0.00106069
32	0	0	0	0	-1	0.000618524
33	0	0	0	0	-1	0.00917762
