1	2	13	10	0.695	-3	-0.000181157
2	3	6	1	7.05	-3	-0.000887068
3	4	5	5	0.0575	-3	0.000793554
4	0	0	0	0	-1	-0.00589246
5	0	0	0	0	-1	0.00187932
6	7	10	7	20.5	-3	-0.00145282
7	8	9	7	14.5	-3	0.000925091
8	0	0	0	0	-1	-0.00181694
9	0	0	0	0	-1	0.00478886
10	11	12	10	0.635	-3	-0.00229866
11	0	0	0	0	-1	-0.00106082
12	0	0	0	0	-1	-0.00591443
13	14	15	5	0.0615	-3	0.00129063
14	0	0	0	0	-1	0.00609943
15	16	17	10	0.705	-3	0.000730982
16	0	0	0	0	-1	0.00624918
17	18	19	1	7.75	-3	0.000210398
18	0	0	0	0	-1	-0.00288486
19	20	21	10	0.725	-3	0.00129472
20	0	0	0	0	-1	-0.0058397
21	22	29	2	0.435	-3	0.0019388
22	23	24	3	0.475	-3	9.64016e-05
23	0	0	0	0	-1	0.00366279
24	25	26	5	0.0755	-3	-0.00332139
25	0	0	0	0	-1	-0.0126197
26	27	28	1	11.3	-3	-0.000221944
27	0	0	0	0	-1	0.00380211
28	0	0	0	0	-1	-0.00585562
29	30	31	2	0.495	-3	0.00540252
30	0	0	0	0	-1	0.0148471
31	32	33	10	0.925	-3	0.00273866
32	0	0	0	0	-1	0.0048737
33	0	0	0	0	-1	-0.00345296
