1	2	25	4	2.075	-3	-0.000678664
2	3	8	10	0.615	-3	0.000763823
3	4	5	5	0.0575	-3	-0.00200811
4	0	0	0	0	-1	0.00719392
5	6	7	9	3.415	-3	-0.00275791
6	0	0	0	0	-1	-0.00159273
7	0	0	0	0	-1	-0.00764272
8	9	16	11	9.85	-3	0.00332523
9	10	13	2	0.575	-3	0.000141623
10	11	12	9	3.315	-3	0.00344762
11	0	0	0	0	-1	-0.000600443
12	0	0	0	0	-1	0.0108691
13	14	15	2	0.6375	-3	-0.00435453
14	0	0	0	0	-1	-0.0105092
15	0	0	0	0	-1	0.000481303
16	17	20	8	0.99509	-3	0.00522254
17	18	19	3	0.31	-3	0.000411038
18	0	0	0	0	-1	0.00463495
19	0	0	0	0	-1	-0.00676961
20	21	24	8	0.996195	-3	0.00702685
21	22	23	2	0.315	-3	0.0126805
22	0	0	0	0	-1	0.00275105
23	0	0	0	0	-1	0.0181969
24	0	0	0	0	-1	0.00342904
25	26	29	7	86.5	-3	-0.00156456
26	27	28	7	83.5	-3	-0.0020581
27	0	0	0	0	-1	-0.00178623
28	0	0	0	0	-1	-0.0112564
29	30	33	8	0.99785	-3	0.00111469
30	31	32	10	0.535	-3	0.00353194
31	0	0	0	0	-1	-0.00265429
32	0	0	0	0	-1	0.00571531
33	0	0	0	0	-1	-0.00247218
