1	2	33	2	0.9875	-3	-0.000233706
2	3	32	2	0.8575	-3	-0.000506916
3	4	9	4	1.675	-3	-0.000108514
4	5	8	3	0.41	-3	-0.00687435
5	6	7	3	0.345	-3	-0.0019603
6	0	0	0	0	-1	-0.00688496
7	0	0	0	0	-1	0.0177383
8	0	0	0	0	-1	-0.0261795
9	10	29	5	0.168	-3	0.000561275
10	11	18	1	8.25	-3	0.000128919
11	12	15	10	0.605	-3	0.00218897
12	13	14	3	0.365	-3	0.00616791
13	0	0	0	0	-1	0.00477353
14	0	0	0	0	-1	0.0302527
15	16	17	8	0.99719	-3	-0.00204261
16	0	0	0	0	-1	-0.00629959
17	0	0	0	0	-1	0.00806772
18	19	24	1	10.05	-3	-0.00268024
19	20	23	4	3.5	-3	-0.00646959
20	21	22	4	1.95	-3	-0.00874646
21	0	0	0	0	-1	0.00640262
22	0	0	0	0	-1	-0.0122057
23	0	0	0	0	-1	0.00967548
24	25	26	3	0.455	-3	0.00356518
25	0	0	0	0	-1	0.0203518
26	27	28	11	10.85	-3	-0.000977067
27	0	0	0	0	-1	0.00766795
28	0	0	0	0	-1	-0.00942103
29	30	31	1	8.2	-3	0.014479
30	0	0	0	0	-1	-0.000298628
31	0	0	0	0	-1	0.0279132
32	0	0	0	0	-1	-0.0143786
33	0	0	0	0	-1	0.0193381
