1	2	3	1	311.45	-3	35.7274077669903
2	4	5	8	10.5	-3	29.9222647058824
3	6	7	8	21	-3	47.0059714285714
4	8	9	5	11	-3	14.1115757575758
5	10	11	3	174.8	-3	34.9878252427184
6	12	13	6	956.4	-3	31.9229807692308
7	14	15	2	18.3	-3	53.3825203252032
8	16	17	6	960.2	-3	13.2429801324503
9	18	19	5	11.25	-3	23.48
10	20	21	4	161.3	-3	35.8939387755102
11	22	23	2	50.5	-3	17.228
12	24	25	8	5	-3	37.7763636363636
13	26	27	4	179.75	-3	25.3528571428571
14	28	29	4	164.5	-3	44.3256730769231
15	30	31	2	171.7	-3	60.0157042253521
16	32	33	1	187.95	-3	10.9054347826087
17	34	35	1	254.75	-3	14.2670476190476
18	0	0	0	0	-1	28.9375
19	36	37	2	27.3	-3	21.297
20	38	39	1	213.05	-3	47.6791764705882
21	40	41	1	155.6	-3	33.4204938271605
22	42	43	2	7.5	-3	15.0452631578947
23	44	45	2	176	-3	24.14
24	46	47	7	757.35	-3	32.630303030303
25	48	49	4	189	-3	45.4954545454545
26	50	51	7	662.5	-3	39.12
27	52	53	7	760.2	-3	21.3676315789474
28	54	55	4	160	-3	63.0530769230769
29	56	57	7	679.35	-3	41.6503296703297
30	58	59	2	139.75	-3	56.72125
31	60	61	1	350.25	-3	69.0321052631579
32	62	63	2	191.95	-3	7.96928571428571
33	64	65	4	189.25	-3	15.4727777777778
34	66	67	4	157.55	-3	12.8897402597403
35	68	69	2	187.7	-3	18.0546428571429
36	70	71	5	11.75	-3	20.6166666666667
37	0	0	0	0	-1	27.42
38	72	73	1	158.05	-3	34.1573684210526
39	74	75	2	54.2	-3	51.5718181818182
40	76	77	4	177	-3	27.1903703703704
41	78	79	2	13	-3	34.978024691358
42	80	81	3	180.5	-3	14.99
43	0	0	0	0	-1	15.34
44	0	0	0	0	-1	23.086
45	0	0	0	0	-1	29.41
46	82	83	2	11	-3	35.6776923076923
47	84	85	4	153.75	-3	30.6495
48	86	87	3	47	-3	48.1411764705882
49	0	0	0	0	-1	36.5
50	88	89	4	174.25	-3	45.8528571428571
51	0	0	0	0	-1	27.3375
52	90	91	2	105.35	-3	28.2211764705882
53	92	93	1	379	-3	15.8195238095238
54	94	95	3	29.5	-3	57.2557142857143
55	0	0	0	0	-1	69.8166666666667
56	96	97	1	502.55	-3	50.842962962963
57	98	99	4	194.65	-3	37.7721875
58	100	101	6	1095.5	-3	61.0487671232877
59	102	103	2	146.8	-3	46.5306451612903
60	104	105	8	42	-3	62.6076923076923
61	106	107	7	756.25	-3	72.3728
62	108	109	4	197.75	-3	7.37217391304348
63	0	0	0	0	-1	10.716
64	110	111	6	945.75	-3	23.1233333333333
65	112	113	7	759.4	-3	11.6475
66	0	0	0	0	-1	18.725
67	114	115	7	752.15	-3	12.57
68	116	117	1	298.5	-3	17.2756
69	0	0	0	0	-1	24.5466666666667
70	0	0	0	0	-1	16.355
71	118	119	4	159.35	-3	21.8342857142857
72	0	0	0	0	-1	17.9566666666667
73	120	121	3	168.1	-3	37.195
74	122	123	7	894.4	-3	48.6078
75	124	125	7	796.35	-3	60.834375
76	126	127	5	10.5	-3	33.0784615384615
77	128	129	7	809.2	-3	26.0647058823529
78	130	131	6	1057	-3	30.6767469879518
79	132	133	6	1009.85	-3	39.4970886075949
80	0	0	0	0	-1	14.2
81	134	135	3	184.5	-3	15.2533333333333
82	0	0	0	0	-1	24.4
83	136	137	2	99.5	-3	36.6175
84	138	139	2	100.5	-3	37.55
85	140	141	1	434	-3	26.0491666666667
86	142	143	4	169.9	-3	51.1425
87	0	0	0	0	-1	40.938
88	0	0	0	0	-1	51.6425
89	0	0	0	0	-1	38.1333333333333
90	144	145	4	186.5	-3	28.4575
91	0	0	0	0	-1	24.44
92	146	147	6	1051.5	-3	16.5675
93	0	0	0	0	-1	13.426
94	0	0	0	0	-1	59
95	0	0	0	0	-1	56.558
96	148	149	6	1124.7	-3	48.3995652173913
97	0	0	0	0	-1	64.8925
98	150	151	6	993	-3	39.5445833333333
99	152	153	6	971	-3	32.455
100	154	155	3	127.5	-3	60.1615714285714
101	0	0	0	0	-1	81.75
102	156	157	4	203.5	-3	41.0284210526316
103	158	159	1	324.05	-3	55.2425
104	160	161	7	707.85	-3	58.4833333333333
105	162	163	2	200.75	-3	66.1428571428571
106	164	165	4	175.45	-3	74.6263157894737
107	166	167	8	59.5	-3	65.2366666666667
108	0	0	0	0	-1	7.98555555555556
109	168	169	8	5	-3	6.97785714285714
110	0	0	0	0	-1	24.99
111	0	0	0	0	-1	21.2566666666667
112	0	0	0	0	-1	16.7933333333333
113	170	171	6	927.6	-3	9.93222222222223
114	172	173	1	163.1	-3	14.0872
115	174	175	3	124.55	-3	11.7797916666667
116	176	177	7	749.5	-3	18.3294736842105
117	178	179	1	305	-3	13.9383333333333
118	0	0	0	0	-1	20.855
119	0	0	0	0	-1	23.14
120	180	181	8	42	-3	38.5075
121	0	0	0	0	-1	33.2575
122	182	183	3	123	-3	49.3393617021277
123	0	0	0	0	-1	37.1466666666667
124	184	185	6	1068.7	-3	59.1914285714286
125	0	0	0	0	-1	72.335
126	186	187	1	141.9	-3	27.2783333333333
127	188	189	4	174.9	-3	38.05
128	190	191	2	58.8	-3	28.5161363636364
129	192	193	7	816.4	-3	21.5704166666667
130	194	195	4	190.15	-3	32.4392741935484
131	196	197	4	164.35	-3	25.4730952380952
132	198	199	8	42	-3	41.0039393939394
133	200	201	8	42	-3	31.8469230769231
134	202	203	7	828	-3	15.53875
135	0	0	0	0	-1	14.6825
136	0	0	0	0	-1	32.11
137	204	205	5	16.8	-3	37.0272727272727
138	0	0	0	0	-1	41.2333333333333
139	0	0	0	0	-1	35.34
140	206	207	4	174.5	-3	24.9809090909091
141	0	0	0	0	-1	37.8
142	208	209	1	407.45	-3	52.86375
143	0	0	0	0	-1	47.7
144	210	211	4	185.35	-3	24.11
145	0	0	0	0	-1	32.805
146	212	213	8	10.5	-3	18.6036363636364
147	0	0	0	0	-1	12.088
148	214	215	5	19.35	-3	47.7975
149	0	0	0	0	-1	52.4133333333333
150	216	217	7	848.8	-3	42.9111538461538
151	218	219	7	821.5	-3	35.5659090909091
152	220	221	4	196.5	-3	35.745
153	222	223	6	988.75	-3	29.165
154	224	225	4	219	-3	58.36625
155	226	227	4	173	-3	67.3428571428571
156	228	229	6	1000.95	-3	42.8861538461538
157	230	231	8	59	-3	37.0033333333333
158	232	233	4	188	-3	53.62875
159	0	0	0	0	-1	58.47
160	0	0	0	0	-1	67.25
161	0	0	0	0	-1	54.1
162	0	0	0	0	-1	67.8
163	234	235	2	237.35	-3	65.8666666666667
164	236	237	1	376.25	-3	75.6411764705882
165	0	0	0	0	-1	66
166	0	0	0	0	-1	65.91
167	0	0	0	0	-1	64.9
168	238	239	1	153.25	-3	3.85571428571428
169	240	241	7	824.55	-3	10.1
170	0	0	0	0	-1	12.41
171	242	243	6	947.95	-3	9.22428571428572
172	0	0	0	0	-1	8.61499999999999
173	244	245	7	745.45	-3	15.1295238095238
174	246	247	3	121.8	-3	11.2425641025641
175	248	249	3	125	-3	14.1077777777778
176	250	251	1	284.9	-3	21.61875
177	252	253	4	176.9	-3	15.9372727272727
178	0	0	0	0	-1	15.58
179	0	0	0	0	-1	13.61
180	254	255	7	903.7	-3	33.815
181	256	257	7	797.85	-3	43.2
182	258	259	5	12.3	-3	51.1747619047619
183	260	261	3	124.6	-3	47.8569230769231
184	262	263	8	21	-3	59.2666666666667
185	0	0	0	0	-1	59.135
186	0	0	0	0	-1	29.07
187	0	0	0	0	-1	26.92
188	0	0	0	0	-1	40.086
189	0	0	0	0	-1	32.96
190	0	0	0	0	-1	12.7366666666667
191	264	265	1	143.75	-3	29.6707317073171
192	0	0	0	0	-1	12.588
193	266	267	3	128	-3	23.9342105263158
194	268	269	1	293.05	-3	37.3966129032258
195	270	271	8	42	-3	27.481935483871
196	272	273	7	803.3	-3	31.4081818181818
197	274	275	1	218.55	-3	23.3670967741935
198	276	277	6	867.25	-3	37.6386585365854
199	278	279	4	185.95	-3	46.523
200	280	281	7	706.15	-3	29.5586956521739
201	0	0	0	0	-1	49.39
202	0	0	0	0	-1	15.57
203	282	283	7	884.15	-3	15.5283333333333
204	284	285	4	178.05	-3	35.6875
205	0	0	0	0	-1	40.6
206	286	287	1	373	-3	26.9066666666667
207	0	0	0	0	-1	16.315
208	0	0	0	0	-1	56.9633333333333
209	0	0	0	0	-1	50.404
210	0	0	0	0	-1	23.0533333333333
211	0	0	0	0	-1	24.744
212	288	289	1	344	-3	16.965
213	0	0	0	0	-1	22.9733333333333
214	290	291	5	1.5	-3	47.3842105263158
215	0	0	0	0	-1	55.65
216	292	293	7	716.6	-3	42.2164
217	0	0	0	0	-1	60.28
218	294	295	3	56.5	-3	36.0642857142857
219	0	0	0	0	-1	25.1
220	0	0	0	0	-1	31.18
221	0	0	0	0	-1	38.484
222	296	297	7	787.5	-3	28.7642857142857
223	0	0	0	0	-1	31.97
224	298	299	1	395.2	-3	60.7936170212766
225	300	301	7	632	-3	45.69
226	302	303	7	775.5	-3	69.0666666666667
227	0	0	0	0	-1	64.24
228	304	305	4	178.75	-3	44.03375
229	0	0	0	0	-1	41.05
230	0	0	0	0	-1	33.02
231	0	0	0	0	-1	38.995
232	306	307	2	154.75	-3	52.4333333333333
233	0	0	0	0	-1	57.215
234	0	0	0	0	-1	66.1
235	0	0	0	0	-1	65.75
236	308	309	8	59.5	-3	75.3
237	0	0	0	0	-1	76.46
238	0	0	0	0	-1	3.07250000000001
239	0	0	0	0	-1	4.9
240	0	0	0	0	-1	10.4966666666667
241	0	0	0	0	-1	7.72
242	0	0	0	0	-1	10.2033333333333
243	0	0	0	0	-1	8.49
244	310	311	8	5	-3	14.1372727272727
245	312	313	1	175.9	-3	16.221
246	314	315	5	5.15	-3	11.5672222222222
247	0	0	0	0	-1	7.34666666666667
248	0	0	0	0	-1	19.52
249	316	317	1	190.5	-3	13.43125
250	318	319	1	264.15	-3	18.505
251	0	0	0	0	-1	30.96
252	0	0	0	0	-1	23.15
253	320	321	6	1026.5	-3	14.3344444444444
254	0	0	0	0	-1	32.0225
255	0	0	0	0	-1	37.4
256	0	0	0	0	-1	39.19
257	0	0	0	0	-1	45.205
258	322	323	8	21	-3	53.2792307692308
259	324	325	5	13.5	-3	47.755
260	0	0	0	0	-1	26.05
261	326	327	1	230.25	-3	49.6741666666667
262	0	0	0	0	-1	47.71
263	0	0	0	0	-1	65.045
264	328	329	6	969.6	-3	33.2991666666667
265	330	331	5	9.6	-3	24.5482352941176
266	332	333	2	191.7	-3	24.7227777777778
267	0	0	0	0	-1	9.74
268	334	335	4	164.7	-3	33.8021739130435
269	336	337	7	768.75	-3	47.730625
270	338	339	8	21	-3	24.0323684210526
271	340	341	4	192.5	-3	32.94375
272	0	0	0	0	-1	31.356
273	342	343	8	35	-3	31.4516666666667
274	344	345	5	2.25	-3	24.8076470588235
275	346	347	7	771.65	-3	21.6178571428571
276	348	349	4	197.5	-3	34.975
277	350	351	1	257.6	-3	38.3878125
278	352	353	5	5.05	-3	53.024
279	354	355	2	115	-3	43.7368571428571
280	0	0	0	0	-1	41.38
281	356	357	3	12.25	-3	27.07
282	0	0	0	0	-1	15.52
283	0	0	0	0	-1	15.53
284	358	359	7	756.25	-3	35.1714285714286
285	0	0	0	0	-1	39.3
286	0	0	0	0	-1	24.872
287	0	0	0	0	-1	29.45
288	0	0	0	0	-1	15.64
289	0	0	0	0	-1	17.76
290	360	361	7	632	-3	48.0286666666667
291	0	0	0	0	-1	44.9675
292	0	0	0	0	-1	54.32
293	362	363	3	56.3	-3	41.7120833333333
294	364	365	6	1058	-3	35.8911764705882
295	0	0	0	0	-1	36.8
296	0	0	0	0	-1	29.1333333333333
297	0	0	0	0	-1	28.4875
298	366	367	5	18.85	-3	55.1757894736842
299	368	369	7	746.75	-3	64.6057142857143
300	0	0	0	0	-1	38.782
301	0	0	0	0	-1	54.325
302	0	0	0	0	-1	73.6066666666667
303	0	0	0	0	-1	66.7966666666667
304	370	371	1	313.15	-3	43.3016666666667
305	0	0	0	0	-1	46.23
306	0	0	0	0	-1	52.4233333333333
307	0	0	0	0	-1	52.4433333333333
308	0	0	0	0	-1	71.3
309	0	0	0	0	-1	79.3
310	0	0	0	0	-1	9.73
311	372	373	4	194.6	-3	15.1166666666667
312	0	0	0	0	-1	15.6
313	374	375	1	195	-3	16.635
314	376	377	4	185.35	-3	11.0751851851852
315	378	379	5	6.25	-3	13.0433333333333
316	380	381	1	185.85	-3	12.895
317	0	0	0	0	-1	15.04
318	0	0	0	0	-1	17.24
319	0	0	0	0	-1	19.77
320	0	0	0	0	-1	11.36
321	0	0	0	0	-1	15.1842857142857
322	0	0	0	0	-1	38.6
323	382	383	8	42	-3	54.5025
324	0	0	0	0	-1	40.59
325	0	0	0	0	-1	52.054
326	384	385	8	21	-3	48.4411764705882
327	0	0	0	0	-1	52.6685714285714
328	386	387	4	199.5	-3	31.4658823529412
329	388	389	7	777.7	-3	37.7514285714286
330	390	391	7	697.75	-3	25.6213333333333
331	0	0	0	0	-1	16.5
332	392	393	8	59	-3	23.1064285714286
333	0	0	0	0	-1	30.38
334	0	0	0	0	-1	26.896
335	394	395	4	169.9	-3	34.6443902439024
336	396	397	8	21	-3	51.90875
337	398	399	1	296.85	-3	43.5525
338	400	401	4	193.45	-3	20.0021428571429
339	402	403	5	9.95	-3	26.3833333333333
340	404	405	1	263.5	-3	37.2125
341	406	407	6	1001.05	-3	30.809375
342	0	0	0	0	-1	21.06
343	0	0	0	0	-1	36.6475
344	0	0	0	0	-1	12.25
345	408	409	5	7.8	-3	25.5925
346	0	0	0	0	-1	25.2
347	410	411	1	263.75	-3	20.185
348	412	413	1	215.5	-3	40.37
349	414	415	3	168	-3	32.2775
350	416	417	4	187.15	-3	35.7035135135135
351	418	419	6	933.85	-3	42.0662962962963
352	0	0	0	0	-1	49.0566666666667
353	420	421	5	8.9	-3	54.0158333333333
354	0	0	0	0	-1	51.95
355	422	423	7	749.55	-3	42.368
356	424	425	6	1033.6	-3	25.8763636363636
357	426	427	6	1062.6	-3	28.71125
358	0	0	0	0	-1	35.3
359	0	0	0	0	-1	34.4
360	0	0	0	0	-1	40.6766666666667
361	0	0	0	0	-1	52.93
362	0	0	0	0	-1	42.585
363	428	429	5	10.55	-3	39.96625
364	430	431	1	340	-3	37.26
365	0	0	0	0	-1	31.4425
366	432	433	5	12.6	-3	53.22
367	434	435	8	42	-3	58.5285714285714
368	436	437	4	205.5	-3	58.49625
369	438	439	7	869.6	-3	67.0495
370	0	0	0	0	-1	44.4875
371	0	0	0	0	-1	40.93
372	440	441	7	709.3	-3	14.5875
373	0	0	0	0	-1	19.35
374	0	0	0	0	-1	20.73
375	0	0	0	0	-1	15.816
376	442	443	6	1112	-3	12.5366666666667
377	444	445	8	5	-3	10.6576190476191
378	0	0	0	0	-1	12.225
379	446	447	1	222.8	-3	13.2771428571429
380	0	0	0	0	-1	13.584
381	0	0	0	0	-1	9.45
382	0	0	0	0	-1	50.785
383	448	449	7	779.05	-3	56.36125
384	0	0	0	0	-1	32.33
385	450	451	4	154.7	-3	51.8935714285714
386	452	453	4	184.85	-3	29.887
387	454	455	2	173.95	-3	33.7214285714286
388	0	0	0	0	-1	39.66
389	0	0	0	0	-1	37.4333333333333
390	0	0	0	0	-1	23.17
391	456	457	2	153.15	-3	26.847
392	458	459	7	916.95	-3	21.8809090909091
393	0	0	0	0	-1	27.6
394	460	461	1	242.55	-3	32.9894117647059
395	462	463	8	42	-3	35.8166666666667
396	0	0	0	0	-1	36.99
397	0	0	0	0	-1	54.04
398	464	465	8	42	-3	46.115
399	0	0	0	0	-1	35.865
400	466	467	7	856.6	-3	22.7833333333333
401	468	469	7	868.6	-3	17.91625
402	470	471	4	199.5	-3	25.0589473684211
403	0	0	0	0	-1	31.416
404	0	0	0	0	-1	40.1466666666667
405	0	0	0	0	-1	35.452
406	472	473	2	5.5	-3	28.545
407	474	475	4	195.35	-3	34.5833333333333
408	476	477	8	42	-3	27.124
409	0	0	0	0	-1	23.04
410	478	479	4	185.85	-3	18.63
411	0	0	0	0	-1	23.8133333333333
412	0	0	0	0	-1	35.84
413	0	0	0	0	-1	42.635
414	480	481	2	96.1	-3	31.59
415	0	0	0	0	-1	39.84
416	482	483	1	167.2	-3	38.1441176470588
417	484	485	7	790.6	-3	33.629
418	486	487	1	300.7	-3	40.6888888888889
419	488	489	6	941.25	-3	44.8211111111111
420	490	491	3	130.35	-3	54.631
421	0	0	0	0	-1	50.94
422	492	493	1	236.75	-3	45.1088888888889
423	494	495	6	962.3	-3	38.2566666666667
424	0	0	0	0	-1	30.384
425	0	0	0	0	-1	22.12
426	0	0	0	0	-1	26.385
427	496	497	1	213.75	-3	29.4866666666667
428	0	0	0	0	-1	38.46
429	0	0	0	0	-1	40.87
430	0	0	0	0	-1	31.74
431	0	0	0	0	-1	37.72
432	498	499	8	42	-3	55.5933333333333
433	0	0	0	0	-1	46.1
434	0	0	0	0	-1	56.7
435	0	0	0	0	-1	60.9666666666667
436	500	501	8	42	-3	58.805
437	0	0	0	0	-1	57.57
438	502	503	5	15	-3	70.2555555555556
439	0	0	0	0	-1	64.4263636363636
440	0	0	0	0	-1	17.2
441	504	505	6	1026.5	-3	13.7166666666667
442	0	0	0	0	-1	13.22
443	0	0	0	0	-1	11.17
444	506	507	5	2.3	-3	9.83625
445	508	509	4	192.5	-3	11.1630769230769
446	510	511	4	175.95	-3	12.9166666666667
447	0	0	0	0	-1	15.44
448	0	0	0	0	-1	58.0233333333333
449	0	0	0	0	-1	55.364
450	0	0	0	0	-1	57.3325
451	512	513	6	1048.55	-3	49.718
452	0	0	0	0	-1	33.3
453	514	515	7	789	-3	29.5077777777778
454	0	0	0	0	-1	35.714
455	0	0	0	0	-1	28.74
456	516	517	6	947.25	-3	25.2716666666667
457	0	0	0	0	-1	29.21
458	518	519	3	56.5	-3	23.52125
459	0	0	0	0	-1	17.5066666666667
460	520	521	1	188.05	-3	31.8807142857143
461	0	0	0	0	-1	38.1633333333333
462	522	523	8	21	-3	28.715
463	524	525	8	78	-3	40.8892857142857
464	0	0	0	0	-1	37.585
465	0	0	0	0	-1	50.38
466	0	0	0	0	-1	20.9066666666667
467	0	0	0	0	-1	24.66
468	0	0	0	0	-1	20.962
469	0	0	0	0	-1	12.84
470	526	527	3	118.25	-3	26.3576923076923
471	528	529	7	764.3	-3	22.245
472	530	531	7	814.5	-3	29.1333333333333
473	0	0	0	0	-1	23.25
474	0	0	0	0	-1	36.105
475	0	0	0	0	-1	31.54
476	532	533	3	142.45	-3	22.5433333333333
477	0	0	0	0	-1	33.995
478	0	0	0	0	-1	19.066
479	0	0	0	0	-1	17.54
480	0	0	0	0	-1	28.63
481	534	535	7	692	-3	31.886
482	536	537	4	175.55	-3	40.2416666666667
483	538	539	4	177.7	-3	37
484	540	541	1	207.75	-3	34.5676470588235
485	0	0	0	0	-1	28.31
486	542	543	2	113.15	-3	42.1246666666667
487	0	0	0	0	-1	33.51
488	0	0	0	0	-1	49.77
489	0	0	0	0	-1	40.862
490	0	0	0	0	-1	53.66
491	544	545	6	1006.75	-3	54.7388888888889
492	546	547	6	974.1	-3	49.253
493	548	549	1	243.85	-3	39.92875
494	0	0	0	0	-1	34.528
495	550	551	2	137.15	-3	40.92
496	0	0	0	0	-1	30.39
497	0	0	0	0	-1	29.035
498	0	0	0	0	-1	53.216
499	0	0	0	0	-1	58.565
500	0	0	0	0	-1	57.475
501	0	0	0	0	-1	61.465
502	0	0	0	0	-1	72.06
503	0	0	0	0	-1	68
504	0	0	0	0	-1	12.37
505	0	0	0	0	-1	14.39
506	552	553	6	966.7	-3	9.77166666666667
507	0	0	0	0	-1	10.03
508	554	555	4	189	-3	11.3763636363636
509	0	0	0	0	-1	9.99
510	0	0	0	0	-1	12.6533333333333
511	0	0	0	0	-1	13.18
512	0	0	0	0	-1	49.6275
513	0	0	0	0	-1	50.08
514	0	0	0	0	-1	29.172
515	0	0	0	0	-1	29.9275
516	0	0	0	0	-1	26.1475
517	0	0	0	0	-1	23.52
518	0	0	0	0	-1	21.896
519	0	0	0	0	-1	26.23
520	0	0	0	0	-1	31.3985714285714
521	0	0	0	0	-1	32.3628571428571
522	0	0	0	0	-1	26.0875
523	556	557	6	992.65	-3	30.4666666666667
524	558	559	5	6.55	-3	39.8022222222222
525	0	0	0	0	-1	42.846
526	560	561	5	7.95	-3	25.7816666666667
527	0	0	0	0	-1	33.27
528	0	0	0	0	-1	23.84
529	0	0	0	0	-1	21.926
530	0	0	0	0	-1	35.32
531	562	563	3	47.3	-3	27.3657142857143
532	0	0	0	0	-1	20.92
533	0	0	0	0	-1	24.1666666666667
534	564	565	2	211.5	-3	30.8416666666667
535	0	0	0	0	-1	33.4525
536	0	0	0	0	-1	41.738
537	0	0	0	0	-1	32.76
538	0	0	0	0	-1	34.076
539	566	567	2	235.95	-3	39.4366666666667
540	568	569	3	64	-3	36.9728571428571
541	570	571	3	38.5	-3	32.884
542	0	0	0	0	-1	36.57
543	572	573	1	293.4	-3	44.1445454545455
544	574	575	8	78	-3	54.6257142857143
545	0	0	0	0	-1	55.135
546	576	577	7	709.55	-3	49.8844444444444
547	0	0	0	0	-1	43.57
548	0	0	0	0	-1	36.1866666666667
549	0	0	0	0	-1	51.155
550	0	0	0	0	-1	41.835
551	0	0	0	0	-1	39.7
552	0	0	0	0	-1	11.41
553	0	0	0	0	-1	8.9525
554	578	579	6	1079.8	-3	11.055
555	0	0	0	0	-1	14.59
556	0	0	0	0	-1	30.028
557	0	0	0	0	-1	32.66
558	0	0	0	0	-1	34.3533333333333
559	580	581	3	97.3	-3	42.5266666666667
560	582	583	7	920.15	-3	25.3872727272727
561	0	0	0	0	-1	30.12
562	0	0	0	0	-1	25.42
563	0	0	0	0	-1	29.96
564	0	0	0	0	-1	30.88
565	0	0	0	0	-1	30.65
566	0	0	0	0	-1	39.16
567	0	0	0	0	-1	39.492
568	584	585	1	173.5	-3	38.5966666666667
569	0	0	0	0	-1	27.23
570	0	0	0	0	-1	31.51
571	0	0	0	0	-1	33.8
572	586	587	6	928	-3	43.207
573	0	0	0	0	-1	53.52
574	0	0	0	0	-1	53.7533333333333
575	0	0	0	0	-1	55.28
576	588	589	4	215.75	-3	50.1475
577	0	0	0	0	-1	47.78
578	0	0	0	0	-1	11.96
579	590	591	7	774.15	-3	10.82875
580	0	0	0	0	-1	39.59
581	0	0	0	0	-1	43.114
582	592	593	7	784.8	-3	26.051
583	0	0	0	0	-1	18.75
584	0	0	0	0	-1	33.66
585	0	0	0	0	-1	41.065
586	594	595	2	127.5	-3	44.0885714285714
587	0	0	0	0	-1	41.15
588	0	0	0	0	-1	51.86
589	0	0	0	0	-1	49.9028571428571
590	0	0	0	0	-1	8
591	0	0	0	0	-1	11.2328571428571
592	0	0	0	0	-1	24.54
593	596	597	4	191.5	-3	27.0583333333333
594	598	599	2	120.75	-3	43.73
595	0	0	0	0	-1	46.24
596	0	0	0	0	-1	25.97
597	0	0	0	0	-1	27.276
598	0	0	0	0	-1	44.088
599	0	0	0	0	-1	41.94
