1	2	3	5	8.05	-3	35.7233786407767
2	4	5	6	937.2	-3	30.6531810490694
3	6	7	4	153.7	-3	42.5490888382688
4	8	9	3	134.5	-3	36.3291823899371
5	10	11	4	175.75	-3	28.5640972222222
6	12	13	6	1005.3	-3	56.8152631578947
7	14	15	2	8.75	-3	39.5622314049587
8	16	17	4	191.65	-3	37.6448630136986
9	18	19	6	833	-3	21.5530769230769
10	20	21	5	4.05	-3	36.8736781609195
11	22	23	7	690.95	-3	26.4686376811594
12	24	25	2	94.25	-3	58.8153968253968
13	26	27	5	12.2	-3	47.1223076923077
14	28	29	5	14	-3	30.8995104895105
15	30	31	4	189.85	-3	45.193
16	32	33	1	317.65	-3	47.1744
17	34	35	8	17.5	-3	35.6759504132231
18	0	0	0	0	-1	10.54
19	36	37	4	178.95	-3	24.857
20	38	39	7	876.95	-3	45.1835294117647
21	40	41	8	21	-3	34.8555714285714
22	42	43	8	10.5	-3	35.3523684210526
23	44	45	8	10.5	-3	25.3690228013029
24	46	47	5	13.65	-3	52.3982352941176
25	48	49	8	17.5	-3	61.1869565217391
26	50	51	5	11.95	-3	48.5918181818182
27	0	0	0	0	-1	39.04
28	52	53	8	42	-3	32.71672
29	54	55	1	267.85	-3	18.28
30	56	57	6	949	-3	46.669
31	58	59	6	812.55	-3	30.433
32	60	61	1	271.65	-3	39.99125
33	62	63	1	443	-3	59.9444444444444
34	64	65	1	331.75	-3	19.6738709677419
35	66	67	1	259.75	-3	41.1877777777778
36	0	0	0	0	-1	33.31
37	68	69	8	5	-3	23.9177777777778
38	70	71	6	1043	-3	60.8
39	0	0	0	0	-1	27.615
40	72	73	6	1031.45	-3	22.4293103448276
41	74	75	7	745.8	-3	43.6448780487805
42	76	77	7	621.5	-3	21.9566666666667
43	78	79	7	648.5	-3	44.0886956521739
44	80	81	2	107.05	-3	13.2559803921569
45	82	83	5	7.05	-3	31.396
46	0	0	0	0	-1	44.03
47	84	85	7	943.15	-3	52.92125
48	86	87	4	141.85	-3	47.9635714285714
49	88	89	4	149.4	-3	66.9721875
50	0	0	0	0	-1	46.19
51	0	0	0	0	-1	52.795
52	90	91	7	679.35	-3	27.8302150537634
53	92	93	3	124.65	-3	46.918125
54	94	95	6	972.4	-3	16.0876470588235
55	0	0	0	0	-1	55.55
56	96	97	3	82.7	-3	49.8476666666667
57	98	99	4	167.7	-3	41.901
58	0	0	0	0	-1	56.62
59	100	101	1	157.6	-3	27.5233333333333
60	0	0	0	0	-1	32.478
61	102	103	1	313.65	-3	43.4063636363636
62	0	0	0	0	-1	64.172
63	0	0	0	0	-1	54.66
64	104	105	8	5	-3	15.462
65	106	107	4	201	-3	27.3318181818182
66	108	109	2	181.5	-3	33.2265714285714
67	110	111	1	485.5	-3	46.254
68	0	0	0	0	-1	13.4
69	112	113	7	618.5	-3	25.2325
70	0	0	0	0	-1	67.57
71	114	115	8	17.5	-3	58.8657142857143
72	116	117	4	165.2	-3	25.3592307692308
73	118	119	8	8.5	-3	20.04875
74	0	0	0	0	-1	72.36
75	120	121	2	46.1	-3	41.3778947368421
76	0	0	0	0	-1	25.3583333333333
77	122	123	2	310.7	-3	19.6888888888889
78	124	125	4	197.5	-3	51.54
79	126	127	2	224.7	-3	37.2583333333333
80	128	129	1	381.7	-3	15.6993333333333
81	130	131	8	5	-3	9.76547619047619
82	132	133	8	42	-3	31.9953886010363
83	134	135	1	232.85	-3	21.7558333333333
84	136	137	4	144.05	-3	51.995
85	0	0	0	0	-1	55.7
86	0	0	0	0	-1	54.9
87	138	139	4	146.65	-3	46.0718181818182
88	140	141	6	898.4	-3	71.62
89	0	0	0	0	-1	63.3572222222222
90	0	0	0	0	-1	58.52
91	142	143	8	8.5	-3	27.1557142857143
92	144	145	7	786.2	-3	51.352
93	146	147	1	201.9	-3	39.5283333333333
94	148	149	5	16.45	-3	15.4763636363636
95	150	151	7	754	-3	17.2083333333333
96	152	153	5	11.85	-3	54.0983333333333
97	154	155	8	42	-3	44.6524074074074
98	156	157	8	21	-3	45.5802380952381
99	158	159	7	653.9	-3	37.8344736842105
100	160	161	3	122.45	-3	22.58
101	162	163	1	266.85	-3	35.2914285714286
102	164	165	7	826.5	-3	41.7928571428571
103	0	0	0	0	-1	46.23
104	166	167	6	900.1	-3	11.5885714285714
105	168	169	7	749.5	-3	17.5476923076923
106	0	0	0	0	-1	21.7025
107	170	171	2	36.75	-3	30.5485714285714
108	172	173	7	766.7	-3	25.8926666666667
109	174	175	8	225	-3	38.727
110	176	177	5	5.7	-3	45.068
111	0	0	0	0	-1	58.114
112	0	0	0	0	-1	27.72
113	0	0	0	0	-1	23.74
114	0	0	0	0	-1	52.61
115	0	0	0	0	-1	63.5575
116	178	179	1	172.95	-3	28.5025
117	0	0	0	0	-1	20.33
118	180	181	6	1070.9	-3	16.0285714285714
119	182	183	1	201.35	-3	23.1755555555556
120	184	185	6	1002.15	-3	35.6722727272727
121	186	187	8	42	-3	49.223125
122	0	0	0	0	-1	17.924
123	0	0	0	0	-1	21.895
124	0	0	0	0	-1	58.232
125	188	189	2	126.75	-3	45.9633333333333
126	190	191	6	961.5	-3	38.243
127	0	0	0	0	-1	32.335
128	192	193	7	850.3	-3	14.0212244897959
129	194	195	7	751.5	-3	23.1745454545455
130	196	197	2	175.35	-3	7.0525
131	0	0	0	0	-1	11.435
132	198	199	1	344	-3	28.2740366972477
133	200	201	3	131.3	-3	36.8242857142857
134	202	203	6	972.7	-3	19.3671428571429
135	0	0	0	0	-1	25.1
136	204	205	8	17.5	-3	52.4375
137	0	0	0	0	-1	51.11
138	0	0	0	0	-1	46.7633333333333
139	206	207	5	13.95	-3	45.8125
140	0	0	0	0	-1	68.1
141	208	209	8	42	-3	73.028
142	210	211	7	786.2	-3	16.7344444444444
143	212	213	3	140.4	-3	29.7253424657534
144	214	215	5	9.7	-3	55.82
145	216	217	3	98.1	-3	48.3733333333333
146	218	219	8	78	-3	36.1311111111111
147	0	0	0	0	-1	49.72
148	220	221	6	838.95	-3	15.5233333333333
149	0	0	0	0	-1	15.42
150	0	0	0	0	-1	13.46
151	0	0	0	0	-1	17.958
152	222	223	1	406.5	-3	56.9309615384615
153	224	225	5	13.5	-3	43.5771428571429
154	226	227	1	373	-3	41.2023913043478
155	228	229	3	113	-3	64.49
156	230	231	8	5	-3	35.3484210526316
157	232	233	1	191.9	-3	54.0326086956522
158	234	235	6	1006.95	-3	46.896
159	236	237	2	69.3	-3	34.5982142857143
160	238	239	5	9.6	-3	19.86375
161	0	0	0	0	-1	29.8233333333333
162	0	0	0	0	-1	32.7866666666667
163	0	0	0	0	-1	37.17
164	0	0	0	0	-1	40.93
165	0	0	0	0	-1	42.138
166	0	0	0	0	-1	9.045
167	0	0	0	0	-1	12.606
168	0	0	0	0	-1	23.112
169	240	241	7	836.55	-3	14.07
170	0	0	0	0	-1	29.55
171	0	0	0	0	-1	31.88
172	0	0	0	0	-1	34.394
173	242	243	7	916.95	-3	21.642
174	244	245	2	262.75	-3	37.1288235294118
175	0	0	0	0	-1	47.7833333333333
176	246	247	7	632	-3	45.7131818181818
177	248	249	6	886.7	-3	40.3366666666667
178	250	251	8	8.5	-3	27.8585714285714
179	0	0	0	0	-1	33.01
180	0	0	0	0	-1	14.53
181	0	0	0	0	-1	18.0266666666667
182	0	0	0	0	-1	18.468
183	0	0	0	0	-1	29.06
184	0	0	0	0	-1	39.6066666666667
185	252	253	8	78	-3	35.0510526315789
186	254	255	2	62.75	-3	40.6
187	256	257	3	170.25	-3	54.397
188	0	0	0	0	-1	42.5466666666667
189	0	0	0	0	-1	49.38
190	0	0	0	0	-1	43.57
191	258	259	1	233	-3	37.6511111111111
192	260	261	6	1114.9	-3	14.6116666666667
193	262	263	1	252	-3	10.4785714285714
194	0	0	0	0	-1	25.546
195	264	265	7	774.3	-3	21.1983333333333
196	0	0	0	0	-1	8.1825
197	266	267	7	803.5	-3	5.9225
198	268	269	4	181.8	-3	26.662808988764
199	270	271	1	389	-3	35.444
200	272	273	4	192.5	-3	37.4169620253165
201	0	0	0	0	-1	27.46
202	0	0	0	0	-1	24.3966666666667
203	0	0	0	0	-1	15.595
204	0	0	0	0	-1	43.1666666666667
205	0	0	0	0	-1	58
206	0	0	0	0	-1	45.4333333333333
207	0	0	0	0	-1	46.04
208	0	0	0	0	-1	69.6
209	274	275	5	16.7	-3	75.3133333333333
210	276	277	4	159.35	-3	18.54625
211	278	279	4	165	-3	15.285
212	280	281	3	44.8	-3	35.2109803921569
213	282	283	6	1049.85	-3	17.0086363636364
214	0	0	0	0	-1	54.35
215	0	0	0	0	-1	57.29
216	284	285	6	967.55	-3	50.92
217	286	287	8	78	-3	45.8266666666667
218	288	289	4	164.25	-3	35.14
219	0	0	0	0	-1	38.1133333333333
220	0	0	0	0	-1	15.53
221	0	0	0	0	-1	15.52
222	290	291	4	174.45	-3	54.5130769230769
223	292	293	8	17.5	-3	64.1846153846154
224	294	295	4	166.85	-3	38.7977777777778
225	0	0	0	0	-1	52.18
226	296	297	5	14.65	-3	42.6834285714286
227	298	299	2	21	-3	36.49
228	0	0	0	0	-1	56.34
229	0	0	0	0	-1	69.38
230	300	301	4	158.15	-3	27.3214285714286
231	302	303	3	101.65	-3	40.0308333333333
232	0	0	0	0	-1	36.4733333333333
233	304	305	6	1037.65	-3	56.6665
234	0	0	0	0	-1	44.33
235	0	0	0	0	-1	47.5375
236	0	0	0	0	-1	26.972
237	306	307	6	997.9	-3	36.2560869565217
238	308	309	5	9.05	-3	20.3442857142857
239	0	0	0	0	-1	16.5
240	0	0	0	0	-1	16.89
241	0	0	0	0	-1	11.25
242	0	0	0	0	-1	25.19
243	310	311	2	127.5	-3	19.2766666666667
244	312	313	5	4.7	-3	34.3141666666667
245	0	0	0	0	-1	43.884
246	314	315	1	403.75	-3	41.406
247	316	317	7	715	-3	47.9410344827586
248	0	0	0	0	-1	43.795
249	0	0	0	0	-1	33.42
250	0	0	0	0	-1	18.405
251	0	0	0	0	-1	31.64
252	318	319	4	139.3	-3	32.5066666666667
253	320	321	1	213.25	-3	39.4128571428571
254	0	0	0	0	-1	38.2
255	0	0	0	0	-1	41.08
256	322	323	4	169.75	-3	54.0516666666667
257	0	0	0	0	-1	54.915
258	0	0	0	0	-1	25.56
259	324	325	2	72.5	-3	39.1625
260	326	327	3	71.35	-3	14.7825
261	0	0	0	0	-1	11.195
262	0	0	0	0	-1	10.834
263	0	0	0	0	-1	9.59
264	0	0	0	0	-1	20.0625
265	0	0	0	0	-1	23.47
266	0	0	0	0	-1	4.64
267	0	0	0	0	-1	8.06
268	328	329	1	212.9	-3	29.51625
269	330	331	6	1079.2	-3	26.037397260274
270	332	333	8	21	-3	32.361
271	334	335	4	186.5	-3	38.527
272	336	337	7	865.75	-3	40.9131111111111
273	338	339	1	231.9	-3	32.7897058823529
274	0	0	0	0	-1	74.496
275	0	0	0	0	-1	79.4
276	340	341	5	10.95	-3	17.11
277	0	0	0	0	-1	22.855
278	342	343	6	1083.4	-3	13.425
279	0	0	0	0	-1	22.725
280	0	0	0	0	-1	50.7275
281	344	345	3	122.75	-3	33.8904255319149
282	346	347	4	187.3	-3	12.5811111111111
283	0	0	0	0	-1	36.9325
284	0	0	0	0	-1	48.56
285	0	0	0	0	-1	55.64
286	0	0	0	0	-1	42.2033333333333
287	0	0	0	0	-1	49.45
288	0	0	0	0	-1	38.56
289	0	0	0	0	-1	31.72
290	348	349	6	903.85	-3	55.9818181818182
291	350	351	2	235.9	-3	52.6123529411765
292	0	0	0	0	-1	47.325
293	352	353	8	42	-3	71.6777777777778
294	0	0	0	0	-1	39.7571428571429
295	0	0	0	0	-1	35.44
296	354	355	5	9.75	-3	44.6133333333333
297	356	357	5	20.55	-3	36.17
298	358	359	8	5	-3	34.5028571428571
299	0	0	0	0	-1	39.9675
300	0	0	0	0	-1	23.31
301	0	0	0	0	-1	28.926
302	360	361	6	1014.35	-3	43.335
303	0	0	0	0	-1	23.51
304	362	363	4	164.5	-3	53.0491666666667
305	364	365	7	719.75	-3	62.0925
306	0	0	0	0	-1	28.95
307	366	367	5	8.9	-3	37.7942105263158
308	0	0	0	0	-1	20.066
309	0	0	0	0	-1	21.04
310	0	0	0	0	-1	21.2733333333333
311	0	0	0	0	-1	17.28
312	368	369	1	213.75	-3	34.9818181818182
313	0	0	0	0	-1	26.97
314	0	0	0	0	-1	40.2128571428571
315	0	0	0	0	-1	42.45
316	370	371	8	59	-3	51.005
317	372	373	2	66.85	-3	41.1322222222222
318	0	0	0	0	-1	29.98
319	374	375	5	7.65	-3	33.3488888888889
320	376	377	6	1032.55	-3	38.3416666666667
321	0	0	0	0	-1	45.84
322	0	0	0	0	-1	54.13
323	0	0	0	0	-1	53.66
324	0	0	0	0	-1	36.8
325	0	0	0	0	-1	40.58
326	378	379	6	1018.5	-3	15.2558823529412
327	380	381	6	985.05	-3	12.1
328	382	383	2	72.4	-3	26.3422222222222
329	384	385	7	785.45	-3	33.5971428571429
330	386	387	2	127.8	-3	26.7914285714286
331	388	389	7	776.8	-3	21.287
332	0	0	0	0	-1	27.92
333	390	391	7	751	-3	32.8544444444444
334	0	0	0	0	-1	35.826
335	0	0	0	0	-1	41.228
336	392	393	2	49.05	-3	41.4462790697674
337	0	0	0	0	-1	29.45
338	394	395	8	73	-3	35.9533333333333
339	396	397	1	243.1	-3	30.2921052631579
340	0	0	0	0	-1	17.57
341	0	0	0	0	-1	17.018
342	398	399	7	896.3	-3	14.75
343	0	0	0	0	-1	9.45
344	400	401	6	902.5	-3	35.5066666666667
345	402	403	1	269.95	-3	28.6009090909091
346	404	405	4	181.3	-3	15.8625
347	406	407	7	704.8	-3	9.956
348	0	0	0	0	-1	61.24
349	408	409	7	759.8	-3	55.7314285714286
350	410	411	7	757.4	-3	52.9721428571429
351	0	0	0	0	-1	50.9333333333333
352	0	0	0	0	-1	68.3
353	412	413	5	10	-3	72.6428571428571
354	414	415	7	784.15	-3	48.251
355	416	417	1	139.15	-3	42.4735294117647
356	418	419	7	717.8	-3	35.4866666666667
357	0	0	0	0	-1	38.22
358	0	0	0	0	-1	27.135
359	0	0	0	0	-1	44.3266666666667
360	0	0	0	0	-1	42.3175
361	0	0	0	0	-1	47.405
362	420	421	4	158.8	-3	54.203
363	0	0	0	0	-1	47.28
364	0	0	0	0	-1	57.3
365	0	0	0	0	-1	66.885
366	0	0	0	0	-1	39.9257142857143
367	422	423	8	21	-3	36.5508333333333
368	424	425	8	59	-3	37.025
369	0	0	0	0	-1	32.53
370	0	0	0	0	-1	45.385
371	426	427	6	934.1	-3	52.41
372	0	0	0	0	-1	39.162
373	0	0	0	0	-1	43.595
374	0	0	0	0	-1	32.305
375	0	0	0	0	-1	34.184
376	0	0	0	0	-1	37.4533333333333
377	0	0	0	0	-1	39.23
378	428	429	7	778	-3	14.145
379	430	431	1	231.85	-3	15.5976923076923
380	0	0	0	0	-1	9.85
381	0	0	0	0	-1	12.55
382	0	0	0	0	-1	20.52
383	0	0	0	0	-1	31
384	0	0	0	0	-1	34.22
385	0	0	0	0	-1	32.7666666666667
386	432	433	1	326.5	-3	25.4578048780488
387	434	435	4	187.35	-3	29.2768181818182
388	0	0	0	0	-1	23.295
389	436	437	1	244	-3	19.9483333333333
390	0	0	0	0	-1	37.9633333333333
391	438	439	1	365.7	-3	30.3
392	440	441	4	183.5	-3	40.2411764705882
393	442	443	3	12.25	-3	45.9988888888889
394	0	0	0	0	-1	31.35
395	444	445	2	187.2	-3	36.6615384615385
396	446	447	7	868.6	-3	25.56
397	448	449	8	135	-3	33.7336363636364
398	0	0	0	0	-1	15.355
399	0	0	0	0	-1	13.54
400	450	451	6	878.9	-3	28.3657142857143
401	452	453	4	159.35	-3	37.2303448275862
402	454	455	6	1029.1	-3	26.2966666666667
403	0	0	0	0	-1	38.97
404	0	0	0	0	-1	14.562
405	0	0	0	0	-1	18.03
406	0	0	0	0	-1	12.46
407	456	457	6	887.45	-3	8.88285714285714
408	458	459	8	17.5	-3	56.0295
409	0	0	0	0	-1	49.77
410	0	0	0	0	-1	53.4957142857143
411	460	461	4	177.8	-3	52.4485714285714
412	0	0	0	0	-1	72.3
413	0	0	0	0	-1	72.9
414	462	463	2	118.25	-3	44.1428571428571
415	0	0	0	0	-1	57.8366666666667
416	0	0	0	0	-1	29.07
417	464	465	5	10.65	-3	44.2606666666667
418	0	0	0	0	-1	36.35
419	0	0	0	0	-1	33.76
420	0	0	0	0	-1	53.96
421	0	0	0	0	-1	54.23
422	0	0	0	0	-1	20.3966666666667
423	466	467	1	166.8	-3	41.9355555555556
424	0	0	0	0	-1	35.5466666666667
425	0	0	0	0	-1	38.5033333333333
426	468	469	1	285	-3	51.7733333333333
427	0	0	0	0	-1	54.32
428	0	0	0	0	-1	17.205
429	470	471	8	5	-3	13.125
430	0	0	0	0	-1	18
431	472	473	7	807.45	-3	15.3975
432	474	475	4	192.45	-3	24.2157575757576
433	476	477	6	973	-3	30.58125
434	478	479	2	215.85	-3	27.8192857142857
435	480	481	5	4.5	-3	31.8275
436	0	0	0	0	-1	17.54
437	0	0	0	0	-1	20.43
438	0	0	0	0	-1	31.99
439	0	0	0	0	-1	26.92
440	0	0	0	0	-1	37.8066666666667
441	482	483	6	944.75	-3	40.4767741935484
442	0	0	0	0	-1	43.794
443	0	0	0	0	-1	48.755
444	484	485	2	151.85	-3	34.98
445	0	0	0	0	-1	42.2666666666667
446	0	0	0	0	-1	31.11
447	0	0	0	0	-1	23.71
448	486	487	1	252.1	-3	34.85
449	0	0	0	0	-1	28.71
450	0	0	0	0	-1	25.735
451	0	0	0	0	-1	31.8733333333333
452	0	0	0	0	-1	28.8275
453	488	489	4	162.1	-3	38.5748
454	0	0	0	0	-1	13.2
455	490	491	6	1083.55	-3	27.93375
456	0	0	0	0	-1	9.74
457	0	0	0	0	-1	8.54
458	492	493	8	5	-3	42.9
459	494	495	1	368.3	-3	72.0766666666667
460	0	0	0	0	-1	52.45
461	0	0	0	0	-1	52.44
462	0	0	0	0	-1	44.28
463	0	0	0	0	-1	43.8
464	0	0	0	0	-1	48.625
465	496	497	4	163.75	-3	42.6736363636364
466	498	499	2	246.5	-3	38.0833333333333
467	0	0	0	0	-1	49.64
468	0	0	0	0	-1	47.03
469	500	501	2	19	-3	52.722
470	0	0	0	0	-1	12.1925
471	0	0	0	0	-1	14.99
472	502	503	6	1090.7	-3	15.8047368421053
473	0	0	0	0	-1	13.85
474	504	505	8	21	-3	25.8265
475	506	507	1	229.85	-3	21.7376923076923
476	0	0	0	0	-1	29.54
477	0	0	0	0	-1	31.6225
478	508	509	1	246.85	-3	28.676
479	0	0	0	0	-1	25.6775
480	510	511	7	772.65	-3	30.76
481	0	0	0	0	-1	39.3
482	0	0	0	0	-1	48.82
483	512	513	8	95	-3	39.9013793103448
484	514	515	7	758.1	-3	36.4175
485	0	0	0	0	-1	29.23
486	0	0	0	0	-1	47.71
487	516	517	4	197.5	-3	33.2425
488	518	519	1	276.1	-3	42.4154545454545
489	520	521	6	928.15	-3	35.5571428571429
490	0	0	0	0	-1	27.04
491	0	0	0	0	-1	28.47
492	0	0	0	0	-1	35.3
493	0	0	0	0	-1	52.02
494	0	0	0	0	-1	76.3
495	0	0	0	0	-1	63.63
496	0	0	0	0	-1	41.9475
497	0	0	0	0	-1	44.61
498	0	0	0	0	-1	37.395
499	0	0	0	0	-1	39.46
500	0	0	0	0	-1	53.026
501	0	0	0	0	-1	52.418
502	522	523	6	1087.5	-3	16.515
503	0	0	0	0	-1	14.5871428571429
504	524	525	3	47.05	-3	24.2628571428571
505	526	527	3	107.5	-3	26.6684615384615
506	0	0	0	0	-1	23.6366666666667
507	528	529	6	960.5	-3	21.168
508	0	0	0	0	-1	25.174
509	0	0	0	0	-1	32.178
510	0	0	0	0	-1	32.92
511	0	0	0	0	-1	29.14
512	530	531	5	2.65	-3	37.5972727272727
513	532	533	6	962.45	-3	41.3094444444444
514	0	0	0	0	-1	40.0866666666667
515	0	0	0	0	-1	34.216
516	0	0	0	0	-1	34.27
517	0	0	0	0	-1	31.53
518	534	535	5	10.15	-3	39.9771428571429
519	0	0	0	0	-1	46.6825
520	0	0	0	0	-1	38.46
521	536	537	6	942.15	-3	34.7654545454545
522	538	539	4	188	-3	16.2972727272727
523	0	0	0	0	-1	18.91
524	0	0	0	0	-1	21.26
525	540	541	1	250.7	-3	24.7633333333333
526	542	543	1	236.2	-3	26.1691666666667
527	0	0	0	0	-1	32.66
528	0	0	0	0	-1	22.49
529	544	545	3	59.15	-3	20.8375
530	0	0	0	0	-1	36.29
531	546	547	7	802.35	-3	38.6866666666667
532	548	549	4	187.05	-3	43.1266666666667
533	550	551	8	110	-3	40.4008333333333
534	0	0	0	0	-1	41.91
535	0	0	0	0	-1	37.4
536	0	0	0	0	-1	32.245
537	552	553	3	101.6	-3	35.3255555555556
538	0	0	0	0	-1	16.756
539	554	555	7	785.5	-3	15.915
540	0	0	0	0	-1	24.93
541	0	0	0	0	-1	24.43
542	0	0	0	0	-1	24.23
543	556	557	6	1040.5	-3	26.8155555555556
544	0	0	0	0	-1	21.162
545	0	0	0	0	-1	20.2966666666667
546	0	0	0	0	-1	36.64
547	0	0	0	0	-1	39.096
548	0	0	0	0	-1	44.3
549	0	0	0	0	-1	41.9533333333333
550	0	0	0	0	-1	43.58
551	558	559	6	974	-3	39.3411111111111
552	0	0	0	0	-1	34.894
553	0	0	0	0	-1	35.865
554	0	0	0	0	-1	14.2
555	0	0	0	0	-1	16.258
556	0	0	0	0	-1	28.025
557	0	0	0	0	-1	25.848
558	0	0	0	0	-1	36.38
559	560	561	8	270	-3	40.8216666666667
560	0	0	0	0	-1	39.81
561	0	0	0	0	-1	41.8333333333333
