1	2	3	1	257.75	-3	36.0495922330097
2	4	5	8	10.5	-3	28.7229038461539
3	6	7	4	177.8	-3	43.5199411764706
4	8	9	5	11.8	-3	13.2904464285714
5	10	11	3	174.85	-3	32.9592647058824
6	12	13	7	771.25	-3	51.7939301310044
7	14	15	1	437.5	-3	36.7770818505338
8	16	17	2	310.7	-3	12.8625
9	0	0	0	0	-1	24.845
10	18	19	3	172.95	-3	33.7076092544987
11	20	21	4	220.5	-3	17.6378947368421
12	22	23	5	9.25	-3	55.9247727272727
13	24	25	6	1090.85	-3	49.2158156028369
14	26	27	6	952.75	-3	34.5109012875537
15	28	29	4	190.5	-3	47.7775
16	30	31	7	747.65	-3	12.3907766990291
17	0	0	0	0	-1	22.58
18	32	33	8	42	-3	33.2325531914894
19	34	35	6	1052.9	-3	47.4476923076923
20	36	37	2	50.5	-3	16.5511764705882
21	0	0	0	0	-1	26.875
22	38	39	8	17.5	-3	68.03
23	40	41	2	155.85	-3	52.5914492753623
24	42	43	1	395.2	-3	48.8881294964029
25	0	0	0	0	-1	71.99
26	44	45	8	17.5	-3	41.2492920353982
27	46	47	7	762.7	-3	28.1655833333333
28	48	49	2	147.9	-3	56.8552941176471
29	50	51	1	502.55	-3	42.7993548387097
30	52	53	3	59.3	-3	16.4871428571429
31	54	55	1	155	-3	11.3417073170732
32	56	57	2	49.5	-3	29.7136293436293
33	58	59	5	6.55	-3	41.0223076923077
34	60	61	8	35	-3	52.7
35	0	0	0	0	-1	41.32
36	62	63	3	180.5	-3	13.5383333333333
37	0	0	0	0	-1	23.782
38	0	0	0	0	-1	48.5033333333333
39	64	65	6	1127.5	-3	71.69125
40	66	67	8	5	-3	46.2059259259259
41	68	69	5	10.25	-3	56.6964285714286
42	70	71	1	387.8	-3	46.2420202020202
43	72	73	6	941.4	-3	55.43725
44	74	75	2	18.5	-3	27.2295238095238
45	76	77	5	10.35	-3	44.4494565217391
46	78	79	4	181.75	-3	31.9475555555556
47	80	81	7	814.4	-3	25.8964
48	82	83	1	500	-3	56.0672727272727
49	84	85	8	5	-3	58.3
50	86	87	8	17.5	-3	41.3358620689655
51	0	0	0	0	-1	64.02
52	88	89	6	969.5	-3	13.96
53	90	91	3	125.35	-3	19.8566666666667
54	92	93	6	1009.4	-3	7.99947368421052
55	94	95	5	2.9	-3	12.3496825396825
56	96	97	4	175.25	-3	24.0482352941176
57	98	99	4	161.5	-3	33.3943312101911
58	100	101	2	124.2	-3	37.1019736842105
59	102	103	1	242.45	-3	48.2892682926829
60	0	0	0	0	-1	33.01
61	104	105	8	78	-3	55.9816666666667
62	0	0	0	0	-1	12.1666666666667
63	106	107	5	11.5	-3	13.9955555555556
64	108	109	5	8.75	-3	67.1190909090909
65	0	0	0	0	-1	81.75
66	0	0	0	0	-1	26.2133333333333
67	110	111	4	167.4	-3	48.705
68	112	113	8	17.5	-3	45.5208333333333
69	114	115	8	17.5	-3	61.1666666666667
70	116	117	7	813.5	-3	47.0623404255319
71	0	0	0	0	-1	30.82
72	118	119	6	826.55	-3	53.234
73	0	0	0	0	-1	70.86
74	120	121	7	868.95	-3	17.54125
75	122	123	1	305.85	-3	33.1915384615385
76	124	125	2	154.65	-3	46.5998666666667
77	126	127	7	770	-3	34.9623529411765
78	128	129	1	313.15	-3	39.1611111111111
79	130	131	2	198.5	-3	30.1441666666667
80	132	133	6	1059.5	-3	23.2054347826087
81	134	135	5	1.5	-3	30.1648275862069
82	0	0	0	0	-1	54.5225
83	136	137	7	666.5	-3	56.95
84	0	0	0	0	-1	39.3
85	0	0	0	0	-1	67.8
86	138	139	8	5	-3	27.8
87	140	141	3	61.5	-3	48.46
88	0	0	0	0	-1	11.175
89	142	143	2	168.55	-3	14.517
90	0	0	0	0	-1	20.73
91	0	0	0	0	-1	19.42
92	144	145	8	5	-3	7.63333333333333
93	0	0	0	0	-1	14.59
94	146	147	4	192.5	-3	11.1818181818182
95	148	149	1	170.65	-3	13.6343333333333
96	150	151	6	992.9	-3	27.0049122807018
97	152	153	5	8	-3	20.3031111111111
98	154	155	6	937.15	-3	55.9754545454545
99	156	157	5	10.65	-3	31.6930136986301
100	158	159	5	2.9	-3	33.3689361702128
101	160	161	4	197.75	-3	43.1520689655172
102	162	163	8	78	-3	46.2251428571429
103	164	165	7	844.95	-3	60.33
104	0	0	0	0	-1	52.515
105	0	0	0	0	-1	57.715
106	0	0	0	0	-1	11.94
107	166	167	4	166.85	-3	14.5828571428571
108	168	169	1	472.5	-3	65.53375
109	0	0	0	0	-1	71.3466666666667
110	170	171	6	1020	-3	52.2141176470588
111	172	173	6	925	-3	40.1828571428571
112	174	175	2	189.1	-3	39.0875
113	0	0	0	0	-1	58.3875
114	176	177	8	5	-3	42.2138461538462
115	178	179	5	16.8	-3	75.66
116	180	181	5	12.1	-3	49.6309090909091
117	182	183	1	381	-3	44.802
118	0	0	0	0	-1	41.37
119	184	185	4	143.9	-3	53.9530303030303
120	186	187	7	821.8	-3	18.5216666666667
121	0	0	0	0	-1	14.6
122	0	0	0	0	-1	23.52
123	188	189	6	852	-3	33.9975
124	190	191	5	9.45	-3	43.3051612903226
125	192	193	6	937.35	-3	62.3130769230769
126	0	0	0	0	-1	31.946
127	194	195	3	121.75	-3	36.2191666666667
128	0	0	0	0	-1	39.2285714285714
129	0	0	0	0	-1	38.925
130	196	197	8	21	-3	31.1790625
131	0	0	0	0	-1	21.865
132	198	199	7	806.45	-3	24.2691176470588
133	200	201	1	288.4	-3	20.1916666666667
134	202	203	6	995	-3	28.7495833333333
135	0	0	0	0	-1	36.958
136	0	0	0	0	-1	56.97
137	0	0	0	0	-1	56.83
138	204	205	6	1030.6	-3	22.8416666666667
139	0	0	0	0	-1	35.2375
140	206	207	1	477.5	-3	45.6033333333333
141	0	0	0	0	-1	59.1725
142	208	209	6	1009.1	-3	13.4466666666667
143	0	0	0	0	-1	16.1225
144	210	211	2	167.7	-3	4.84285714285714
145	212	213	6	948.2	-3	9.40909090909091
146	214	215	7	754.2	-3	12.1721739130435
147	216	217	1	207	-3	8.904
148	0	0	0	0	-1	7.575
149	218	219	6	1028.9	-3	14.0671428571429
150	0	0	0	0	-1	40.725
151	220	221	4	157.4	-3	26.506
152	222	223	6	967.55	-3	21.6172972972973
153	224	225	6	950.1	-3	14.225
154	0	0	0	0	-1	67.87
155	226	227	5	10.75	-3	46.0633333333333
156	228	229	2	192	-3	30.5446153846154
157	230	231	4	174.5	-3	36.3262068965517
158	232	233	1	187.5	-3	27.0047058823529
159	234	235	1	241.9	-3	36.9753333333333
160	236	237	8	135	-3	42.2407692307692
161	238	239	8	135	-3	43.8925
162	240	241	4	163.05	-3	43.2071428571429
163	242	243	7	790.15	-3	50.7521428571429
164	0	0	0	0	-1	66.42
165	0	0	0	0	-1	54.24
166	0	0	0	0	-1	13.46
167	0	0	0	0	-1	15.032
168	0	0	0	0	-1	56.5
169	0	0	0	0	-1	70.954
170	244	245	5	10.95	-3	50.7545454545455
171	246	247	8	17.5	-3	54.89
172	0	0	0	0	-1	36.71
173	0	0	0	0	-1	42.7875
174	0	0	0	0	-1	35.1
175	0	0	0	0	-1	41.48
176	248	249	1	376.25	-3	36.1833333333333
177	250	251	1	376.25	-3	47.3828571428571
178	252	253	8	42	-3	75.488
179	0	0	0	0	-1	76.95
180	254	255	2	147.5	-3	50.6385365853658
181	0	0	0	0	-1	35.86
182	256	257	5	12.05	-3	45.9951428571429
183	258	259	8	17.5	-3	42.018
184	260	261	8	31.5	-3	49.9
185	262	263	5	2.6	-3	55.0442307692308
186	0	0	0	0	-1	16.0825
187	0	0	0	0	-1	23.4
188	0	0	0	0	-1	39
189	264	265	1	328.1	-3	32.997
190	266	267	8	225	-3	44.5210344827586
191	0	0	0	0	-1	25.675
192	268	269	1	348.5	-3	57.497
193	0	0	0	0	-1	78.3666666666667
194	0	0	0	0	-1	31.3
195	270	271	5	11.25	-3	38.67875
196	272	273	1	379	-3	22.365
197	274	275	3	49.8	-3	36.4675
198	276	277	8	21	-3	25.9363636363636
199	278	279	6	1051.5	-3	21.2125
200	0	0	0	0	-1	23.47
201	280	281	1	312.5	-3	19.536
202	282	283	1	306	-3	29.6623076923077
203	284	285	8	17.5	-3	27.6709090909091
204	0	0	0	0	-1	24.882
205	0	0	0	0	-1	12.64
206	286	287	6	1028.2	-3	41.345
207	288	289	6	936.1	-3	48.4422222222222
208	0	0	0	0	-1	12.9366666666667
209	0	0	0	0	-1	13.9566666666667
210	0	0	0	0	-1	3.89333333333333
211	0	0	0	0	-1	5.555
212	290	291	2	167.7	-3	8.61166666666666
213	0	0	0	0	-1	10.366
214	0	0	0	0	-1	16.995
215	0	0	0	0	-1	11.7128571428571
216	0	0	0	0	-1	10.085
217	292	293	4	200.75	-3	8.11666666666666
218	294	295	3	147.15	-3	15.9092857142857
219	296	297	1	190.5	-3	12.225
220	298	299	4	132.55	-3	30.72
221	300	301	8	21	-3	25.6815217391304
222	302	303	4	188.35	-3	26.1127272727273
223	304	305	7	782.05	-3	19.7153846153846
224	0	0	0	0	-1	9.74000000000001
225	0	0	0	0	-1	16.916
226	0	0	0	0	-1	43.1333333333333
227	0	0	0	0	-1	48.9933333333333
228	306	307	4	182.45	-3	29.0793103448276
229	308	309	5	1.5	-3	34.794
230	310	311	6	913.5	-3	39.6855555555556
231	312	313	5	14	-3	34.8145
232	314	315	3	71.8	-3	31.0971428571429
233	316	317	8	135	-3	24.14
234	318	319	5	4.3	-3	35.1210526315789
235	320	321	1	250.7	-3	40.1781818181818
236	322	323	2	155	-3	41.3011111111111
237	0	0	0	0	-1	44.355
238	324	325	4	215.75	-3	41.9714285714286
239	326	327	1	213.75	-3	45.3866666666667
240	328	329	4	160.65	-3	39.8890909090909
241	330	331	1	177.9	-3	46.857
242	332	333	7	779.55	-3	53.5175
243	334	335	4	173.05	-3	47.065
244	0	0	0	0	-1	53.85
245	336	337	8	17.5	-3	49.59375
246	0	0	0	0	-1	47.1
247	0	0	0	0	-1	56.448
248	0	0	0	0	-1	35.3
249	0	0	0	0	-1	40.6
250	0	0	0	0	-1	42.7
251	0	0	0	0	-1	59.09
252	338	339	3	60	-3	73.1525
253	0	0	0	0	-1	78.1571428571428
254	340	341	5	8.1	-3	47.62
255	342	343	1	305.95	-3	58.8709090909091
256	344	345	4	174.25	-3	43.921
257	346	347	2	56.4	-3	48.7606666666667
258	348	349	8	5	-3	32.9128571428571
259	0	0	0	0	-1	49.985
260	0	0	0	0	-1	46.26
261	0	0	0	0	-1	59
262	0	0	0	0	-1	62.75
263	350	351	6	862.5	-3	54.4020833333333
264	0	0	0	0	-1	35.4666666666667
265	352	353	1	356.25	-3	31.9385714285714
266	354	355	4	178.45	-3	42.5176923076923
267	356	357	1	318.25	-3	48.6331578947368
268	358	359	6	901	-3	55.39375
269	0	0	0	0	-1	65.91
270	360	361	1	341.25	-3	39.1483333333333
271	0	0	0	0	-1	37.27
272	0	0	0	0	-1	20.59
273	0	0	0	0	-1	25.915
274	362	363	8	78	-3	37.1727777777778
275	0	0	0	0	-1	30.12
276	364	365	4	200	-3	18.496
277	366	367	1	349.5	-3	32.1366666666667
278	368	369	6	1007.5	-3	19.802
279	0	0	0	0	-1	28.265
280	370	371	1	298	-3	20.035
281	0	0	0	0	-1	17.54
282	372	373	4	197	-3	26.695
283	0	0	0	0	-1	34.41
284	0	0	0	0	-1	15.9925
285	374	375	8	59	-3	34.3442857142857
286	0	0	0	0	-1	41.738
287	0	0	0	0	-1	39.38
288	0	0	0	0	-1	54.28
289	376	377	4	196	-3	47.7125
290	0	0	0	0	-1	7.8725
291	0	0	0	0	-1	10.09
292	0	0	0	0	-1	8.77
293	0	0	0	0	-1	6.81
294	378	379	3	94.9	-3	14.8633333333333
295	0	0	0	0	-1	22.185
296	380	381	6	1057.5	-3	11.00125
297	382	383	4	183.45	-3	13.8566666666667
298	0	0	0	0	-1	17.82
299	384	385	6	1046.55	-3	34.4057142857143
300	386	387	7	779.6	-3	22.9796296296296
301	388	389	7	865.95	-3	29.5210526315789
302	0	0	0	0	-1	29.826
303	390	391	6	947.95	-3	23.0183333333333
304	392	393	6	1028.9	-3	24.44
305	394	395	6	1122	-3	16.7625
306	396	397	2	133.1	-3	32.7996774193548
307	398	399	1	207.75	-3	27.0198214285714
308	400	401	6	1096	-3	36.639375
309	402	403	7	653.5	-3	32.685
310	0	0	0	0	-1	44.61
311	404	405	3	69.35	-3	38.2785714285714
312	406	407	4	178	-3	35.6072222222222
313	0	0	0	0	-1	27.68
314	0	0	0	0	-1	28.632
315	0	0	0	0	-1	37.26
316	408	409	6	915.9	-3	23.0085714285714
317	0	0	0	0	-1	26.78
318	0	0	0	0	-1	37.07
319	410	411	1	167.05	-3	34.755625
320	0	0	0	0	-1	39.944
321	412	413	8	78	-3	40.3733333333333
322	0	0	0	0	-1	37.5075
323	0	0	0	0	-1	44.336
324	0	0	0	0	-1	43.67
325	0	0	0	0	-1	37.725
326	0	0	0	0	-1	48.6783333333333
327	0	0	0	0	-1	38.8033333333333
328	414	415	6	1082.05	-3	42.0285714285714
329	0	0	0	0	-1	36.145
330	0	0	0	0	-1	50.43
331	0	0	0	0	-1	43.284
332	0	0	0	0	-1	49.24
333	0	0	0	0	-1	56.084
334	0	0	0	0	-1	47.618
335	0	0	0	0	-1	44.3
336	0	0	0	0	-1	43.11
337	0	0	0	0	-1	53.484
338	0	0	0	0	-1	71.3
339	0	0	0	0	-1	76.24
340	0	0	0	0	-1	40.93
341	416	417	1	276.15	-3	48.6492307692308
342	0	0	0	0	-1	57.98375
343	0	0	0	0	-1	61.2366666666667
344	418	419	7	862.1	-3	44.2364705882353
345	0	0	0	0	-1	42.1333333333333
346	0	0	0	0	-1	50.882
347	420	421	8	5	-3	47.7
348	0	0	0	0	-1	27.6766666666667
349	0	0	0	0	-1	36.84
350	422	423	1	472.5	-3	55.345
351	424	425	4	163.2	-3	53.082
352	0	0	0	0	-1	30.28
353	0	0	0	0	-1	33.1825
354	0	0	0	0	-1	55.045
355	426	427	3	88	-3	41.8405405405405
356	0	0	0	0	-1	53.378
357	428	429	1	337.25	-3	46.9385714285714
358	430	431	7	788	-3	57.015
359	0	0	0	0	-1	50.53
360	0	0	0	0	-1	38.2875
361	0	0	0	0	-1	40.87
362	432	433	4	185.85	-3	35.9953333333333
363	0	0	0	0	-1	43.06
364	434	435	6	967	-3	17.4875
365	0	0	0	0	-1	22.53
366	436	437	4	194.5	-3	34.4883333333333
367	438	439	7	769	-3	29.785
368	440	441	8	46.5	-3	20.99
369	0	0	0	0	-1	15.05
370	0	0	0	0	-1	20.454
371	0	0	0	0	-1	19.3366666666667
372	0	0	0	0	-1	28.115
373	0	0	0	0	-1	22.435
374	0	0	0	0	-1	31.74
375	0	0	0	0	-1	36.2975
376	0	0	0	0	-1	43.94
377	442	443	1	500.05	-3	48.2514285714286
378	0	0	0	0	-1	19.93
379	444	445	6	1011.05	-3	14.4027272727273
380	0	0	0	0	-1	13.62
381	446	447	5	9.05	-3	10.1283333333333
382	0	0	0	0	-1	15.2825
383	0	0	0	0	-1	11.005
384	448	449	7	878.1	-3	33.1033333333333
385	0	0	0	0	-1	42.22
386	0	0	0	0	-1	26.77
387	450	451	4	160.6	-3	22.5058333333333
388	452	453	1	158.5	-3	28.216
389	0	0	0	0	-1	34.415
390	0	0	0	0	-1	22.14
391	0	0	0	0	-1	24.775
392	0	0	0	0	-1	28.415
393	454	455	7	769.35	-3	21.79
394	456	457	1	244.05	-3	17.4071428571429
395	0	0	0	0	-1	12.25
396	458	459	8	21	-3	36.656
397	460	461	4	174.8	-3	25.7881818181818
398	462	463	1	145.75	-3	25.2068292682927
399	464	465	5	2.95	-3	31.9753333333333
400	466	467	6	987.6	-3	33.7292307692308
401	0	0	0	0	-1	49.25
402	0	0	0	0	-1	39.84
403	468	469	1	149.5	-3	32.1346153846154
404	0	0	0	0	-1	39.05
405	0	0	0	0	-1	36.35
406	470	471	6	918.3	-3	32.8633333333333
407	472	473	2	215.5	-3	36.9791666666667
408	0	0	0	0	-1	21.86
409	0	0	0	0	-1	23.468
410	0	0	0	0	-1	28.63
411	474	475	5	5.15	-3	35.164
412	0	0	0	0	-1	38.6125
413	0	0	0	0	-1	43.895
414	0	0	0	0	-1	40.808
415	0	0	0	0	-1	45.08
416	0	0	0	0	-1	52.33
417	476	477	4	170.95	-3	47.98
418	478	479	2	72.35	-3	44.66625
419	480	481	5	10.6	-3	43.8544444444444
420	0	0	0	0	-1	29
421	0	0	0	0	-1	55.7142857142857
422	0	0	0	0	-1	54.5225
423	0	0	0	0	-1	60.28
424	0	0	0	0	-1	53.3111111111111
425	0	0	0	0	-1	51.02
426	482	483	4	223	-3	39.4783333333333
427	484	485	2	127	-3	46.2015384615385
428	0	0	0	0	-1	40.79
429	486	487	7	632	-3	48.6154545454545
430	0	0	0	0	-1	57.2175
431	0	0	0	0	-1	56.61
432	0	0	0	0	-1	33.422
433	488	489	1	375.5	-3	37.282
434	0	0	0	0	-1	19.066
435	0	0	0	0	-1	14.8566666666667
436	0	0	0	0	-1	40.27
437	0	0	0	0	-1	31.5975
438	0	0	0	0	-1	31.35
439	0	0	0	0	-1	29.0025
440	0	0	0	0	-1	12.54
441	0	0	0	0	-1	35.0733333333333
442	0	0	0	0	-1	48.9383333333333
443	0	0	0	0	-1	44.13
444	490	491	7	865.75	-3	13.2642857142857
445	0	0	0	0	-1	16.395
446	0	0	0	0	-1	7.32
447	0	0	0	0	-1	10.69
448	0	0	0	0	-1	31.72
449	0	0	0	0	-1	33.795
450	492	493	1	190.7	-3	24.4144444444444
451	494	495	3	111.25	-3	21.3606666666667
452	0	0	0	0	-1	17.955
453	496	497	1	201.35	-3	29.7946153846154
454	0	0	0	0	-1	21.84
455	0	0	0	0	-1	21.54
456	498	499	8	21	-3	16.25
457	0	0	0	0	-1	20.3
458	500	501	3	146	-3	32.092
459	502	503	6	1036.55	-3	41.22
460	0	0	0	0	-1	27.35
461	504	505	4	178.05	-3	24.4866666666667
462	506	507	3	51.5	-3	28.030625
463	508	509	6	935	-3	23.3996
464	510	511	6	1033.6	-3	30.0714285714286
465	512	513	6	950	-3	33.64125
466	514	515	7	659.65	-3	38.9171428571429
467	0	0	0	0	-1	27.6766666666667
468	516	517	6	908.2	-3	32.7281818181818
469	0	0	0	0	-1	28.87
470	0	0	0	0	-1	32.96
471	0	0	0	0	-1	32.7666666666667
472	0	0	0	0	-1	32.84
473	518	519	1	161	-3	37.807
474	520	521	8	78	-3	34.09
475	522	523	1	190.05	-3	36.10375
476	524	525	6	933.65	-3	47.7495238095238
477	0	0	0	0	-1	52.82
478	0	0	0	0	-1	44.8125
479	0	0	0	0	-1	44.52
480	0	0	0	0	-1	43.676
481	0	0	0	0	-1	44.0775
482	526	527	5	5.25	-3	37.5525
483	528	529	7	632	-3	41.4041666666667
484	530	531	7	808	-3	43.45
485	0	0	0	0	-1	50.604
486	0	0	0	0	-1	42.914
487	532	533	1	361	-3	53.3666666666667
488	0	0	0	0	-1	38.7733333333333
489	534	535	1	379	-3	36.6428571428571
490	0	0	0	0	-1	13.82
491	0	0	0	0	-1	12.5233333333333
492	0	0	0	0	-1	23.51
493	0	0	0	0	-1	26.2233333333333
494	0	0	0	0	-1	24.4575
495	536	537	6	1032.5	-3	20.2345454545455
496	538	539	7	797.55	-3	28.839
497	0	0	0	0	-1	32.98
498	0	0	0	0	-1	12.84
499	540	541	1	230.5	-3	17.7114285714286
500	0	0	0	0	-1	33.294
501	0	0	0	0	-1	30.89
502	542	543	4	173.7	-3	40.0975
503	0	0	0	0	-1	45.71
504	0	0	0	0	-1	19.01
505	0	0	0	0	-1	25.582
506	544	545	1	119.3	-3	22.4014285714286
507	546	547	4	196	-3	32.4088888888889
508	548	549	2	163.6	-3	21.3236363636364
509	550	551	4	188.85	-3	25.0307142857143
510	0	0	0	0	-1	32.7325
511	0	0	0	0	-1	26.5233333333333
512	552	553	5	6.25	-3	32.8328571428571
513	0	0	0	0	-1	39.3
514	0	0	0	0	-1	41.68
515	0	0	0	0	-1	36.845
516	554	555	4	202.25	-3	33.107
517	0	0	0	0	-1	28.94
518	0	0	0	0	-1	37.36
519	556	557	2	259.85	-3	37.91875
520	0	0	0	0	-1	29.45
521	0	0	0	0	-1	35.946
522	0	0	0	0	-1	35.402
523	0	0	0	0	-1	37.2733333333333
524	0	0	0	0	-1	38.46
525	558	559	7	791.75	-3	48.214
526	560	561	7	726.35	-3	33.4616666666667
527	562	563	4	197.8	-3	41.6433333333333
528	564	565	1	356.25	-3	39.18
529	0	0	0	0	-1	48.0766666666667
530	0	0	0	0	-1	43.936
531	0	0	0	0	-1	42.64
532	0	0	0	0	-1	55.06
533	0	0	0	0	-1	52.52
534	0	0	0	0	-1	36.3
535	0	0	0	0	-1	37.1
536	0	0	0	0	-1	16.88
537	566	567	2	22.6	-3	20.98
538	568	569	2	21.1	-3	30.6366666666667
539	0	0	0	0	-1	26.1425
540	0	0	0	0	-1	17.34
541	0	0	0	0	-1	17.99
542	0	0	0	0	-1	37.81
543	0	0	0	0	-1	41.47
544	0	0	0	0	-1	21.646
545	0	0	0	0	-1	24.29
546	0	0	0	0	-1	29.668
547	0	0	0	0	-1	35.835
548	570	571	6	907.5	-3	19.09875
549	0	0	0	0	-1	27.2566666666667
550	0	0	0	0	-1	23.606
551	572	573	2	173.2	-3	25.8222222222222
552	0	0	0	0	-1	31.215
553	0	0	0	0	-1	33.48
554	574	575	6	846.95	-3	33.2728571428571
555	0	0	0	0	-1	32.72
556	0	0	0	0	-1	37.92
557	0	0	0	0	-1	37.91
558	0	0	0	0	-1	48.0416666666667
559	0	0	0	0	-1	48.4725
560	0	0	0	0	-1	23.85
561	0	0	0	0	-1	35.384
562	0	0	0	0	-1	45.0725
563	0	0	0	0	-1	34.785
564	0	0	0	0	-1	36.4
565	0	0	0	0	-1	39.9742857142857
566	576	577	4	164.35	-3	20.8314285714286
567	0	0	0	0	-1	21.5
568	0	0	0	0	-1	27.77
569	0	0	0	0	-1	31.21
570	0	0	0	0	-1	20.658
571	0	0	0	0	-1	16.5
572	578	579	6	960.1	-3	26.76375
573	0	0	0	0	-1	18.29
574	0	0	0	0	-1	33.06
575	580	581	4	178.95	-3	33.3083333333333
576	0	0	0	0	-1	21.89
577	0	0	0	0	-1	19.42
578	0	0	0	0	-1	24.1266666666667
579	0	0	0	0	-1	28.346
580	0	0	0	0	-1	33.31
581	0	0	0	0	-1	33.3
