1	2	3	1	352.5	-3	36.0948932038835
2	4	5	4	179.95	-3	31.3306905370844
3	6	7	4	183.05	-3	51.1175
4	8	9	1	252.05	-3	37.2001071428571
5	10	11	8	21	-3	28.0569123505976
6	12	13	5	11.85	-3	57.3191095890411
7	14	15	1	437.5	-3	42.2406862745098
8	16	17	7	801.75	-3	32.8939037433155
9	18	19	6	1057.65	-3	45.8588172043011
10	20	21	1	212.05	-3	16.1619736842105
11	22	23	5	8.7	-3	33.2227142857143
12	24	25	6	943.35	-3	60.7042528735632
13	26	27	4	153.7	-3	52.3274576271186
14	28	29	8	21	-3	38.9729411764706
15	30	31	8	42	-3	45.508431372549
16	32	33	2	43.7	-3	34.5057142857143
17	34	35	4	158.85	-3	28.9240740740741
18	36	37	8	21	-3	44.5518604651163
19	38	39	6	1095.85	-3	61.9157142857143
20	40	41	6	974.5	-3	8.57942857142857
21	42	43	7	739.15	-3	18.4302564102564
22	44	45	8	42	-3	35.2931785714286
23	46	47	2	271.4	-3	24.9408571428571
24	48	49	8	17.5	-3	54.7697222222222
25	50	51	8	17.5	-3	64.8933333333333
26	52	53	8	42	-3	56.9615789473684
27	54	55	5	14.1	-3	43.9419047619048
28	56	57	4	203.3	-3	24.2044444444444
29	58	59	1	370.15	-3	42.137619047619
30	60	61	2	113.5	-3	38.43
31	62	63	7	603.5	-3	54.8390909090909
32	64	65	4	162.9	-3	30.8806153846154
33	66	67	4	148.2	-3	37.9708823529412
34	68	69	1	160.2	-3	25.76
35	70	71	6	1089.05	-3	30.0315
36	72	73	4	176.9	-3	28.2177777777778
37	74	75	8	73.5	-3	48.8755882352941
38	0	0	0	0	-1	58.61
39	0	0	0	0	-1	81.75
40	76	77	1	155	-3	6.9025
41	78	79	1	162.8	-3	12.2381818181818
42	80	81	6	949.25	-3	24.9981818181818
43	82	83	5	4.95	-3	16.9092631578947
44	84	85	1	263.25	-3	32.2916867469879
45	86	87	7	851.1	-3	39.6637719298246
46	88	89	1	165.3	-3	24.14
47	0	0	0	0	-1	80.2
48	90	91	8	5	-3	41.6325
49	92	93	5	8.4	-3	61.3383333333333
50	94	95	2	59.35	-3	48.0478571428571
51	96	97	2	59.35	-3	71.2672972972973
52	98	99	4	139.8	-3	50.584347826087
53	100	101	1	500.15	-3	66.74
54	102	103	6	895.05	-3	42.8990909090909
55	104	105	8	5	-3	45.089
56	106	107	7	774.3	-3	23.4966666666667
57	0	0	0	0	-1	25.62
58	0	0	0	0	-1	55.894
59	108	109	8	59	-3	40.2786486486486
60	110	111	3	61.5	-3	37.6834615384615
61	0	0	0	0	-1	44.9
62	0	0	0	0	-1	42.1714285714286
63	112	113	7	703.45	-3	60.7506666666667
64	114	115	5	11.85	-3	34.1313953488372
65	116	117	7	778.15	-3	24.5268181818182
66	0	0	0	0	-1	63.53
67	118	119	8	42	-3	37.5894029850746
68	0	0	0	0	-1	16.685
69	120	121	6	1006.15	-3	27.2725
70	122	123	1	192.5	-3	29.4851428571429
71	0	0	0	0	-1	33.856
72	124	125	7	862.1	-3	29.0894117647059
73	0	0	0	0	-1	13.4
74	126	127	4	165.4	-3	45.2146153846154
75	128	129	1	305.25	-3	60.77375
76	130	131	1	137.15	-3	6.12
77	132	133	1	178.45	-3	8.20666666666667
78	0	0	0	0	-1	9.62
79	134	135	1	196.05	-3	12.82
80	136	137	6	942.15	-3	29.792
81	138	139	7	652.65	-3	21.0033333333333
82	140	141	8	5	-3	15.3204166666667
83	142	143	3	59.3	-3	21.8830434782609
84	144	145	7	762.9	-3	28.02
85	146	147	6	966.7	-3	40.2458620689655
86	148	149	2	19	-3	42.8251162790698
87	150	151	5	2.25	-3	29.9539285714286
88	152	153	1	155.3	-3	18.5538095238095
89	154	155	1	324.35	-3	32.8296296296296
90	0	0	0	0	-1	32.08
91	156	157	1	449.5	-3	46.40875
92	158	159	1	518	-3	55.0275
93	160	161	4	155.5	-3	64.49375
94	0	0	0	0	-1	40.874
95	162	163	6	945.75	-3	52.0333333333333
96	164	165	2	12	-3	65.849375
97	166	167	8	42	-3	75.3952380952381
98	168	169	8	5	-3	46.58
99	170	171	7	779.75	-3	53.6646153846154
100	172	173	6	898.4	-3	68.725
101	0	0	0	0	-1	58.8
102	0	0	0	0	-1	44.225
103	0	0	0	0	-1	39.3633333333333
104	0	0	0	0	-1	25.675
105	174	175	6	1036.15	-3	49.9425
106	0	0	0	0	-1	22.648
107	0	0	0	0	-1	27.74
108	176	177	6	885.2	-3	37.3795454545455
109	178	179	7	632	-3	44.5306666666667
110	180	181	6	936.1	-3	38.2231578947368
111	182	183	4	205.5	-3	36.2185714285714
112	184	185	4	194.5	-3	56.698
113	0	0	0	0	-1	68.856
114	186	187	2	21.05	-3	32.446052631579
115	0	0	0	0	-1	46.94
116	0	0	0	0	-1	15.025
117	188	189	3	123.4	-3	26.6383333333333
118	190	191	5	8.9	-3	32.4528571428571
119	192	193	6	1036.85	-3	51.5722222222222
120	194	195	4	152.1	-3	26.89375
121	0	0	0	0	-1	28.03
122	196	197	8	8.5	-3	26.2891666666667
123	198	199	4	167.9	-3	31.1526086956522
124	200	201	1	296.45	-3	31.953
125	202	203	5	10.6	-3	24.9985714285714
126	204	205	7	812.85	-3	57.3475
127	206	207	7	813.5	-3	41.57475
128	208	209	8	95.5	-3	58.4566666666667
129	0	0	0	0	-1	67.725
130	210	211	8	5	-3	6.83125
131	0	0	0	0	-1	5.30714285714286
132	0	0	0	0	-1	10.2566666666667
133	212	213	2	131.95	-3	7.18166666666667
134	0	0	0	0	-1	14.104
135	0	0	0	0	-1	11.215
136	0	0	0	0	-1	26.984
137	0	0	0	0	-1	32.6
138	0	0	0	0	-1	14.14
139	214	215	2	83.4	-3	22.376
140	216	217	7	827.5	-3	12.3164
141	218	219	5	2.3	-3	16.9182978723404
142	0	0	0	0	-1	26.26
143	220	221	1	233.9	-3	21.2265
144	222	223	7	649.3	-3	30.6946551724138
145	224	225	1	223.7	-3	24.9174
146	226	227	7	828.9	-3	46.0194736842105
147	228	229	1	320.5	-3	29.276
148	230	231	8	95	-3	38.8861764705882
149	232	233	1	186.95	-3	45.4005769230769
150	234	235	4	191.5	-3	28.9033333333333
151	0	0	0	0	-1	36.2575
152	236	237	3	100.65	-3	15.426
153	238	239	2	94	-3	23.1535294117647
154	240	241	3	96.8	-3	32.1376
155	0	0	0	0	-1	41.48
156	0	0	0	0	-1	42.93
157	0	0	0	0	-1	52.2066666666667
158	0	0	0	0	-1	41.37
159	0	0	0	0	-1	63.222
160	0	0	0	0	-1	68.2575
161	242	243	5	10.85	-3	63.2391666666667
162	0	0	0	0	-1	51.775
163	0	0	0	0	-1	54.1
164	244	245	4	174	-3	68.8546153846154
165	0	0	0	0	-1	52.8266666666667
166	0	0	0	0	-1	70.18
167	246	247	6	945.75	-3	77.025
168	0	0	0	0	-1	34.6
169	248	249	8	17.5	-3	54.5666666666667
170	0	0	0	0	-1	59.09
171	250	251	8	17.5	-3	52.6781818181818
172	252	253	7	863.8	-3	64.8111111111111
173	0	0	0	0	-1	80.4666666666667
174	0	0	0	0	-1	50.04
175	0	0	0	0	-1	49.65
176	0	0	0	0	-1	23.85
177	254	255	7	760.5	-3	38.0238095238095
178	0	0	0	0	-1	41.2475
179	256	257	8	95	-3	48.2828571428571
180	0	0	0	0	-1	41.36
181	258	259	1	500.05	-3	36.7753846153846
182	0	0	0	0	-1	35.13
183	0	0	0	0	-1	37.035
184	0	0	0	0	-1	61.5566666666667
185	260	261	1	495.5	-3	54.6157142857143
186	262	263	1	212.75	-3	33.5834375
187	264	265	4	140.05	-3	26.38
188	0	0	0	0	-1	29.4976923076923
189	0	0	0	0	-1	19.204
190	266	267	5	6.75	-3	29.2192307692308
191	268	269	1	139.15	-3	36.1082608695652
192	270	271	1	167.2	-3	52.4973333333333
193	0	0	0	0	-1	46.9466666666667
194	0	0	0	0	-1	25.3266666666667
195	0	0	0	0	-1	27.834
196	0	0	0	0	-1	9.45
197	272	273	7	860.35	-3	27.82
198	274	275	5	8.1	-3	29.544
199	276	277	8	21	-3	34.16875
200	278	279	7	831.45	-3	30.69375
201	0	0	0	0	-1	36.99
202	0	0	0	0	-1	26.5566666666667
203	0	0	0	0	-1	23.83
204	280	281	6	1017.8	-3	62.0633333333333
205	282	283	6	993.9	-3	52.6316666666667
206	284	285	4	170.5	-3	43.6168
207	286	287	7	823.1	-3	38.1713333333333
208	0	0	0	0	-1	76.8
209	288	289	4	153.45	-3	56.7890909090909
210	0	0	0	0	-1	4.7025
211	0	0	0	0	-1	8.96
212	0	0	0	0	-1	7.256
213	0	0	0	0	-1	6.81
214	0	0	0	0	-1	30.96
215	290	291	6	977.3	-3	21.4222222222222
216	292	293	3	59.15	-3	13.5307142857143
217	294	295	7	866.65	-3	10.7709090909091
218	296	297	7	870.5	-3	16.6559090909091
219	0	0	0	0	-1	20.7666666666667
220	0	0	0	0	-1	18.456
221	298	299	7	859.2	-3	22.15
222	300	301	3	164	-3	26.2586666666667
223	302	303	6	1000.1	-3	32.2420930232558
224	304	305	7	780.75	-3	26.3420512820513
225	306	307	5	4.15	-3	19.8663636363636
226	308	309	5	7.5	-3	47.4065714285714
227	0	0	0	0	-1	29.8366666666667
228	310	311	7	810	-3	25.9891666666667
229	0	0	0	0	-1	34.20625
230	312	313	1	344	-3	36.4035714285714
231	314	315	3	47.05	-3	40.624
232	316	317	6	965.5	-3	37.0233333333333
233	318	319	7	612	-3	47.1539534883721
234	0	0	0	0	-1	32.1325
235	320	321	7	859.9	-3	28.2575
236	0	0	0	0	-1	21.93
237	322	323	4	193.65	-3	13.8
238	324	325	1	161.2	-3	14.007
239	326	327	4	209.6	-3	36.22
240	328	329	7	765.1	-3	36.1571428571429
241	330	331	1	312.9	-3	30.5744444444444
242	332	333	2	154	-3	65.073
243	0	0	0	0	-1	54.07
244	334	335	3	29.5	-3	70.2341666666667
245	0	0	0	0	-1	52.3
246	0	0	0	0	-1	78.3
247	0	0	0	0	-1	74.9
248	0	0	0	0	-1	50.3
249	0	0	0	0	-1	56.7
250	0	0	0	0	-1	48.24
251	336	337	4	148.2	-3	56.3766666666667
252	0	0	0	0	-1	70.2333333333333
253	338	339	5	19.95	-3	62.1
254	340	341	2	23.75	-3	38.6235294117647
255	0	0	0	0	-1	35.475
256	0	0	0	0	-1	49.835
257	0	0	0	0	-1	46.2133333333333
258	342	343	6	1124.7	-3	34.215
259	344	345	7	613.1	-3	38.97
260	0	0	0	0	-1	59.59
261	0	0	0	0	-1	53.7866666666667
262	0	0	0	0	-1	39.54
263	346	347	4	154.7	-3	32.2088461538462
264	0	0	0	0	-1	15.995
265	0	0	0	0	-1	31.5725
266	348	349	2	89.95	-3	34.035
267	350	351	4	172.65	-3	27.0788888888889
268	0	0	0	0	-1	29.07
269	352	353	1	146	-3	36.7785714285714
270	0	0	0	0	-1	54.858
271	354	355	4	163.95	-3	51.317
272	356	357	3	119.1	-3	27.306
273	0	0	0	0	-1	32.96
274	0	0	0	0	-1	24.28
275	0	0	0	0	-1	31.4581818181818
276	0	0	0	0	-1	20.2466666666667
277	0	0	0	0	-1	42.522
278	358	359	5	10.55	-3	31.2283333333333
279	0	0	0	0	-1	29.09
280	0	0	0	0	-1	70.5466666666667
281	0	0	0	0	-1	53.58
282	0	0	0	0	-1	54.254
283	0	0	0	0	-1	44.52
284	360	361	2	142.9	-3	40.9533333333333
285	362	363	7	749	-3	46.0753846153846
286	0	0	0	0	-1	25.1
287	364	365	7	862.1	-3	42.9245454545455
288	0	0	0	0	-1	60.95
289	366	367	1	296.45	-3	54.4114285714286
290	0	0	0	0	-1	23.18
291	0	0	0	0	-1	20.016
292	368	369	2	78.5	-3	14.1141666666667
293	0	0	0	0	-1	10.03
294	370	371	5	2.3	-3	10.2785714285714
295	0	0	0	0	-1	11.6325
296	372	373	1	276	-3	17.1245
297	0	0	0	0	-1	11.97
298	374	375	6	1036	-3	23.1609090909091
299	0	0	0	0	-1	19.37
300	376	377	2	166	-3	29.1628571428571
301	378	379	2	129	-3	23.7175
302	380	381	7	683.45	-3	34.6993333333333
303	382	383	7	729.3	-3	26.5715384615385
304	384	385	3	45.85	-3	22.7736363636364
305	386	387	4	183	-3	27.7439285714286
306	388	389	4	185.85	-3	18.513
307	0	0	0	0	-1	33.4
308	390	391	5	6.05	-3	45.9348275862069
309	392	393	7	755.75	-3	54.52
310	394	395	6	1097	-3	25.17
311	0	0	0	0	-1	27.6275
312	396	397	3	59.15	-3	34.818
313	0	0	0	0	-1	40.3675
314	398	399	8	270	-3	38.887
315	400	401	7	756	-3	42.361
316	402	403	7	819.65	-3	34.2133333333333
317	0	0	0	0	-1	42.6433333333333
318	404	405	8	135	-3	36.8966666666667
319	406	407	2	123.5	-3	49.8691176470588
320	0	0	0	0	-1	32.1
321	408	409	6	899.8	-3	27.296875
322	410	411	3	174.05	-3	12.0673333333333
323	0	0	0	0	-1	18.998
324	0	0	0	0	-1	8.54
325	412	413	3	175.2	-3	16.35
326	414	415	1	156.5	-3	35.6166666666667
327	0	0	0	0	-1	39.84
328	0	0	0	0	-1	34.182
329	0	0	0	0	-1	41.095
330	0	0	0	0	-1	28.265
331	416	417	1	321.7	-3	33.46125
332	0	0	0	0	-1	66.77
333	0	0	0	0	-1	63.376
334	418	419	5	1.25	-3	71.4163636363636
335	0	0	0	0	-1	57.23
336	0	0	0	0	-1	51.96
337	0	0	0	0	-1	60.7933333333333
338	0	0	0	0	-1	64.75
339	0	0	0	0	-1	60.775
340	420	421	4	186.5	-3	39.3658333333333
341	0	0	0	0	-1	36.842
342	0	0	0	0	-1	35.5725
343	0	0	0	0	-1	31.5
344	0	0	0	0	-1	38.11
345	0	0	0	0	-1	44.13
346	0	0	0	0	-1	28.7233333333333
347	422	423	3	174.45	-3	32.6634782608696
348	0	0	0	0	-1	38.2
349	424	425	4	179.45	-3	33.44
350	426	427	7	775.4	-3	32.2966666666667
351	428	429	1	159.05	-3	24.47
352	0	0	0	0	-1	44.61
353	430	431	2	121.15	-3	35.4733333333333
354	0	0	0	0	-1	56.63
355	432	433	1	170.6	-3	50.7266666666667
356	434	435	4	174.5	-3	26.46
357	0	0	0	0	-1	28.575
358	0	0	0	0	-1	31.285
359	0	0	0	0	-1	31.2
360	436	437	3	55.6	-3	40.084
361	0	0	0	0	-1	45.3
362	0	0	0	0	-1	42.47
363	438	439	3	129.25	-3	48.32875
364	440	441	2	133	-3	42.11625
365	0	0	0	0	-1	45.08
366	0	0	0	0	-1	53.48
367	0	0	0	0	-1	56.74
368	442	443	7	810.5	-3	14.223
369	0	0	0	0	-1	13.57
370	444	445	1	265.5	-3	10.2616666666667
371	0	0	0	0	-1	10.38
372	446	447	7	766.55	-3	14.3581818181818
373	448	449	4	194.5	-3	18.1737931034483
374	450	451	4	187.6	-3	23.7011111111111
375	0	0	0	0	-1	20.73
376	0	0	0	0	-1	27.23
377	0	0	0	0	-1	29.936
378	0	0	0	0	-1	22.59
379	0	0	0	0	-1	24.394
380	452	453	7	660.15	-3	38.24875
381	454	455	6	858.75	-3	33.4086363636364
382	0	0	0	0	-1	28.71
383	456	457	5	5.2	-3	25.235
384	0	0	0	0	-1	17.6
385	458	459	2	58.8	-3	23.9233333333333
386	0	0	0	0	-1	37.0625
387	460	461	2	109	-3	26.1908333333333
388	0	0	0	0	-1	18.96
389	0	0	0	0	-1	17.8425
390	462	463	6	878.7	-3	47.5147826086957
391	464	465	1	300.85	-3	39.8783333333333
392	0	0	0	0	-1	52.4266666666667
393	0	0	0	0	-1	56.6133333333333
394	466	467	6	1081.5	-3	25.56
395	0	0	0	0	-1	22.44
396	0	0	0	0	-1	34.01
397	0	0	0	0	-1	36.7033333333333
398	468	469	7	793.5	-3	38.3257142857143
399	0	0	0	0	-1	40.1966666666667
400	0	0	0	0	-1	40.15
401	470	471	5	5.75	-3	43.3085714285714
402	0	0	0	0	-1	33.025
403	0	0	0	0	-1	36.59
404	0	0	0	0	-1	33.12
405	472	473	8	225	-3	38.785
406	474	475	8	95	-3	51.498947368421
407	476	477	6	973	-3	47.8046666666667
408	0	0	0	0	-1	25.084
409	478	479	7	888.45	-3	28.3027272727273
410	480	481	7	839.6	-3	11.5346153846154
411	0	0	0	0	-1	15.53
412	0	0	0	0	-1	18.03
413	0	0	0	0	-1	15.09
414	0	0	0	0	-1	37.36
415	0	0	0	0	-1	34.745
416	0	0	0	0	-1	37.2633333333333
417	0	0	0	0	-1	31.18
418	482	483	6	1122.5	-3	70.6388888888889
419	0	0	0	0	-1	74.915
420	484	485	7	736.5	-3	38.29375
421	0	0	0	0	-1	41.51
422	486	487	8	42	-3	32.4823529411765
423	0	0	0	0	-1	33.1766666666667
424	488	489	5	5.25	-3	33.3066666666667
425	0	0	0	0	-1	34.24
426	0	0	0	0	-1	32.81
427	0	0	0	0	-1	31.27
428	0	0	0	0	-1	25.85
429	490	491	4	175.3	-3	23.78
430	0	0	0	0	-1	39.608
431	492	493	2	213.55	-3	33.8830769230769
432	0	0	0	0	-1	52.3666666666667
433	494	495	3	139.25	-3	49.9066666666667
434	0	0	0	0	-1	26.92
435	0	0	0	0	-1	26.23
436	0	0	0	0	-1	41.804
437	0	0	0	0	-1	38.364
438	496	497	5	8.95	-3	49.8616666666667
439	0	0	0	0	-1	43.73
440	0	0	0	0	-1	42.136
441	0	0	0	0	-1	42.0833333333333
442	498	499	7	793.95	-3	15.0183333333333
443	0	0	0	0	-1	13.03
444	0	0	0	0	-1	9.31
445	0	0	0	0	-1	10.7375
446	0	0	0	0	-1	18.5875
447	0	0	0	0	-1	11.9414285714286
448	500	501	7	836.3	-3	17.7108
449	0	0	0	0	-1	21.0675
450	0	0	0	0	-1	22.81
451	0	0	0	0	-1	24.414
452	0	0	0	0	-1	35.23
453	0	0	0	0	-1	40.06
454	0	0	0	0	-1	28.63
455	502	503	7	751.5	-3	33.8865
456	504	505	7	758.95	-3	24.6042857142857
457	0	0	0	0	-1	29.65
458	0	0	0	0	-1	24.9
459	506	507	5	6.55	-3	23.6442857142857
460	0	0	0	0	-1	17.7966666666667
461	508	509	2	209.7	-3	27.39
462	510	511	5	5.35	-3	51.1415384615385
463	512	513	4	193.45	-3	42.8
464	0	0	0	0	-1	43.1075
465	0	0	0	0	-1	33.42
466	0	0	0	0	-1	25.848
467	0	0	0	0	-1	24.84
468	0	0	0	0	-1	36.45
469	0	0	0	0	-1	39.076
470	0	0	0	0	-1	39.61
471	514	515	1	244.75	-3	43.925
472	0	0	0	0	-1	38.015
473	0	0	0	0	-1	39.17
474	0	0	0	0	-1	48.978
475	516	517	7	727.7	-3	52.3992857142857
476	518	519	1	201.75	-3	49.2954545454545
477	0	0	0	0	-1	43.705
478	520	521	7	874	-3	27.1525
479	0	0	0	0	-1	31.37
480	522	523	5	9.55	-3	12.65625
481	0	0	0	0	-1	9.74
482	0	0	0	0	-1	71.99
483	0	0	0	0	-1	70.47
484	0	0	0	0	-1	38.66
485	0	0	0	0	-1	37.6833333333333
486	524	525	8	8.5	-3	22.972
487	526	527	5	11.5	-3	46.0685714285714
488	0	0	0	0	-1	33.3
489	0	0	0	0	-1	33.31
490	0	0	0	0	-1	23.915
491	0	0	0	0	-1	23.375
492	528	529	7	730.7	-3	31.8566666666667
493	0	0	0	0	-1	38.4425
494	0	0	0	0	-1	49.5233333333333
495	0	0	0	0	-1	50.29
496	0	0	0	0	-1	44.28
497	0	0	0	0	-1	50.978
498	0	0	0	0	-1	13.22
499	0	0	0	0	-1	15.378
500	0	0	0	0	-1	16.5821052631579
501	530	531	4	191.5	-3	21.285
502	532	533	6	974.5	-3	33.3833333333333
503	0	0	0	0	-1	35.396
504	534	535	2	198.5	-3	24.9333333333333
505	0	0	0	0	-1	22.63
506	0	0	0	0	-1	23.694
507	0	0	0	0	-1	23.52
508	536	537	5	2.85	-3	26.24375
509	0	0	0	0	-1	31.058
510	0	0	0	0	-1	57.216
511	538	539	6	869.25	-3	47.345
512	540	541	4	189	-3	40.72
513	0	0	0	0	-1	45.92
514	0	0	0	0	-1	44.3
515	0	0	0	0	-1	43.7375
516	0	0	0	0	-1	51.99
517	0	0	0	0	-1	53.9
518	0	0	0	0	-1	45.81
519	542	543	4	197.75	-3	51.2871428571429
520	0	0	0	0	-1	28.788
521	0	0	0	0	-1	24.4266666666667
522	544	545	3	0	-3	12.46
523	0	0	0	0	-1	13.245
524	0	0	0	0	-1	15.5425
525	546	547	5	11.5	-3	27.925
526	0	0	0	0	-1	41.75
527	0	0	0	0	-1	51.8266666666667
528	0	0	0	0	-1	27.68
529	548	549	4	177.4	-3	33.05
530	0	0	0	0	-1	21.26
531	0	0	0	0	-1	21.2975
532	550	551	5	2.5	-3	33.1008333333333
533	0	0	0	0	-1	34.5133333333333
534	0	0	0	0	-1	25.706
535	0	0	0	0	-1	21.07
536	552	553	7	837.25	-3	23.9822222222222
537	554	555	6	840	-3	29.1514285714286
538	0	0	0	0	-1	41.17
539	0	0	0	0	-1	53.52
540	0	0	0	0	-1	42.64
541	0	0	0	0	-1	38.8
542	0	0	0	0	-1	48.6966666666667
543	0	0	0	0	-1	53.23
544	0	0	0	0	-1	42.13
545	0	0	0	0	-1	12.46
546	0	0	0	0	-1	27.0925
547	0	0	0	0	-1	29.59
548	0	0	0	0	-1	32.766
549	0	0	0	0	-1	33.76
550	556	557	7	748.8	-3	32.4416666666667
551	558	559	6	907.1	-3	33.76
552	0	0	0	0	-1	27.6875
553	0	0	0	0	-1	21.018
554	560	561	1	144.5	-3	29.515
555	0	0	0	0	-1	26.97
556	0	0	0	0	-1	29.89
557	0	0	0	0	-1	32.952
558	0	0	0	0	-1	33.72
559	0	0	0	0	-1	33.8
560	0	0	0	0	-1	29.87
561	0	0	0	0	-1	29.16
