1	2	3	8	21	-3	36.1375825242718
2	4	5	2	17	-3	24.5489908256881
3	6	7	2	14.3	-3	41.5280085348506
4	8	9	6	1122	-3	22.6290506329114
5	10	11	4	181.4	-3	26.3439644970414
6	12	13	6	1119.5	-3	38.0679365079365
7	14	15	1	277.1	-3	44.337087628866
8	16	17	5	11.75	-3	21.8641610738255
9	18	19	4	176.5	-3	35.2922222222222
10	20	21	5	11.3	-3	34.6996666666667
11	22	23	1	310.7	-3	16.8248101265823
12	24	25	4	162.05	-3	36.8958528428094
13	26	27	7	706.6	-3	59.97125
14	28	29	8	42	-3	35.8934862385321
15	30	31	7	653.65	-3	55.1647647058823
16	32	33	1	396.5	-3	20.7619708029197
17	34	35	4	144.7	-3	34.4475
18	0	0	0	0	-1	47.458
19	0	0	0	0	-1	20.085
20	36	37	8	5	-3	29.6608695652174
21	38	39	4	154.8	-3	39.9675
22	40	41	1	189.1	-3	13.540303030303
23	42	43	1	356.25	-3	33.5
24	44	45	4	154.7	-3	50.0803174603175
25	46	47	3	139.5	-3	33.3762711864407
26	48	49	5	1.5	-3	58.2542857142857
27	0	0	0	0	-1	71.99
28	50	51	2	114.3	-3	31.7529605263158
29	52	53	4	186.85	-3	45.4292424242424
30	54	55	6	948.7	-3	41.9929166666667
31	56	57	2	173.5	-3	57.33
32	58	59	3	47.05	-3	19.7506299212598
33	60	61	4	166.5	-3	33.606
34	0	0	0	0	-1	44.33
35	62	63	1	252.05	-3	29.50625
36	64	65	5	8.4	-3	24.4815384615385
37	66	67	5	8.4	-3	36.394
38	68	69	2	111.75	-3	42.7735
39	70	71	8	5	-3	37.6291666666667
40	72	73	7	874.35	-3	9.65133333333333
41	74	75	6	1065.9	-3	16.7811111111111
42	0	0	0	0	-1	27.924
43	76	77	1	465	-3	36.985
44	78	79	1	487.5	-3	58.87
45	80	81	1	181.35	-3	45.02625
46	82	83	5	11.2	-3	35.6624875621891
47	84	85	4	165.25	-3	20.2468571428571
48	86	87	1	512.5	-3	59.3407692307692
49	0	0	0	0	-1	44.13
50	88	89	4	185.15	-3	37.7403333333333
51	90	91	3	190.5	-3	30.2806557377049
52	92	93	1	214.3	-3	51.4213043478261
53	94	95	8	225	-3	42.2241860465116
54	96	97	1	356.25	-3	38.46
55	98	99	8	42	-3	47.8811111111111
56	100	101	1	314.5	-3	54.0289908256881
57	102	103	8	42	-3	67.0545945945946
58	104	105	7	782.5	-3	16.9025806451613
59	106	107	8	5	-3	22.4672307692308
60	0	0	0	0	-1	50.51
61	108	109	7	653.1	-3	31.7277777777778
62	0	0	0	0	-1	21.6866666666667
63	0	0	0	0	-1	34.198
64	110	111	2	47.65	-3	15.565
65	112	113	1	391.5	-3	27.1565
66	114	115	1	180	-3	29.57
67	116	117	6	1071.25	-3	40.0684615384615
68	118	119	1	388.4	-3	39.9675
69	0	0	0	0	-1	53.9975
70	120	121	5	12.75	-3	30.4281818181818
71	122	123	5	11.85	-3	43.7223076923077
72	124	125	2	191.95	-3	10.9838095238095
73	0	0	0	0	-1	6.54222222222222
74	126	127	8	5	-3	17.0288235294118
75	0	0	0	0	-1	12.57
76	0	0	0	0	-1	41.3333333333333
77	0	0	0	0	-1	34.376
78	128	129	8	78	-3	55.1686666666667
79	130	131	6	874.05	-3	65.81
80	132	133	1	160.25	-3	25.0071428571429
81	134	135	3	98.1	-3	49.2727272727273
82	136	137	1	455.5	-3	35.4376381909548
83	0	0	0	0	-1	58.035
84	0	0	0	0	-1	34.32
85	138	139	8	42	-3	18.4309677419355
86	0	0	0	0	-1	50.3325
87	140	141	4	181	-3	63.3444444444444
88	142	143	4	131.3	-3	42.026
89	144	145	1	263.5	-3	33.4546666666667
90	146	147	5	10.55	-3	30.5993103448276
91	148	149	3	194.5	-3	24.12
92	150	151	4	140.05	-3	48.6129411764706
93	152	153	6	1045	-3	59.3783333333333
94	154	155	2	271.4	-3	40.5425
95	156	157	7	632	-3	47.1163636363636
96	158	159	1	309.95	-3	35.4957142857143
97	0	0	0	0	-1	41.05375
98	160	161	3	79	-3	44.155
99	0	0	0	0	-1	55.3333333333333
100	162	163	1	278.6	-3	46.4933333333333
101	164	165	5	11.5	-3	58.7528358208955
102	166	167	7	672.45	-3	62.895
103	168	169	4	189	-3	71.9482352941177
104	170	171	1	296.4	-3	21.6785
105	172	173	4	192.5	-3	14.6283333333333
106	174	175	1	287.2	-3	16.9458333333333
107	176	177	1	250.7	-3	25.6992682926829
108	0	0	0	0	-1	38.6
109	178	179	8	5	-3	29.7642857142857
110	0	0	0	0	-1	7.32
111	0	0	0	0	-1	19.6875
112	180	181	4	158.15	-3	25.6129411764706
113	0	0	0	0	-1	35.9033333333333
114	182	183	7	763.45	-3	30.915
115	0	0	0	0	-1	21.5
116	184	185	6	934.05	-3	41.4483333333333
117	0	0	0	0	-1	23.51
118	0	0	0	0	-1	33.416
119	186	187	2	100.5	-3	42.9454545454545
120	0	0	0	0	-1	31.8277777777778
121	0	0	0	0	-1	24.13
122	188	189	3	39.5	-3	46.325
123	0	0	0	0	-1	35.0466666666667
124	190	191	6	942.5	-3	9.61
125	192	193	7	764.85	-3	12.495
126	194	195	4	186.85	-3	13.7994117647059
127	196	197	6	1046.2	-3	20.2582352941177
128	198	199	4	144.7	-3	51.349
129	0	0	0	0	-1	62.808
130	0	0	0	0	-1	58.1333333333333
131	0	0	0	0	-1	70.416
132	0	0	0	0	-1	17.955
133	0	0	0	0	-1	34.41
134	200	201	1	528	-3	57.2633333333333
135	202	203	1	262.1	-3	46.27625
136	204	205	1	289.7	-3	34.493064516129
137	206	207	1	477.5	-3	48.9523076923077
138	208	209	1	165.55	-3	16.2422222222222
139	0	0	0	0	-1	33.205
140	0	0	0	0	-1	69.5966666666667
141	0	0	0	0	-1	60.2183333333333
142	0	0	0	0	-1	24.24
143	210	211	5	10.2	-3	44.7623076923077
144	212	213	2	94.5	-3	31.4383333333333
145	0	0	0	0	-1	41.52
146	214	215	4	165	-3	29.7615306122449
147	216	217	3	58	-3	35.1605555555556
148	0	0	0	0	-1	24.58
149	0	0	0	0	-1	23.89
150	0	0	0	0	-1	36.04
151	218	219	6	1006.75	-3	50.2893333333333
152	0	0	0	0	-1	55.74
153	0	0	0	0	-1	63.0166666666667
154	220	221	7	837.25	-3	38.9257142857143
155	0	0	0	0	-1	51.86
156	0	0	0	0	-1	39
157	222	223	7	738.45	-3	48.92
158	0	0	0	0	-1	38.22
159	224	225	4	198	-3	35.0416666666667
160	0	0	0	0	-1	39.38
161	0	0	0	0	-1	46.5425
162	0	0	0	0	-1	66.885
163	226	227	7	679.35	-3	45.47375
164	228	229	5	8.5	-3	62.2525925925926
165	230	231	4	155.25	-3	56.3905
166	0	0	0	0	-1	74.7
167	232	233	5	3.5	-3	60.8117647058824
168	234	235	2	247.65	-3	73.286875
169	0	0	0	0	-1	50.53
170	0	0	0	0	-1	14.8133333333333
171	236	237	1	318	-3	22.89
172	238	239	6	901.5	-3	15.1230555555556
173	240	241	1	269	-3	11.66
174	242	243	4	168	-3	15.842
175	0	0	0	0	-1	22.465
176	244	245	6	1005.95	-3	24.325625
177	246	247	4	175.25	-3	30.5833333333333
178	0	0	0	0	-1	24.395
179	0	0	0	0	-1	31.912
180	248	249	3	60.95	-3	23.4125
181	250	251	4	166.5	-3	27.5688888888889
182	0	0	0	0	-1	33.665
183	0	0	0	0	-1	25.415
184	0	0	0	0	-1	47.3633333333333
185	252	253	1	194.35	-3	39.4766666666667
186	0	0	0	0	-1	47.6
187	254	255	8	5	-3	41.9111111111111
188	0	0	0	0	-1	47.65
189	0	0	0	0	-1	45.4416666666667
190	0	0	0	0	-1	7.72
191	256	257	6	958.7	-3	10.03
192	258	259	4	194.6	-3	10.87
193	0	0	0	0	-1	14.9325
194	0	0	0	0	-1	18
195	260	261	7	749.55	-3	12.5069230769231
196	0	0	0	0	-1	19.625
197	0	0	0	0	-1	30.39
198	0	0	0	0	-1	55.6375
199	262	263	3	99.35	-3	48.49
200	264	265	6	887.45	-3	53.3557142857143
201	0	0	0	0	-1	70.94
202	266	267	7	785.65	-3	44.6325
203	0	0	0	0	-1	54.495
204	268	269	1	251.7	-3	32.1915
205	270	271	1	295.85	-3	36.2300943396226
206	0	0	0	0	-1	42.375
207	272	273	8	59	-3	50.1481818181818
208	274	275	7	788.45	-3	14.7604347826087
209	0	0	0	0	-1	24.7625
210	276	277	3	82.5	-3	42.112
211	0	0	0	0	-1	53.5966666666667
212	0	0	0	0	-1	27.205
213	278	279	4	198	-3	33.555
214	0	0	0	0	-1	67.87
215	280	281	1	156.5	-3	29.3686597938144
216	282	283	4	174.9	-3	36.0190909090909
217	284	285	2	158	-3	33.8114285714286
218	286	287	5	7.15	-3	54.4966666666667
219	288	289	7	790.8	-3	47.4844444444444
220	290	291	1	243.85	-3	41.1213043478261
221	0	0	0	0	-1	28.826
222	0	0	0	0	-1	52.536
223	0	0	0	0	-1	44.4
224	0	0	0	0	-1	33.69
225	0	0	0	0	-1	35.312
226	292	293	6	905.2	-3	51.0411111111111
227	294	295	1	282	-3	43.8574193548387
228	296	297	4	165.5	-3	57.8833333333333
229	298	299	8	42	-3	65.748
230	300	301	5	14.8	-3	61.635
231	302	303	6	952.5	-3	52.0995454545454
232	0	0	0	0	-1	35.92
233	304	305	6	1017.8	-3	64.1306666666667
234	306	307	1	350.25	-3	72.2992857142857
235	0	0	0	0	-1	80.2
236	0	0	0	0	-1	30.96
237	308	309	6	971	-3	21.814
238	0	0	0	0	-1	9.008
239	310	311	7	784.95	-3	16.1093548387097
240	0	0	0	0	-1	9.8225
241	0	0	0	0	-1	15.335
242	312	313	6	1005.05	-3	19.038
243	314	315	1	235.95	-3	12.646
244	316	317	7	885.6	-3	22.6163636363636
245	318	319	3	148.9	-3	25.2209523809524
246	0	0	0	0	-1	37.59
247	320	321	4	183.75	-3	27.08
248	0	0	0	0	-1	24.4
249	0	0	0	0	-1	21.7666666666667
250	0	0	0	0	-1	30.45
251	0	0	0	0	-1	25.264
252	0	0	0	0	-1	29.55
253	322	323	2	75.8	-3	40.7175
254	0	0	0	0	-1	33.4
255	0	0	0	0	-1	48.72
256	0	0	0	0	-1	11.182
257	0	0	0	0	-1	8.59
258	0	0	0	0	-1	10.995
259	0	0	0	0	-1	10.8075
260	324	325	7	630.5	-3	13.3318181818182
261	0	0	0	0	-1	7.97
262	0	0	0	0	-1	53.215
263	0	0	0	0	-1	39.04
264	0	0	0	0	-1	41.37
265	326	327	5	10.65	-3	55.3533333333333
266	328	329	8	42	-3	48.0366666666667
267	330	331	8	42	-3	43.1735714285714
268	332	333	3	47.05	-3	34.5541818181818
269	334	335	6	901.5	-3	26.9936
270	336	337	5	4.45	-3	44.7166666666667
271	338	339	8	42	-3	35.4426804123711
272	340	341	5	2.6	-3	47.7757142857143
273	0	0	0	0	-1	54.3
274	342	343	1	159.7	-3	15.5964705882353
275	344	345	7	876.5	-3	12.3916666666667
276	0	0	0	0	-1	44.33
277	0	0	0	0	-1	39.894
278	346	347	2	97.9	-3	33.72
279	0	0	0	0	-1	32.4
280	348	349	3	116	-3	26.5507547169811
281	350	351	4	182.85	-3	32.7629545454545
282	0	0	0	0	-1	37.935
283	352	353	4	178	-3	34.9242857142857
284	0	0	0	0	-1	27.68
285	0	0	0	0	-1	36.264
286	0	0	0	0	-1	54.915
287	0	0	0	0	-1	53.66
288	354	355	2	69.3	-3	48.6516666666667
289	0	0	0	0	-1	45.15
290	0	0	0	0	-1	40.0835
291	0	0	0	0	-1	48.04
292	0	0	0	0	-1	53.52
293	0	0	0	0	-1	50.3328571428571
294	0	0	0	0	-1	52.82
295	356	357	5	9.4	-3	43.2393103448276
296	0	0	0	0	-1	81.75
297	358	359	5	1.95	-3	55.7136363636364
298	360	361	1	391.5	-3	62.25
299	362	363	7	731	-3	69.7457142857143
300	0	0	0	0	-1	49.74
301	364	365	8	42	-3	63.121875
302	366	367	8	42	-3	50.3963636363636
303	368	369	8	42	-3	53.8027272727273
304	370	371	1	350.25	-3	64.8842857142857
305	0	0	0	0	-1	53.58
306	372	373	6	974.65	-3	68.0316666666667
307	374	375	2	189.1	-3	75.5
308	0	0	0	0	-1	25.13
309	0	0	0	0	-1	21.3038461538462
310	0	0	0	0	-1	13.148
311	0	0	0	0	-1	16.6788461538462
312	0	0	0	0	-1	13.33
313	376	377	7	776.5	-3	19.6722222222222
314	0	0	0	0	-1	10.982
315	0	0	0	0	-1	14.31
316	378	379	1	235.95	-3	24.6814285714286
317	0	0	0	0	-1	19.0025
318	380	381	7	799.2	-3	24.2555555555556
319	0	0	0	0	-1	31.0133333333333
320	0	0	0	0	-1	24.13
321	0	0	0	0	-1	28.555
322	0	0	0	0	-1	38.6075
323	0	0	0	0	-1	42.8275
324	0	0	0	0	-1	9.56
325	382	383	7	716.95	-3	13.709
326	0	0	0	0	-1	58.52
327	0	0	0	0	-1	54.72
328	0	0	0	0	-1	44.64
329	0	0	0	0	-1	51.4333333333333
330	0	0	0	0	-1	35.74
331	384	385	6	1086.75	-3	45.2009090909091
332	0	0	0	0	-1	20.4
333	386	387	8	42	-3	35.9696
334	0	0	0	0	-1	20.305
335	388	389	4	188	-3	28.267619047619
336	0	0	0	0	-1	25.18
337	390	391	6	958.15	-3	47.15875
338	392	393	7	821.5	-3	33.001875
339	394	395	6	950	-3	40.1763636363636
340	0	0	0	0	-1	43.89
341	0	0	0	0	-1	52.9566666666667
342	396	397	6	1019.2	-3	13.893
343	0	0	0	0	-1	18.03
344	0	0	0	0	-1	10.8275
345	0	0	0	0	-1	15.52
346	0	0	0	0	-1	33.4
347	398	399	4	192	-3	33.7733333333333
348	400	401	2	206.45	-3	24.4583333333333
349	402	403	4	228.85	-3	30.9817647058824
350	0	0	0	0	-1	45.124
351	404	405	6	1040.8	-3	31.1782051282051
352	0	0	0	0	-1	32.96
353	0	0	0	0	-1	37.5433333333333
354	0	0	0	0	-1	46.085
355	0	0	0	0	-1	49.935
356	406	407	4	204.25	-3	42.052
357	0	0	0	0	-1	50.66
358	0	0	0	0	-1	54.08
359	408	409	6	916.5	-3	56.32625
360	410	411	7	723.5	-3	60.8428571428571
361	0	0	0	0	-1	72.1
362	0	0	0	0	-1	54.77
363	412	413	1	380.4	-3	72.2416666666667
364	414	415	5	21	-3	59.9928571428571
365	416	417	2	111.75	-3	65.5555555555556
366	418	419	4	157.45	-3	48.6133333333333
367	0	0	0	0	-1	52.536
368	0	0	0	0	-1	49.37
369	0	0	0	0	-1	56.3357142857143
370	0	0	0	0	-1	55.8333333333333
371	420	421	1	364.3	-3	67.3527272727273
372	0	0	0	0	-1	66.278
373	0	0	0	0	-1	76.8
374	422	423	4	175.45	-3	77.0142857142857
375	0	0	0	0	-1	64.9
376	0	0	0	0	-1	17.37
377	424	425	4	159.25	-3	20.8233333333333
378	0	0	0	0	-1	23.68
379	0	0	0	0	-1	25.4325
380	426	427	1	215.5	-3	22.3566666666667
381	428	429	1	203.35	-3	26.1544444444444
382	430	431	2	185.15	-3	12.955
383	0	0	0	0	-1	14.84
384	432	433	8	78	-3	46.4733333333333
385	0	0	0	0	-1	39.475
386	434	435	5	6.25	-3	28.7511764705882
387	436	437	4	195.35	-3	39.6881818181818
388	0	0	0	0	-1	22.095
389	438	439	1	263.3	-3	29.72
390	0	0	0	0	-1	47.628
391	0	0	0	0	-1	46.3766666666667
392	440	441	1	310.15	-3	33.6536842105263
393	442	443	1	322	-3	27.6942857142857
394	0	0	0	0	-1	50.662
395	444	445	6	1017.4	-3	38.3039285714286
396	0	0	0	0	-1	15.57
397	446	447	6	1060.7	-3	13.1742857142857
398	0	0	0	0	-1	33.8
399	0	0	0	0	-1	33.72
400	448	449	5	8.4	-3	23.5396774193548
401	0	0	0	0	-1	30.154
402	450	451	1	134.2	-3	29.6746153846154
403	0	0	0	0	-1	35.23
404	452	453	2	303.15	-3	31.9436111111111
405	0	0	0	0	-1	21.9933333333333
406	454	455	6	1000.95	-3	43.6961904761905
407	0	0	0	0	-1	33.42
408	456	457	4	205.5	-3	57.6283333333333
409	0	0	0	0	-1	52.42
410	0	0	0	0	-1	59
411	0	0	0	0	-1	61.58
412	0	0	0	0	-1	68.75
413	0	0	0	0	-1	73.9875
414	458	459	7	845.4	-3	60.5416666666667
415	0	0	0	0	-1	56.7
416	460	461	7	939.85	-3	65.0875
417	0	0	0	0	-1	69.3
418	0	0	0	0	-1	47.57
419	0	0	0	0	-1	50.7
420	0	0	0	0	-1	71.3
421	462	463	5	16.55	-3	65.0971428571429
422	0	0	0	0	-1	78.5
423	0	0	0	0	-1	73.3
424	0	0	0	0	-1	20.228
425	0	0	0	0	-1	23.8
426	0	0	0	0	-1	20.545
427	0	0	0	0	-1	23.806
428	0	0	0	0	-1	23.44
429	0	0	0	0	-1	28.326
430	0	0	0	0	-1	9.73
431	0	0	0	0	-1	13.6
432	0	0	0	0	-1	43.8366666666667
433	464	465	6	995.8	-3	47.7916666666667
434	466	467	6	1028.25	-3	26.199
435	468	469	5	7.65	-3	32.3971428571429
436	470	471	6	1050	-3	40.9755172413793
437	0	0	0	0	-1	30.355
438	0	0	0	0	-1	27.6525
439	472	473	8	59	-3	30.3561538461538
440	474	475	7	813.5	-3	29.8288888888889
441	0	0	0	0	-1	35.4189743589744
442	0	0	0	0	-1	26.192
443	0	0	0	0	-1	31.45
444	476	477	6	976	-3	36.172380952381
445	478	479	7	779.75	-3	44.6985714285714
446	0	0	0	0	-1	12.46
447	0	0	0	0	-1	13.46
448	480	481	4	199.5	-3	25.0409090909091
449	482	483	7	848.6	-3	19.87
450	0	0	0	0	-1	33.3
451	484	485	4	192.9	-3	29.3725
452	486	487	3	109.5	-3	31.3036363636364
453	0	0	0	0	-1	38.9833333333333
454	488	489	1	288.7	-3	44.1372222222222
455	0	0	0	0	-1	41.05
456	0	0	0	0	-1	58.044
457	0	0	0	0	-1	55.55
458	0	0	0	0	-1	61.8
459	0	0	0	0	-1	60.29
460	490	491	4	152.45	-3	65.4571428571429
461	0	0	0	0	-1	62.5
462	492	493	4	178.05	-3	63.53
463	0	0	0	0	-1	74.5
464	0	0	0	0	-1	51.06
465	0	0	0	0	-1	46.1575
466	494	495	6	947.95	-3	25.3985714285714
467	0	0	0	0	-1	28.0666666666667
468	496	497	1	241.6	-3	33.3966666666667
469	0	0	0	0	-1	26.4
470	498	499	7	903.85	-3	40.2505
471	500	501	4	177.15	-3	42.5866666666667
472	502	503	7	809.1	-3	29.04
473	504	505	4	191.5	-3	31.4842857142857
474	506	507	6	963.7	-3	29.0752941176471
475	0	0	0	0	-1	42.64
476	508	509	8	270	-3	34.8546153846154
477	510	511	1	320.5	-3	38.31375
478	0	0	0	0	-1	54.35
479	0	0	0	0	-1	40.838
480	512	513	2	201.75	-3	24.4980952380952
481	0	0	0	0	-1	36.44
482	514	515	7	762.85	-3	18.75
483	0	0	0	0	-1	23.79
484	516	517	4	187.35	-3	29.545
485	518	519	5	8	-3	29.2
486	520	521	6	946.65	-3	31.5403846153846
487	522	523	7	655	-3	30.4242857142857
488	524	525	6	906.15	-3	42.8433333333333
489	526	527	6	868.1	-3	44.7841666666667
490	0	0	0	0	-1	66.1
491	0	0	0	0	-1	64.975
492	0	0	0	0	-1	61.09
493	0	0	0	0	-1	65.97
494	0	0	0	0	-1	22.84
495	528	529	1	239.85	-3	25.825
496	0	0	0	0	-1	33.544
497	0	0	0	0	-1	32.66
498	530	531	5	6.25	-3	40.7616666666667
499	0	0	0	0	-1	35.65
500	532	533	5	7.25	-3	43.4371428571429
501	0	0	0	0	-1	39.61
502	0	0	0	0	-1	32.2433333333333
503	0	0	0	0	-1	25.8366666666667
504	0	0	0	0	-1	31.25
505	0	0	0	0	-1	32.07
506	534	535	5	10.5	-3	30.1675
507	0	0	0	0	-1	26.454
508	536	537	8	135	-3	34.0611111111111
509	0	0	0	0	-1	36.64
510	0	0	0	0	-1	36.495
511	0	0	0	0	-1	40.1325
512	538	539	2	174	-3	25.1610526315789
513	0	0	0	0	-1	18.2
514	0	0	0	0	-1	17.0966666666667
515	0	0	0	0	-1	19.99
516	0	0	0	0	-1	29.115
517	0	0	0	0	-1	29.76
518	0	0	0	0	-1	29.41
519	0	0	0	0	-1	28.99
520	540	541	7	629.8	-3	34.5714285714286
521	542	543	7	774.55	-3	30.4236842105263
522	0	0	0	0	-1	27.23
523	0	0	0	0	-1	31.702
524	0	0	0	0	-1	43.4975
525	0	0	0	0	-1	41.535
526	0	0	0	0	-1	42.66
527	544	545	7	791.05	-3	45.209
528	0	0	0	0	-1	24.6275
529	0	0	0	0	-1	28.22
530	546	547	3	107.45	-3	39.281
531	548	549	7	874.4	-3	42.6125
532	0	0	0	0	-1	44.584
533	0	0	0	0	-1	40.57
534	0	0	0	0	-1	26.98
535	550	551	1	297	-3	31.76125
536	0	0	0	0	-1	34.3625
537	0	0	0	0	-1	33.82
538	552	553	3	98.85	-3	24.2684615384615
539	554	555	7	833.85	-3	27.095
540	0	0	0	0	-1	30.08
541	0	0	0	0	-1	37.94
542	556	557	6	1005.3	-3	31.9435714285714
543	0	0	0	0	-1	26.168
544	0	0	0	0	-1	46.2425
545	558	559	7	0	-3	44.52
546	0	0	0	0	-1	40.7
547	0	0	0	0	-1	37.862
548	0	0	0	0	-1	41.79
549	0	0	0	0	-1	43.9833333333333
550	0	0	0	0	-1	31.42
551	560	561	7	744.1	-3	31.875
552	562	563	1	151	-3	22.8028571428571
553	564	565	3	109.6	-3	25.9783333333333
554	0	0	0	0	-1	26.94
555	0	0	0	0	-1	27.87
556	566	567	7	699.2	-3	33.875
557	568	569	7	719.3	-3	30.495
558	0	0	0	0	-1	79.99
559	0	0	0	0	-1	44.52
560	0	0	0	0	-1	31.87
561	0	0	0	0	-1	31.88
562	570	571	6	931.6	-3	23.435
563	0	0	0	0	-1	19.01
564	0	0	0	0	-1	26.145
565	0	0	0	0	-1	25.895
566	0	0	0	0	-1	34.9533333333333
567	0	0	0	0	-1	32.7966666666667
568	0	0	0	0	-1	30.52
569	0	0	0	0	-1	30.47
570	0	0	0	0	-1	22.35
571	0	0	0	0	-1	23.652
