1	2	3	2	16.3	-3	36.012572815534
2	4	5	7	677	-3	31.0184245076587
3	6	7	7	754.6	-3	39.9956893542757
4	8	9	1	532.5	-3	47.9448571428571
5	10	11	3	174.8	-3	29.6145734597156
6	12	13	2	129.15	-3	37.0962645914397
7	14	15	1	213.75	-3	42.3537658227848
8	16	17	5	0.95	-3	44.4473333333333
9	0	0	0	0	-1	68.93
10	18	19	4	146.05	-3	30.2842716049383
11	20	21	4	191.6	-3	13.66
12	22	23	3	158.95	-3	44.1260465116279
13	24	25	5	7.2	-3	33.5608187134503
14	26	27	8	42	-3	28.8299310344828
15	28	29	4	192.65	-3	53.8213450292397
16	30	31	7	641.5	-3	42.5122222222222
17	0	0	0	0	-1	61.8633333333333
18	32	33	7	826.95	-3	55.2669230769231
19	34	35	8	10.5	-3	29.4557653061225
20	36	37	1	147.35	-3	14.9276923076923
21	0	0	0	0	-1	9.54
22	38	39	2	42.75	-3	44.797037037037
23	0	0	0	0	-1	33.256
24	40	41	7	676.95	-3	30.5336036036036
25	42	43	1	226.2	-3	39.1611666666667
26	44	45	8	10.5	-3	23.0086538461539
27	46	47	1	155	-3	43.5960975609756
28	48	49	7	756.25	-3	54.5433742331288
29	50	51	2	105.75	-3	39.11
30	52	53	8	5	-3	42.1123076923077
31	0	0	0	0	-1	52.91
32	0	0	0	0	-1	40.3125
33	54	55	6	874.05	-3	61.9133333333333
34	56	57	8	5	-3	16.6008080808081
35	58	59	1	160	-3	33.7992491467577
36	60	61	5	11.95	-3	15.3933333333333
37	62	63	5	14.3	-3	14.5285714285714
38	64	65	4	173	-3	47.50175
39	66	67	2	113.15	-3	42.1582926829268
40	68	69	7	669.5	-3	36.542619047619
41	70	71	1	162.8	-3	26.8759420289855
42	72	73	4	177	-3	30.14
43	74	75	2	146.8	-3	50.187037037037
44	76	77	6	962.3	-3	10.8283333333333
45	78	79	1	156	-3	27.9466216216216
46	80	81	2	204.7	-3	34.6127272727273
47	82	83	4	140.05	-3	46.89
48	84	85	5	16.8	-3	60.4807894736842
49	86	87	7	848.55	-3	52.7384
50	0	0	0	0	-1	33.15
51	0	0	0	0	-1	45.07
52	0	0	0	0	-1	23.788
53	88	89	4	194.5	-3	46.4752380952381
54	0	0	0	0	-1	54.42
55	0	0	0	0	-1	71.28
56	90	91	4	161.35	-3	15.5664150943396
57	92	93	2	13	-3	17.7926086956522
58	94	95	5	13	-3	12.5841666666667
59	96	97	8	42	-3	34.705231316726
60	0	0	0	0	-1	15.34
61	0	0	0	0	-1	15.42
62	0	0	0	0	-1	15.33
63	0	0	0	0	-1	13.46
64	98	99	2	23	-3	50.0678947368421
65	100	101	5	1.95	-3	45.18
66	102	103	1	251.5	-3	39.1396428571429
67	104	105	1	316.5	-3	48.66
68	106	107	4	224.5	-3	33.3790909090909
69	0	0	0	0	-1	48.1422222222222
70	108	109	6	943.9	-3	13.9563636363636
71	110	111	2	157.9	-3	29.3262068965517
72	112	113	3	122.3	-3	37.4481818181818
73	114	115	2	185.7	-3	26.4859090909091
74	0	0	0	0	-1	39.482
75	116	117	5	10.7	-3	52.62
76	118	119	8	5	-3	8.42058823529412
77	120	121	7	794.85	-3	13.9769230769231
78	122	123	1	146.25	-3	26.0670588235294
79	124	125	4	161.15	-3	32.114347826087
80	126	127	2	178.45	-3	30.9525
81	0	0	0	0	-1	44.3733333333333
82	0	0	0	0	-1	36.04
83	128	129	6	992.3	-3	47.665
84	130	131	8	17.5	-3	58.580625
85	0	0	0	0	-1	70.615
86	132	133	8	21	-3	50.46725
87	134	135	8	17.5	-3	56.776
88	136	137	8	52	-3	52.2944444444444
89	138	139	6	1028.5	-3	42.1108333333333
90	140	141	3	100.15	-3	18.2890909090909
91	142	143	6	960.55	-3	13.6341935483871
92	144	145	7	764	-3	17.3504651162791
93	0	0	0	0	-1	24.13
94	146	147	3	154.5	-3	11.51
95	0	0	0	0	-1	17.955
96	148	149	8	21	-3	31.7307865168539
97	150	151	8	150	-3	39.8455339805825
98	0	0	0	0	-1	49.9066666666667
99	152	153	8	5	-3	50.1423076923077
100	0	0	0	0	-1	53.175
101	154	155	7	724.5	-3	43.2988235294118
102	0	0	0	0	-1	28.63
103	156	157	8	135	-3	40.89125
104	158	159	4	209.3	-3	47.7983333333333
105	0	0	0	0	-1	59
106	160	161	8	17.5	-3	31.22
107	0	0	0	0	-1	36.3092857142857
108	0	0	0	0	-1	36.44
109	162	163	6	986.8	-3	11.708
110	164	165	1	228.4	-3	32.9795833333333
111	166	167	6	953.8	-3	26.7473529411765
112	0	0	0	0	-1	35.48
113	0	0	0	0	-1	39.0883333333333
114	168	169	1	148.05	-3	22.325
115	170	171	7	659	-3	33.7675
116	172	173	8	5	-3	50.7626666666667
117	174	175	8	42	-3	56.6
118	176	177	6	946.8	-3	5.55099999999999
119	0	0	0	0	-1	12.52
120	0	0	0	0	-1	17.528
121	178	179	8	5	-3	11.7575
122	180	181	7	761.65	-3	28.5914814814815
123	182	183	5	10.85	-3	23.2270833333333
124	0	0	0	0	-1	21.8566666666667
125	184	185	4	184.45	-3	33.653
126	186	187	1	134.5	-3	29.64
127	0	0	0	0	-1	34.89
128	188	189	7	790.6	-3	42.1225
129	190	191	2	47.65	-3	49.882
130	192	193	8	5	-3	34.7833333333333
131	0	0	0	0	-1	72.859
132	194	195	6	937	-3	37.7554545454545
133	196	197	8	42	-3	55.2889655172414
134	198	199	8	5	-3	41.7
135	200	201	5	11.75	-3	61.6535294117647
136	0	0	0	0	-1	44.812
137	0	0	0	0	-1	61.6475
138	0	0	0	0	-1	40.4133333333333
139	0	0	0	0	-1	43.8083333333333
140	202	203	1	250.45	-3	20.42
141	204	205	6	1053.55	-3	17.0714285714286
142	206	207	6	945.95	-3	15.4966666666667
143	208	209	4	206.3	-3	12.8722727272727
144	210	211	4	186.5	-3	25.743
145	212	213	2	5.5	-3	14.8072727272727
146	214	215	1	153.4	-3	11.065
147	0	0	0	0	-1	13.29
148	216	217	6	956	-3	27.3717647058824
149	218	219	3	142.8	-3	32.76
150	220	221	8	95	-3	40.9889887640449
151	222	223	7	859.5	-3	32.5764285714286
152	0	0	0	0	-1	35.36
153	0	0	0	0	-1	54.577
154	224	225	8	17.5	-3	44.338
155	0	0	0	0	-1	35.505
156	226	227	4	205	-3	38.6111764705882
157	228	229	2	85.5	-3	46.4285714285714
158	230	231	6	976.15	-3	45.7416666666667
159	0	0	0	0	-1	49.855
160	232	233	8	5	-3	18.0366666666667
161	234	235	8	59	-3	37.3046153846154
162	0	0	0	0	-1	6.22
163	236	237	5	3	-3	15.3666666666667
164	238	239	3	59.3	-3	29.7807142857143
165	240	241	4	202.75	-3	37.458
166	0	0	0	0	-1	42.71
167	242	243	2	303.15	-3	25.2025806451613
168	0	0	0	0	-1	33.08
169	244	245	5	8.5	-3	20.5325
170	0	0	0	0	-1	39.84
171	246	247	3	155.2	-3	32.9
172	0	0	0	0	-1	28.4666666666667
173	248	249	2	226.1	-3	56.3366666666667
174	0	0	0	0	-1	52.875
175	0	0	0	0	-1	61.5666666666667
176	0	0	0	0	-1	6.518
177	0	0	0	0	-1	4.584
178	0	0	0	0	-1	9.026
179	0	0	0	0	-1	16.31
180	0	0	0	0	-1	18.2
181	250	251	3	128	-3	29.4228
182	252	253	6	976.55	-3	22.8039130434783
183	0	0	0	0	-1	32.96
184	254	255	2	223.35	-3	35.6173333333333
185	0	0	0	0	-1	27.76
186	0	0	0	0	-1	30.304
187	0	0	0	0	-1	26.32
188	0	0	0	0	-1	43.38
189	0	0	0	0	-1	40.0266666666667
190	256	257	8	78	-3	45.524
191	258	259	6	1036.55	-3	54.24
192	0	0	0	0	-1	32.1
193	0	0	0	0	-1	38.54
194	260	261	8	5	-3	44.2666666666667
195	262	263	7	787.6	-3	33.2476923076923
196	264	265	1	317	-3	51.75925
197	266	267	2	102.2	-3	63.1327777777778
198	0	0	0	0	-1	33.4
199	268	269	4	154.6	-3	46.4428571428572
200	270	271	8	42	-3	72.2142857142857
201	272	273	8	42	-3	58.9155555555556
202	0	0	0	0	-1	15.36
203	274	275	5	12.1	-3	22.1066666666667
204	276	277	4	158	-3	15.6254545454545
205	0	0	0	0	-1	22.3733333333333
206	278	279	7	779.5	-3	13.7985714285714
207	0	0	0	0	-1	21.44
208	280	281	7	770.4	-3	12.5315
209	0	0	0	0	-1	16.28
210	282	283	7	736.65	-3	23.8585714285714
211	0	0	0	0	-1	30.14
212	284	285	6	901.5	-3	14.7710344827586
213	0	0	0	0	-1	15.07
214	0	0	0	0	-1	12.18
215	286	287	1	154.9	-3	10.9057142857143
216	0	0	0	0	-1	33.116
217	288	289	5	13.5	-3	26.3813793103448
218	290	291	4	179.5	-3	33.2161363636364
219	292	293	3	169.7	-3	27.7425
220	294	295	1	384.5	-3	38.7570588235294
221	296	297	8	110	-3	43.9844736842105
222	298	299	6	1010.5	-3	36.9475
223	0	0	0	0	-1	26.7483333333333
224	300	301	8	5	-3	32.5742857142857
225	302	303	5	9.6	-3	54.63125
226	304	305	2	81	-3	39.4133333333333
227	306	307	8	17.5	-3	38.1736363636364
228	0	0	0	0	-1	48.54
229	0	0	0	0	-1	41.15
230	0	0	0	0	-1	43.58
231	0	0	0	0	-1	46.174
232	0	0	0	0	-1	12.6133333333333
233	0	0	0	0	-1	23.46
234	308	309	2	257.15	-3	34.4090909090909
235	0	0	0	0	-1	53.23
236	0	0	0	0	-1	9.62
237	0	0	0	0	-1	26.86
238	310	311	1	216.4	-3	24.0825
239	0	0	0	0	-1	37.3783333333333
240	0	0	0	0	-1	38.4675
241	0	0	0	0	-1	33.42
242	312	313	8	17.5	-3	24.5192592592593
243	0	0	0	0	-1	29.815
244	0	0	0	0	-1	26.8125
245	314	315	5	9.55	-3	17.3925
246	0	0	0	0	-1	34.5875
247	0	0	0	0	-1	30.65
248	0	0	0	0	-1	52.888
249	316	317	7	635.85	-3	58.8
250	318	319	7	885.95	-3	28.6918181818182
251	0	0	0	0	-1	34.7833333333333
252	320	321	7	905.55	-3	23.373
253	0	0	0	0	-1	19.01
254	322	323	3	73.25	-3	35.2638461538462
255	0	0	0	0	-1	37.915
256	0	0	0	0	-1	41.325
257	324	325	7	788.45	-3	48.3233333333333
258	326	327	7	781.8	-3	54.9883333333333
259	0	0	0	0	-1	53.1175
260	0	0	0	0	-1	37.175
261	0	0	0	0	-1	49.94
262	0	0	0	0	-1	43.155
263	328	329	5	14.1	-3	31.4463636363636
264	330	331	4	178.8	-3	48.4267857142857
265	332	333	7	823	-3	59.535
266	334	335	6	940	-3	58.301
267	336	337	1	330.15	-3	69.1725
268	338	339	7	939.85	-3	48.6166666666667
269	0	0	0	0	-1	33.4
270	0	0	0	0	-1	68.5
271	0	0	0	0	-1	73.7
272	340	341	7	875.7	-3	54.9613333333333
273	342	343	8	73.5	-3	63.8583333333333
274	0	0	0	0	-1	23.14
275	0	0	0	0	-1	21.59
276	0	0	0	0	-1	18.45
277	344	345	5	11.05	-3	14.0114285714286
278	0	0	0	0	-1	19.11
279	0	0	0	0	-1	11.674
280	0	0	0	0	-1	9.80666666666667
281	346	347	6	1018.5	-3	13.0123529411765
282	0	0	0	0	-1	30.96
283	348	349	4	185.35	-3	22.675
284	0	0	0	0	-1	10.22
285	350	351	6	1080	-3	15.2961538461538
286	0	0	0	0	-1	11.1
287	0	0	0	0	-1	10.6466666666667
288	352	353	3	47.85	-3	25.202962962963
289	0	0	0	0	-1	42.29
290	354	355	5	5.35	-3	41.7258064516129
291	356	357	1	313.95	-3	30.6042574257426
292	358	359	5	9.8	-3	23.8255555555556
293	0	0	0	0	-1	39.4933333333333
294	360	361	6	1057	-3	37.425652173913
295	0	0	0	0	-1	51.006
296	362	363	3	125	-3	44.4374285714286
297	0	0	0	0	-1	38.7
298	364	365	8	270	-3	35.58
299	0	0	0	0	-1	41.05
300	0	0	0	0	-1	26.9233333333333
301	0	0	0	0	-1	36.8125
302	0	0	0	0	-1	58.065
303	0	0	0	0	-1	44.33
304	0	0	0	0	-1	39.38
305	0	0	0	0	-1	39.42
306	0	0	0	0	-1	33.95
307	366	367	4	219	-3	39.1122222222222
308	368	369	4	193	-3	29.47
309	0	0	0	0	-1	40.336
310	370	371	8	17.5	-3	25.6528571428571
311	0	0	0	0	-1	13.09
312	372	373	8	5	-3	16.1538461538462
313	374	375	6	987.9	-3	32.2871428571429
314	0	0	0	0	-1	18.285
315	0	0	0	0	-1	16.5
316	0	0	0	0	-1	57.42
317	0	0	0	0	-1	62.25
318	376	377	4	194	-3	29.96
319	0	0	0	0	-1	20.66
320	378	379	6	863.5	-3	23.9744444444444
321	0	0	0	0	-1	17.96
322	380	381	4	178.85	-3	33.735
323	382	383	6	915.1	-3	36.5742857142857
324	0	0	0	0	-1	48.67
325	0	0	0	0	-1	48.15
326	0	0	0	0	-1	55.135
327	0	0	0	0	-1	54.915
328	384	385	7	823	-3	30.2477777777778
329	0	0	0	0	-1	36.84
330	386	387	3	12.25	-3	49.7016666666667
331	0	0	0	0	-1	40.7775
332	388	389	7	765.5	-3	61.75
333	0	0	0	0	-1	48.46
334	0	0	0	0	-1	47.97
335	390	391	1	216.55	-3	59.4488888888889
336	0	0	0	0	-1	72.99
337	392	393	1	447	-3	67.9
338	0	0	0	0	-1	49.2
339	0	0	0	0	-1	45.7
340	0	0	0	0	-1	44.03
341	394	395	4	156.8	-3	57.6941666666667
342	396	397	4	156.8	-3	63.6888888888889
343	0	0	0	0	-1	64.3666666666667
344	0	0	0	0	-1	13.372
345	0	0	0	0	-1	15.61
346	398	399	7	885.6	-3	12.047
347	400	401	1	190.5	-3	14.3914285714286
348	0	0	0	0	-1	21.16
349	0	0	0	0	-1	23.4325
350	402	403	7	837.5	-3	16.89625
351	404	405	6	1107.8	-3	12.736
352	0	0	0	0	-1	20.8025
353	406	407	1	250.9	-3	27.0557894736842
354	0	0	0	0	-1	53.2033333333333
355	408	409	5	13.5	-3	38.9712
356	410	411	1	206.05	-3	25.1525
357	412	413	6	954.3	-3	35.5416981132075
358	414	415	6	1030.6	-3	26.7233333333333
359	0	0	0	0	-1	18.03
360	416	417	3	97.75	-3	38.4
361	418	419	6	1087.5	-3	30.93
362	420	421	4	175.9	-3	46.695652173913
363	422	423	3	173.3	-3	40.1091666666667
364	0	0	0	0	-1	32.79
365	0	0	0	0	-1	38.37
366	0	0	0	0	-1	37.17
367	424	425	8	59	-3	39.6671428571429
368	0	0	0	0	-1	23.89
369	0	0	0	0	-1	30.586
370	0	0	0	0	-1	10.92
371	0	0	0	0	-1	31.546
372	0	0	0	0	-1	9.0225
373	426	427	6	977.3	-3	19.3233333333333
374	0	0	0	0	-1	42.7466666666667
375	0	0	0	0	-1	29.4345454545455
376	428	429	2	167.3	-3	28.17
377	430	431	1	139.45	-3	31.571
378	0	0	0	0	-1	19.99
379	432	433	3	111	-3	24.4725
380	0	0	0	0	-1	32.765
381	0	0	0	0	-1	34.22
382	0	0	0	0	-1	39.4
383	434	435	5	7.2	-3	36.1033333333333
384	436	437	4	147.4	-3	29.2183333333333
385	0	0	0	0	-1	32.3066666666667
386	438	439	1	299.2	-3	45.6538461538462
387	440	441	3	51.25	-3	54.4854545454545
388	0	0	0	0	-1	64.3033333333333
389	442	443	5	6.95	-3	60.6557142857143
390	0	0	0	0	-1	54.764
391	0	0	0	0	-1	65.305
392	0	0	0	0	-1	65.5
393	0	0	0	0	-1	70.3
394	444	445	7	883.75	-3	59.093
395	0	0	0	0	-1	50.7
396	446	447	2	159.4	-3	64.75
397	0	0	0	0	-1	55.2
398	448	449	3	48.35	-3	11.6728571428571
399	0	0	0	0	-1	12.92
400	0	0	0	0	-1	13.085
401	0	0	0	0	-1	14.914
402	450	451	1	335	-3	17.9808333333333
403	0	0	0	0	-1	13.6425
404	452	453	1	265.5	-3	13.8166666666667
405	0	0	0	0	-1	11.115
406	454	455	3	149.8	-3	25.9958823529412
407	0	0	0	0	-1	36.065
408	456	457	6	1066.3	-3	37.7447826086957
409	0	0	0	0	-1	53.075
410	0	0	0	0	-1	12.25
411	458	459	6	884.7	-3	25.7134782608696
412	460	461	3	58	-3	39.4013043478261
413	462	463	5	3.35	-3	32.5826666666667
414	0	0	0	0	-1	26.2
415	0	0	0	0	-1	27.77
416	464	465	3	96.2	-3	35.2795454545455
417	466	467	1	252.05	-3	42.2138888888889
418	0	0	0	0	-1	30.048
419	0	0	0	0	-1	35.34
420	468	469	7	895.4	-3	48.726875
421	470	471	1	230.25	-3	42.0528571428571
422	472	473	1	190.5	-3	37.827
423	0	0	0	0	-1	51.52
424	0	0	0	0	-1	39.31
425	0	0	0	0	-1	40.56
426	0	0	0	0	-1	24.44
427	474	475	4	194.6	-3	17.8614285714286
428	0	0	0	0	-1	29.088
429	0	0	0	0	-1	27.0225
430	0	0	0	0	-1	31.03
431	0	0	0	0	-1	32.8333333333333
432	476	477	2	128.5	-3	23.6736363636364
433	0	0	0	0	-1	26.23
434	0	0	0	0	-1	36.47
435	0	0	0	0	-1	35.7366666666667
436	0	0	0	0	-1	30.2666666666667
437	0	0	0	0	-1	28.17
438	0	0	0	0	-1	41.3333333333333
439	478	479	7	781.75	-3	46.95
440	0	0	0	0	-1	63.14
441	480	481	6	897.85	-3	53.62
442	0	0	0	0	-1	57.21
443	482	483	5	9.95	-3	61.23
444	0	0	0	0	-1	55.5
445	484	485	4	140.05	-3	59.4922222222222
446	0	0	0	0	-1	64.3
447	0	0	0	0	-1	66.1
448	486	487	4	197.5	-3	11.6883333333333
449	0	0	0	0	-1	11.58
450	0	0	0	0	-1	15.776
451	0	0	0	0	-1	19.5557142857143
452	0	0	0	0	-1	12.73
453	0	0	0	0	-1	14.36
454	488	489	4	160.6	-3	24.93
455	0	0	0	0	-1	30.97
456	490	491	4	159.45	-3	39.498
457	0	0	0	0	-1	26.0566666666667
458	492	493	6	878.6	-3	33.9733333333333
459	494	495	5	4.95	-3	24.4745
460	496	497	1	363	-3	40.755
461	498	499	6	809.7	-3	38.36
462	500	501	7	772.5	-3	31.8633333333333
463	0	0	0	0	-1	39.0566666666667
464	502	503	5	2.65	-3	35.5571428571429
465	0	0	0	0	-1	29.45
466	504	505	3	173.3	-3	38.6384615384615
467	0	0	0	0	-1	51.51
468	506	507	7	786.2	-3	50.4991666666667
469	0	0	0	0	-1	43.41
470	0	0	0	0	-1	40.3433333333333
471	0	0	0	0	-1	43.335
472	508	509	4	173.05	-3	37.5222222222222
473	0	0	0	0	-1	40.57
474	510	511	2	233.15	-3	17.6133333333333
475	0	0	0	0	-1	19.35
476	0	0	0	0	-1	23.52
477	512	513	5	7.55	-3	23.73125
478	0	0	0	0	-1	52.4466666666667
479	514	515	4	173	-3	44.5942857142857
480	0	0	0	0	-1	55.836
481	0	0	0	0	-1	51.404
482	0	0	0	0	-1	61.2375
483	0	0	0	0	-1	61.215
484	0	0	0	0	-1	56.7
485	0	0	0	0	-1	60.29
486	0	0	0	0	-1	12.164
487	0	0	0	0	-1	9.31
488	0	0	0	0	-1	28.748
489	516	517	6	1017.9	-3	22.8088888888889
490	518	519	7	903.7	-3	34.7716666666667
491	520	521	1	287.2	-3	41.5235714285714
492	0	0	0	0	-1	28.8933333333333
493	0	0	0	0	-1	39.0533333333333
494	522	523	7	771.65	-3	22.7685714285714
495	524	525	1	250.7	-3	28.455
496	0	0	0	0	-1	31.97
497	526	527	5	3.45	-3	44.52
498	0	0	0	0	-1	40.87
499	528	529	3	121	-3	36.79125
500	530	531	7	749.5	-3	34.9713333333333
501	0	0	0	0	-1	27.9783333333333
502	532	533	4	191.5	-3	34.9494444444444
503	0	0	0	0	-1	39.2033333333333
504	534	535	6	964.9	-3	37.5725
505	0	0	0	0	-1	51.43
506	0	0	0	0	-1	58.61
507	536	537	6	1033.25	-3	49.7618181818182
508	538	539	5	8.75	-3	38.02
509	0	0	0	0	-1	33.54
510	0	0	0	0	-1	19.0275
511	0	0	0	0	-1	14.785
512	0	0	0	0	-1	23.696
513	0	0	0	0	-1	23.79
514	0	0	0	0	-1	44.676
515	0	0	0	0	-1	44.39
516	0	0	0	0	-1	24.82
517	0	0	0	0	-1	21.2
518	0	0	0	0	-1	32.1433333333333
519	0	0	0	0	-1	37.4
520	540	541	7	888.7	-3	44.92
521	542	543	4	162.8	-3	38.1271428571429
522	544	545	3	59.15	-3	25.0971428571429
523	546	547	3	95.65	-3	21.992380952381
524	548	549	3	106.95	-3	26.1285714285714
525	0	0	0	0	-1	31.712
526	550	551	7	753.3	-3	42.4683333333333
527	0	0	0	0	-1	56.83
528	0	0	0	0	-1	31.18
529	552	553	5	8.5	-3	38.6616666666667
530	0	0	0	0	-1	38.476
531	554	555	6	1055	-3	33.219
532	0	0	0	0	-1	31.25
533	556	557	6	922.2	-3	35.6893333333333
534	0	0	0	0	-1	23.25
535	558	559	3	109.35	-3	38.8745454545455
536	560	561	7	870.3	-3	51.0985714285714
537	0	0	0	0	-1	47.4225
538	0	0	0	0	-1	39.33
539	0	0	0	0	-1	35.8366666666667
540	0	0	0	0	-1	47.98
541	0	0	0	0	-1	37.27
542	0	0	0	0	-1	41.37
543	0	0	0	0	-1	36.83
544	562	563	1	295.4	-3	25.2
545	0	0	0	0	-1	24.48
546	564	565	1	265	-3	21.8475
547	0	0	0	0	-1	24.89
548	0	0	0	0	-1	27.8866666666667
549	0	0	0	0	-1	24.81
550	0	0	0	0	-1	43.9025
551	0	0	0	0	-1	39.6
552	0	0	0	0	-1	40.06
553	0	0	0	0	-1	37.2633333333333
554	566	567	7	760.2	-3	33.8557142857143
555	0	0	0	0	-1	31.7333333333333
556	0	0	0	0	-1	32.07
557	568	569	7	836.3	-3	37.0054545454545
558	0	0	0	0	-1	43.0275
559	570	571	3	118.25	-3	36.5014285714286
560	0	0	0	0	-1	50.198
561	0	0	0	0	-1	53.35
562	0	0	0	0	-1	25.18
563	0	0	0	0	-1	25.21
564	572	573	7	842.6	-3	19.0788888888889
565	574	575	6	972	-3	24.1127272727273
566	0	0	0	0	-1	38.21
567	0	0	0	0	-1	33.13
568	576	577	8	73	-3	36.1275
569	0	0	0	0	-1	39.3466666666667
570	0	0	0	0	-1	31.35
571	578	579	5	6.55	-3	37.36
572	580	581	4	183	-3	18.5616666666667
573	0	0	0	0	-1	20.1133333333333
574	0	0	0	0	-1	26.745
575	582	583	7	823.5	-3	23.5277777777778
576	0	0	0	0	-1	36.3
577	584	585	1	344	-3	36.07
578	0	0	0	0	-1	36.292
579	0	0	0	0	-1	42.7
580	0	0	0	0	-1	17.34
581	0	0	0	0	-1	19.1725
582	586	587	7	812.5	-3	22.99
583	0	0	0	0	-1	27.83
584	0	0	0	0	-1	35.386
585	0	0	0	0	-1	39.49
586	0	0	0	0	-1	23.734
587	0	0	0	0	-1	21.75
