1	2	3	5	8.05	-3	34.8954854368932
2	4	5	6	1119.4	-3	30.6491068580542
3	6	7	4	153.7	-3	41.5021339950372
4	8	9	8	21	-3	29.8829304635762
5	10	11	4	194.5	-3	50.7695652173913
6	12	13	8	21	-3	53.3928571428571
7	14	15	3	80.5	-3	39.0025825825826
8	16	17	2	100.05	-3	17.5459433962264
9	18	19	7	679.95	-3	36.5549744897959
10	20	21	6	1122.5	-3	54.085625
11	22	23	7	613.1	-3	43.19
12	24	25	1	330.65	-3	39.6858064516129
13	26	27	4	146.1	-3	64.2882051282051
14	28	29	1	212.95	-3	49.6827642276423
15	30	31	8	42	-3	32.7470476190476
16	32	33	8	5	-3	20.1075373134328
17	34	35	8	5	-3	13.1452564102564
18	36	37	1	187	-3	46.1965573770492
19	38	39	7	903.85	-3	34.7781268882175
20	0	0	0	0	-1	52.3
21	40	41	8	21	-3	54.2046666666667
22	0	0	0	0	-1	44.714
23	0	0	0	0	-1	39.38
24	42	43	7	802.3	-3	27.7228571428571
25	44	45	8	5	-3	43.175
26	46	47	4	144	-3	66.8615789473684
27	48	49	6	1010.4	-3	61.8435
28	50	51	2	209.7	-3	29.5816666666667
29	52	53	2	163.7	-3	53.1286666666667
30	54	55	6	976.45	-3	29.2984302325581
31	56	57	1	213.05	-3	48.3565789473684
32	58	59	2	20.5	-3	13.8828
33	60	61	4	151.4	-3	23.8127380952381
34	62	63	5	1.8	-3	10.3060606060606
35	64	65	6	918.6	-3	15.2273333333333
36	66	67	7	649.5	-3	26.89625
37	68	69	2	42.75	-3	49.1098113207547
38	70	71	1	440	-3	35.3077917981073
39	72	73	4	178.8	-3	22.785
40	74	75	4	181	-3	45.6971428571429
41	76	77	1	532.5	-3	61.64875
42	0	0	0	0	-1	33.9
43	0	0	0	0	-1	23.09
44	78	79	7	869.6	-3	38.425
45	80	81	7	890.4	-3	47.925
46	82	83	8	73.5	-3	62.4325
47	84	85	1	338.1	-3	74.4542857142857
48	86	87	6	967.3	-3	61.4226315789474
49	0	0	0	0	-1	69.84
50	88	89	6	962.1	-3	21.9533333333333
51	0	0	0	0	-1	37.21
52	90	91	4	169.25	-3	47.7315094339623
53	92	93	2	189.1	-3	58.6296153846154
54	94	95	7	802.95	-3	32.9408108108108
55	96	97	3	121.95	-3	22.6704918032787
56	98	99	6	1007.5	-3	44.3425
57	100	101	6	946.55	-3	52.8166666666667
58	102	103	1	432.5	-3	12.9090909090909
59	104	105	4	191.35	-3	21.0233333333333
60	0	0	0	0	-1	50.51
61	106	107	2	20.5	-3	23.1615853658537
62	108	109	2	187.95	-3	8.84740740740741
63	110	111	4	177.7	-3	16.87
64	0	0	0	0	-1	9.23
65	112	113	1	189.1	-3	15.8124390243902
66	114	115	6	966	-3	24.8433333333333
67	0	0	0	0	-1	33.055
68	116	117	4	211.5	-3	53.9831578947368
69	118	119	8	135	-3	46.3864705882353
70	120	121	1	159.4	-3	34.5015032679739
71	122	123	7	829	-3	57.7372727272727
72	0	0	0	0	-1	25.72
73	124	125	2	127.5	-3	21.9845454545455
74	0	0	0	0	-1	48.9533333333333
75	0	0	0	0	-1	43.255
76	0	0	0	0	-1	60.5042857142857
77	0	0	0	0	-1	69.66
78	126	127	1	413.4	-3	40.1
79	0	0	0	0	-1	33.4
80	128	129	7	845.4	-3	48.4
81	0	0	0	0	-1	46.5
82	130	131	6	1081.25	-3	56.9583333333333
83	132	133	2	105.5	-3	67.9066666666667
84	0	0	0	0	-1	73.456
85	0	0	0	0	-1	76.95
86	134	135	1	413.4	-3	62.6964285714286
87	0	0	0	0	-1	57.856
88	0	0	0	0	-1	23.79
89	0	0	0	0	-1	18.28
90	136	137	5	11.4	-3	45.2914285714286
91	138	139	3	78.15	-3	52.4761111111111
92	140	141	7	731.85	-3	60.9191176470588
93	142	143	8	17.5	-3	54.305
94	144	145	3	183.45	-3	35.6617333333333
95	146	147	4	157.5	-3	27.2722222222222
96	148	149	7	765.5	-3	26.7778947368421
97	150	151	7	797.55	-3	20.812380952381
98	152	153	2	110.95	-3	50.9457142857143
99	154	155	4	160.6	-3	40.7869230769231
100	0	0	0	0	-1	58.9
101	156	157	1	213.6	-3	51.0785714285714
102	158	159	4	210.3	-3	12.3619047619047
103	0	0	0	0	-1	24.4
104	0	0	0	0	-1	16.76
105	0	0	0	0	-1	29.55
106	160	161	6	1066.8	-3	21.7146478873239
107	162	163	5	6.6	-3	32.5009090909091
108	164	165	6	962.3	-3	7.54117647058824
109	166	167	7	733.15	-3	11.068
110	0	0	0	0	-1	14.94
111	0	0	0	0	-1	20.73
112	168	169	1	115.45	-3	11.0905882352941
113	170	171	4	215.75	-3	19.1570833333333
114	0	0	0	0	-1	23.868
115	0	0	0	0	-1	29.72
116	0	0	0	0	-1	61.81
117	172	173	7	632	-3	51.1878571428571
118	174	175	3	98.95	-3	44.0535294117647
119	0	0	0	0	-1	48.7194117647059
120	176	177	8	59	-3	25.1978571428571
121	178	179	8	42	-3	35.9816287878788
122	180	181	8	42	-3	53.1414285714286
123	0	0	0	0	-1	65.78
124	182	183	8	59	-3	22.72625
125	0	0	0	0	-1	20.0066666666667
126	0	0	0	0	-1	40.8
127	0	0	0	0	-1	39.225
128	0	0	0	0	-1	46.8
129	0	0	0	0	-1	49.2
130	0	0	0	0	-1	56.2033333333333
131	0	0	0	0	-1	57.7133333333333
132	0	0	0	0	-1	65.1133333333333
133	0	0	0	0	-1	70.7
134	0	0	0	0	-1	68.5
135	184	185	7	845.4	-3	62.25
136	186	187	1	481	-3	50.6442857142857
137	188	189	6	1050.65	-3	41.7228571428571
138	190	191	7	772.25	-3	55.7307142857143
139	0	0	0	0	-1	41.085
140	0	0	0	0	-1	68.08
141	192	193	4	169.45	-3	59.6844827586207
142	194	195	6	934.4	-3	31.6125
143	196	197	1	348.85	-3	72.459
144	198	199	3	119.9	-3	37.599
145	0	0	0	0	-1	8.54
146	200	201	8	5	-3	37.57
147	202	203	3	137.7	-3	23.8396296296296
148	0	0	0	0	-1	47.4
149	204	205	8	8.5	-3	24.3517647058824
150	206	207	1	197.75	-3	22.6906896551724
151	208	209	4	173.7	-3	16.6223076923077
152	0	0	0	0	-1	48.54
153	0	0	0	0	-1	54.1533333333333
154	210	211	5	9.75	-3	43.1016666666667
155	212	213	1	186.15	-3	38.8028571428571
156	0	0	0	0	-1	53.3125
157	214	215	6	1053.55	-3	50.185
158	216	217	7	848.8	-3	12.0605128205128
159	0	0	0	0	-1	16.28
160	218	219	7	805	-3	23.0154385964912
161	220	221	3	62.4	-3	16.4185714285714
162	222	223	6	852	-3	35.1414285714286
163	0	0	0	0	-1	27.88
164	224	225	4	197.75	-3	4.58666666666667
165	226	227	6	973	-3	10.865
166	228	229	7	716.95	-3	14.3466666666667
167	0	0	0	0	-1	6.15
168	0	0	0	0	-1	7.72
169	230	231	1	168.55	-3	11.8128571428571
170	232	233	2	152.1	-3	18.8482608695652
171	0	0	0	0	-1	26.26
172	0	0	0	0	-1	40.955
173	234	235	8	135	-3	52.8933333333333
174	236	237	6	964.4	-3	42.7913333333333
175	0	0	0	0	-1	53.52
176	238	239	5	7.65	-3	23.7781578947368
177	0	0	0	0	-1	38.685
178	240	241	1	312.85	-3	33.4269655172414
179	242	243	2	46.1	-3	39.0944537815126
180	0	0	0	0	-1	50.3825
181	0	0	0	0	-1	56.82
182	0	0	0	0	-1	18.2233333333333
183	0	0	0	0	-1	25.428
184	0	0	0	0	-1	61.8
185	244	245	8	42	-3	62.385
186	246	247	8	8.5	-3	51.3576923076923
187	0	0	0	0	-1	41.37
188	248	249	4	159.95	-3	42.355
189	0	0	0	0	-1	39.7
190	250	251	4	174.3	-3	52.175
191	0	0	0	0	-1	64.62
192	0	0	0	0	-1	59.412
193	0	0	0	0	-1	61.3875
194	0	0	0	0	-1	34.8
195	0	0	0	0	-1	28.425
196	252	253	8	73.5	-3	75.0125
197	0	0	0	0	-1	62.245
198	254	255	5	9.55	-3	33.4112
199	256	257	4	169.8	-3	39.9255555555556
200	0	0	0	0	-1	23.67
201	258	259	5	14.1	-3	44.52
202	260	261	4	198.95	-3	30.438125
203	262	263	5	9.55	-3	14.2418181818182
204	264	265	4	159.45	-3	16.26625
205	266	267	7	834.8	-3	31.5388888888889
206	268	269	7	737.8	-3	20.0145454545455
207	270	271	8	8.5	-3	31.1014285714286
208	272	273	4	164.25	-3	17.649
209	0	0	0	0	-1	13.2
210	0	0	0	0	-1	42.8275
211	0	0	0	0	-1	43.65
212	0	0	0	0	-1	43.5
213	0	0	0	0	-1	36.924
214	274	275	4	169.8	-3	49.2488888888889
215	0	0	0	0	-1	58.61
216	276	277	5	6.7	-3	13.062
217	278	279	1	228.1	-3	10.2721428571429
218	280	281	4	221.3	-3	25.8134285714286
219	282	283	4	191.9	-3	18.5640909090909
220	284	285	6	1095.7	-3	14.7875
221	0	0	0	0	-1	26.205
222	0	0	0	0	-1	37.92
223	0	0	0	0	-1	34.03
224	0	0	0	0	-1	5.68
225	0	0	0	0	-1	3.22
226	0	0	0	0	-1	13.03
227	0	0	0	0	-1	8.7
228	0	0	0	0	-1	13.465
229	0	0	0	0	-1	16.11
230	286	287	1	149.15	-3	13.21
231	288	289	6	1055	-3	9.95
232	290	291	7	782.75	-3	14.4866666666667
233	292	293	2	186.95	-3	20.3876470588235
234	0	0	0	0	-1	52.42
235	294	295	1	361	-3	53.2314285714286
236	296	297	6	944.05	-3	40.9746153846154
237	0	0	0	0	-1	54.6
238	298	299	7	734.95	-3	26.4185714285714
239	300	301	2	72.35	-3	16.385
240	302	303	6	1009.85	-3	31.0915238095238
241	304	305	1	323.15	-3	39.5575
242	306	307	5	6.25	-3	37.6027551020408
243	308	309	6	992.3	-3	46.0557142857143
244	0	0	0	0	-1	60.29
245	0	0	0	0	-1	64.48
246	0	0	0	0	-1	30.45
247	310	311	4	161.35	-3	57.63
248	0	0	0	0	-1	42.8166666666667
249	0	0	0	0	-1	42.078
250	0	0	0	0	-1	49.77
251	312	313	6	916.8	-3	52.4422222222222
252	314	315	1	321.25	-3	76
253	0	0	0	0	-1	68.1
254	316	317	7	687.95	-3	40.96875
255	318	319	3	111.5	-3	29.8547058823529
256	320	321	1	372	-3	47.68
257	322	323	2	168.2	-3	36.0483333333333
258	0	0	0	0	-1	46.056
259	0	0	0	0	-1	36.84
260	324	325	6	958.15	-3	31.1346666666667
261	0	0	0	0	-1	19.99
262	0	0	0	0	-1	9.74
263	326	327	1	139.3	-3	14.692
264	328	329	2	26.9	-3	15.19
265	0	0	0	0	-1	23.8
266	0	0	0	0	-1	52.2
267	330	331	7	903.7	-3	28.95625
268	332	333	6	1035.35	-3	16.3955555555556
269	334	335	7	759.3	-3	22.52
270	0	0	0	0	-1	15.61
271	336	337	5	11.5	-3	33.6833333333333
272	338	339	3	130.9	-3	16.7083333333333
273	0	0	0	0	-1	19.06
274	0	0	0	0	-1	46.756
275	0	0	0	0	-1	52.365
276	340	341	3	59.15	-3	12.6773913043478
277	0	0	0	0	-1	17.485
278	0	0	0	0	-1	12.438
279	342	343	1	266	-3	9.06888888888889
280	344	345	3	59.1	-3	25.0384848484848
281	0	0	0	0	-1	38.6
282	346	347	1	183.55	-3	25.09
283	348	349	1	234.9	-3	15.5186666666667
284	350	351	4	189	-3	15.63
285	0	0	0	0	-1	13.1025
286	0	0	0	0	-1	12.1733333333333
287	0	0	0	0	-1	16.32
288	0	0	0	0	-1	10.925
289	0	0	0	0	-1	8
290	0	0	0	0	-1	13.7775
291	0	0	0	0	-1	15.905
292	352	353	4	188.85	-3	19.1971428571429
293	354	355	4	188.85	-3	21.221
294	0	0	0	0	-1	56.14
295	356	357	8	317.5	-3	52.7466666666667
296	358	359	6	936.8	-3	40.573
297	0	0	0	0	-1	42.3133333333333
298	360	361	7	696.5	-3	23.01
299	362	363	1	127.3	-3	27.3481818181818
300	364	365	1	148.5	-3	11.36
301	0	0	0	0	-1	23.9225
302	366	367	6	933.05	-3	34.360303030303
303	368	369	1	251.7	-3	25.5597435897436
304	370	371	2	72.5	-3	42.6455
305	372	373	5	1.5	-3	36.4695
306	374	375	8	73	-3	36.3946153846154
307	376	377	1	192.7	-3	42.3145
308	0	0	0	0	-1	41.2875
309	378	379	5	5.05	-3	52.4133333333333
310	380	381	8	21	-3	59.70125
311	0	0	0	0	-1	49.345
312	0	0	0	0	-1	52.45
313	0	0	0	0	-1	52.436
314	0	0	0	0	-1	65.5
315	0	0	0	0	-1	80.2
316	0	0	0	0	-1	37.17
317	0	0	0	0	-1	43.248
318	382	383	1	269.3	-3	32.919
319	384	385	7	688.85	-3	25.4771428571429
320	386	387	6	886	-3	40.425
321	0	0	0	0	-1	62.19
322	388	389	6	902.8	-3	38.3911764705882
323	390	391	2	186	-3	32.9846153846154
324	392	393	7	836.3	-3	30.56
325	394	395	1	283.75	-3	31.7914285714286
326	0	0	0	0	-1	13.29
327	396	397	3	191	-3	15.2928571428571
328	398	399	5	11.6	-3	14.7183333333333
329	0	0	0	0	-1	18.02
330	400	401	6	997.8	-3	29.4685714285714
331	0	0	0	0	-1	25.37
332	0	0	0	0	-1	18.03
333	0	0	0	0	-1	13.1266666666667
334	402	403	1	169.4	-3	26.94
335	404	405	7	788.45	-3	18.7314285714286
336	0	0	0	0	-1	31.39
337	0	0	0	0	-1	35.9766666666667
338	0	0	0	0	-1	16.085
339	0	0	0	0	-1	17.955
340	406	407	1	320.5	-3	13.92
341	408	409	2	13	-3	11.3218181818182
342	410	411	1	234.9	-3	8.17166666666667
343	0	0	0	0	-1	10.8633333333333
344	412	413	8	10.5	-3	26.4672222222222
345	414	415	5	7.15	-3	23.324
346	0	0	0	0	-1	29.75
347	416	417	6	987.2	-3	24.3133333333333
348	0	0	0	0	-1	22.14
349	418	419	6	1040.5	-3	15.0457142857143
350	0	0	0	0	-1	16.488
351	0	0	0	0	-1	14.2
352	0	0	0	0	-1	17.5666666666667
353	0	0	0	0	-1	20.42
354	420	421	6	987.6	-3	20.2966666666667
355	0	0	0	0	-1	22.6075
356	0	0	0	0	-1	53.2
357	0	0	0	0	-1	52.52
358	422	423	1	318.25	-3	40.85625
359	0	0	0	0	-1	39.44
360	0	0	0	0	-1	26.86
361	0	0	0	0	-1	19.16
362	0	0	0	0	-1	22.7033333333333
363	424	425	7	763.85	-3	29.09
364	0	0	0	0	-1	10.54
365	0	0	0	0	-1	12.18
366	426	427	2	110.75	-3	37.2953333333333
367	428	429	7	797.6	-3	31.9144444444444
368	430	431	6	1074.7	-3	26.5188888888889
369	432	433	1	263.75	-3	23.4016666666667
370	434	435	1	313.15	-3	35.9366666666667
371	436	437	3	56.5	-3	45.5207142857143
372	438	439	1	387.2	-3	33.41875
373	0	0	0	0	-1	48.6725
374	440	441	3	153.45	-3	32.6257894736842
375	442	443	7	877.65	-3	37.6083050847458
376	444	445	1	186.05	-3	39.08
377	446	447	8	78	-3	44.0561538461538
378	0	0	0	0	-1	49.29
379	448	449	8	78	-3	53.3057142857143
380	0	0	0	0	-1	47.71
381	450	451	8	42	-3	63.6983333333333
382	0	0	0	0	-1	39.42
383	452	453	5	16.5	-3	32.1966666666667
384	0	0	0	0	-1	16.5
385	0	0	0	0	-1	29.068
386	0	0	0	0	-1	76.24
387	454	455	4	160.75	-3	36.4455555555556
388	456	457	2	94.5	-3	39.2985714285714
389	0	0	0	0	-1	34.1566666666667
390	0	0	0	0	-1	29.286
391	458	459	7	671	-3	35.29625
392	0	0	0	0	-1	30.8525
393	0	0	0	0	-1	30.2675
394	0	0	0	0	-1	30.64
395	0	0	0	0	-1	34.67
396	0	0	0	0	-1	15.445
397	0	0	0	0	-1	15.09
398	0	0	0	0	-1	13.435
399	0	0	0	0	-1	15.36
400	0	0	0	0	-1	30.1266666666667
401	0	0	0	0	-1	28.975
402	0	0	0	0	-1	33.09
403	0	0	0	0	-1	25.71
404	0	0	0	0	-1	15.37
405	0	0	0	0	-1	23.2133333333333
406	0	0	0	0	-1	12.08
407	460	461	1	344	-3	14.5333333333333
408	462	463	4	194.2	-3	11.114
409	0	0	0	0	-1	13.4
410	0	0	0	0	-1	10.38
411	0	0	0	0	-1	7.73
412	0	0	0	0	-1	26.6353846153846
413	0	0	0	0	-1	26.03
414	464	465	1	230.9	-3	23.755
415	0	0	0	0	-1	21.6
416	0	0	0	0	-1	22.96
417	0	0	0	0	-1	24.99
418	466	467	8	10.5	-3	15.51
419	0	0	0	0	-1	9.01
420	0	0	0	0	-1	21.845
421	0	0	0	0	-1	17.2
422	0	0	0	0	-1	44.1566666666667
423	0	0	0	0	-1	38.876
424	0	0	0	0	-1	33.2133333333333
425	468	469	5	4.7	-3	28.1384615384615
426	470	471	2	53.35	-3	34.2471428571429
427	472	473	7	746.5	-3	39.9625
428	474	475	6	1002.75	-3	37.0641176470588
429	476	477	3	47.05	-3	27.3068421052632
430	478	479	6	1062.35	-3	28.2338095238095
431	480	481	7	796.65	-3	20.5166666666667
432	0	0	0	0	-1	19.73
433	482	483	7	767	-3	24.136
434	0	0	0	0	-1	32.9
435	0	0	0	0	-1	38.9733333333333
436	484	485	4	187.85	-3	45.4661538461538
437	0	0	0	0	-1	46.23
438	486	487	7	772.5	-3	30.6783333333333
439	0	0	0	0	-1	41.64
440	488	489	3	118.25	-3	33.45
441	0	0	0	0	-1	30.318
442	490	491	7	763.7	-3	38.176
443	0	0	0	0	-1	29.8025
444	0	0	0	0	-1	38.8366666666667
445	0	0	0	0	-1	39.2625
446	0	0	0	0	-1	42.408
447	492	493	6	1042.4	-3	45.08625
448	0	0	0	0	-1	52.636
449	0	0	0	0	-1	54.98
450	0	0	0	0	-1	62.105
451	0	0	0	0	-1	66.885
452	0	0	0	0	-1	31.77
453	0	0	0	0	-1	33.69
454	0	0	0	0	-1	36.522
455	0	0	0	0	-1	36.35
456	494	495	8	5	-3	37.85
457	0	0	0	0	-1	44.61
458	0	0	0	0	-1	39.84
459	496	497	2	189	-3	33.7816666666667
460	0	0	0	0	-1	14.038
461	0	0	0	0	-1	15.1525
462	498	499	3	142.45	-3	11.9266666666667
463	0	0	0	0	-1	9.895
464	0	0	0	0	-1	22.1
465	500	501	3	131.3	-3	25.41
466	502	503	1	262.5	-3	15.5145454545455
467	0	0	0	0	-1	15.485
468	504	505	2	209.7	-3	29.4966666666667
469	0	0	0	0	-1	25.0825
470	0	0	0	0	-1	39.444
471	506	507	7	714	-3	31.36
472	508	509	3	43	-3	33.47
473	510	511	1	288.7	-3	43.858
474	512	513	7	755	-3	36.1328571428571
475	0	0	0	0	-1	41.41
476	514	515	5	4	-3	25.694
477	516	517	3	156.7	-3	29.0988888888889
478	518	519	3	118.25	-3	27.634
479	0	0	0	0	-1	40.23
480	0	0	0	0	-1	17.575
481	0	0	0	0	-1	26.4
482	0	0	0	0	-1	21.65
483	520	521	1	288	-3	24.7575
484	522	523	2	177.85	-3	41.942
485	0	0	0	0	-1	57.2133333333333
486	0	0	0	0	-1	33.54
487	524	525	6	1083.8	-3	28.6342857142857
488	526	527	7	807.3	-3	31.2433333333333
489	528	529	7	758.15	-3	35.105
490	0	0	0	0	-1	43.766
491	530	531	1	320.5	-3	37.617
492	0	0	0	0	-1	44.238
493	0	0	0	0	-1	46.5
494	0	0	0	0	-1	32.01
495	532	533	4	187.75	-3	38.434
496	0	0	0	0	-1	35.31
497	0	0	0	0	-1	33.476
498	0	0	0	0	-1	12.51
499	0	0	0	0	-1	10.76
500	0	0	0	0	-1	26.05
501	0	0	0	0	-1	24.13
502	0	0	0	0	-1	9.99
503	534	535	1	299.5	-3	16.067
504	0	0	0	0	-1	27.0225
505	0	0	0	0	-1	31.476
506	0	0	0	0	-1	28.63
507	0	0	0	0	-1	33.544
508	0	0	0	0	-1	33.42
509	0	0	0	0	-1	33.72
510	0	0	0	0	-1	41.47
511	0	0	0	0	-1	46.246
512	536	537	7	698.45	-3	33.14625
513	538	539	2	138	-3	40.115
514	540	541	6	972	-3	25.76
515	0	0	0	0	-1	25.1
516	542	543	4	194.85	-3	28.525
517	0	0	0	0	-1	33.69
518	544	545	3	59.1	-3	25.953
519	546	547	7	767.75	-3	29.315
520	0	0	0	0	-1	23.47
521	548	549	6	1090.7	-3	25.1866666666667
522	550	551	4	178.25	-3	42.7525
523	0	0	0	0	-1	38.7
524	0	0	0	0	-1	31.092
525	0	0	0	0	-1	22.49
526	0	0	0	0	-1	32.5875
527	0	0	0	0	-1	28.555
528	0	0	0	0	-1	38.12
529	552	553	1	221.05	-3	34.1
530	554	555	1	252	-3	36.1421428571429
531	556	557	8	150	-3	39.4940909090909
532	558	559	5	9.75	-3	37.5566666666667
533	0	0	0	0	-1	39.75
534	0	0	0	0	-1	14.6
535	560	561	7	840	-3	16.6957142857143
536	0	0	0	0	-1	33.95
537	562	563	1	202.75	-3	32.8783333333333
538	0	0	0	0	-1	40.93
539	0	0	0	0	-1	39.3
540	564	565	6	956.1	-3	26.9057142857143
541	0	0	0	0	-1	21.75
542	566	567	1	216.4	-3	30.565
543	0	0	0	0	-1	22.405
544	568	569	7	719.3	-3	26.30625
545	0	0	0	0	-1	24.54
546	0	0	0	0	-1	33.0666666666667
547	570	571	7	778.9	-3	27.7071428571429
548	0	0	0	0	-1	25.18
549	0	0	0	0	-1	25.22
550	0	0	0	0	-1	43.774
551	0	0	0	0	-1	41.05
552	0	0	0	0	-1	35.38
553	0	0	0	0	-1	31.54
554	572	573	6	947.95	-3	39.6290909090909
555	574	575	7	859.5	-3	33.8858823529412
556	576	577	1	371.5	-3	40.0830769230769
557	578	579	6	976	-3	38.6433333333333
558	0	0	0	0	-1	39
559	0	0	0	0	-1	37.268
560	0	0	0	0	-1	16.98
561	0	0	0	0	-1	14.99
562	0	0	0	0	-1	32.63
563	0	0	0	0	-1	32.928
564	0	0	0	0	-1	24.28
565	0	0	0	0	-1	27.956
566	0	0	0	0	-1	37.27
567	0	0	0	0	-1	29.224
568	0	0	0	0	-1	27.94
569	0	0	0	0	-1	26.0728571428571
570	0	0	0	0	-1	28.962
571	0	0	0	0	-1	24.57
572	0	0	0	0	-1	34.56
573	580	581	6	986.7	-3	40.136
574	582	583	7	823.5	-3	34.622
575	0	0	0	0	-1	28.365
576	584	585	6	952.6	-3	39.3525
577	0	0	0	0	-1	48.85
578	0	0	0	0	-1	36.68
579	0	0	0	0	-1	41.0975
580	586	587	7	863.75	-3	40.935
581	0	0	0	0	-1	38.9375
582	0	0	0	0	-1	31.3
583	588	589	7	840	-3	35.83
584	0	0	0	0	-1	41.68
585	590	591	4	197.5	-3	38.887
586	0	0	0	0	-1	41.16
587	0	0	0	0	-1	40.71
588	0	0	0	0	-1	37.23
589	592	593	8	225	-3	35.03
590	0	0	0	0	-1	39.7244444444444
591	0	0	0	0	-1	31.35
592	0	0	0	0	-1	34.68
593	0	0	0	0	-1	35.905
