1	2	3	1	353	-3	35.1998446601942
2	4	5	1	257.7	-3	30.664033290653
3	6	7	2	164.1	-3	49.4266265060241
4	8	9	3	174.85	-3	27.7554325955734
5	10	11	8	10.5	-3	35.7540845070423
6	12	13	8	21	-3	45.9181407035176
7	14	15	7	756.8	-3	63.3904
8	16	17	5	10.85	-3	28.351974522293
9	18	19	7	660.5	-3	16.9488461538462
10	20	21	7	674.6	-3	20.8683333333333
11	22	23	4	177.75	-3	40.8096226415094
12	24	25	4	153.95	-3	31.9038961038961
13	26	27	2	8.6	-3	54.7631967213115
14	28	29	5	16.8	-3	63.1104444444445
15	0	0	0	0	-1	65.91
16	30	31	1	155.1	-3	26.8622469135803
17	32	33	4	144.7	-3	37.4934848484848
18	34	35	1	142	-3	23.3833333333333
19	36	37	7	742.5	-3	13.5423529411765
20	38	39	1	309.3	-3	33.5477777777778
21	40	41	2	56.4	-3	19.0569841269841
22	42	43	8	42	-3	50.614
23	44	45	4	224.7	-3	37.3749681528662
24	46	47	6	1035.15	-3	41.3420833333333
25	48	49	1	512.5	-3	27.63
26	50	51	1	502.55	-3	50.5078571428571
27	52	53	4	219	-3	58.3737878787879
28	54	55	6	905.5	-3	60.6494736842105
29	0	0	0	0	-1	76.47
30	56	57	2	108.3	-3	21.6771794871795
31	58	59	6	1095	-3	28.0990519877676
32	60	61	5	11.95	-3	52.295
33	62	63	3	162.3	-3	34.8503571428571
34	0	0	0	0	-1	21.91
35	64	65	5	6.5	-3	23.8042857142857
36	66	67	1	154.5	-3	12.3228571428571
37	68	69	3	180.45	-3	14.396
38	0	0	0	0	-1	25.89
39	70	71	5	4.3	-3	37.3766666666667
40	72	73	6	1017.4	-3	17.1004
41	74	75	4	167.8	-3	26.5823076923077
42	76	77	6	897.95	-3	47.5241025641026
43	78	79	4	158.15	-3	58.145625
44	80	81	7	662.95	-3	35.9223529411765
45	82	83	8	59	-3	46.782380952381
46	84	85	2	46.9	-3	42.0405
47	0	0	0	0	-1	37.85
48	86	87	7	754	-3	26.519
49	0	0	0	0	-1	46.1466666666667
50	88	89	4	180.35	-3	42.8011428571429
51	90	91	6	883	-3	63.352380952381
52	92	93	7	731	-3	62.0603636363636
53	94	95	8	104	-3	39.9409090909091
54	0	0	0	0	-1	63.5
55	96	97	6	935.4	-3	60.2175757575758
56	98	99	6	924.5	-3	10.8421428571429
57	100	101	2	183.7	-3	24.04734375
58	102	103	4	217	-3	29.2598996655518
59	104	105	6	1111.3	-3	15.7028571428572
60	0	0	0	0	-1	49.19
61	0	0	0	0	-1	55.4
62	106	107	2	157.75	-3	33.4795833333333
63	108	109	6	1047.95	-3	43.075
64	0	0	0	0	-1	22.93
65	0	0	0	0	-1	24.46
66	0	0	0	0	-1	13.836
67	0	0	0	0	-1	8.54
68	0	0	0	0	-1	12.1666666666667
69	110	111	3	192	-3	15.3514285714286
70	0	0	0	0	-1	30.28
71	0	0	0	0	-1	40.925
72	112	113	4	185	-3	15.2876
73	114	115	1	296.5	-3	18.9132
74	116	117	8	5	-3	31.6833333333333
75	118	119	8	5	-3	22.21
76	120	121	5	9.7	-3	64.835
77	122	123	3	87.3	-3	44.3766666666667
78	0	0	0	0	-1	71.45
79	124	125	3	60.35	-3	56.245
80	0	0	0	0	-1	54.106
81	126	127	8	21	-3	35.228320610687
82	0	0	0	0	-1	41.11
83	128	129	2	128.25	-3	48.555
84	0	0	0	0	-1	50.51
85	130	131	8	5	-3	41.5947368421053
86	132	133	3	127.5	-3	29.0151612903226
87	134	135	5	4.45	-3	22.4463157894737
88	0	0	0	0	-1	53.925
89	136	137	6	885.2	-3	42.1269696969697
90	138	139	5	16.7	-3	55.9
91	140	141	4	179	-3	66.3333333333333
92	142	143	8	42	-3	55.315
93	144	145	1	395.2	-3	65.9148571428571
94	0	0	0	0	-1	36.94
95	146	147	1	403.75	-3	41.6557142857143
96	148	149	8	15.5	-3	59.76
97	0	0	0	0	-1	60.364
98	150	151	3	71.4	-3	9.91333333333333
99	0	0	0	0	-1	12.514
100	152	153	8	17.5	-3	21.6221951219512
101	154	155	6	1061.6	-3	28.3704347826087
102	156	157	8	21	-3	28.737703180212
103	158	159	3	35.5	-3	38.49625
104	160	161	6	1105.5	-3	19.0214285714286
105	162	163	4	183	-3	14.5966666666667
106	164	165	7	859.55	-3	29.4851851851852
107	166	167	5	11.15	-3	38.6152380952381
108	0	0	0	0	-1	41.608
109	0	0	0	0	-1	45.52
110	0	0	0	0	-1	15.5475
111	0	0	0	0	-1	15.09
112	0	0	0	0	-1	21.186
113	168	169	1	332	-3	13.813
114	170	171	6	1090.7	-3	15.9766666666667
115	172	173	1	297.1	-3	19.8405263157895
116	0	0	0	0	-1	28.4333333333333
117	0	0	0	0	-1	34.9333333333333
118	0	0	0	0	-1	24.1
119	0	0	0	0	-1	21.454
120	0	0	0	0	-1	59.1325
121	0	0	0	0	-1	76.24
122	174	175	2	128.5	-3	49.87
123	176	177	6	967.55	-3	40.328947368421
124	178	179	5	10.35	-3	64.175
125	180	181	3	96.8	-3	50.2975
126	0	0	0	0	-1	21.7725
127	182	183	2	7.5	-3	35.652125984252
128	184	185	1	285	-3	51.6766666666667
129	0	0	0	0	-1	39.19
130	186	187	2	100.05	-3	33.8222222222222
131	188	189	5	27.8	-3	48.59
132	190	191	7	603.5	-3	28.4446428571429
133	0	0	0	0	-1	34.34
134	192	193	6	1074.5	-3	19.9928571428571
135	0	0	0	0	-1	29.316
136	0	0	0	0	-1	32.36
137	0	0	0	0	-1	43.4741379310345
138	0	0	0	0	-1	55.65
139	0	0	0	0	-1	56.4
140	194	195	6	1010.5	-3	72.7375
141	196	197	3	30	-3	59.0142857142857
142	198	199	2	38	-3	52.94
143	200	201	2	25	-3	58.8775
144	202	203	7	823	-3	59.9366666666667
145	204	205	2	100.5	-3	67.9842307692308
146	0	0	0	0	-1	41.582
147	0	0	0	0	-1	41.84
148	0	0	0	0	-1	34.4
149	0	0	0	0	-1	63.3828571428571
150	0	0	0	0	-1	10.052
151	0	0	0	0	-1	9.74
152	206	207	6	924	-3	6.76571428571429
153	208	209	5	8.6	-3	24.6808823529412
154	210	211	5	1.5	-3	28.8327272727273
155	0	0	0	0	-1	18.2
156	212	213	8	10.5	-3	18.1948760330578
157	214	215	4	183.7	-3	36.6122839506173
158	216	217	7	632	-3	39.154
159	0	0	0	0	-1	28.63
160	0	0	0	0	-1	20.87
161	0	0	0	0	-1	17.635
162	218	219	6	1119	-3	10.975
163	220	221	1	245.3	-3	16.0453333333333
164	222	223	1	153.35	-3	21.5725
165	224	225	7	894.4	-3	35.8153333333333
166	226	227	2	205	-3	42.1933333333333
167	228	229	7	691.4	-3	37.184
168	230	231	7	850.3	-3	12.7892307692308
169	232	233	1	344.5	-3	15.7142857142857
170	0	0	0	0	-1	17.34
171	0	0	0	0	-1	14.6133333333333
172	0	0	0	0	-1	30.96
173	234	235	3	58.75	-3	18.5323529411765
174	236	237	1	280.6	-3	45.0066666666667
175	238	239	6	1088.45	-3	53.5175
176	240	241	1	311.9	-3	36.085
177	242	243	1	287.15	-3	43.4154545454545
178	0	0	0	0	-1	62.82
179	0	0	0	0	-1	66.885
180	0	0	0	0	-1	47.025
181	0	0	0	0	-1	53.57
182	244	245	4	201	-3	33.2686516853933
183	246	247	1	318.7	-3	41.2344736842105
184	0	0	0	0	-1	49.5466666666667
185	0	0	0	0	-1	52.3866666666667
186	0	0	0	0	-1	29
187	248	249	5	17.55	-3	35.2
188	250	251	5	17.55	-3	47.8888888888889
189	0	0	0	0	-1	54.9
190	0	0	0	0	-1	33.95
191	252	253	3	101	-3	27.5270833333333
192	254	255	8	5	-3	21.4133333333333
193	0	0	0	0	-1	11.47
194	0	0	0	0	-1	74.99
195	0	0	0	0	-1	71.386
196	256	257	4	187	-3	58.18
197	0	0	0	0	-1	64.02
198	258	259	2	25	-3	54.37
199	0	0	0	0	-1	45.79
200	0	0	0	0	-1	57.03
201	0	0	0	0	-1	60.725
202	0	0	0	0	-1	63.9975
203	0	0	0	0	-1	56.688
204	260	261	5	8.7	-3	72.392
205	262	263	1	447	-3	65.229375
206	0	0	0	0	-1	7.462
207	0	0	0	0	-1	5.025
208	264	265	4	196.5	-3	26.1441666666667
209	266	267	3	44.5	-3	21.169
210	268	269	2	210.7	-3	27.0330769230769
211	270	271	7	833.4	-3	31.4322222222222
212	272	273	6	1056.3	-3	14.24825
213	274	275	3	121.75	-3	25.8956097560976
214	276	277	7	777.1	-3	39.5036486486486
215	278	279	2	280.4	-3	34.1809090909091
216	280	281	8	48.5	-3	34.608
217	0	0	0	0	-1	48.246
218	0	0	0	0	-1	11.17
219	0	0	0	0	-1	10.78
220	282	283	4	185.35	-3	16.4958333333333
221	0	0	0	0	-1	14.2433333333333
222	0	0	0	0	-1	17.955
223	284	285	3	137.05	-3	22.296
224	286	287	4	152.2	-3	38.5655555555556
225	0	0	0	0	-1	31.69
226	0	0	0	0	-1	44.61
227	0	0	0	0	-1	37.36
228	288	289	7	681.5	-3	38.9475
229	290	291	6	852.9	-3	35.1685714285714
230	292	293	7	840	-3	14.0733333333333
231	0	0	0	0	-1	11.6885714285714
232	294	295	8	5	-3	15.3116666666667
233	0	0	0	0	-1	18.13
234	296	297	6	1072.1	-3	18.082
235	0	0	0	0	-1	21.91
236	0	0	0	0	-1	49.0833333333333
237	0	0	0	0	-1	40.93
238	298	299	2	225.6	-3	49.4842857142857
239	0	0	0	0	-1	81.75
240	300	301	5	22.05	-3	35.7457142857143
241	0	0	0	0	-1	38.46
242	0	0	0	0	-1	39.81
243	302	303	8	21	-3	44.7675
244	304	305	7	776.85	-3	34.3341428571429
245	306	307	3	123.25	-3	29.3431578947368
246	308	309	1	274.4	-3	40.4797222222222
247	0	0	0	0	-1	54.82
248	0	0	0	0	-1	33.4
249	0	0	0	0	-1	37.6
250	0	0	0	0	-1	49.2
251	0	0	0	0	-1	46.25
252	310	311	4	186.35	-3	27.2147619047619
253	0	0	0	0	-1	29.7133333333333
254	312	313	4	189	-3	16.25
255	314	315	1	380.5	-3	26.5766666666667
256	0	0	0	0	-1	56.83
257	0	0	0	0	-1	58.855
258	316	317	2	20.6	-3	53.1883333333333
259	0	0	0	0	-1	56.1425
260	0	0	0	0	-1	65.7
261	318	319	8	42	-3	73.1355555555556
262	320	321	6	894.05	-3	62.927
263	322	323	2	118	-3	69.0666666666667
264	324	325	7	708.9	-3	24.806
265	0	0	0	0	-1	32.835
266	326	327	6	962.1	-3	21.955
267	0	0	0	0	-1	19.99
268	0	0	0	0	-1	26.728
269	0	0	0	0	-1	28.05
270	0	0	0	0	-1	30.266
271	0	0	0	0	-1	32.89
272	328	329	7	704.2	-3	15.15890625
273	330	331	4	162	-3	10.605625
274	332	333	2	49.05	-3	22.1926086956522
275	334	335	3	123.35	-3	30.6272222222222
276	336	337	3	163.45	-3	47.505
277	338	339	5	6.1	-3	36.5401851851852
278	340	341	7	849.6	-3	33.3383116883117
279	342	343	2	310.7	-3	40.0790909090909
280	0	0	0	0	-1	26.26
281	0	0	0	0	-1	36.695
282	0	0	0	0	-1	17.54
283	344	345	6	1118.9	-3	16.287
284	346	347	4	166.8	-3	24.1242857142857
285	0	0	0	0	-1	18.03
286	0	0	0	0	-1	46.4925
287	0	0	0	0	-1	32.224
288	0	0	0	0	-1	37.43
289	348	349	7	688.1	-3	39.4533333333333
290	0	0	0	0	-1	33.7433333333333
291	0	0	0	0	-1	36.2375
292	0	0	0	0	-1	13.615
293	0	0	0	0	-1	14.99
294	0	0	0	0	-1	14.18
295	0	0	0	0	-1	20.97
296	350	351	7	776.5	-3	18.7075
297	0	0	0	0	-1	15.58
298	352	353	2	152.75	-3	47.765
299	0	0	0	0	-1	59.8
300	0	0	0	0	-1	34.756
301	0	0	0	0	-1	38.22
302	0	0	0	0	-1	36.99
303	354	355	7	702.75	-3	47.36
304	356	357	6	1077	-3	29.921
305	358	359	1	287.5	-3	36.0994
306	360	361	4	210.75	-3	28.7477777777778
307	0	0	0	0	-1	40.06
308	362	363	4	181.85	-3	35.3185714285714
309	364	365	2	137	-3	41.7255172413793
310	366	367	3	39.5	-3	25.6488888888889
311	368	369	6	936.1	-3	28.3891666666667
312	0	0	0	0	-1	10.485
313	0	0	0	0	-1	19.1325
314	0	0	0	0	-1	25.95
315	0	0	0	0	-1	27.83
316	0	0	0	0	-1	55.65
317	0	0	0	0	-1	52.696
318	0	0	0	0	-1	72.1
319	0	0	0	0	-1	73.964
320	0	0	0	0	-1	62.9671428571429
321	0	0	0	0	-1	62.8333333333333
322	0	0	0	0	-1	68.42
323	0	0	0	0	-1	72.3
324	0	0	0	0	-1	29.725
325	370	371	5	7.75	-3	23.57625
326	0	0	0	0	-1	23.79
327	0	0	0	0	-1	18.285
328	372	373	8	5	-3	20.92
329	374	375	3	118.45	-3	14.4514035087719
330	376	377	3	124.75	-3	8.03571428571428
331	378	379	3	12.25	-3	12.6044444444444
332	380	381	5	2.25	-3	21.7878947368421
333	0	0	0	0	-1	24.115
334	0	0	0	0	-1	38.6
335	382	383	6	1056.1	-3	28.3492857142857
336	384	385	2	129.85	-3	46.5507142857143
337	386	387	7	773.25	-3	49.7316666666667
338	388	389	3	168.1	-3	31.7223076923077
339	390	391	6	1006.3	-3	38.0678048780488
340	392	393	8	73	-3	34.9818518518519
341	394	395	8	95	-3	29.4795652173913
342	0	0	0	0	-1	42.7625
343	396	397	7	681.8	-3	38.5457142857143
344	0	0	0	0	-1	16.132
345	0	0	0	0	-1	16.442
346	0	0	0	0	-1	22.702
347	0	0	0	0	-1	27.68
348	0	0	0	0	-1	39.45
349	0	0	0	0	-1	39.46
350	0	0	0	0	-1	20.988
351	398	399	6	1036	-3	17.0785714285714
352	0	0	0	0	-1	44.78
353	0	0	0	0	-1	50.75
354	0	0	0	0	-1	47.28
355	0	0	0	0	-1	47.4
356	400	401	1	308.9	-3	31.9113333333333
357	0	0	0	0	-1	23.95
358	0	0	0	0	-1	30.39
359	402	403	8	59	-3	36.7337777777778
360	404	405	4	206.35	-3	29.9383333333333
361	406	407	1	297.9	-3	26.3666666666667
362	0	0	0	0	-1	39.42
363	0	0	0	0	-1	33.678
364	408	409	5	6.5	-3	44.6369230769231
365	410	411	2	142.5	-3	39.36
366	412	413	1	389.75	-3	24.5183333333333
367	0	0	0	0	-1	27.91
368	0	0	0	0	-1	24.39
369	414	415	7	662.6	-3	28.7527272727273
370	416	417	7	822.5	-3	24.63
371	0	0	0	0	-1	19.01
372	0	0	0	0	-1	9.56
373	418	419	2	350.75	-3	22.8133333333333
374	420	421	2	156.25	-3	13.3366666666667
375	422	423	6	1005.7	-3	16.8666666666667
376	0	0	0	0	-1	7.4
377	0	0	0	0	-1	8.88333333333334
378	0	0	0	0	-1	8
379	424	425	7	783.05	-3	13.18
380	0	0	0	0	-1	12.84
381	426	427	5	6.4	-3	23.465625
382	428	429	7	824.95	-3	32.34
383	0	0	0	0	-1	21.166
384	430	431	2	111.6	-3	45.5855555555556
385	0	0	0	0	-1	48.288
386	0	0	0	0	-1	51.6766666666667
387	0	0	0	0	-1	47.7866666666667
388	432	433	3	153.45	-3	29.72375
389	0	0	0	0	-1	34.92
390	434	435	5	7	-3	45.6011111111111
391	436	437	8	78	-3	35.9490625
392	438	439	1	244.2	-3	30.4734285714286
393	440	441	6	973	-3	43.2868421052632
394	442	443	3	95.15	-3	27.9476470588235
395	444	445	1	229.2	-3	33.82
396	0	0	0	0	-1	39.5266666666667
397	0	0	0	0	-1	37.81
398	0	0	0	0	-1	15.875
399	0	0	0	0	-1	17.56
400	446	447	5	4.9	-3	29.9214285714286
401	448	449	1	326.15	-3	33.6525
402	450	451	6	992.85	-3	35.6225
403	452	453	6	969	-3	38.0038095238095
404	0	0	0	0	-1	29.2922222222222
405	0	0	0	0	-1	31.8766666666667
406	0	0	0	0	-1	31.42
407	0	0	0	0	-1	23.84
408	454	455	7	780.55	-3	45.2516666666667
409	456	457	4	183.8	-3	44.11
410	0	0	0	0	-1	33.42
411	458	459	7	689.65	-3	42.06
412	0	0	0	0	-1	24.0525
413	0	0	0	0	-1	25.45
414	0	0	0	0	-1	27.67875
415	0	0	0	0	-1	31.6166666666667
416	460	461	5	7.3	-3	23.9525
417	0	0	0	0	-1	25.714
418	0	0	0	0	-1	20.2066666666667
419	0	0	0	0	-1	25.42
420	462	463	7	803.1	-3	12.6454838709677
421	464	465	7	765.15	-3	16.015
422	0	0	0	0	-1	13.43
423	466	467	5	7.15	-3	17.8485714285714
424	0	0	0	0	-1	10.7533333333333
425	0	0	0	0	-1	14.636
426	468	469	3	118.25	-3	21.7388888888889
427	470	471	7	812.75	-3	25.6857142857143
428	472	473	4	168.55	-3	32.66375
429	0	0	0	0	-1	29.75
430	0	0	0	0	-1	46.195
431	0	0	0	0	-1	45.098
432	0	0	0	0	-1	33.73
433	0	0	0	0	-1	25.7175
434	0	0	0	0	-1	49.3433333333333
435	474	475	5	8.95	-3	43.73
436	476	477	2	70.15	-3	33.9857142857143
437	478	479	3	123.6	-3	39.6972727272727
438	480	481	1	207	-3	28.4338461538462
439	482	483	8	42	-3	36.3655555555556
440	0	0	0	0	-1	44.628
441	484	485	7	722.05	-3	42.8078571428571
442	486	487	2	58	-3	24.7675
443	488	489	8	42	-3	30.7744444444444
444	0	0	0	0	-1	40.71
445	0	0	0	0	-1	30.375
446	0	0	0	0	-1	25.18
447	0	0	0	0	-1	31.818
448	0	0	0	0	-1	36.8
449	0	0	0	0	-1	31.764
450	490	491	4	189.2	-3	37.824375
451	0	0	0	0	-1	31.21875
452	492	493	1	323	-3	36.3185714285714
453	494	495	7	827.5	-3	38.8464285714286
454	0	0	0	0	-1	46.2466666666667
455	0	0	0	0	-1	44.2566666666667
456	0	0	0	0	-1	44.28
457	0	0	0	0	-1	43.685
458	496	497	2	177.85	-3	40.6583333333333
459	0	0	0	0	-1	43.742
460	498	499	5	6.5	-3	23.6385714285714
461	0	0	0	0	-1	26.15
462	500	501	5	5.2	-3	11.5046666666667
463	502	503	6	948.35	-3	13.715
464	504	505	2	163.65	-3	16.9233333333333
465	0	0	0	0	-1	13.29
466	0	0	0	0	-1	21.7
467	506	507	5	8	-3	16.7981818181818
468	0	0	0	0	-1	22.638
469	0	0	0	0	-1	20.615
470	0	0	0	0	-1	26.77
471	508	509	1	203.6	-3	25.505
472	510	511	1	193.6	-3	33.1116666666667
473	0	0	0	0	-1	31.32
474	0	0	0	0	-1	44.28
475	0	0	0	0	-1	43.18
476	512	513	8	42	-3	33.04
477	0	0	0	0	-1	42.97
478	514	515	1	188.35	-3	42.505
479	0	0	0	0	-1	36.328
480	516	517	6	1033.6	-3	27.085625
481	518	519	3	106.15	-3	30.591
482	0	0	0	0	-1	34.72
483	0	0	0	0	-1	37.1883333333333
484	0	0	0	0	-1	47.71
485	520	521	4	192.45	-3	41.9908333333333
486	522	523	6	918.4	-3	23.72
487	0	0	0	0	-1	32.1
488	0	0	0	0	-1	28.02
489	0	0	0	0	-1	34.2175
490	524	525	3	117.45	-3	42.1866666666667
491	526	527	3	126.8	-3	32.2157142857143
492	0	0	0	0	-1	34.49
493	0	0	0	0	-1	36.6233333333333
494	528	529	6	1051.5	-3	39.552
495	0	0	0	0	-1	37.0825
496	0	0	0	0	-1	41.05
497	0	0	0	0	-1	38.7
498	0	0	0	0	-1	23.7275
499	0	0	0	0	-1	23.52
500	530	531	8	5	-3	10.3975
501	0	0	0	0	-1	15.9333333333333
502	0	0	0	0	-1	7.57
503	532	533	5	7.25	-3	14.5928571428571
504	0	0	0	0	-1	20.42
505	0	0	0	0	-1	16.224
506	0	0	0	0	-1	15.085
507	534	535	7	778.5	-3	17.7771428571429
508	0	0	0	0	-1	24.28
509	0	0	0	0	-1	25.75
510	0	0	0	0	-1	32.988
511	0	0	0	0	-1	33.73
512	536	537	1	203.35	-3	31.0354545454545
513	538	539	3	100.45	-3	35.79625
514	0	0	0	0	-1	48.67
515	0	0	0	0	-1	41.272
516	540	541	5	8.5	-3	28.1928571428571
517	0	0	0	0	-1	19.335
518	542	543	3	47.05	-3	30.5066666666667
519	0	0	0	0	-1	31.35
520	544	545	8	95	-3	43.3971428571429
521	0	0	0	0	-1	40.022
522	0	0	0	0	-1	21.86
523	546	547	1	245	-3	24.03
524	548	549	3	53.5	-3	43.5928571428571
525	0	0	0	0	-1	37.265
526	550	551	1	314.6	-3	30.805
527	0	0	0	0	-1	40.68
528	552	553	8	270	-3	39.0485714285714
529	0	0	0	0	-1	40.7266666666667
530	0	0	0	0	-1	7.716
531	554	555	2	151.35	-3	12.3128571428571
532	556	557	1	244.05	-3	17.11
533	558	559	5	8.1	-3	12.705
534	0	0	0	0	-1	17.595
535	0	0	0	0	-1	18.02
536	560	561	7	797.55	-3	28.23625
537	0	0	0	0	-1	38.5
538	0	0	0	0	-1	42.55
539	562	563	4	162	-3	34.8314285714286
540	564	565	8	42	-3	27.4554545454545
541	0	0	0	0	-1	30.8966666666667
542	566	567	7	746.7	-3	30.54125
543	0	0	0	0	-1	30.23
544	0	0	0	0	-1	38.07
545	568	569	6	1003.4	-3	44.285
546	0	0	0	0	-1	23.448
547	0	0	0	0	-1	26.94
548	0	0	0	0	-1	44.8633333333333
549	0	0	0	0	-1	42.64
550	0	0	0	0	-1	27.53
551	0	0	0	0	-1	31.46
552	0	0	0	0	-1	38.172
553	0	0	0	0	-1	41.24
554	0	0	0	0	-1	12.946
555	0	0	0	0	-1	10.73
556	0	0	0	0	-1	17.768
557	0	0	0	0	-1	13.82
558	0	0	0	0	-1	12.288
559	0	0	0	0	-1	13.4
560	0	0	0	0	-1	30.2825
561	0	0	0	0	-1	26.19
562	0	0	0	0	-1	38.56
563	0	0	0	0	-1	33.34
564	570	571	2	199.5	-3	27.876
565	0	0	0	0	-1	23.25
566	0	0	0	0	-1	26.5233333333333
567	0	0	0	0	-1	32.952
568	0	0	0	0	-1	44.3
569	0	0	0	0	-1	44.21
570	572	573	4	200.25	-3	27.0314285714286
571	0	0	0	0	-1	29.8466666666667
572	574	575	5	4	-3	27.5283333333333
573	0	0	0	0	-1	24.05
574	0	0	0	0	-1	27.588
575	0	0	0	0	-1	27.23
