1	2	3	1	352.5	-3	35.7230873786408
2	4	5	8	10.5	-3	30.8948544973545
3	6	7	4	183.05	-3	49.0447810218978
4	8	9	5	8.8	-3	15.5266842105263
5	10	11	8	42	-3	36.0537809187279
6	12	13	3	39.5	-3	54.6458536585366
7	14	15	8	10.5	-3	40.6940909090909
8	16	17	7	620.9	-3	13.9165
9	18	19	8	5	-3	24.1143333333333
10	20	21	7	829.75	-3	31.8666576086957
11	22	23	5	7.7	-3	43.8359090909091
12	24	25	5	11.85	-3	57.9607547169811
13	26	27	5	11.25	-3	48.5875862068966
14	28	29	2	23.75	-3	26.9436666666667
15	30	31	2	136	-3	45.8505
16	0	0	0	0	-1	26.895
17	32	33	7	799.75	-3	13.583717948718
18	34	35	6	980.85	-3	20.7054166666667
19	36	37	6	943.7	-3	37.75
20	38	39	3	179.3	-3	33.3267796610169
21	40	41	3	129.5	-3	25.9661643835616
22	42	43	2	25.8	-3	39.8353076923077
23	44	45	3	60.05	-3	51.4841176470588
24	46	47	5	4.6	-3	60.1265454545455
25	48	49	8	17.5	-3	55.6250980392157
26	50	51	3	105.5	-3	52.1804545454546
27	52	53	6	952.5	-3	46.3919444444444
28	0	0	0	0	-1	24.81
29	0	0	0	0	-1	37.612
30	54	55	1	477.5	-3	44.5108
31	0	0	0	0	-1	65.946
32	56	57	3	168.65	-3	15.5314285714286
33	58	59	4	193	-3	11.9983720930233
34	60	61	6	948.9	-3	24.0257142857143
35	62	63	3	121.65	-3	19.3382352941176
36	0	0	0	0	-1	41.6
37	0	0	0	0	-1	35.825
38	64	65	6	952	-3	33.9104210526316
39	66	67	3	194.45	-3	16.693
40	68	69	1	250.9	-3	28.9410526315789
41	70	71	1	168.7	-3	15.368125
42	72	73	6	976	-3	35.7998529411765
43	74	75	5	6.2	-3	44.2612903225806
44	76	77	1	330.8	-3	71.1266666666667
45	78	79	5	11.5	-3	48.4877966101695
46	80	81	6	1047.5	-3	62.8871428571429
47	82	83	5	10.75	-3	59.1839024390244
48	84	85	8	5	-3	42.2994736842105
49	86	87	2	170.1	-3	63.5371875
50	0	0	0	0	-1	54.77
51	88	89	3	136.5	-3	52.0571428571429
52	90	91	4	157.5	-3	42.6491666666667
53	92	93	1	421.5	-3	48.2633333333333
54	94	95	7	694.85	-3	40.9905555555556
55	96	97	2	13	-3	53.5628571428571
56	98	99	1	174.15	-3	15.3094117647059
57	0	0	0	0	-1	23.08
58	100	101	6	911.5	-3	12.9494444444444
59	102	103	2	66.8	-3	7.10714285714285
60	0	0	0	0	-1	26.75
61	0	0	0	0	-1	22.936
62	104	105	4	159.45	-3	20.6866666666667
63	106	107	7	797.9	-3	17.82125
64	108	109	1	263.5	-3	38.1207317073171
65	110	111	4	161.3	-3	30.7137037037037
66	112	113	6	963.1	-3	18.73125
67	0	0	0	0	-1	8.54
68	114	115	5	1.5	-3	26.70275
69	116	117	6	934.15	-3	34.2076470588235
70	118	119	4	187.1	-3	14.4093333333333
71	0	0	0	0	-1	29.75
72	120	121	7	877.65	-3	32.7205714285714
73	122	123	5	5.75	-3	39.0657575757576
74	124	125	1	243.85	-3	43.9525423728814
75	0	0	0	0	-1	50.3333333333333
76	126	127	5	9.45	-3	73.2071428571429
77	0	0	0	0	-1	63.845
78	128	129	6	1069.05	-3	46.3402380952381
79	130	131	4	144.7	-3	53.7935294117647
80	0	0	0	0	-1	69.61
81	132	133	8	15.5	-3	59.1522222222222
82	134	135	4	155.5	-3	55.39
83	136	137	4	156.15	-3	61.612
84	138	139	1	447	-3	34.1777777777778
85	140	141	4	148.65	-3	49.609
86	142	143	1	406.8	-3	60.4255555555555
87	0	0	0	0	-1	80.34
88	0	0	0	0	-1	52.1136363636364
89	0	0	0	0	-1	51.995
90	0	0	0	0	-1	41.4763636363636
91	0	0	0	0	-1	55.55
92	0	0	0	0	-1	53.246
93	144	145	8	17.5	-3	46.9521052631579
94	146	147	1	403.75	-3	44.5125
95	148	149	8	59	-3	35.8677272727273
96	150	151	8	59	-3	52.8755555555556
97	0	0	0	0	-1	57.6866666666667
98	152	153	1	149.15	-3	10.55
99	154	155	1	296.5	-3	16.8958823529412
100	156	157	1	269.5	-3	10.126
101	158	159	1	181.85	-3	13.4048387096774
102	160	161	4	195.95	-3	9.00250000000001
103	162	163	8	5	-3	4.58
104	0	0	0	0	-1	19.33
105	0	0	0	0	-1	22.3825
106	164	165	4	157.05	-3	17.0071428571429
107	0	0	0	0	-1	23.52
108	166	167	4	171.1	-3	30.9564705882353
109	168	169	4	195.5	-3	43.1954166666667
110	170	171	2	76.2	-3	43.1172727272727
111	172	173	6	1075.6	-3	28.7645714285714
112	0	0	0	0	-1	26.11
113	0	0	0	0	-1	14.304
114	174	175	8	21	-3	17.9333333333333
115	176	177	1	177.35	-3	29.2487096774194
116	0	0	0	0	-1	22.16
117	178	179	6	996.9	-3	35.814
118	180	181	3	159.25	-3	16.0345454545455
119	0	0	0	0	-1	9.94
120	182	183	5	5.8	-3	34.0053333333333
121	0	0	0	0	-1	25.012
122	184	185	5	4.3	-3	37.821875
123	186	187	7	903.85	-3	40.2364705882353
124	188	189	7	891.15	-3	41.8421951219512
125	190	191	1	318.9	-3	48.7594444444444
126	0	0	0	0	-1	65.75
127	0	0	0	0	-1	76.19
128	192	193	1	214.3	-3	49.7024137931034
129	194	195	4	164.35	-3	38.84
130	0	0	0	0	-1	66.42
131	196	197	7	894.4	-3	52.11
132	0	0	0	0	-1	41.64
133	198	199	7	644.5	-3	67.9083333333333
134	0	0	0	0	-1	69.84
135	200	201	8	42	-3	54.4266666666667
136	0	0	0	0	-1	59.7
137	0	0	0	0	-1	62.09
138	202	203	4	155.7	-3	32.3
139	0	0	0	0	-1	40.75
140	0	0	0	0	-1	51.9475
141	204	205	5	17.55	-3	48.05
142	206	207	7	959.15	-3	56.2916666666667
143	208	209	5	30.2	-3	63.7326666666667
144	210	211	8	5	-3	39.0933333333333
145	0	0	0	0	-1	54.025
146	0	0	0	0	-1	47.5
147	212	213	7	603.6	-3	41.8764705882353
148	214	215	7	724.85	-3	34.1289473684211
149	0	0	0	0	-1	46.88
150	216	217	5	4.95	-3	47.4355555555556
151	218	219	1	512.5	-3	58.3155555555555
152	0	0	0	0	-1	5.72333333333333
153	220	221	5	6.75	-3	11.5842857142857
154	222	223	8	5	-3	15.94875
155	224	225	6	1051.5	-3	20.34
156	226	227	6	888.4	-3	8.70571428571428
157	0	0	0	0	-1	13.44
158	228	229	3	71.8	-3	9.97555555555556
159	230	231	6	940.05	-3	13.9871698113208
160	0	0	0	0	-1	6.47
161	232	233	6	957.5	-3	9.84666666666667
162	0	0	0	0	-1	3.95199999999999
163	0	0	0	0	-1	7.72
164	0	0	0	0	-1	17.62
165	0	0	0	0	-1	15.475
166	0	0	0	0	-1	40.8233333333333
167	234	235	7	822.7	-3	30.3397916666667
168	236	237	2	147.15	-3	46.5167441860465
169	238	239	5	6.1	-3	38.2706896551724
170	240	241	4	149.05	-3	38.7752941176471
171	0	0	0	0	-1	57.88
172	242	243	3	58.1	-3	30.1076470588235
173	244	245	7	794.1	-3	21.1538095238095
174	0	0	0	0	-1	12.84
175	246	247	1	134.5	-3	18.57
176	248	249	5	4.9	-3	34.83
177	250	251	6	977.45	-3	26.5909523809524
178	252	253	7	857.6	-3	38.55
179	254	255	7	864.9	-3	31.71
180	0	0	0	0	-1	17.415
181	256	257	3	191	-3	15.2457142857143
182	258	259	7	866.65	-3	33.0359259259259
183	0	0	0	0	-1	42.73
184	260	261	1	320.5	-3	39.3608333333333
185	0	0	0	0	-1	33.205
186	262	263	5	6.25	-3	41.0985714285714
187	0	0	0	0	-1	36.2133333333333
188	264	265	1	236.75	-3	42.23025
189	0	0	0	0	-1	26.32
190	266	267	6	971.5	-3	50.4309090909091
191	268	269	7	632	-3	46.1328571428571
192	270	271	2	60.3	-3	47.8684210526316
193	272	273	7	819.9	-3	53.187
194	274	275	5	10.35	-3	40.792
195	0	0	0	0	-1	32.3333333333333
196	276	277	4	156.35	-3	53.3361538461538
197	0	0	0	0	-1	44.14
198	0	0	0	0	-1	69.112
199	0	0	0	0	-1	61.89
200	278	279	5	9.8	-3	50.5425
201	0	0	0	0	-1	69.9633333333333
202	0	0	0	0	-1	33.98
203	0	0	0	0	-1	28.1
204	0	0	0	0	-1	48.675
205	0	0	0	0	-1	46.8
206	280	281	8	42	-3	53.95
207	0	0	0	0	-1	58.6333333333333
208	282	283	4	146.6	-3	63.2453846153846
209	0	0	0	0	-1	66.9
210	0	0	0	0	-1	31.9133333333333
211	0	0	0	0	-1	42.6833333333333
212	284	285	2	23.75	-3	42.0325
213	0	0	0	0	-1	39.38
214	0	0	0	0	-1	23.85
215	286	287	6	1008.25	-3	35.3382352941176
216	288	289	1	512.55	-3	46.26125
217	0	0	0	0	-1	56.83
218	0	0	0	0	-1	53.984
219	0	0	0	0	-1	63.73
220	290	291	8	5	-3	11.025
221	0	0	0	0	-1	14.94
222	292	293	1	185	-3	14.58
223	294	295	4	189	-3	16.6857692307692
224	0	0	0	0	-1	23.032
225	0	0	0	0	-1	18.0966666666667
226	0	0	0	0	-1	6.125
227	0	0	0	0	-1	9.738
228	296	297	2	158	-3	7.72714285714286
229	0	0	0	0	-1	17.845
230	0	0	0	0	-1	18.155
231	298	299	3	112.95	-3	13.2462222222222
232	0	0	0	0	-1	10.115
233	0	0	0	0	-1	9.31
234	300	301	6	938.2	-3	30.9970454545455
235	0	0	0	0	-1	23.11
236	302	303	3	109	-3	42.2921875
237	304	305	4	168	-3	58.8063636363636
238	306	307	7	696	-3	43.9976923076923
239	308	309	7	802.75	-3	33.6175
240	0	0	0	0	-1	47.738
241	310	311	7	788.4	-3	35.0408333333333
242	312	313	1	349.5	-3	33.2071666666667
243	314	315	7	792.8	-3	26.955593220339
244	316	317	6	1107.8	-3	20.314
245	318	319	1	190.5	-3	23.2533333333333
246	0	0	0	0	-1	19.375
247	0	0	0	0	-1	17.765
248	0	0	0	0	-1	32.805
249	320	321	6	835.4	-3	36.18
250	322	323	3	95.15	-3	25.2164285714286
251	324	325	8	21	-3	29.34
252	0	0	0	0	-1	21.26
253	326	327	5	10.6	-3	40.71125
254	0	0	0	0	-1	27.83
255	0	0	0	0	-1	33.65
256	0	0	0	0	-1	15.4533333333333
257	0	0	0	0	-1	15.09
258	328	329	1	304.5	-3	32.422
259	0	0	0	0	-1	40.71
260	0	0	0	0	-1	37.375
261	330	331	8	270	-3	40.35375
262	332	333	4	190.7	-3	39.4957142857143
263	334	335	4	169.9	-3	42.7014285714286
264	336	337	7	747.65	-3	43.344375
265	0	0	0	0	-1	37.77375
266	338	339	2	197.75	-3	51.45125
267	0	0	0	0	-1	47.71
268	0	0	0	0	-1	38.83
269	0	0	0	0	-1	51.61
270	340	341	3	148.35	-3	45.9276923076923
271	342	343	7	758.35	-3	52.0733333333333
272	344	345	7	765.5	-3	56.2183333333333
273	0	0	0	0	-1	48.64
274	0	0	0	0	-1	38.1566666666667
275	346	347	7	795.55	-3	41.9214285714286
276	0	0	0	0	-1	59.266
277	348	349	1	263.1	-3	49.63
278	350	351	8	5	-3	52.591
279	0	0	0	0	-1	40.3
280	0	0	0	0	-1	51.2
281	0	0	0	0	-1	56.7
282	0	0	0	0	-1	57.8
283	352	353	7	845.4	-3	64.2354545454545
284	0	0	0	0	-1	42.25125
285	354	355	8	104	-3	41.81375
286	356	357	3	71	-3	32.58125
287	358	359	5	3.5	-3	37.7888888888889
288	0	0	0	0	-1	42.2375
289	0	0	0	0	-1	50.285
290	360	361	3	81.65	-3	8.92142857142857
291	0	0	0	0	-1	13.97
292	0	0	0	0	-1	20.73
293	362	363	2	119.7	-3	13.555
294	364	365	7	729.3	-3	15.6742105263158
295	366	367	6	1028.8	-3	19.4314285714286
296	0	0	0	0	-1	7.83
297	0	0	0	0	-1	7.47
298	368	369	5	5.4	-3	13.1180952380952
299	0	0	0	0	-1	15.04
300	370	371	1	138.05	-3	31.8205405405405
301	372	373	1	138.45	-3	26.6442857142857
302	374	375	4	174.5	-3	43.9952380952381
303	376	377	7	670.6	-3	39.0409090909091
304	0	0	0	0	-1	76.24
305	0	0	0	0	-1	57.063
306	378	379	7	662.65	-3	48.3214285714286
307	380	381	7	729.3	-3	38.9533333333333
308	382	383	7	785	-3	34.43
309	0	0	0	0	-1	31.18
310	384	385	1	214.3	-3	36.2966666666667
311	0	0	0	0	-1	31.2733333333333
312	386	387	7	695.55	-3	33.6847368421053
313	0	0	0	0	-1	24.1333333333333
314	388	389	5	16.45	-3	28.5688679245283
315	390	391	1	148.3	-3	12.705
316	0	0	0	0	-1	22.17375
317	392	393	7	786.65	-3	18.1885714285714
318	0	0	0	0	-1	24.3975
319	0	0	0	0	-1	20.965
320	0	0	0	0	-1	39.4
321	0	0	0	0	-1	32.96
322	0	0	0	0	-1	23.3775
323	394	395	5	5.4	-3	25.952
324	0	0	0	0	-1	24.88
325	0	0	0	0	-1	32.685
326	0	0	0	0	-1	36.904
327	0	0	0	0	-1	47.0566666666667
328	396	397	6	944.5	-3	28.605
329	398	399	6	949.6	-3	34.9666666666667
330	400	401	8	150	-3	39.91
331	0	0	0	0	-1	41.685
332	0	0	0	0	-1	41.3766666666667
333	0	0	0	0	-1	38.085
334	0	0	0	0	-1	40.47
335	0	0	0	0	-1	43.594
336	402	403	8	317.5	-3	50.1666666666667
337	404	405	2	127.5	-3	40.6747826086957
338	406	407	8	225	-3	50.4016666666667
339	0	0	0	0	-1	54.6
340	408	409	8	78	-3	45.37
341	0	0	0	0	-1	47.7866666666667
342	0	0	0	0	-1	51.796
343	0	0	0	0	-1	53.46
344	0	0	0	0	-1	55.1466666666667
345	0	0	0	0	-1	57.29
346	0	0	0	0	-1	41.75
347	0	0	0	0	-1	42.15
348	0	0	0	0	-1	47.07
349	0	0	0	0	-1	52.19
350	0	0	0	0	-1	37.8
351	410	411	4	172.5	-3	54.2344444444444
352	0	0	0	0	-1	64.9
353	0	0	0	0	-1	64.169
354	0	0	0	0	-1	37.43
355	0	0	0	0	-1	42.44
356	412	413	8	21	-3	31.3971428571429
357	0	0	0	0	-1	40.87
358	414	415	7	736.5	-3	37.63125
359	0	0	0	0	-1	39.05
360	0	0	0	0	-1	8.295
361	0	0	0	0	-1	9.75666666666666
362	416	417	4	191.85	-3	14.8144444444444
363	0	0	0	0	-1	9.77666666666667
364	0	0	0	0	-1	19.064
365	418	419	1	295.9	-3	14.4635714285714
366	420	421	7	673.05	-3	20.3033333333333
367	0	0	0	0	-1	14.2
368	422	423	4	191.9	-3	12.9128571428571
369	424	425	5	7.25	-3	14.1442857142857
370	0	0	0	0	-1	28.37
371	426	427	4	241.95	-3	32.125
372	0	0	0	0	-1	29.985
373	0	0	0	0	-1	25.308
374	0	0	0	0	-1	47.8066666666667
375	428	429	6	916	-3	43.36
376	0	0	0	0	-1	33.69
377	430	431	3	134.45	-3	40.23
378	0	0	0	0	-1	53.52
379	0	0	0	0	-1	46.242
380	0	0	0	0	-1	33.42
381	0	0	0	0	-1	40.06
382	432	433	2	52.5	-3	32.5744444444444
383	0	0	0	0	-1	39.9966666666667
384	434	435	3	174.45	-3	35.6142857142857
385	0	0	0	0	-1	38.685
386	436	437	1	185.15	-3	38.32
387	438	439	4	181.95	-3	32.1755813953488
388	440	441	6	1023.05	-3	27.8350980392157
389	0	0	0	0	-1	47.28
390	0	0	0	0	-1	13.23
391	0	0	0	0	-1	12.18
392	0	0	0	0	-1	19.77
393	0	0	0	0	-1	17.556
394	0	0	0	0	-1	25.264
395	0	0	0	0	-1	26.64
396	0	0	0	0	-1	23.25
397	442	443	1	289.5	-3	29.2
398	0	0	0	0	-1	41.68
399	444	445	7	778	-3	34.4871428571429
400	0	0	0	0	-1	39.4533333333333
401	0	0	0	0	-1	40.3666666666667
402	446	447	3	59.3	-3	49.72625
403	0	0	0	0	-1	53.69
404	0	0	0	0	-1	36.55
405	448	449	6	972.2	-3	41.8205555555556
406	0	0	0	0	-1	49.7375
407	0	0	0	0	-1	51.73
408	0	0	0	0	-1	42.7875
409	450	451	4	159.35	-3	47.0916666666667
410	0	0	0	0	-1	55.89
411	0	0	0	0	-1	52.165
412	0	0	0	0	-1	26.77
413	0	0	0	0	-1	33.248
414	0	0	0	0	-1	39.09
415	452	453	1	382.25	-3	37.4228571428571
416	454	455	4	169.65	-3	16.6516666666667
417	0	0	0	0	-1	11.14
418	456	457	6	1114.9	-3	14.1215384615385
419	0	0	0	0	-1	18.91
420	0	0	0	0	-1	19.54
421	0	0	0	0	-1	20.685
422	458	459	4	191.4	-3	11.213
423	460	461	1	340	-3	13.5928
424	0	0	0	0	-1	15.8566666666667
425	0	0	0	0	-1	12.86
426	462	463	4	224.05	-3	32.7275862068966
427	0	0	0	0	-1	28.63
428	464	465	3	88	-3	42.4561538461538
429	0	0	0	0	-1	45.71
430	466	467	7	734.95	-3	39.23
431	0	0	0	0	-1	43.73
432	0	0	0	0	-1	30.398
433	0	0	0	0	-1	35.295
434	0	0	0	0	-1	37.115
435	0	0	0	0	-1	35.014
436	468	469	1	163.4	-3	37.2677777777778
437	0	0	0	0	-1	40.214
438	470	471	6	987.7	-3	39.1475
439	472	473	6	976	-3	28.0440740740741
440	474	475	1	164.5	-3	31.1480769230769
441	476	477	7	741.6	-3	24.3896
442	478	479	3	47.3	-3	29.9028571428571
443	0	0	0	0	-1	26.74
444	0	0	0	0	-1	32.72
445	0	0	0	0	-1	34.6230769230769
446	0	0	0	0	-1	50.408
447	0	0	0	0	-1	48.59
448	480	481	7	790.65	-3	38.9975
449	482	483	8	135	-3	44.079
450	0	0	0	0	-1	42.92
451	0	0	0	0	-1	47.926
452	0	0	0	0	-1	37.42
453	0	0	0	0	-1	37.44
454	0	0	0	0	-1	19.52
455	0	0	0	0	-1	15.2175
456	0	0	0	0	-1	14.4366666666667
457	0	0	0	0	-1	10.34
458	484	485	8	5	-3	11.89375
459	0	0	0	0	-1	8.49
460	486	487	1	320.5	-3	13.9483333333333
461	0	0	0	0	-1	12.6785714285714
462	488	489	6	921.1	-3	32.4008333333333
463	0	0	0	0	-1	34.296
464	490	491	4	177.95	-3	41.735
465	492	493	6	874.55	-3	43.0742857142857
466	0	0	0	0	-1	46.23
467	494	495	1	317.7	-3	38.0633333333333
468	496	497	1	155	-3	37.6825
469	0	0	0	0	-1	33.95
470	498	499	7	805.5	-3	43.1814285714286
471	500	501	6	1065.9	-3	36.01
472	502	503	4	203.25	-3	25.9228571428571
473	504	505	7	700.65	-3	28.7865
474	506	507	3	114.5	-3	27.46
475	508	509	1	166	-3	34.8361538461538
476	0	0	0	0	-1	16.6375
477	510	511	7	758.15	-3	25.8661904761905
478	0	0	0	0	-1	30.2766666666667
479	0	0	0	0	-1	27.66
480	0	0	0	0	-1	40.59
481	0	0	0	0	-1	37.405
482	0	0	0	0	-1	43.57
483	512	513	8	270	-3	44.4183333333333
484	0	0	0	0	-1	11.47
485	0	0	0	0	-1	12.3175
486	514	515	8	5	-3	13.388
487	0	0	0	0	-1	14.64875
488	516	517	5	8.4	-3	33.0663636363636
489	0	0	0	0	-1	25.08
490	0	0	0	0	-1	42.1333333333333
491	0	0	0	0	-1	41.3366666666667
492	0	0	0	0	-1	44.28
493	0	0	0	0	-1	42.592
494	0	0	0	0	-1	38.46
495	0	0	0	0	-1	37.27
496	0	0	0	0	-1	37.43
497	0	0	0	0	-1	39.45
498	0	0	0	0	-1	40.93
499	0	0	0	0	-1	44.87
500	518	519	4	181	-3	33.9
501	0	0	0	0	-1	40.23
502	0	0	0	0	-1	23.63
503	0	0	0	0	-1	28.98
504	0	0	0	0	-1	18.28
505	520	521	6	1033.6	-3	29.3394736842105
506	0	0	0	0	-1	25.152
507	522	523	1	150.8	-3	28.9025
508	0	0	0	0	-1	39.74
509	524	525	6	1015.05	-3	33.9445454545455
510	526	527	3	118.25	-3	27.92
511	528	529	3	119.95	-3	24.6023076923077
512	0	0	0	0	-1	44.21
513	0	0	0	0	-1	44.46
514	0	0	0	0	-1	10.97
515	0	0	0	0	-1	15.806
516	530	531	3	132	-3	33.8472727272727
517	532	533	7	783.4	-3	32.2854545454545
518	0	0	0	0	-1	34.602
519	0	0	0	0	-1	30.39
520	534	535	4	183.85	-3	30.7866666666667
521	536	537	7	749.15	-3	28.037
522	0	0	0	0	-1	29.726
523	0	0	0	0	-1	27.53
524	538	539	6	982.85	-3	32.1111111111111
525	0	0	0	0	-1	42.195
526	0	0	0	0	-1	23.43
527	540	541	8	21	-3	29.4166666666667
528	0	0	0	0	-1	23.0133333333333
529	542	543	3	121.8	-3	25.079
530	544	545	2	122	-3	34.144
531	0	0	0	0	-1	30.88
532	546	547	4	203.1	-3	33.19125
533	0	0	0	0	-1	29.87
534	0	0	0	0	-1	23.74
535	0	0	0	0	-1	31.6675
536	0	0	0	0	-1	24.5766666666667
537	548	549	6	1072.1	-3	29.52
538	0	0	0	0	-1	30.12
539	550	551	1	175.9	-3	32.68
540	0	0	0	0	-1	25.33
541	0	0	0	0	-1	31.46
542	0	0	0	0	-1	29.315
543	552	553	7	778.95	-3	24.02
544	554	555	7	785	-3	33.57
545	0	0	0	0	-1	36.44
546	556	557	2	202.05	-3	32.8885714285714
547	0	0	0	0	-1	35.31
548	0	0	0	0	-1	30.588
549	0	0	0	0	-1	26.85
550	558	559	2	84.4	-3	32.42
551	0	0	0	0	-1	34.24
552	0	0	0	0	-1	24.685
553	560	561	8	21	-3	23.7983333333333
554	0	0	0	0	-1	33.74
555	0	0	0	0	-1	33.4
556	0	0	0	0	-1	33.304
557	0	0	0	0	-1	31.85
558	0	0	0	0	-1	32.9
559	0	0	0	0	-1	32.18
560	0	0	0	0	-1	22.495
561	0	0	0	0	-1	26.405
