1	2	3	8	21	-3	35.5901359223301
2	4	5	8	5	-3	23.5068678160919
3	6	7	6	1119	-3	41.7557917888563
4	8	9	5	10.75	-3	18.9514685314685
5	10	11	6	885.95	-3	26.6845365853659
6	12	13	3	174.55	-3	41.0656666666667
7	14	15	4	194.5	-3	62.4595454545454
8	16	17	5	1.8	-3	15.0190566037736
9	18	19	2	101.7	-3	30.2172972972973
10	20	21	1	424.5	-3	47.2546666666667
11	22	23	5	7.7	-3	25.0605789473684
12	24	25	8	42	-3	41.9757007874016
13	26	27	1	165.6	-3	17.9508
14	28	29	4	181	-3	68.458125
15	30	31	5	1.5	-3	46.4633333333333
16	32	33	7	621.5	-3	13.3815384615385
17	34	35	5	4.3	-3	16.5959259259259
18	36	37	5	25.8	-3	26.2447619047619
19	38	39	5	25.4	-3	35.43125
20	0	0	0	0	-1	32.805
21	40	41	5	13.8	-3	52.5090909090909
22	42	43	1	440	-3	21.2899305555556
23	44	45	1	264.45	-3	36.864347826087
24	46	47	6	967.2	-3	37.3936507936508
25	48	49	5	7.85	-3	48.7150583657587
26	50	51	2	60	-3	16.9109523809524
27	0	0	0	0	-1	23.41
28	52	53	4	145.5	-3	72.4777777777778
29	0	0	0	0	-1	63.29
30	0	0	0	0	-1	46.93
31	0	0	0	0	-1	44.13
32	0	0	0	0	-1	35.76
33	54	55	4	200.25	-3	11.5166666666667
34	56	57	7	722.9	-3	25.85
35	58	59	1	287.2	-3	15.2176595744681
36	60	61	5	11.65	-3	25.492
37	0	0	0	0	-1	41.3
38	0	0	0	0	-1	34.3307692307692
39	0	0	0	0	-1	40.2
40	0	0	0	0	-1	55.8
41	62	63	7	863.8	-3	49.7666666666667
42	64	65	6	1072.1	-3	19.0025954198473
43	66	67	4	190.5	-3	44.3392307692308
44	68	69	7	778.1	-3	28.143125
45	70	71	1	371.05	-3	41.5156666666667
46	72	73	6	965.7	-3	41.1577272727273
47	74	75	4	168.95	-3	32.1525316455696
48	76	77	7	753.35	-3	40.0596103896104
49	78	79	2	97.45	-3	61.656213592233
50	80	81	1	144.7	-3	14.244375
51	0	0	0	0	-1	25.444
52	0	0	0	0	-1	81.75
53	82	83	6	1122.5	-3	71.31875
54	84	85	7	825.25	-3	12.4085365853659
55	86	87	2	258.65	-3	6.29285714285714
56	0	0	0	0	-1	29.55
57	0	0	0	0	-1	20.9166666666667
58	88	89	4	190.15	-3	13.3517073170732
59	90	91	4	178.3	-3	27.9683333333333
60	0	0	0	0	-1	32.48
61	92	93	3	149.65	-3	23.745
62	0	0	0	0	-1	54.9
63	0	0	0	0	-1	48.74
64	94	95	8	10.5	-3	20.1699107142857
65	96	97	4	180.5	-3	12.1215789473684
66	0	0	0	0	-1	50.0225
67	0	0	0	0	-1	35.246
68	98	99	1	170.4	-3	31.80125
69	100	101	4	162.95	-3	24.485
70	102	103	3	47.8	-3	38.3715789473684
71	104	105	7	733.9	-3	46.9463636363636
72	106	107	2	13	-3	40.412077294686
73	108	109	3	39.5	-3	53.0307692307692
74	110	111	2	52.35	-3	44.11075
75	112	113	6	1075.6	-3	28.0988983050847
76	114	115	3	120.8	-3	47.0756862745098
77	116	117	3	172.95	-3	36.5856310679612
78	118	119	1	201.9	-3	53.8326666666667
79	120	121	5	10.2	-3	72.5727906976744
80	0	0	0	0	-1	15.38
81	122	123	4	191.55	-3	13.8658333333333
82	0	0	0	0	-1	71.99
83	0	0	0	0	-1	70.916
84	124	125	7	735.05	-3	15.1019230769231
85	126	127	2	51	-3	7.74
86	128	129	1	197.95	-3	5.74833333333333
87	0	0	0	0	-1	9.56
88	130	131	6	1057.5	-3	14.01
89	132	133	1	229.85	-3	10.63625
90	0	0	0	0	-1	26.002
91	0	0	0	0	-1	37.8
92	134	135	5	18.85	-3	24.9071428571429
93	0	0	0	0	-1	15.61
94	136	137	6	928.6	-3	18.831686746988
95	138	139	7	873.1	-3	24
96	0	0	0	0	-1	7.84
97	140	141	1	169.6	-3	12.3594444444444
98	0	0	0	0	-1	32.995
99	0	0	0	0	-1	30.6075
100	0	0	0	0	-1	27.108
101	0	0	0	0	-1	20.1133333333333
102	142	143	4	179.65	-3	39.4909090909091
103	144	145	7	870.3	-3	36.8325
104	0	0	0	0	-1	40.93
105	146	147	1	388.45	-3	50.3842857142857
106	148	149	4	194.5	-3	35.155
107	150	151	2	59	-3	42.1757419354839
108	0	0	0	0	-1	67.57
109	152	153	4	153.5	-3	50.3872727272727
110	154	155	2	6.8	-3	42.49
111	156	157	5	11.95	-3	48.973
112	158	159	1	155.3	-3	29.5606060606061
113	160	161	4	183	-3	20.4826315789474
114	162	163	4	197.75	-3	46.7255102040816
115	0	0	0	0	-1	55.655
116	164	165	1	363	-3	36.0472
117	0	0	0	0	-1	54.5333333333333
118	166	167	2	21.1	-3	43.7028571428571
119	168	169	6	837.05	-3	56.915652173913
120	170	171	1	251.45	-3	64.552
121	172	173	1	407.45	-3	75.0033333333333
122	174	175	6	961.65	-3	14.731
123	0	0	0	0	-1	9.54
124	0	0	0	0	-1	19.752
125	176	177	1	218	-3	13.9947619047619
126	0	0	0	0	-1	10.474
127	178	179	2	142.7	-3	6.373
128	0	0	0	0	-1	4.4875
129	0	0	0	0	-1	8.27
130	180	181	3	109.4	-3	15.185
131	182	183	3	125	-3	11.66
132	0	0	0	0	-1	13.36
133	184	185	4	192.35	-3	10.2471428571429
134	186	187	5	12.25	-3	24.225
135	0	0	0	0	-1	29
136	0	0	0	0	-1	11.25
137	188	189	6	933.7	-3	19.3176923076923
138	190	191	3	168.1	-3	24.6923076923077
139	0	0	0	0	-1	18
140	0	0	0	0	-1	7.51
141	192	193	6	1107.8	-3	12.965625
142	194	195	4	175.2	-3	38.46
143	0	0	0	0	-1	49.8
144	196	197	8	10.5	-3	36.11
145	0	0	0	0	-1	41.89
146	0	0	0	0	-1	45.9
147	0	0	0	0	-1	52.178
148	198	199	1	292.35	-3	40.4165384615385
149	200	201	7	796.5	-3	29.8934615384615
150	202	203	7	775.5	-3	60.5481818181818
151	204	205	4	166.4	-3	40.7722916666667
152	0	0	0	0	-1	44.03
153	206	207	2	20.8	-3	51.8
154	208	209	1	364.05	-3	44.5504
155	0	0	0	0	-1	32.188
156	210	211	6	1002.3	-3	51.35375
157	0	0	0	0	-1	39.45
158	212	213	5	11.5	-3	21.9
159	214	215	5	5.85	-3	32.5816901408451
160	0	0	0	0	-1	17.34
161	216	217	2	169.6	-3	20.8523529411765
162	0	0	0	0	-1	51.132
163	218	219	2	128.25	-3	46.2247727272727
164	220	221	2	14.3	-3	35.6883157894737
165	0	0	0	0	-1	42.866
166	222	223	8	78	-3	34.9183333333333
167	224	225	6	1033.35	-3	50.29125
168	0	0	0	0	-1	70.03
169	226	227	7	823	-3	56.3195454545454
170	0	0	0	0	-1	53.72
171	228	229	6	889.1	-3	67.26
172	230	231	4	162.8	-3	77.2482608695652
173	232	233	7	863.8	-3	69.84
174	234	235	3	191.05	-3	15.2757142857143
175	0	0	0	0	-1	13.46
176	0	0	0	0	-1	9.17666666666667
177	0	0	0	0	-1	14.7977777777778
178	0	0	0	0	-1	7.495
179	236	237	6	898.4	-3	5.625
180	238	239	7	854.1	-3	13.7133333333333
181	240	241	5	8	-3	16.2038461538462
182	0	0	0	0	-1	13.3
183	242	243	5	7.8	-3	10.7228571428571
184	0	0	0	0	-1	8.49
185	0	0	0	0	-1	10.95
186	0	0	0	0	-1	25.92
187	244	245	7	867	-3	23.0142857142857
188	246	247	2	262.75	-3	25.3057142857143
189	248	249	5	0.85	-3	18.727323943662
190	250	251	6	967	-3	24.2708333333333
191	0	0	0	0	-1	29.75
192	252	253	4	182.5	-3	13.6
193	254	255	7	811	-3	12.15
194	256	257	4	169.9	-3	37.9777777777778
195	0	0	0	0	-1	42.8
196	0	0	0	0	-1	37.6566666666667
197	0	0	0	0	-1	34.95
198	0	0	0	0	-1	25.308
199	258	259	5	16.5	-3	44.0138095238095
200	260	261	6	810	-3	31.3
201	0	0	0	0	-1	23.986
202	262	263	3	127.5	-3	66.5833333333333
203	0	0	0	0	-1	53.306
204	264	265	7	863.8	-3	65.7023076923077
205	266	267	1	257.6	-3	38.298320610687
206	0	0	0	0	-1	44.33
207	0	0	0	0	-1	53.9342857142857
208	268	269	6	994.8	-3	32.9482352941176
209	270	271	6	1042	-3	69.205
210	0	0	0	0	-1	42.725
211	0	0	0	0	-1	59.9825
212	272	273	2	72.35	-3	20.0364
213	0	0	0	0	-1	37.43
214	274	275	5	4.05	-3	31.43
215	276	277	4	178.3	-3	34.7008
216	278	279	6	1107.5	-3	21.4207142857143
217	0	0	0	0	-1	18.2
218	280	281	8	225	-3	48.23
219	0	0	0	0	-1	42.715625
220	282	283	6	976	-3	34.934358974359
221	284	285	7	841.15	-3	39.1476470588235
222	0	0	0	0	-1	34
223	0	0	0	0	-1	35.8366666666667
224	286	287	2	84.4	-3	51.78
225	0	0	0	0	-1	45.825
226	288	289	3	124.6	-3	58.0513043478261
227	290	291	6	895.05	-3	54.4228571428571
228	0	0	0	0	-1	73.245
229	292	293	4	172.5	-3	65.265
230	294	295	1	354.35	-3	74.78875
231	296	297	7	707.85	-3	78.56
232	298	299	4	168.7	-3	71.225
233	0	0	0	0	-1	64.3
234	0	0	0	0	-1	15.5233333333333
235	0	0	0	0	-1	15.09
236	0	0	0	0	-1	4.57
237	0	0	0	0	-1	6.68
238	0	0	0	0	-1	19.93
239	300	301	5	8.1	-3	12.93625
240	302	303	6	924.15	-3	15.225
241	0	0	0	0	-1	17.77
242	0	0	0	0	-1	9.255
243	0	0	0	0	-1	11.31
244	0	0	0	0	-1	24.13
245	0	0	0	0	-1	21.5266666666667
246	304	305	4	210	-3	25.9433333333333
247	0	0	0	0	-1	21.48
248	306	307	1	199.3	-3	18.8333333333333
249	0	0	0	0	-1	15.07
250	308	309	5	2.65	-3	25.7372727272727
251	310	311	7	790.5	-3	23.03
252	0	0	0	0	-1	12.73
253	312	313	2	67.85	-3	13.8485714285714
254	314	315	6	1115	-3	12.3133333333333
255	0	0	0	0	-1	11.17
256	316	317	1	324.45	-3	38.8
257	0	0	0	0	-1	35.1
258	318	319	5	7.55	-3	42.7547368421053
259	0	0	0	0	-1	55.975
260	0	0	0	0	-1	40.68
261	320	321	1	377	-3	30.831
262	0	0	0	0	-1	55.55
263	0	0	0	0	-1	72.1
264	322	323	4	160.5	-3	70.8542857142857
265	324	325	4	140.05	-3	59.6916666666667
266	326	327	4	190.5	-3	31.1454411764706
267	328	329	2	147.15	-3	46.0188888888889
268	0	0	0	0	-1	43.2433333333333
269	0	0	0	0	-1	30.7421428571429
270	0	0	0	0	-1	79.6925
271	0	0	0	0	-1	58.7175
272	330	331	4	182.5	-3	12.76
273	332	333	7	692.85	-3	23.4605882352941
274	334	335	1	333.5	-3	32.14125
275	336	337	1	240.7	-3	26.6883333333333
276	338	339	5	7.55	-3	30.5542857142857
277	340	341	7	772.7	-3	39.9781818181818
278	342	343	2	62.05	-3	22.328
279	0	0	0	0	-1	19.1525
280	0	0	0	0	-1	47.415
281	344	345	8	317.5	-3	49.045
282	346	347	6	962	-3	33.4533333333333
283	348	349	5	6.25	-3	36.2038095238095
284	350	351	4	197.75	-3	42.7823076923077
285	0	0	0	0	-1	27.335
286	0	0	0	0	-1	53.46
287	0	0	0	0	-1	50.94
288	352	353	7	793.8	-3	56.5173333333333
289	354	355	2	9.5	-3	60.9275
290	356	357	4	149.85	-3	58.7142857142857
291	358	359	3	96.8	-3	52.2771428571429
292	0	0	0	0	-1	64.15
293	0	0	0	0	-1	65.8225
294	360	361	4	150.2	-3	72.7183333333333
295	0	0	0	0	-1	81
296	0	0	0	0	-1	80.2
297	362	363	8	73.5	-3	78.4428571428572
298	0	0	0	0	-1	69.3666666666667
299	0	0	0	0	-1	72.34
300	0	0	0	0	-1	12.616
301	0	0	0	0	-1	13.47
302	0	0	0	0	-1	13.4
303	364	365	5	6.1	-3	15.4857142857143
304	0	0	0	0	-1	23.44
305	0	0	0	0	-1	28.4466666666667
306	366	367	4	197.75	-3	12.78625
307	368	369	7	795.9	-3	20.6588679245283
308	0	0	0	0	-1	27.92
309	370	371	5	6.25	-3	24.91875
310	372	373	2	21.05	-3	25.0642857142857
311	0	0	0	0	-1	20.6566666666667
312	0	0	0	0	-1	14.604
313	0	0	0	0	-1	11.96
314	0	0	0	0	-1	12.366
315	0	0	0	0	-1	12.05
316	0	0	0	0	-1	38
317	0	0	0	0	-1	39.4
318	374	375	1	500	-3	46.98375
319	376	377	7	793	-3	39.6790909090909
320	378	379	6	869.6	-3	32.0629411764706
321	0	0	0	0	-1	23.85
322	0	0	0	0	-1	69.285
323	0	0	0	0	-1	72.9466666666667
324	0	0	0	0	-1	56.7
325	0	0	0	0	-1	60.29
326	380	381	6	874.9	-3	34.6486956521739
327	382	383	7	825	-3	29.3548888888889
328	384	385	5	5.25	-3	42.1326666666667
329	386	387	6	900.75	-3	55.7344444444444
330	0	0	0	0	-1	13.2
331	0	0	0	0	-1	12.32
332	388	389	2	157.2	-3	26.56875
333	390	391	7	825.35	-3	20.6977777777778
334	392	393	4	203.25	-3	29.9824137931034
335	394	395	6	1040.3	-3	37.8327272727273
336	0	0	0	0	-1	22.52
337	0	0	0	0	-1	30.8566666666667
338	0	0	0	0	-1	37.27
339	396	397	2	22.6	-3	30.0376923076923
340	398	399	5	9.35	-3	39.19875
341	0	0	0	0	-1	42.0566666666667
342	400	401	4	189	-3	22.965
343	0	0	0	0	-1	21.3725
344	0	0	0	0	-1	51.536
345	402	403	1	342	-3	47.6611111111111
346	404	405	2	5.5	-3	37.8116666666667
347	406	407	1	304.5	-3	31.2741666666667
348	408	409	1	303	-3	35.5497142857143
349	410	411	6	1002.2	-3	39.4742857142857
350	412	413	3	12.25	-3	45.726
351	0	0	0	0	-1	32.97
352	414	415	5	11.75	-3	57.2521428571429
353	0	0	0	0	-1	46.23
354	0	0	0	0	-1	56.628
355	0	0	0	0	-1	68.0933333333333
356	416	417	5	25.8	-3	59.3
357	0	0	0	0	-1	55.2
358	418	419	5	10.5	-3	50.0283333333333
359	420	421	3	99.35	-3	53.96375
360	0	0	0	0	-1	75.8475
361	0	0	0	0	-1	66.46
362	0	0	0	0	-1	77.3
363	0	0	0	0	-1	79.3
364	0	0	0	0	-1	17.22
365	0	0	0	0	-1	14.792
366	422	423	1	187.7	-3	13.8108333333333
367	0	0	0	0	-1	9.7125
368	424	425	1	296	-3	21.9590476190476
369	426	427	1	340	-3	15.6945454545455
370	428	429	4	189.6	-3	24.8085714285714
371	0	0	0	0	-1	25.69
372	430	431	5	5.2	-3	26.2716666666667
373	0	0	0	0	-1	17.82
374	0	0	0	0	-1	43.4
375	0	0	0	0	-1	52.9566666666667
376	432	433	3	127.5	-3	39.1214285714286
377	0	0	0	0	-1	40.655
378	0	0	0	0	-1	34.876
379	434	435	3	113.4	-3	30.8908333333333
380	436	437	7	851.5	-3	31.4633333333333
381	438	439	7	779.65	-3	36.6964285714286
382	440	441	6	919.5	-3	31.7658823529412
383	442	443	7	916.95	-3	21.9027272727273
384	0	0	0	0	-1	33.986
385	444	445	1	300.8	-3	43.151
386	446	447	1	348.5	-3	61.403
387	448	449	2	190.5	-3	48.64875
388	0	0	0	0	-1	25.56
389	0	0	0	0	-1	27.5775
390	450	451	1	149.35	-3	19.92
391	0	0	0	0	-1	26.92
392	452	453	7	729.3	-3	29.1491666666667
393	0	0	0	0	-1	33.982
394	454	455	6	977	-3	40.2242857142857
395	0	0	0	0	-1	33.6475
396	456	457	3	56.5	-3	27.9157142857143
397	458	459	4	172.9	-3	32.5133333333333
398	0	0	0	0	-1	40.302
399	0	0	0	0	-1	37.36
400	0	0	0	0	-1	24.28
401	0	0	0	0	-1	21.65
402	0	0	0	0	-1	53.4975
403	0	0	0	0	-1	42.992
404	460	461	7	849.6	-3	39.1354545454545
405	0	0	0	0	-1	23.25
406	462	463	1	245	-3	27.3033333333333
407	464	465	7	778	-3	33.6566666666667
408	466	467	6	1058.1	-3	33.9229166666667
409	0	0	0	0	-1	39.0990909090909
410	0	0	0	0	-1	44.28
411	468	469	5	7.1	-3	38.6733333333333
412	0	0	0	0	-1	42.98
413	0	0	0	0	-1	48.472
414	470	471	8	78	-3	56.3341666666667
415	0	0	0	0	-1	62.76
416	0	0	0	0	-1	60.2
417	0	0	0	0	-1	59.12
418	0	0	0	0	-1	47.59
419	0	0	0	0	-1	52.4666666666667
420	472	473	4	152.2	-3	55.1914285714286
421	0	0	0	0	-1	45.37
422	474	475	7	757.75	-3	12.9655555555556
423	0	0	0	0	-1	16.3466666666667
424	476	477	7	719.3	-3	19.3484210526316
425	478	479	7	749.65	-3	24.115652173913
426	480	481	2	66.5	-3	16.363
427	0	0	0	0	-1	9.01
428	0	0	0	0	-1	24.92
429	0	0	0	0	-1	24.66
430	0	0	0	0	-1	24.72
431	0	0	0	0	-1	27.8233333333333
432	0	0	0	0	-1	37.81
433	0	0	0	0	-1	40.87
434	482	483	4	197.35	-3	31.5318181818182
435	0	0	0	0	-1	23.84
436	0	0	0	0	-1	29.8825
437	0	0	0	0	-1	32.728
438	484	485	7	707.5	-3	35.3775
439	0	0	0	0	-1	44.61
440	486	487	1	137.85	-3	33.0275
441	488	489	6	926.5	-3	29.9635714285714
442	490	491	6	843.5	-3	23.46625
443	0	0	0	0	-1	17.7333333333333
444	492	493	6	867	-3	44.4466666666667
445	494	495	1	311.5	-3	40.46
446	0	0	0	0	-1	58.3533333333333
447	0	0	0	0	-1	65.9775
448	496	497	1	329.95	-3	51.1683333333333
449	0	0	0	0	-1	41.09
450	0	0	0	0	-1	23.74
451	498	499	1	153.75	-3	18.6466666666667
452	0	0	0	0	-1	33.694
453	500	501	3	59.3	-3	27.9531578947368
454	0	0	0	0	-1	32.04
455	502	503	7	739.5	-3	41.5883333333333
456	0	0	0	0	-1	25.1
457	0	0	0	0	-1	30.0275
458	0	0	0	0	-1	31.27
459	0	0	0	0	-1	32.762
460	504	505	6	940.55	-3	41.0716666666667
461	0	0	0	0	-1	36.812
462	0	0	0	0	-1	26.202
463	0	0	0	0	-1	28.68
464	0	0	0	0	-1	31.35
465	0	0	0	0	-1	34.2333333333333
466	506	507	8	78	-3	35.60125
467	508	509	5	2.25	-3	30.56625
468	0	0	0	0	-1	41.1833333333333
469	0	0	0	0	-1	36.1633333333333
470	510	511	2	12	-3	55.879
471	0	0	0	0	-1	58.61
472	0	0	0	0	-1	60.95
473	0	0	0	0	-1	52.888
474	0	0	0	0	-1	10.585
475	0	0	0	0	-1	14.87
476	512	513	6	952.5	-3	21.3463636363636
477	514	515	6	1040.8	-3	16.60125
478	516	517	2	101.75	-3	27.0688888888889
479	0	0	0	0	-1	22.2171428571429
480	518	519	7	867.5	-3	16.2733333333333
481	0	0	0	0	-1	17.17
482	0	0	0	0	-1	30.12
483	520	521	3	98.5	-3	32.06125
484	522	523	2	260.05	-3	39.1471428571429
485	0	0	0	0	-1	30.1
486	0	0	0	0	-1	26.97
487	524	525	7	646.8	-3	33.3463157894737
488	0	0	0	0	-1	16.5
489	526	527	4	193.85	-3	32.2075
490	0	0	0	0	-1	33.06
491	528	529	6	868.5	-3	22.0957142857143
492	0	0	0	0	-1	39.712
493	530	531	7	660.65	-3	45.5227272727273
494	532	533	6	914.15	-3	37.97625
495	0	0	0	0	-1	44.434
496	0	0	0	0	-1	52.4366666666667
497	0	0	0	0	-1	49.9
498	0	0	0	0	-1	19.01
499	0	0	0	0	-1	18.2833333333333
500	534	535	6	1032.8	-3	27.3305555555556
501	0	0	0	0	-1	39.16
502	0	0	0	0	-1	39.09
503	0	0	0	0	-1	44.0866666666667
504	0	0	0	0	-1	41.68
505	0	0	0	0	-1	40.7675
506	536	537	2	6.8	-3	34.9425
507	0	0	0	0	-1	37.5775
508	0	0	0	0	-1	29.39
509	0	0	0	0	-1	30.7342857142857
510	0	0	0	0	-1	51.96
511	0	0	0	0	-1	56.85875
512	0	0	0	0	-1	25.42
513	538	539	1	230.45	-3	20.939
514	0	0	0	0	-1	18.83
515	0	0	0	0	-1	14.3725
516	0	0	0	0	-1	28.012
517	0	0	0	0	-1	25.89
518	540	541	7	840	-3	17.05875
519	0	0	0	0	-1	9.99
520	0	0	0	0	-1	32.245
521	0	0	0	0	-1	31.8775
522	0	0	0	0	-1	36.35
523	542	543	1	233.8	-3	39.6133333333333
524	0	0	0	0	-1	39.84
525	544	545	2	166.95	-3	32.5823529411765
526	0	0	0	0	-1	34.88
527	546	547	1	186.95	-3	30.87125
528	0	0	0	0	-1	19.99
529	0	0	0	0	-1	23.675
530	0	0	0	0	-1	53.52
531	548	549	5	6.5	-3	44.26
532	550	551	3	55.5	-3	36.93
533	0	0	0	0	-1	45.3
534	552	553	6	976	-3	28.2030769230769
535	0	0	0	0	-1	25.062
536	554	555	6	1028.25	-3	34.48875
537	0	0	0	0	-1	35.85
538	556	557	1	207.1	-3	21.44
539	0	0	0	0	-1	20.1875
540	558	559	6	1018.5	-3	17.3542857142857
541	0	0	0	0	-1	14.99
542	0	0	0	0	-1	39.7
543	0	0	0	0	-1	39.44
544	560	561	6	860.8	-3	34.2283333333333
545	562	563	3	144.5	-3	31.6845454545455
546	0	0	0	0	-1	26.0675
547	0	0	0	0	-1	35.675
548	0	0	0	0	-1	46.2455555555556
549	564	565	1	263.1	-3	42.473
550	0	0	0	0	-1	39.36
551	0	0	0	0	-1	33.69
552	0	0	0	0	-1	25.75
553	566	567	6	1018.5	-3	29.73625
554	0	0	0	0	-1	33.0866666666667
555	0	0	0	0	-1	35.33
556	0	0	0	0	-1	19.54
557	0	0	0	0	-1	21.82
558	0	0	0	0	-1	17.24
559	0	0	0	0	-1	17.44
560	0	0	0	0	-1	31.015
561	0	0	0	0	-1	35.835
562	0	0	0	0	-1	29.43
563	568	569	4	203.1	-3	32.9728571428571
564	0	0	0	0	-1	49.77
565	570	571	4	200.35	-3	40.64875
566	0	0	0	0	-1	29.0683333333333
567	0	0	0	0	-1	31.74
568	572	573	3	156.5	-3	32.5833333333333
569	0	0	0	0	-1	35.31
570	0	0	0	0	-1	42.736
571	0	0	0	0	-1	37.17
572	0	0	0	0	-1	32.924
573	0	0	0	0	-1	30.88
