1	2	3	8	21	-3	35.7200388349515
2	4	5	1	354.5	-3	23.5294117647059
3	6	7	5	11.05	-3	40.8724309392265
4	8	9	5	8.45	-3	17.8172037914692
5	10	11	5	16.2	-3	36.2165263157895
6	12	13	8	42	-3	38.2968280467446
7	14	15	1	189.75	-3	53.21472
8	16	17	7	690.95	-3	15.7655487804878
9	18	19	2	26.9	-3	24.976170212766
10	20	21	4	183.4	-3	33.3546478873239
11	22	23	6	894.05	-3	44.6829166666667
12	24	25	3	142.2	-3	35.3477486910995
13	26	27	4	185.6	-3	43.4882949308756
14	28	29	4	182.3	-3	25.2165217391304
15	30	31	5	11.25	-3	59.5280392156863
16	32	33	1	221.55	-3	23.6109090909091
17	34	35	5	3.1	-3	15.2015032679739
18	36	37	5	11.5	-3	24.0511764705882
19	38	39	7	836.55	-3	27.3953846153846
20	40	41	8	5	-3	36.4348780487805
21	42	43	8	5	-3	29.145
22	44	45	8	5	-3	43.9833333333333
23	46	47	5	20.3	-3	46.7816666666667
24	48	49	1	257.7	-3	37.040960960961
25	50	51	2	28.55	-3	23.8408163265306
26	52	53	2	47.65	-3	48.2278205128205
27	54	55	7	737.65	-3	40.8287050359712
28	56	57	3	126.5	-3	21.04
29	58	59	1	163.1	-3	37.05
30	60	61	3	12.25	-3	69.9366666666667
31	62	63	2	39.3	-3	58.5207526881721
32	0	0	0	0	-1	16.2133333333333
33	64	65	2	173	-3	26.385
34	66	67	2	196.75	-3	13.6019626168224
35	68	69	1	244.05	-3	18.9221739130435
36	70	71	6	1066.15	-3	22.2457142857143
37	72	73	6	1047.95	-3	26.9676923076923
38	74	75	5	9.65	-3	28.7675
39	0	0	0	0	-1	25.2
40	76	77	6	956.9	-3	33.0242857142857
41	78	79	1	493	-3	43.7807692307692
42	80	81	7	739.5	-3	22.383
43	82	83	7	753.7	-3	32.526
44	84	85	4	147.65	-3	36.6285714285714
45	86	87	7	863.8	-3	48.6636363636364
46	0	0	0	0	-1	46.8
47	0	0	0	0	-1	46.7633333333333
48	88	89	7	758.15	-3	29.0684671532847
49	90	91	1	441	-3	42.6135714285714
50	92	93	1	189.9	-3	16.0455
51	94	95	4	182	-3	29.2168965517241
52	96	97	3	39.5	-3	43.508
53	98	99	1	269.3	-3	59.514347826087
54	100	101	4	215.75	-3	49.2547272727273
55	102	103	2	196.65	-3	35.3116666666667
56	0	0	0	0	-1	34.462
57	104	105	3	159.5	-3	15.4475
58	0	0	0	0	-1	35.31
59	0	0	0	0	-1	37.92
60	106	107	2	188.95	-3	70.78625
61	0	0	0	0	-1	63.14
62	108	109	6	895.05	-3	50.6257446808511
63	110	111	2	170.1	-3	66.5873913043478
64	0	0	0	0	-1	30.28
65	112	113	7	676.8	-3	25.0866666666667
66	114	115	4	203.25	-3	14.2826086956522
67	116	117	8	5	-3	9.42733333333333
68	118	119	3	170.25	-3	19.7451282051282
69	120	121	3	107	-3	14.3371428571429
70	122	123	5	10.3	-3	24.8226666666667
71	124	125	7	796.9	-3	15.8033333333333
72	126	127	1	250.45	-3	24.16
73	0	0	0	0	-1	33.285
74	0	0	0	0	-1	38.6
75	128	129	7	764.55	-3	27.3628571428571
76	130	131	2	21	-3	34.0561904761905
77	132	133	1	493	-3	29.9285714285714
78	134	135	7	752.9	-3	42.1754545454545
79	0	0	0	0	-1	52.61
80	0	0	0	0	-1	29.922
81	0	0	0	0	-1	14.844
82	136	137	7	705.6	-3	36.7914285714286
83	0	0	0	0	-1	22.5733333333333
84	0	0	0	0	-1	40.9333333333333
85	0	0	0	0	-1	33.4
86	0	0	0	0	-1	54.9
87	138	139	5	19.95	-3	48.04
88	140	141	3	129.9	-3	33.0727118644068
89	142	143	5	1.85	-3	26.0396153846154
90	144	145	6	955	-3	40.09
91	146	147	1	530	-3	56.5773333333333
92	148	149	1	161.7	-3	13.3672222222222
93	0	0	0	0	-1	40.15
94	150	151	6	1032.95	-3	32.7014285714286
95	152	153	6	837	-3	28.1081818181818
96	0	0	0	0	-1	70.9666666666667
97	154	155	7	777.65	-3	41.9238461538462
98	156	157	3	73.2	-3	53.621875
99	158	159	1	348.85	-3	72.9828571428571
100	160	161	2	109	-3	54.5353333333333
101	162	163	7	632	-3	47.2745
102	164	165	2	143	-3	34.988
103	0	0	0	0	-1	41.785
104	0	0	0	0	-1	17.95
105	166	167	4	166.85	-3	14.947
106	0	0	0	0	-1	70.275
107	0	0	0	0	-1	71.2975
108	0	0	0	0	-1	58.4
109	168	169	8	42	-3	49.7002380952381
110	170	171	8	42	-3	62.5329032258065
111	172	173	2	200.75	-3	74.9666666666667
112	0	0	0	0	-1	25.7333333333333
113	0	0	0	0	-1	24.44
114	174	175	6	1075.6	-3	15.0690909090909
115	176	177	7	825	-3	10.2453333333333
116	178	179	6	949.6	-3	6.00428571428571
117	180	181	1	137.65	-3	12.4225
118	182	183	1	226.05	-3	19.3960526315789
119	0	0	0	0	-1	33.01
120	0	0	0	0	-1	8.49
121	0	0	0	0	-1	16.676
122	184	185	5	10.05	-3	26.6925
123	0	0	0	0	-1	17.3433333333333
124	0	0	0	0	-1	15.34
125	0	0	0	0	-1	16.035
126	186	187	8	8.5	-3	19.8416666666667
127	0	0	0	0	-1	32.7966666666667
128	0	0	0	0	-1	25.805
129	0	0	0	0	-1	29.44
130	0	0	0	0	-1	26.732
131	188	189	5	10.75	-3	36.345
132	190	191	3	39.5	-3	27.9766666666667
133	0	0	0	0	-1	41.64
134	0	0	0	0	-1	39.182
135	192	193	7	778.4	-3	44.67
136	194	195	2	13	-3	37.8
137	0	0	0	0	-1	33.0933333333333
138	0	0	0	0	-1	49.2
139	0	0	0	0	-1	46.3
140	196	197	5	7.7	-3	32.3592857142857
141	0	0	0	0	-1	46.39
142	198	199	2	128.25	-3	21.7277272727273
143	200	201	5	9.3	-3	27.7335714285714
144	202	203	2	146.8	-3	44.090752688172
145	204	205	4	182.5	-3	34.9931506849315
146	206	207	6	951.1	-3	53.9236
147	0	0	0	0	-1	69.846
148	208	209	6	929.5	-3	11.422
149	0	0	0	0	-1	23.0933333333333
150	0	0	0	0	-1	36.086
151	0	0	0	0	-1	24.24
152	210	211	7	659	-3	33.7116666666667
153	212	213	5	6.5	-3	26.006875
154	0	0	0	0	-1	52.555
155	214	215	6	958.15	-3	41.0379166666667
156	0	0	0	0	-1	48.95
157	216	217	6	1007.25	-3	54.2892857142857
158	0	0	0	0	-1	80.2
159	0	0	0	0	-1	70.096
160	218	219	1	512.5	-3	56.86625
161	220	221	6	964.4	-3	51.8714285714286
162	222	223	1	285	-3	41.6566666666667
163	224	225	8	225	-3	51.8709090909091
164	226	227	7	862.1	-3	35.4858904109589
165	228	229	7	916.95	-3	29.7957142857143
166	0	0	0	0	-1	13.46
167	230	231	5	12.3	-3	15.31875
168	232	233	6	1061.15	-3	45.9709090909091
169	234	235	6	970.45	-3	53.8025
170	236	237	1	367.45	-3	56.0666666666667
171	238	239	3	61.9	-3	64.0848
172	240	241	8	42	-3	76.85
173	0	0	0	0	-1	67.4333333333333
174	242	243	1	199.3	-3	15.8461016949153
175	0	0	0	0	-1	12.5222222222222
176	244	245	6	975.5	-3	11.775
177	0	0	0	0	-1	4.12666666666667
178	0	0	0	0	-1	6.88
179	0	0	0	0	-1	5.3475
180	0	0	0	0	-1	10.585
181	246	247	1	157.9	-3	13.035
182	248	249	5	8.15	-3	18.7875
183	250	251	3	118.25	-3	22.6416666666667
184	252	253	3	119.45	-3	26.0527272727273
185	0	0	0	0	-1	33.73
186	0	0	0	0	-1	15.4225
187	0	0	0	0	-1	28.68
188	254	255	4	175.6	-3	35.2028571428571
189	256	257	4	156.15	-3	37.2333333333333
190	0	0	0	0	-1	28.6
191	0	0	0	0	-1	27.3533333333333
192	0	0	0	0	-1	55.9
193	0	0	0	0	-1	42.424
194	0	0	0	0	-1	40.246
195	258	259	6	852	-3	35.7616666666667
196	260	261	2	297.75	-3	34.9026086956522
197	262	263	3	112.65	-3	20.66
198	264	265	6	1122	-3	17.6054545454545
199	266	267	7	865.55	-3	25.85
200	268	269	3	121.8	-3	26.9688095238095
201	270	271	4	178.5	-3	30.0278571428571
202	272	273	2	9.5	-3	41.7428
203	274	275	7	737.4	-3	53.8738888888889
204	276	277	2	203.6	-3	45.565
205	278	279	4	184.5	-3	31.5332727272727
206	280	281	5	8.6	-3	49.6293333333333
207	282	283	1	480	-3	60.365
208	284	285	3	168.95	-3	8.88285714285714
209	286	287	4	178.1	-3	13.64375
210	0	0	0	0	-1	39.84
211	0	0	0	0	-1	32.486
212	0	0	0	0	-1	22.59
213	288	289	1	154.5	-3	26.7953846153846
214	0	0	0	0	-1	56.826
215	290	291	5	6.2	-3	39.2020930232558
216	292	293	5	8.9	-3	53.17875
217	294	295	7	775.35	-3	55.77
218	296	297	5	1.95	-3	55.4028571428571
219	0	0	0	0	-1	67.11
220	298	299	1	245.75	-3	51.4166666666667
221	0	0	0	0	-1	54.6
222	0	0	0	0	-1	36.25
223	0	0	0	0	-1	41.9747058823529
224	300	301	2	95	-3	49.421
225	0	0	0	0	-1	53.9125
226	302	303	2	132.7	-3	37.0925806451613
227	304	305	4	190.65	-3	26.43
228	0	0	0	0	-1	31.53
229	0	0	0	0	-1	25.46
230	0	0	0	0	-1	15.57
231	306	307	3	191.05	-3	15.235
232	308	309	6	1019.8	-3	47.2852631578947
233	0	0	0	0	-1	37.6466666666667
234	0	0	0	0	-1	59.254
235	310	311	5	13.5	-3	51.9853333333333
236	0	0	0	0	-1	46.865
237	0	0	0	0	-1	60.6675
238	312	313	7	906.4	-3	64.2
239	0	0	0	0	-1	62.76
240	0	0	0	0	-1	72.1
241	314	315	8	73.5	-3	79.225
242	316	317	6	962.6	-3	10.1985714285714
243	318	319	8	5	-3	16.6063461538462
244	320	321	8	5	-3	10.3188888888889
245	0	0	0	0	-1	16.1433333333333
246	0	0	0	0	-1	15.74
247	0	0	0	0	-1	11.6825
248	322	323	8	8.5	-3	19.1574193548387
249	0	0	0	0	-1	7.32
250	0	0	0	0	-1	23.154
251	0	0	0	0	-1	20.08
252	324	325	8	8.5	-3	26.278
253	0	0	0	0	-1	23.8
254	0	0	0	0	-1	33.255
255	0	0	0	0	-1	37.8
256	0	0	0	0	-1	41.1
257	0	0	0	0	-1	35.3
258	0	0	0	0	-1	37.92
259	0	0	0	0	-1	34.6825
260	326	327	6	1094.3	-3	33.847027027027
261	328	329	4	194.6	-3	39.2422222222222
262	330	331	3	56	-3	17.3933333333333
263	0	0	0	0	-1	25.56
264	332	333	4	199	-3	18.7955555555556
265	0	0	0	0	-1	12.25
266	334	335	7	790.65	-3	28.5742857142857
267	0	0	0	0	-1	21.0825
268	336	337	1	174.85	-3	25.41
269	338	339	6	1087.7	-3	34.7628571428571
270	340	341	4	156.95	-3	32.8325
271	0	0	0	0	-1	13.2
272	342	343	7	732.1	-3	36.4996
273	344	345	6	829	-3	44.3644
274	346	347	4	189	-3	48.5328571428571
275	348	349	2	162.35	-3	57.2727272727273
276	350	351	7	822.1	-3	43.785625
277	0	0	0	0	-1	59.8
278	0	0	0	0	-1	25.44
279	352	353	1	305.15	-3	32.1426
280	354	355	5	1.95	-3	46.7569230769231
281	0	0	0	0	-1	68.3
282	356	357	6	1005.5	-3	56.3214285714286
283	0	0	0	0	-1	69.8
284	0	0	0	0	-1	9.74
285	0	0	0	0	-1	8.54
286	0	0	0	0	-1	15.34
287	0	0	0	0	-1	12.626
288	0	0	0	0	-1	24.484
289	358	359	4	189.4	-3	28.24
290	360	361	7	878.65	-3	35.3044444444444
291	362	363	8	78	-3	42.0084
292	364	365	6	1006	-3	53.925
293	0	0	0	0	-1	50.94
294	0	0	0	0	-1	56.81
295	0	0	0	0	-1	55.562
296	366	367	8	225	-3	54.3266666666667
297	0	0	0	0	-1	61.86
298	0	0	0	0	-1	51.86
299	0	0	0	0	-1	50.53
300	0	0	0	0	-1	51.1314285714286
301	0	0	0	0	-1	45.43
302	368	369	6	1036.5	-3	36.8873333333333
303	0	0	0	0	-1	43.25
304	0	0	0	0	-1	29.45
305	370	371	1	272	-3	25.7588888888889
306	0	0	0	0	-1	15.525
307	0	0	0	0	-1	15.09
308	372	373	2	17.35	-3	47.5964705882353
309	0	0	0	0	-1	44.64
310	374	375	6	1082.75	-3	50.6061538461538
311	0	0	0	0	-1	60.95
312	376	377	5	13.65	-3	65.75
313	0	0	0	0	-1	58.62
314	0	0	0	0	-1	78
315	0	0	0	0	-1	79.96
316	0	0	0	0	-1	8.245
317	0	0	0	0	-1	12.8033333333333
318	378	379	1	320.5	-3	12.6647058823529
319	380	381	1	264.15	-3	18.5208571428571
320	0	0	0	0	-1	5.53666666666667
321	382	383	6	950.1	-3	12.71
322	384	385	7	837.15	-3	14.8414285714286
323	386	387	7	762.95	-3	22.7117647058824
324	0	0	0	0	-1	22.326
325	0	0	0	0	-1	30.23
326	388	389	1	146.45	-3	32.4879411764706
327	0	0	0	0	-1	49.25
328	390	391	6	966.4	-3	38.5457142857143
329	0	0	0	0	-1	41.68
330	0	0	0	0	-1	18.2866666666667
331	0	0	0	0	-1	16.5
332	392	393	4	183	-3	18.39875
333	0	0	0	0	-1	21.97
334	0	0	0	0	-1	33.66
335	394	395	6	961.8	-3	27.7266666666667
336	396	397	5	7.5	-3	23.2333333333333
337	398	399	7	886.05	-3	28.675
338	400	401	5	7.9	-3	36.1566666666667
339	0	0	0	0	-1	26.4
340	0	0	0	0	-1	52.2
341	402	403	6	902.8	-3	31.0718181818182
342	0	0	0	0	-1	23.8433333333333
343	404	405	6	879.5	-3	38.2254545454545
344	0	0	0	0	-1	57.435
345	406	407	3	100.45	-3	43.8197916666667
346	0	0	0	0	-1	52.426
347	0	0	0	0	-1	38.8
348	0	0	0	0	-1	52.45
349	408	409	2	178.5	-3	59.08125
350	410	411	2	119.5	-3	45.0313333333333
351	0	0	0	0	-1	25.1
352	412	413	2	90.95	-3	27.1207142857143
353	414	415	2	101.75	-3	34.0955555555556
354	0	0	0	0	-1	42.06
355	416	417	3	61.5	-3	49.6925
356	0	0	0	0	-1	53.39
357	0	0	0	0	-1	58.52
358	0	0	0	0	-1	23.89
359	418	419	1	157.5	-3	29.69
360	420	421	6	1058.1	-3	34.7733333333333
361	0	0	0	0	-1	37.96
362	422	423	1	203.6	-3	41.01625
363	424	425	4	159.15	-3	43.7722222222222
364	0	0	0	0	-1	54.1533333333333
365	0	0	0	0	-1	53.6966666666667
366	0	0	0	0	-1	52.66
367	0	0	0	0	-1	55.16
368	426	427	3	95.15	-3	35.9804255319149
369	428	429	4	192.45	-3	40.1661538461538
370	430	431	7	874	-3	24.97
371	0	0	0	0	-1	32.07
372	0	0	0	0	-1	51.965
373	432	433	1	344.5	-3	47.014
374	434	435	5	12.1	-3	49.2883333333333
375	0	0	0	0	-1	66.42
376	0	0	0	0	-1	74.3
377	436	437	4	153.7	-3	64.04
378	0	0	0	0	-1	11.5118181818182
379	0	0	0	0	-1	14.7783333333333
380	438	439	7	845.6	-3	16.0088888888889
381	440	441	2	186.95	-3	19.3903846153846
382	0	0	0	0	-1	15.07
383	0	0	0	0	-1	10.35
384	442	443	2	86.75	-3	16.086
385	0	0	0	0	-1	11.73
386	0	0	0	0	-1	31.81
387	444	445	6	1065.9	-3	22.143125
388	0	0	0	0	-1	35.714
389	446	447	3	118.45	-3	31.931724137931
390	0	0	0	0	-1	39.5266666666667
391	0	0	0	0	-1	37.81
392	0	0	0	0	-1	17.34
393	448	449	6	1097.2	-3	18.55
394	0	0	0	0	-1	26.975
395	0	0	0	0	-1	29.23
396	450	451	4	194.35	-3	25.4575
397	452	453	2	57.5	-3	20.2677777777778
398	454	455	2	49.05	-3	28.0138461538462
399	0	0	0	0	-1	37.27
400	0	0	0	0	-1	38.95
401	0	0	0	0	-1	30.57
402	0	0	0	0	-1	44.61
403	456	457	1	201.45	-3	29.718
404	458	459	1	319.5	-3	39.85
405	460	461	1	305.9	-3	35.8788888888889
406	462	463	1	260.45	-3	41.2457894736842
407	464	465	3	127	-3	53.601
408	466	467	1	328.25	-3	58.1057142857143
409	0	0	0	0	-1	65.91
410	468	469	3	56.5	-3	47.6775
411	470	471	4	147.5	-3	42.0071428571429
412	472	473	3	50	-3	25.085
413	0	0	0	0	-1	32.21
414	474	475	7	749.5	-3	33.37375
415	0	0	0	0	-1	39.87
416	0	0	0	0	-1	45.23
417	0	0	0	0	-1	57.13
418	0	0	0	0	-1	29.095
419	0	0	0	0	-1	30.88
420	476	477	7	817.85	-3	35.5855555555556
421	478	479	5	5.1	-3	33.555
422	480	481	2	43.7	-3	39.288
423	482	483	7	884.3	-3	43.8966666666667
424	0	0	0	0	-1	47.985
425	484	485	7	789.8	-3	42.5685714285714
426	486	487	6	943.4	-3	35.5091666666667
427	488	489	6	992.5	-3	37.5227272727273
428	0	0	0	0	-1	40.3688888888889
429	0	0	0	0	-1	39.71
430	0	0	0	0	-1	27.89
431	0	0	0	0	-1	23.218
432	0	0	0	0	-1	45.3133333333333
433	490	491	7	858	-3	47.4391666666667
434	492	493	4	156.55	-3	51.1022222222222
435	0	0	0	0	-1	43.8466666666667
436	494	495	1	447	-3	65.3230769230769
437	0	0	0	0	-1	55.7
438	496	497	7	741.7	-3	18.03
439	0	0	0	0	-1	11.9666666666667
440	498	499	8	10.5	-3	18.9239130434783
441	0	0	0	0	-1	22.9666666666667
442	0	0	0	0	-1	15.464
443	0	0	0	0	-1	16.708
444	500	501	3	163.55	-3	23.3091666666667
445	0	0	0	0	-1	18.645
446	502	503	7	720.2	-3	31.3962962962963
447	0	0	0	0	-1	39.16
448	0	0	0	0	-1	17.72
449	0	0	0	0	-1	19.1725
450	504	505	5	2.8	-3	24.552
451	0	0	0	0	-1	29.985
452	0	0	0	0	-1	12.18
453	506	507	3	101	-3	22.5785714285714
454	508	509	3	96.2	-3	26.9958333333333
455	0	0	0	0	-1	40.23
456	510	511	2	21.1	-3	28.8644444444444
457	0	0	0	0	-1	37.4
458	512	513	3	116.5	-3	41.35
459	0	0	0	0	-1	37.45
460	0	0	0	0	-1	32.12
461	514	515	6	935.9	-3	37.7583333333333
462	0	0	0	0	-1	49.77
463	516	517	7	764.75	-3	40.5151428571429
464	518	519	3	110	-3	51.6975
465	0	0	0	0	-1	61.215
466	0	0	0	0	-1	59.225
467	0	0	0	0	-1	56.6133333333333
468	0	0	0	0	-1	49.178
469	0	0	0	0	-1	45.1766666666667
470	0	0	0	0	-1	44.52
471	0	0	0	0	-1	41.002
472	520	521	4	191.5	-3	22.9271428571429
473	0	0	0	0	-1	30.12
474	522	523	4	186.5	-3	38.853
475	0	0	0	0	-1	30.8831818181818
476	524	525	8	78	-3	35.5525
477	0	0	0	0	-1	35.85
478	0	0	0	0	-1	32.3125
479	0	0	0	0	-1	36.04
480	526	527	3	112.4	-3	38.235
481	0	0	0	0	-1	43.5
482	0	0	0	0	-1	45.08
483	0	0	0	0	-1	43.66
484	0	0	0	0	-1	46.6266666666667
485	0	0	0	0	-1	39.525
486	0	0	0	0	-1	45.235
487	528	529	4	191.5	-3	34.9370588235294
488	0	0	0	0	-1	39.962
489	530	531	6	1028.25	-3	35.49
490	532	533	4	159.5	-3	47.3066666666667
491	0	0	0	0	-1	47.8366666666667
492	0	0	0	0	-1	59.3
493	534	535	4	158.85	-3	50.0775
494	536	537	4	152.45	-3	64.875
495	0	0	0	0	-1	70.7
496	0	0	0	0	-1	16.7233333333333
497	0	0	0	0	-1	19.3366666666667
498	538	539	4	184.5	-3	18.96
499	0	0	0	0	-1	18.13
500	540	541	3	60.6	-3	24.407
501	0	0	0	0	-1	17.82
502	542	543	6	1000.1	-3	32.4769230769231
503	544	545	2	204.25	-3	30.3928571428571
504	0	0	0	0	-1	26.92
505	546	547	4	179.95	-3	23.96
506	0	0	0	0	-1	21.118
507	0	0	0	0	-1	26.23
508	0	0	0	0	-1	28.42
509	548	549	5	6.2	-3	25.9785714285714
510	0	0	0	0	-1	26.66
511	0	0	0	0	-1	30.628
512	0	0	0	0	-1	42.64
513	0	0	0	0	-1	40.06
514	0	0	0	0	-1	36.8375
515	0	0	0	0	-1	39.6
516	550	551	4	197.8	-3	38.65
517	552	553	3	88	-3	43.6715384615385
518	0	0	0	0	-1	53.52
519	0	0	0	0	-1	46.23
520	0	0	0	0	-1	24.53
521	0	0	0	0	-1	21.725
522	0	0	0	0	-1	36.79
523	0	0	0	0	-1	40.916
524	0	0	0	0	-1	34.2
525	0	0	0	0	-1	39.61
526	0	0	0	0	-1	37.1033333333333
527	0	0	0	0	-1	38.914
528	0	0	0	0	-1	31.79
529	554	555	6	976	-3	35.3566666666667
530	0	0	0	0	-1	31.35
531	0	0	0	0	-1	36.318
532	0	0	0	0	-1	47.1885714285714
533	0	0	0	0	-1	47.72
534	0	0	0	0	-1	46.23
535	556	557	1	245.3	-3	51.36
536	0	0	0	0	-1	65.35
537	558	559	8	73.5	-3	64.6375
538	0	0	0	0	-1	16.756
539	560	561	7	761.5	-3	19.6082352941176
540	0	0	0	0	-1	30.39
541	562	563	6	1027.8	-3	23.7422222222222
542	564	565	2	213.75	-3	34.054
543	0	0	0	0	-1	27.22
544	566	567	4	190.7	-3	31.11
545	0	0	0	0	-1	21.07
546	0	0	0	0	-1	26.14
547	568	569	5	6.5	-3	23.6485714285714
548	570	571	3	107.5	-3	24.6866666666667
549	0	0	0	0	-1	33.73
550	572	573	4	183	-3	42.145
551	574	575	6	899.75	-3	36.6528571428571
552	576	577	3	43	-3	43.489
553	0	0	0	0	-1	44.28
554	578	579	6	972	-3	33.6789473684211
555	580	581	8	95	-3	38.2545454545455
556	0	0	0	0	-1	52.96
557	0	0	0	0	-1	51.04
558	0	0	0	0	-1	64.3
559	0	0	0	0	-1	65.2
560	582	583	1	284.9	-3	21.69
561	584	585	7	823	-3	17.7577777777778
562	586	587	6	982.55	-3	24.3933333333333
563	0	0	0	0	-1	22.44
564	0	0	0	0	-1	38.91
565	588	589	7	710.2	-3	32.84
566	590	591	1	244.8	-3	29.79375
567	0	0	0	0	-1	33.216
568	0	0	0	0	-1	23.7
569	0	0	0	0	-1	23.52
570	0	0	0	0	-1	24.89
571	0	0	0	0	-1	24.585
572	0	0	0	0	-1	39.42
573	0	0	0	0	-1	43.78
574	0	0	0	0	-1	32.655
575	592	593	4	219	-3	38.252
576	594	595	4	178.25	-3	43.7055555555556
577	0	0	0	0	-1	41.54
578	596	597	4	200.7	-3	34.79
579	0	0	0	0	-1	29.5125
580	598	599	6	990.95	-3	36.6833333333333
581	0	0	0	0	-1	40.14
582	0	0	0	0	-1	19.77
583	0	0	0	0	-1	23.61
584	600	601	7	772	-3	18.3671428571429
585	0	0	0	0	-1	15.625
586	0	0	0	0	-1	24.45
587	0	0	0	0	-1	24.28
588	602	603	1	215.5	-3	31.9142857142857
589	0	0	0	0	-1	39.32
590	0	0	0	0	-1	26.32
591	604	605	3	59.15	-3	30.9516666666667
592	0	0	0	0	-1	37.17
593	0	0	0	0	-1	38.7157142857143
594	606	607	2	131.9	-3	44.0525
595	0	0	0	0	-1	40.93
596	608	609	7	854.5	-3	35.1376923076923
597	0	0	0	0	-1	32.53
598	0	0	0	0	-1	38.07
599	0	0	0	0	-1	36.406
600	0	0	0	0	-1	14.8
601	610	611	7	793.5	-3	18.9616666666667
602	0	0	0	0	-1	33.29
603	0	0	0	0	-1	30.08
604	0	0	0	0	-1	32.05
605	0	0	0	0	-1	30.4025
606	0	0	0	0	-1	42.13
607	612	613	6	890.5	-3	44.6933333333333
608	614	615	1	308.5	-3	35.3908333333333
609	0	0	0	0	-1	32.1
610	0	0	0	0	-1	19.55
611	0	0	0	0	-1	17.785
612	0	0	0	0	-1	44.39
613	0	0	0	0	-1	45.3
614	616	617	6	957.5	-3	35.055
615	618	619	7	815.5	-3	35.7266666666667
616	0	0	0	0	-1	34.56
617	0	0	0	0	-1	35.154
618	0	0	0	0	-1	35.17
619	0	0	0	0	-1	36.005
