1	2	3	7	757.3	-3	35.6314563106796
2	4	5	5	10.05	-3	40.994696969697
3	6	7	8	21	-3	32.2815457413249
4	8	9	4	175	-3	37.9437037037037
5	10	11	3	39.5	-3	50.1476767676768
6	12	13	8	5	-3	20.8429186602871
7	14	15	4	157.95	-3	37.9066588235294
8	16	17	7	745.8	-3	50.8451612903226
9	18	19	7	675	-3	36.4401503759399
10	20	21	1	241.75	-3	60.7484905660377
11	22	23	3	174.15	-3	37.9336956521739
12	24	25	1	386	-3	16.8728089887641
13	26	27	4	158	-3	23.7874166666667
14	28	29	6	1005.3	-3	58.4609677419355
15	30	31	1	156	-3	34.3960055096419
16	32	33	7	703.5	-3	63.962
17	34	35	3	145.95	-3	44.5990476190476
18	36	37	2	139.75	-3	42.0814583333333
19	38	39	1	412	-3	33.2544705882353
20	40	41	4	171.1	-3	37.91125
21	42	43	2	164.1	-3	64.8084444444444
22	44	45	4	167.25	-3	41.2782926829268
23	0	0	0	0	-1	10.508
24	46	47	5	10.65	-3	14.112027027027
25	48	49	5	15.4	-3	30.4926666666667
26	50	51	6	975.7	-3	43.5929411764706
27	52	53	2	120.7	-3	20.5185436893204
28	54	55	4	156.35	-3	61.478
29	56	57	1	192.95	-3	50.4747058823529
30	58	59	8	59	-3	23.5722535211268
31	60	61	2	47.65	-3	37.0278082191781
32	62	63	8	8.5	-3	61.9855555555555
33	0	0	0	0	-1	81.75
34	64	65	6	883.35	-3	46.6823529411765
35	0	0	0	0	-1	35.745
36	66	67	1	200.5	-3	44.6733333333333
37	68	69	8	42	-3	37.7616666666667
38	70	71	5	1.8	-3	31.0727210884354
39	72	73	4	196.5	-3	47.1986956521739
40	0	0	0	0	-1	39.46
41	74	75	5	11.45	-3	37.395
42	76	77	7	675	-3	52.7857142857143
43	78	79	8	17.5	-3	67.0231578947368
44	80	81	7	642.5	-3	46.2778260869565
45	82	83	3	153.05	-3	34.89
46	84	85	4	188.9	-3	11.9051724137931
47	86	87	7	884.7	-3	22.111875
48	88	89	4	186.55	-3	26.24875
49	90	91	2	111.75	-3	35.3428571428571
50	92	93	2	164.85	-3	46.9769230769231
51	0	0	0	0	-1	32.595
52	94	95	5	4.95	-3	21.7964835164835
53	96	97	7	837.25	-3	10.8275
54	98	99	8	42	-3	63.4727777777778
55	100	101	1	387.8	-3	53.4988888888889
56	0	0	0	0	-1	34.35
57	102	103	4	143.45	-3	52.6246666666667
58	104	105	5	7.65	-3	22.0192063492064
59	106	107	2	191.95	-3	35.8025
60	108	109	4	161.25	-3	34.0125454545455
61	110	111	7	805.6	-3	46.2411111111111
62	0	0	0	0	-1	41.64
63	112	113	8	59	-3	64.52875
64	0	0	0	0	-1	51.6466666666667
65	114	115	8	17.5	-3	45.6185714285714
66	0	0	0	0	-1	21.91
67	116	117	1	361	-3	45.458275862069
68	118	119	4	193.5	-3	33.0727272727273
69	120	121	8	73	-3	45.13
70	0	0	0	0	-1	26.6359420289855
71	122	123	1	309	-3	34.9975641025641
72	124	125	8	17.5	-3	42.134375
73	126	127	4	205.5	-3	58.7742857142857
74	0	0	0	0	-1	37.36
75	0	0	0	0	-1	37.43
76	0	0	0	0	-1	48.45
77	0	0	0	0	-1	78.8
78	128	129	6	913.8	-3	42.18625
79	130	131	1	368.3	-3	73.6463333333333
80	0	0	0	0	-1	55.65
81	132	133	1	389.5	-3	44.872
82	134	135	1	159.6	-3	33.002
83	0	0	0	0	-1	44.33
84	136	137	2	47.65	-3	14.63
85	138	139	1	265.5	-3	9.69125
86	140	141	1	215.85	-3	23.9655555555556
87	142	143	1	250.45	-3	19.7285714285714
88	144	145	7	813.25	-3	28.6133333333333
89	0	0	0	0	-1	19.155
90	0	0	0	0	-1	33.4
91	0	0	0	0	-1	40.2
92	146	147	2	111.75	-3	49.4454545454545
93	0	0	0	0	-1	33.4
94	148	149	6	1053	-3	16.7887755102041
95	150	151	5	7.85	-3	27.6388095238095
96	152	153	7	803.1	-3	11.8677777777778
97	0	0	0	0	-1	7.70666666666666
98	154	155	5	12.25	-3	60.1838888888889
99	156	157	6	996.2	-3	66.7616666666667
100	0	0	0	0	-1	50.6975
101	0	0	0	0	-1	55.74
102	0	0	0	0	-1	59.135
103	158	159	8	78	-3	50.2572727272727
104	160	161	5	1	-3	25.085625
105	162	163	5	7.9	-3	18.8538709677419
106	0	0	0	0	-1	30.2675
107	0	0	0	0	-1	41.3375
108	164	165	1	262.1	-3	45.772
109	166	167	4	175.75	-3	32.5049230769231
110	168	169	4	163	-3	49.5480392156863
111	170	171	6	847.15	-3	38.21
112	172	173	6	1038.5	-3	62.4916666666667
113	0	0	0	0	-1	70.64
114	0	0	0	0	-1	28.062
115	174	175	3	58.75	-3	55.3722222222222
116	176	177	1	287.5	-3	50.506
117	178	179	3	30	-3	43.6974418604651
118	180	181	8	5	-3	42.15
119	182	183	6	838	-3	28.8366666666667
120	0	0	0	0	-1	64.9
121	184	185	4	215.75	-3	43.6092307692308
122	186	187	5	4.3	-3	33.5194029850746
123	188	189	2	146.8	-3	44.0009090909091
124	190	191	7	735.5	-3	31.14375
125	192	193	2	11	-3	53.125
126	0	0	0	0	-1	57.92
127	0	0	0	0	-1	58.9166666666667
128	0	0	0	0	-1	47.7
129	194	195	5	16.8	-3	40.3483333333333
130	196	197	6	943.7	-3	75.9833333333333
131	198	199	5	10.6	-3	70.1408333333333
132	0	0	0	0	-1	47.28
133	0	0	0	0	-1	44.7452631578947
134	200	201	6	948.5	-3	30.57
135	202	203	7	744.35	-3	34.6233333333333
136	204	205	1	170.2	-3	14.1181818181818
137	0	0	0	0	-1	17.445
138	206	207	2	56.5	-3	7.26000000000001
139	208	209	1	321.5	-3	13.7433333333333
140	0	0	0	0	-1	17.37
141	210	211	4	142.05	-3	24.79
142	0	0	0	0	-1	15.36
143	0	0	0	0	-1	21.476
144	0	0	0	0	-1	37.8
145	0	0	0	0	-1	26.776
146	212	213	2	95.9	-3	48.2333333333333
147	0	0	0	0	-1	54.9
148	214	215	2	58	-3	19.3462068965517
149	216	217	6	1107.8	-3	13.0805
150	218	219	3	170.25	-3	24.2560869565217
151	220	221	2	97.1	-3	31.7336842105263
152	0	0	0	0	-1	9.154
153	0	0	0	0	-1	15.26
154	222	223	1	380.4	-3	63.8618181818182
155	224	225	6	909.55	-3	54.4042857142857
156	226	227	1	285.55	-3	65.262
157	0	0	0	0	-1	74.26
158	228	229	4	155.2	-3	48.3525
159	0	0	0	0	-1	55.3366666666667
160	230	231	1	119.3	-3	22.6827272727273
161	232	233	7	850.15	-3	26.3442857142857
162	0	0	0	0	-1	10.54
163	234	235	5	11	-3	19.4272413793103
164	236	237	7	783.4	-3	42.639375
165	238	239	7	826.55	-3	51.3411111111111
166	240	241	1	213.25	-3	36.7304878048781
167	242	243	8	42	-3	31.3799350649351
168	0	0	0	0	-1	71.034
169	244	245	4	183.7	-3	47.2126086956522
170	0	0	0	0	-1	35.4
171	246	247	8	59	-3	38.6783333333333
172	0	0	0	0	-1	69.84
173	0	0	0	0	-1	58.8175
174	0	0	0	0	-1	65.1633333333333
175	248	249	8	42	-3	50.4766666666667
176	250	251	4	209.3	-3	48.4225
177	252	253	5	3	-3	52.8871428571428
178	254	255	5	1.5	-3	42.7060975609756
179	0	0	0	0	-1	64.02
180	0	0	0	0	-1	28.8
181	0	0	0	0	-1	47.49
182	0	0	0	0	-1	39.84
183	256	257	5	9	-3	28.0507142857143
184	0	0	0	0	-1	54.6
185	258	259	7	632	-3	38.7244444444444
186	0	0	0	0	-1	42.1957142857143
187	260	261	1	244.2	-3	32.5071666666667
188	262	263	1	316	-3	40.63
189	0	0	0	0	-1	59.17
190	0	0	0	0	-1	26.43
191	0	0	0	0	-1	39
192	264	265	6	936.1	-3	51.3285714285714
193	0	0	0	0	-1	65.7
194	0	0	0	0	-1	35.6
195	0	0	0	0	-1	49.845
196	0	0	0	0	-1	77.45
197	0	0	0	0	-1	75.8
198	0	0	0	0	-1	62.245
199	266	267	6	914.8	-3	71.72
200	0	0	0	0	-1	36.35
201	0	0	0	0	-1	27.68
202	268	269	3	111.1	-3	34.02375
203	0	0	0	0	-1	39.42
204	0	0	0	0	-1	7.75
205	270	271	4	159.15	-3	14.755
206	272	273	4	190.55	-3	9.47125
207	0	0	0	0	-1	5.78583333333333
208	0	0	0	0	-1	11.458
209	274	275	6	985.75	-3	15.3757142857143
210	0	0	0	0	-1	27.42
211	276	277	2	9.5	-3	24.4142857142857
212	278	279	1	394.4	-3	50.1333333333333
213	0	0	0	0	-1	44.4333333333333
214	280	281	1	266	-3	19.6303571428571
215	0	0	0	0	-1	11.39
216	282	283	1	337	-3	14.6754545454545
217	0	0	0	0	-1	11.1311111111111
218	284	285	3	125.1	-3	23.8581818181818
219	0	0	0	0	-1	33.01
220	286	287	4	159.95	-3	30.4077777777778
221	0	0	0	0	-1	55.6
222	288	289	5	9.45	-3	60.3066666666667
223	0	0	0	0	-1	68.128
224	0	0	0	0	-1	58.554
225	0	0	0	0	-1	44.03
226	0	0	0	0	-1	55.83
227	290	291	3	70.5	-3	65.9357142857143
228	292	293	5	12.05	-3	47.5514285714286
229	0	0	0	0	-1	53.96
230	0	0	0	0	-1	20.942
231	294	295	7	891.15	-3	24.1333333333333
232	296	297	4	194.35	-3	25.6552631578947
233	0	0	0	0	-1	32.89
234	298	299	2	153.3	-3	22.0221428571429
235	300	301	2	118	-3	17.0053333333333
236	0	0	0	0	-1	50.1866666666667
237	302	303	1	215.75	-3	40.8976923076923
238	0	0	0	0	-1	53.17
239	304	305	8	78	-3	50.4266666666667
240	306	307	8	42	-3	31.8223076923077
241	308	309	5	5.95	-3	45.238
242	310	311	1	295.9	-3	27.1306578947368
243	312	313	6	976	-3	35.5202564102564
244	314	315	4	180.55	-3	50.4769444444444
245	316	317	8	59	-3	35.461
246	318	319	7	826.15	-3	36.4227272727273
247	320	321	8	270	-3	42.2228571428571
248	0	0	0	0	-1	47.4
249	0	0	0	0	-1	53.5533333333333
250	0	0	0	0	-1	43.58
251	322	323	8	225	-3	49.1142857142857
252	0	0	0	0	-1	52.634
253	0	0	0	0	-1	53.52
254	324	325	2	23.75	-3	42.5936842105263
255	0	0	0	0	-1	44.13
256	326	327	8	5	-3	28.9392307692308
257	0	0	0	0	-1	16.5
258	328	329	2	190	-3	38.27375
259	0	0	0	0	-1	42.33
260	330	331	3	179.5	-3	29.9551612903226
261	332	333	8	21	-3	35.2351724137931
262	0	0	0	0	-1	42.345
263	0	0	0	0	-1	39.258
264	0	0	0	0	-1	49.085
265	0	0	0	0	-1	54.32
266	0	0	0	0	-1	70.5285714285714
267	0	0	0	0	-1	74.5
268	0	0	0	0	-1	32.785
269	0	0	0	0	-1	35.2625
270	0	0	0	0	-1	19.46
271	334	335	2	30.1	-3	13.9247058823529
272	0	0	0	0	-1	11.58
273	336	337	3	47.3	-3	9.17
274	0	0	0	0	-1	15.02
275	0	0	0	0	-1	15.85
276	0	0	0	0	-1	23.33
277	0	0	0	0	-1	24.848
278	0	0	0	0	-1	45.8
279	0	0	0	0	-1	52.3
280	338	339	5	2.3	-3	12.6857142857143
281	340	341	1	362.5	-3	21.9452380952381
282	342	343	1	295.9	-3	16.10875
283	0	0	0	0	-1	10.8533333333333
284	344	345	3	123.2	-3	24.9028571428571
285	346	347	2	7.5	-3	22.03
286	348	349	7	783.4	-3	27.77125
287	350	351	2	22.6	-3	32.517
288	0	0	0	0	-1	44.52
289	0	0	0	0	-1	63.464
290	352	353	7	939.85	-3	65.4666666666667
291	0	0	0	0	-1	68.75
292	354	355	5	10.95	-3	48.12
293	0	0	0	0	-1	44.14
294	0	0	0	0	-1	25.368
295	0	0	0	0	-1	17.96
296	356	357	4	180	-3	24.465
297	0	0	0	0	-1	28.988
298	358	359	4	179	-3	13.4216666666667
299	360	361	2	176.6	-3	28.4725
300	362	363	1	146.4	-3	15.8657142857143
301	0	0	0	0	-1	32.96
302	364	365	6	1005.8	-3	42.4822222222222
303	0	0	0	0	-1	37.3325
304	0	0	0	0	-1	49.384
305	0	0	0	0	-1	55.64
306	366	367	5	7.55	-3	28.33125
307	368	369	6	1001.8	-3	37.408
308	0	0	0	0	-1	57.1933333333333
309	370	371	5	9.15	-3	42.2491666666667
310	372	373	7	771.65	-3	22.2042105263158
311	374	375	5	10.65	-3	32.0571052631579
312	376	377	4	192.5	-3	33.6015
313	378	379	7	793.05	-3	37.54
314	380	381	1	163.05	-3	48.0752
315	382	383	7	783.45	-3	55.9354545454545
316	384	385	1	263	-3	33.48125
317	0	0	0	0	-1	43.38
318	0	0	0	0	-1	29.6333333333333
319	386	387	1	227	-3	38.96875
320	388	389	6	971.9	-3	41.8766666666667
321	0	0	0	0	-1	44.3
322	0	0	0	0	-1	47.1525
323	0	0	0	0	-1	51.73
324	390	391	7	641.5	-3	43.9390476190476
325	0	0	0	0	-1	40.9317647058824
326	0	0	0	0	-1	14.14
327	392	393	2	220.5	-3	31.63
328	0	0	0	0	-1	39.705
329	0	0	0	0	-1	36.8425
330	394	395	7	701.5	-3	30.4423333333333
331	0	0	0	0	-1	15.34
332	0	0	0	0	-1	20.73
333	396	397	4	193.95	-3	36.3096296296296
334	398	399	7	860.2	-3	14.3375
335	0	0	0	0	-1	7.32
336	0	0	0	0	-1	8.36333333333333
337	0	0	0	0	-1	9.775
338	400	401	8	10.5	-3	11.4533333333333
339	0	0	0	0	-1	20.08
340	402	403	8	10.5	-3	20.0207142857143
341	404	405	8	10.5	-3	25.7942857142857
342	0	0	0	0	-1	13.9233333333333
343	0	0	0	0	-1	17.42
344	406	407	3	119.95	-3	24.4069230769231
345	0	0	0	0	-1	31.35
346	408	409	6	1072.8	-3	21.33
347	0	0	0	0	-1	24.13
348	0	0	0	0	-1	29.59
349	0	0	0	0	-1	26.68
350	410	411	3	111.3	-3	34.1616666666667
351	0	0	0	0	-1	30.05
352	412	413	1	447	-3	65.9454545454545
353	0	0	0	0	-1	60.2
354	0	0	0	0	-1	46.64
355	0	0	0	0	-1	49.6
356	0	0	0	0	-1	26.5325
357	414	415	5	6.55	-3	23.638
358	0	0	0	0	-1	19.01
359	0	0	0	0	-1	10.6275
360	0	0	0	0	-1	33.155
361	0	0	0	0	-1	23.79
362	0	0	0	0	-1	14.865
363	416	417	3	159.5	-3	16.266
364	0	0	0	0	-1	47.74
365	418	419	6	1083.1	-3	41.825
366	0	0	0	0	-1	30.436
367	420	421	4	169.9	-3	27.3745454545455
368	0	0	0	0	-1	43.39
369	422	423	6	1083.55	-3	36.7433333333333
370	424	425	1	405.85	-3	43.4777777777778
371	0	0	0	0	-1	38.5633333333333
372	426	427	6	1028.9	-3	27.126
373	428	429	3	181.65	-3	20.4464285714286
374	430	431	3	106.85	-3	30.8884375
375	432	433	6	810.2	-3	38.29
376	434	435	7	878.25	-3	36.53
377	436	437	3	47.3	-3	31.2054545454545
378	438	439	7	758.15	-3	36.4104166666667
379	440	441	7	815	-3	39.4764285714286
380	0	0	0	0	-1	32.766
381	442	443	1	319.45	-3	51.9025
382	0	0	0	0	-1	70.7725
383	444	445	1	213.75	-3	47.4571428571429
384	446	447	2	185.85	-3	30.01
385	0	0	0	0	-1	43.895
386	448	449	2	259.85	-3	37.9133333333333
387	0	0	0	0	-1	42.135
388	0	0	0	0	-1	43.25
389	0	0	0	0	-1	40.5033333333333
390	0	0	0	0	-1	41.13625
391	0	0	0	0	-1	52.908
392	450	451	4	200.25	-3	34.00625
393	0	0	0	0	-1	25.2933333333333
394	452	453	1	154.9	-3	27.2513333333333
395	454	455	8	8.5	-3	33.6333333333333
396	456	457	6	907.2	-3	40.7453846153846
397	458	459	5	9.4	-3	32.1907142857143
398	460	461	7	825.5	-3	15.075
399	462	463	7	881.5	-3	13.1083333333333
400	0	0	0	0	-1	10.0666666666667
401	0	0	0	0	-1	12.84
402	464	465	4	200	-3	19.00625
403	466	467	4	197	-3	21.3733333333333
404	0	0	0	0	-1	25.35
405	0	0	0	0	-1	26.3866666666667
406	468	469	6	1065.9	-3	25.0409090909091
407	0	0	0	0	-1	20.92
408	0	0	0	0	-1	21.6
409	0	0	0	0	-1	21.06
410	0	0	0	0	-1	36.45
411	0	0	0	0	-1	22.72
412	470	471	1	371.9	-3	65.61
413	0	0	0	0	-1	69.3
414	472	473	6	939.1	-3	23.7166666666667
415	0	0	0	0	-1	23.52
416	0	0	0	0	-1	17.9533333333333
417	474	475	4	173.8	-3	15.5428571428571
418	0	0	0	0	-1	42.504
419	0	0	0	0	-1	40.6933333333333
420	476	477	6	1083.55	-3	26.985
421	0	0	0	0	-1	31.27
422	478	479	1	185.85	-3	35.53
423	0	0	0	0	-1	39.17
424	480	481	8	42	-3	44.08
425	0	0	0	0	-1	41.37
426	0	0	0	0	-1	29.328
427	0	0	0	0	-1	24.924
428	482	483	6	1107.5	-3	21.0892
429	0	0	0	0	-1	15.09
430	484	485	1	323.5	-3	29.6727586206897
431	0	0	0	0	-1	42.64
432	0	0	0	0	-1	40.2625
433	0	0	0	0	-1	34.345
434	486	487	1	363	-3	38.5335714285714
435	0	0	0	0	-1	29.5175
436	488	489	1	304.5	-3	31.215
437	0	0	0	0	-1	31.11
438	490	491	1	240.55	-3	39.3361538461538
439	492	493	5	5.15	-3	32.9527272727273
440	494	495	8	105	-3	40.8733333333333
441	496	497	1	320.5	-3	38.42875
442	498	499	7	799.45	-3	49.570625
443	0	0	0	0	-1	61.23
444	0	0	0	0	-1	52.335
445	0	0	0	0	-1	45.506
446	0	0	0	0	-1	26.36
447	0	0	0	0	-1	33.66
448	0	0	0	0	-1	37.92
449	0	0	0	0	-1	37.91
450	0	0	0	0	-1	27.23
451	500	501	4	212.25	-3	36.265
452	0	0	0	0	-1	12.46
453	502	503	3	35.5	-3	28.3078571428571
454	0	0	0	0	-1	14.94
455	504	505	2	131.25	-3	38.3066666666667
456	0	0	0	0	-1	42.312
457	506	507	7	749.65	-3	39.76625
458	508	509	2	107.75	-3	34.7366666666667
459	0	0	0	0	-1	27.608
460	510	511	4	162	-3	13.48375
461	0	0	0	0	-1	21.44
462	0	0	0	0	-1	13.82
463	0	0	0	0	-1	12.966
464	512	513	7	833.8	-3	19.2983333333333
465	0	0	0	0	-1	18.13
466	0	0	0	0	-1	21.26
467	0	0	0	0	-1	21.43
468	514	515	2	49.05	-3	25.761
469	0	0	0	0	-1	17.84
470	0	0	0	0	-1	67.1
471	516	517	7	845.4	-3	65.2375
472	0	0	0	0	-1	23.6933333333333
473	0	0	0	0	-1	23.74
474	0	0	0	0	-1	15.57
475	0	0	0	0	-1	15.5225
476	0	0	0	0	-1	26.31
477	518	519	3	125.3	-3	27.435
478	0	0	0	0	-1	36.415
479	0	0	0	0	-1	33.76
480	0	0	0	0	-1	39.94
481	0	0	0	0	-1	45.736
482	520	521	7	920.15	-3	23.485625
483	522	523	4	180.5	-3	16.8288888888889
484	524	525	4	212.2	-3	26.1793333333333
485	526	527	7	760.5	-3	33.4157142857143
486	528	529	5	2.65	-3	37.74
487	0	0	0	0	-1	48.85
488	530	531	6	971	-3	25.6971428571429
489	532	533	4	200	-3	34.1861538461539
490	0	0	0	0	-1	37.69
491	0	0	0	0	-1	40.7471428571429
492	534	535	1	336	-3	31.4733333333333
493	0	0	0	0	-1	39.61
494	0	0	0	0	-1	40.075
495	0	0	0	0	-1	41.2725
496	0	0	0	0	-1	35.76
497	536	537	7	823	-3	38.81
498	538	539	1	267.95	-3	48.8192307692308
499	0	0	0	0	-1	52.8266666666667
500	0	0	0	0	-1	43.38
501	0	0	0	0	-1	32.7075
502	0	0	0	0	-1	18.28
503	540	541	3	153.6	-3	29.0792307692308
504	542	543	4	175.3	-3	41.0185714285714
505	0	0	0	0	-1	34.51
506	0	0	0	0	-1	39.42
507	0	0	0	0	-1	39.974
508	0	0	0	0	-1	37.17
509	544	545	5	5.5	-3	33.52
510	0	0	0	0	-1	9.45
511	546	547	1	231.75	-3	14.06
512	0	0	0	0	-1	18.478
513	0	0	0	0	-1	23.4
514	548	549	3	109.4	-3	25.2466666666667
515	0	0	0	0	-1	30.39
516	0	0	0	0	-1	65.8
517	0	0	0	0	-1	65.05
518	0	0	0	0	-1	28.47
519	0	0	0	0	-1	26.4
520	550	551	7	833.5	-3	24.1621428571429
521	0	0	0	0	-1	18.75
522	0	0	0	0	-1	12.25
523	552	553	6	1112	-3	18.1371428571429
524	0	0	0	0	-1	25.3730769230769
525	0	0	0	0	-1	31.42
526	0	0	0	0	-1	38.21
527	554	555	6	953.3	-3	32.1081818181818
528	556	557	8	135	-3	35.505
529	558	559	8	78	-3	39.6557142857143
530	0	0	0	0	-1	25.28
531	0	0	0	0	-1	26.74
532	560	561	1	323	-3	35.7944444444444
533	0	0	0	0	-1	30.5675
534	562	563	1	198.05	-3	30.0942857142857
535	0	0	0	0	-1	36.3
536	0	0	0	0	-1	38.4
537	0	0	0	0	-1	39.1175
538	564	565	4	164.4	-3	50.6733333333333
539	0	0	0	0	-1	44.6475
540	566	567	7	696.95	-3	28.7936363636364
541	0	0	0	0	-1	30.65
542	0	0	0	0	-1	40.4
543	0	0	0	0	-1	41.4825
544	0	0	0	0	-1	33.72
545	0	0	0	0	-1	33.42
546	0	0	0	0	-1	13.3266666666667
547	0	0	0	0	-1	14.61
548	568	569	7	903.85	-3	24.7383333333333
549	0	0	0	0	-1	26.2633333333333
550	0	0	0	0	-1	21.538
551	570	571	4	191.9	-3	25.62
552	0	0	0	0	-1	19.69
553	0	0	0	0	-1	17.516
554	0	0	0	0	-1	34.5133333333333
555	572	573	6	976	-3	31.20625
556	0	0	0	0	-1	37.0133333333333
557	0	0	0	0	-1	33.9966666666667
558	574	575	5	5.4	-3	39.405
559	0	0	0	0	-1	41.16
560	0	0	0	0	-1	32.92
561	0	0	0	0	-1	36.6157142857143
562	0	0	0	0	-1	28.63
563	0	0	0	0	-1	30.68
564	0	0	0	0	-1	52.1225
565	0	0	0	0	-1	49.514
566	0	0	0	0	-1	28.63
567	0	0	0	0	-1	28.99
568	0	0	0	0	-1	24.688
569	0	0	0	0	-1	24.99
570	0	0	0	0	-1	28.4125
571	0	0	0	0	-1	23.386
572	0	0	0	0	-1	30.6925
573	0	0	0	0	-1	31.72
574	0	0	0	0	-1	39.64
575	0	0	0	0	-1	39.17
