1	2	3	6	946.9	-3	35.438213592233
2	4	5	3	132.3	-3	40.8981145584725
3	6	7	8	10.5	-3	31.6940261865794
4	8	9	8	5	-3	42.6080277777778
5	10	11	7	824.9	-3	30.4647457627119
6	12	13	7	713.15	-3	19.2382183908046
7	14	15	8	42	-3	36.6535469107551
8	16	17	2	190.6	-3	22.011320754717
9	18	19	8	42	-3	46.1638110749186
10	20	21	5	9.6	-3	32.5877358490566
11	22	23	3	158.85	-3	11.7116666666667
12	24	25	4	194.5	-3	29.8636842105263
13	26	27	6	1075.95	-3	16.2693382352941
14	28	29	1	277.05	-3	32.0115073529412
15	30	31	5	7.85	-3	44.3058787878788
16	32	33	1	334.45	-3	24.6743902439024
17	34	35	5	7.15	-3	12.9125
18	36	37	5	3.65	-3	41.3280102040816
19	38	39	5	1.95	-3	54.7027027027027
20	40	41	1	163	-3	27.0031034482759
21	42	43	8	42	-3	39.3358333333333
22	0	0	0	0	-1	9.74000000000001
23	0	0	0	0	-1	13.6833333333333
24	44	45	1	412.75	-3	40.2763636363636
25	46	47	2	226.85	-3	15.54625
26	48	49	4	187.2	-3	16.9552727272727
27	50	51	5	11.65	-3	13.3673076923077
28	52	53	2	42.15	-3	27.2151396648045
29	54	55	1	423	-3	41.2432258064516
30	56	57	8	225	-3	39.4363888888889
31	58	59	2	176.05	-3	53.5322807017544
32	60	61	6	883	-3	9.226
33	62	63	3	47	-3	29.6577419354839
34	64	65	2	196	-3	11.7954545454545
35	0	0	0	0	-1	25.2
36	66	67	8	17.5	-3	27.3226829268293
37	68	69	4	174.45	-3	45.0326451612903
38	70	71	1	181.5	-3	44.28
39	72	73	4	161.4	-3	68.3825
40	74	75	6	907.5	-3	29.4161904761905
41	76	77	2	13	-3	20.66875
42	78	79	7	759.7	-3	36.6618181818182
43	0	0	0	0	-1	68.75
44	80	81	5	4.3	-3	29.3457142857143
45	82	83	7	662.5	-3	45.3773333333333
46	84	85	1	277.75	-3	17.0390909090909
47	0	0	0	0	-1	12.262
48	86	87	6	1075.35	-3	18.5138028169014
49	88	89	7	748.8	-3	14.1179487179487
50	90	91	2	21.1	-3	12.52125
51	0	0	0	0	-1	23.52
52	92	93	7	856.2	-3	23.8848076923077
53	94	95	7	811.85	-3	31.8332
54	96	97	5	3.35	-3	38.0414102564103
55	98	99	5	9.9	-3	57.8926666666667
56	100	101	2	55.85	-3	37.965376344086
57	102	103	1	424.5	-3	48.5566666666667
58	104	105	3	87.3	-3	52.0953846153846
59	0	0	0	0	-1	68.476
60	0	0	0	0	-1	13.52
61	0	0	0	0	-1	4.932
62	106	107	6	945.75	-3	31.299
63	108	109	4	167.5	-3	26.6736363636364
64	0	0	0	0	-1	16.11
65	110	111	2	218	-3	9.33
66	0	0	0	0	-1	22.694
67	112	113	1	251.75	-3	31.7309523809524
68	114	115	3	123	-3	52.4001612903226
69	116	117	7	723.8	-3	40.1209677419355
70	118	119	4	197.75	-3	30.56125
71	120	121	7	632	-3	46.2754545454545
72	122	123	2	111.75	-3	65.5436666666667
73	124	125	1	483	-3	73.1138888888889
74	126	127	4	224.5	-3	29.9252631578947
75	0	0	0	0	-1	24.58
76	0	0	0	0	-1	17.535
77	0	0	0	0	-1	23.8025
78	128	129	6	867.9	-3	33.32
79	130	131	7	785.45	-3	39.4466666666667
80	0	0	0	0	-1	21.86
81	0	0	0	0	-1	32.34
82	0	0	0	0	-1	43.048
83	0	0	0	0	-1	46.542
84	0	0	0	0	-1	16.945
85	132	133	8	5	-3	17.0928571428571
86	134	135	2	129.85	-3	18.1208823529412
87	0	0	0	0	-1	27.42
88	0	0	0	0	-1	4.83
89	136	137	6	962.3	-3	14.3623684210526
90	138	139	3	62.05	-3	13.247619047619
91	0	0	0	0	-1	7.43666666666666
92	140	141	4	156.4	-3	21.660375
93	142	143	4	151.55	-3	31.2995833333333
94	144	145	5	9.35	-3	32.5685714285714
95	0	0	0	0	-1	21.538
96	146	147	6	1064.5	-3	30.4752631578947
97	148	149	4	163.3	-3	45.22925
98	150	151	5	1.25	-3	64.2125
99	152	153	5	10.95	-3	50.67
100	154	155	6	1107.5	-3	36.8608641975309
101	156	157	5	1.8	-3	45.4208333333333
102	158	159	7	840.75	-3	39.3866666666667
103	0	0	0	0	-1	62.3116666666667
104	160	161	2	124.5	-3	60.2383333333333
105	162	163	7	780.65	-3	51.0332608695652
106	164	165	5	9.8	-3	30.7831578947368
107	0	0	0	0	-1	41.1
108	0	0	0	0	-1	24.3271428571429
109	0	0	0	0	-1	30.78
110	0	0	0	0	-1	6.88
111	0	0	0	0	-1	10.31
112	166	167	4	197	-3	26.1733333333333
113	168	169	4	205	-3	35.8991666666667
114	170	171	1	277.4	-3	53.0254385964912
115	0	0	0	0	-1	45.272
116	172	173	1	280.05	-3	46.4724137931034
117	174	175	1	306.45	-3	37.24296875
118	0	0	0	0	-1	30.7514285714286
119	0	0	0	0	-1	29.23
120	176	177	8	317.5	-3	41.2181818181818
121	178	179	7	814.1	-3	49.6469696969697
122	180	181	2	94.25	-3	62.057619047619
123	182	183	2	200.75	-3	73.6777777777778
124	184	185	6	837.05	-3	74.804375
125	0	0	0	0	-1	59.59
126	186	187	5	6.25	-3	30.2355555555556
127	0	0	0	0	-1	24.34
128	188	189	7	659	-3	36.03875
129	0	0	0	0	-1	22.445
130	0	0	0	0	-1	40.87
131	190	191	7	796.75	-3	38.9722222222222
132	192	193	2	101.75	-3	15.6266666666667
133	0	0	0	0	-1	25.89
134	194	195	5	4.9	-3	18.8134482758621
135	196	197	7	775.15	-3	14.104
136	198	199	5	5.4	-3	9.59833333333333
137	200	201	2	132.7	-3	15.255625
138	202	203	7	779	-3	12.9370588235294
139	0	0	0	0	-1	14.5675
140	204	205	8	21	-3	34.6233333333333
141	206	207	1	165.55	-3	20.6093243243243
142	208	209	4	146.2	-3	37.915
143	210	211	6	977.9	-3	29.0944444444444
144	212	213	4	180.8	-3	31.3830769230769
145	214	215	5	9.65	-3	35.9933333333333
146	216	217	8	21	-3	33.4981481481481
147	218	219	1	298	-3	23.0554545454545
148	220	221	6	1002.3	-3	51.8175
149	222	223	7	670.35	-3	38.641
150	0	0	0	0	-1	51.925
151	224	225	1	487.5	-3	68.3083333333333
152	0	0	0	0	-1	53.39
153	0	0	0	0	-1	49.582
154	226	227	7	860.1	-3	35.5742307692308
155	0	0	0	0	-1	70.3133333333333
156	228	229	2	277.75	-3	42.2742857142857
157	0	0	0	0	-1	49.826
158	230	231	6	978.2	-3	41.57
159	0	0	0	0	-1	31.745
160	0	0	0	0	-1	62.5075
161	0	0	0	0	-1	55.7
162	232	233	5	10.95	-3	54.65
163	234	235	5	11.55	-3	49.1043333333333
164	236	237	2	59.4	-3	26.2257142857143
165	238	239	6	868.5	-3	33.4416666666667
166	0	0	0	0	-1	21.924
167	0	0	0	0	-1	31.485
168	0	0	0	0	-1	41.735
169	240	241	1	318.25	-3	34.732
170	0	0	0	0	-1	73.45
171	242	243	8	17.5	-3	51.8907407407408
172	244	245	7	657	-3	29.6977777777778
173	246	247	4	184.4	-3	54.021
174	248	249	2	48.5	-3	33.2043181818182
175	250	251	2	70.4	-3	46.128
176	252	253	8	135	-3	40.746875
177	0	0	0	0	-1	42.475
178	254	255	1	315	-3	51.0772413793103
179	0	0	0	0	-1	39.2775
180	256	257	7	869.35	-3	58.081
181	258	259	7	869.6	-3	65.6727272727273
182	0	0	0	0	-1	78.94
183	0	0	0	0	-1	67.1
184	0	0	0	0	-1	65.7
185	260	261	4	169.9	-3	75.4113333333333
186	0	0	0	0	-1	33.305
187	262	263	7	701.5	-3	29.851875
188	0	0	0	0	-1	39.84
189	0	0	0	0	-1	33.758
190	0	0	0	0	-1	38.63
191	264	265	8	17.5	-3	39.015
192	0	0	0	0	-1	17.1133333333333
193	0	0	0	0	-1	14.14
194	266	267	8	5	-3	20.9240909090909
195	268	269	6	980.85	-3	17.5236111111111
196	270	271	3	64.3	-3	12.96
197	0	0	0	0	-1	24.4
198	0	0	0	0	-1	8.754
199	0	0	0	0	-1	13.82
200	272	273	7	867.5	-3	15.0867857142857
201	0	0	0	0	-1	16.4375
202	274	275	1	295.9	-3	14.6766666666667
203	276	277	4	185.35	-3	11.9881818181818
204	0	0	0	0	-1	31.86
205	0	0	0	0	-1	40.15
206	278	279	5	11.35	-3	14.76
207	280	281	6	1095	-3	23.2472549019608
208	0	0	0	0	-1	33.65
209	0	0	0	0	-1	46.445
210	0	0	0	0	-1	22.7333333333333
211	282	283	1	183.55	-3	30.3666666666667
212	284	285	2	101.95	-3	36.9488888888889
213	286	287	6	1000	-3	30.2181395348837
214	0	0	0	0	-1	43.1333333333333
215	288	289	7	703.95	-3	34.5653333333333
216	0	0	0	0	-1	26.77
217	290	291	1	362.5	-3	34.0364
218	292	293	4	185.85	-3	22.676
219	0	0	0	0	-1	26.85
220	294	295	8	21	-3	46.0941666666667
221	296	297	6	1017.8	-3	60.4025
222	0	0	0	0	-1	51.465
223	298	299	6	952	-3	37.2161111111111
224	0	0	0	0	-1	58.52
225	0	0	0	0	-1	70.266
226	300	301	3	47.05	-3	37.1642857142857
227	302	303	6	967.55	-3	28.896
228	0	0	0	0	-1	38.44
229	0	0	0	0	-1	51.86
230	0	0	0	0	-1	40.065
231	0	0	0	0	-1	43.5766666666667
232	304	305	5	10.05	-3	54.1823076923077
233	0	0	0	0	-1	56.6766666666667
234	306	307	6	1069.05	-3	43.1182352941176
235	308	309	5	12.2	-3	56.9323076923077
236	0	0	0	0	-1	24.395
237	0	0	0	0	-1	28.6666666666667
238	310	311	1	406.8	-3	30.9
239	312	313	7	731.85	-3	35.9833333333333
240	0	0	0	0	-1	46.83
241	314	315	1	431.75	-3	31.7075
242	316	317	7	842.75	-3	47.6942857142857
243	318	319	3	47	-3	56.41
244	0	0	0	0	-1	35.23
245	320	321	1	195.45	-3	28.1171428571429
246	0	0	0	0	-1	47.658
247	322	323	6	894.65	-3	56.142
248	324	325	4	210.6	-3	28.973
249	326	327	1	263.25	-3	34.4488235294118
250	328	329	7	796.5	-3	35.7028571428571
251	330	331	7	813.15	-3	51.7415384615385
252	0	0	0	0	-1	40.4966666666667
253	332	333	2	118.75	-3	40.8046153846154
254	334	335	2	152	-3	50.0466666666667
255	336	337	6	938	-3	52.1814285714286
256	0	0	0	0	-1	55.5275
257	338	339	2	46.9	-3	59.7833333333333
258	0	0	0	0	-1	69.3
259	340	341	1	406.8	-3	63.6
260	342	343	8	73.5	-3	78.05
261	344	345	1	330.8	-3	72.3957142857143
262	346	347	6	851	-3	29.43625
263	348	349	4	196	-3	30.2675
264	0	0	0	0	-1	32.19
265	0	0	0	0	-1	59.49
266	350	351	2	6.8	-3	15.17
267	352	353	6	1058.4	-3	23.6093333333333
268	354	355	7	853.1	-3	22.0066666666667
269	356	357	1	262.1	-3	16.627
270	358	359	6	1019.5	-3	12.7125
271	0	0	0	0	-1	14.94
272	360	361	8	5	-3	15.4059259259259
273	0	0	0	0	-1	6.47
274	0	0	0	0	-1	14.772
275	0	0	0	0	-1	14.2
276	0	0	0	0	-1	13.514
277	0	0	0	0	-1	10.7166666666667
278	362	363	5	7	-3	13.3609090909091
279	364	365	4	162.35	-3	16.0425
280	366	367	7	849.6	-3	24.781
281	0	0	0	0	-1	17.67
282	0	0	0	0	-1	31.72
283	368	369	6	1005.1	-3	29.8745454545455
284	0	0	0	0	-1	33.8175
285	0	0	0	0	-1	39.454
286	370	371	1	205.35	-3	32.9939130434783
287	372	373	1	193.1	-3	27.026
288	0	0	0	0	-1	38.24
289	374	375	4	149.55	-3	32.728
290	376	377	4	200	-3	31.890625
291	378	379	7	760.5	-3	37.8511111111111
292	0	0	0	0	-1	23.544
293	0	0	0	0	-1	21.808
294	0	0	0	0	-1	41.89
295	380	381	6	986.8	-3	46.935
296	0	0	0	0	-1	67.7
297	0	0	0	0	-1	56.024
298	0	0	0	0	-1	52.425
299	382	383	1	301.45	-3	35.315
300	384	385	1	304.5	-3	34.3936
301	386	387	5	6.4	-3	38.9871052631579
302	0	0	0	0	-1	36.9566666666667
303	388	389	4	179.3	-3	26.8808333333333
304	390	391	2	84.4	-3	54.8108333333333
305	0	0	0	0	-1	46.64
306	392	393	6	958.15	-3	47.0863636363636
307	394	395	3	124.65	-3	35.8433333333333
308	396	397	6	1030.35	-3	60.7933333333333
309	398	399	5	13.5	-3	53.6228571428571
310	0	0	0	0	-1	28.4
311	0	0	0	0	-1	33.4
312	0	0	0	0	-1	39.3
313	0	0	0	0	-1	35.32
314	400	401	1	356.25	-3	34.3266666666667
315	0	0	0	0	-1	23.85
316	402	403	6	889.1	-3	49.7229411764706
317	404	405	2	159.4	-3	44.5590909090909
318	406	407	4	166.4	-3	58.7721052631579
319	408	409	5	18.2	-3	49.9985714285714
320	0	0	0	0	-1	16.5
321	410	411	4	228.3	-3	30.0533333333333
322	412	413	2	157.1	-3	57.0558333333333
323	0	0	0	0	-1	52.4866666666667
324	0	0	0	0	-1	34.106
325	0	0	0	0	-1	23.84
326	414	415	5	10.85	-3	31.7132
327	416	417	2	114	-3	42.0477777777778
328	0	0	0	0	-1	39.095
329	0	0	0	0	-1	31.18
330	418	419	7	756.4	-3	54.639
331	0	0	0	0	-1	42.0833333333333
332	0	0	0	0	-1	42.1675
333	0	0	0	0	-1	38.624
334	0	0	0	0	-1	50.805
335	420	421	8	317.5	-3	49.7709090909091
336	422	423	4	210	-3	53.0954545454545
337	0	0	0	0	-1	48.83
338	0	0	0	0	-1	59
339	0	0	0	0	-1	61.35
340	0	0	0	0	-1	57.6
341	0	0	0	0	-1	64.6
342	0	0	0	0	-1	77.3
343	0	0	0	0	-1	79.3
344	0	0	0	0	-1	80.2
345	424	425	5	9.2	-3	71.095
346	0	0	0	0	-1	30.88
347	426	427	7	656.25	-3	29.23
348	428	429	2	170.1	-3	29.87
349	0	0	0	0	-1	33.05
350	0	0	0	0	-1	12.834
351	0	0	0	0	-1	21.01
352	430	431	4	186.5	-3	25.5127272727273
353	0	0	0	0	-1	18.375
354	0	0	0	0	-1	19.93
355	0	0	0	0	-1	23.045
356	432	433	2	46.1	-3	15.6537037037037
357	0	0	0	0	-1	25.3866666666667
358	0	0	0	0	-1	19.77
359	434	435	7	729.3	-3	10.36
360	436	437	6	990.95	-3	14.308
361	438	439	6	1051.5	-3	16.7783333333333
362	0	0	0	0	-1	15.34
363	440	441	1	148.4	-3	12.9211111111111
364	0	0	0	0	-1	17.955
365	442	443	6	1048.5	-3	15.08625
366	444	445	8	21	-3	25.5877419354839
367	446	447	6	957.5	-3	22.0022222222222
368	448	449	1	203.65	-3	30.2211111111111
369	0	0	0	0	-1	28.315
370	450	451	2	125.5	-3	27.956
371	452	453	5	2.95	-3	36.8692307692308
372	454	455	5	7.65	-3	23.4245454545455
373	456	457	6	1110.6	-3	31.4277777777778
374	0	0	0	0	-1	35.96
375	458	459	3	58	-3	31.3428571428571
376	460	461	2	202.1	-3	32.5407142857143
377	0	0	0	0	-1	27.34
378	462	463	4	186.5	-3	38.66375
379	0	0	0	0	-1	31.35
380	464	465	6	970.45	-3	48.545
381	0	0	0	0	-1	44.52
382	466	467	6	962.55	-3	38.1425
383	468	469	7	776.2	-3	32.4875
384	470	471	8	135	-3	29.7966666666667
385	472	473	7	803	-3	35.8452631578947
386	474	475	7	757.65	-3	37.1652380952381
387	476	477	7	778.15	-3	41.2376470588235
388	0	0	0	0	-1	36.95
389	478	479	1	245	-3	24.867
390	480	481	6	1038.2	-3	55.6225
391	0	0	0	0	-1	53.1875
392	0	0	0	0	-1	49.8266666666667
393	482	483	6	1005.8	-3	46.05875
394	0	0	0	0	-1	37.27
395	0	0	0	0	-1	35.558
396	0	0	0	0	-1	55.64
397	0	0	0	0	-1	63.37
398	0	0	0	0	-1	47.2666666666667
399	0	0	0	0	-1	58.39
400	0	0	0	0	-1	33.02
401	0	0	0	0	-1	36.94
402	0	0	0	0	-1	54.9
403	484	485	4	148.65	-3	48.13
404	486	487	7	848.55	-3	45.675
405	0	0	0	0	-1	33.4
406	488	489	7	778.9	-3	61.5136363636364
407	490	491	4	169	-3	55.0025
408	492	493	3	97	-3	51.9616666666667
409	0	0	0	0	-1	38.22
410	0	0	0	0	-1	37.17
411	0	0	0	0	-1	28.63
412	494	495	3	115	-3	55.1744444444444
413	0	0	0	0	-1	62.7
414	496	497	5	8.7	-3	29.9605882352941
415	498	499	6	852.9	-3	35.4375
416	0	0	0	0	-1	40.692
417	0	0	0	0	-1	43.7425
418	0	0	0	0	-1	35.1
419	500	501	7	758.25	-3	56.81
420	502	503	6	930.9	-3	48.9
421	0	0	0	0	-1	53.69
422	0	0	0	0	-1	54.28
423	0	0	0	0	-1	52.977
424	0	0	0	0	-1	74.19
425	0	0	0	0	-1	69.5475
426	0	0	0	0	-1	29.41
427	0	0	0	0	-1	28.99
428	0	0	0	0	-1	29.87
429	0	0	0	0	-1	29.87
430	504	505	4	185.85	-3	25.05
431	0	0	0	0	-1	30.14
432	506	507	3	170.6	-3	13.6158823529412
433	508	509	6	1006.7	-3	19.118
434	0	0	0	0	-1	10.73
435	0	0	0	0	-1	9.62
436	0	0	0	0	-1	11.73
437	510	511	6	1051.5	-3	14.9525
438	512	513	1	335	-3	17.4845454545455
439	0	0	0	0	-1	9.01
440	514	515	5	10.55	-3	13.245
441	0	0	0	0	-1	12.2733333333333
442	0	0	0	0	-1	16.062
443	0	0	0	0	-1	13.46
444	516	517	1	201.35	-3	23.095
445	518	519	7	755.95	-3	27.6405882352941
446	520	521	8	21	-3	22.3733333333333
447	0	0	0	0	-1	21.26
448	0	0	0	0	-1	30.775
449	522	523	7	896.4	-3	30.0628571428571
450	0	0	0	0	-1	22.715
451	524	525	6	963.2	-3	29.26625
452	526	527	1	211.35	-3	36.4272727272727
453	0	0	0	0	-1	39.3
454	528	529	7	729.3	-3	24.5666666666667
455	0	0	0	0	-1	18.285
456	530	531	5	6.8	-3	29.2
457	0	0	0	0	-1	49.25
458	0	0	0	0	-1	32.7625
459	0	0	0	0	-1	29.45
460	532	533	4	189	-3	32.0669230769231
461	0	0	0	0	-1	38.7
462	534	535	1	389.75	-3	37.9442857142857
463	0	0	0	0	-1	43.7
464	0	0	0	0	-1	48.598
465	0	0	0	0	-1	48.28
466	0	0	0	0	-1	35.7075
467	0	0	0	0	-1	40.5775
468	536	537	4	193.1	-3	34.95
469	0	0	0	0	-1	25.1
470	0	0	0	0	-1	30.32
471	0	0	0	0	-1	29.535
472	538	539	1	330.5	-3	33.825
473	540	541	1	308.5	-3	36.7776923076923
474	542	543	5	5.95	-3	39.1971428571429
475	544	545	4	193.65	-3	36.1492857142857
476	0	0	0	0	-1	39.245
477	546	547	8	78	-3	43.0088888888889
478	0	0	0	0	-1	22.38
479	0	0	0	0	-1	27.354
480	548	549	8	78	-3	55.1957142857143
481	0	0	0	0	-1	58.61
482	0	0	0	0	-1	47.2633333333333
483	0	0	0	0	-1	45.336
484	0	0	0	0	-1	59.09
485	550	551	5	10.85	-3	47.2166666666667
486	0	0	0	0	-1	40.3125
487	552	553	1	413.4	-3	49.25
488	0	0	0	0	-1	71.3
489	554	555	6	826.55	-3	55.9214285714286
490	0	0	0	0	-1	45.3
491	0	0	0	0	-1	60.824
492	0	0	0	0	-1	50.24
493	0	0	0	0	-1	52.8225
494	0	0	0	0	-1	53.52
495	0	0	0	0	-1	56.498
496	556	557	1	202.55	-3	30.4626666666667
497	0	0	0	0	-1	26.195
498	0	0	0	0	-1	32.96
499	0	0	0	0	-1	37.915
500	0	0	0	0	-1	65.91
501	558	559	6	893.3	-3	55.6725
502	0	0	0	0	-1	50.73
503	560	561	7	693.9	-3	47.985
504	562	563	7	736.65	-3	24.5066666666667
505	0	0	0	0	-1	25.865
506	564	565	1	174.7	-3	12.9228571428571
507	0	0	0	0	-1	16.85
508	566	567	7	770.05	-3	20.64
509	0	0	0	0	-1	16.835
510	568	569	4	204.9	-3	14.6466666666667
511	0	0	0	0	-1	15.87
512	570	571	1	320.5	-3	16
513	0	0	0	0	-1	19.266
514	0	0	0	0	-1	13.29
515	0	0	0	0	-1	13.2
516	572	573	1	173.75	-3	21.89
517	574	575	1	215.45	-3	23.99875
518	0	0	0	0	-1	33.27
519	576	577	1	230.9	-3	27.28875
520	0	0	0	0	-1	22.14
521	0	0	0	0	-1	22.84
522	0	0	0	0	-1	29.765
523	0	0	0	0	-1	30.182
524	0	0	0	0	-1	26.82
525	0	0	0	0	-1	30.734
526	0	0	0	0	-1	37.81
527	578	579	1	220	-3	35.6371428571429
528	0	0	0	0	-1	26.624
529	0	0	0	0	-1	21.995
530	580	581	1	246.85	-3	26.25
531	0	0	0	0	-1	38.05
532	0	0	0	0	-1	33.012
533	582	583	4	194.5	-3	31.47625
534	0	0	0	0	-1	37.6225
535	0	0	0	0	-1	38.3733333333333
536	0	0	0	0	-1	37.365
537	0	0	0	0	-1	30.12
538	0	0	0	0	-1	29.59
539	0	0	0	0	-1	34.672
540	0	0	0	0	-1	33.9666666666667
541	584	585	1	340	-3	37.621
542	0	0	0	0	-1	40.15
543	0	0	0	0	-1	38.4825
544	586	587	7	856.8	-3	36.8588888888889
545	0	0	0	0	-1	34.872
546	0	0	0	0	-1	40.6775
547	0	0	0	0	-1	44.874
548	0	0	0	0	-1	53.1266666666667
549	0	0	0	0	-1	56.7475
550	0	0	0	0	-1	46.2
551	588	589	4	158.15	-3	47.5555555555556
552	0	0	0	0	-1	54.1
553	0	0	0	0	-1	48.28
554	0	0	0	0	-1	41.37
555	590	591	2	101.7	-3	58.3466666666667
556	592	593	4	195.85	-3	25.9166666666667
557	594	595	2	99.75	-3	33.4933333333333
558	596	597	1	403	-3	56.7466666666667
559	0	0	0	0	-1	52.45
560	0	0	0	0	-1	46.7125
561	0	0	0	0	-1	50.53
562	0	0	0	0	-1	25.45
563	0	0	0	0	-1	24.035
564	0	0	0	0	-1	7.75
565	598	599	1	222.2	-3	13.3207692307692
566	0	0	0	0	-1	19.42
567	0	0	0	0	-1	23.08
568	600	601	6	1037.7	-3	14.4425
569	0	0	0	0	-1	16.28
570	0	0	0	0	-1	15.74
571	0	0	0	0	-1	16.26
572	0	0	0	0	-1	25.48
573	0	0	0	0	-1	21.172
574	0	0	0	0	-1	31.35
575	602	603	5	6.55	-3	22.9485714285714
576	604	605	6	1082.2	-3	26.445
577	0	0	0	0	-1	33.195
578	0	0	0	0	-1	33
579	0	0	0	0	-1	36.692
580	0	0	0	0	-1	25.09
581	0	0	0	0	-1	32.05
582	606	607	6	1029.5	-3	31.3957142857143
583	0	0	0	0	-1	32.04
584	0	0	0	0	-1	37.24
585	0	0	0	0	-1	41.05
586	608	609	2	6.8	-3	36.32125
587	0	0	0	0	-1	41.16
588	0	0	0	0	-1	46.8
589	0	0	0	0	-1	47.65
590	0	0	0	0	-1	53.55
591	0	0	0	0	-1	60.745
592	0	0	0	0	-1	25.706
593	0	0	0	0	-1	26.97
594	610	611	6	877.25	-3	33.6
595	0	0	0	0	-1	33.28
596	0	0	0	0	-1	56.976
597	0	0	0	0	-1	55.6
598	612	613	4	162.5	-3	12.693
599	0	0	0	0	-1	15.4133333333333
600	614	615	4	193.6	-3	14.24
601	0	0	0	0	-1	15.05
602	0	0	0	0	-1	20.8025
603	0	0	0	0	-1	25.81
604	616	617	3	165.15	-3	25.253
605	0	0	0	0	-1	29.425
606	0	0	0	0	-1	29.0366666666667
607	0	0	0	0	-1	33.165
608	0	0	0	0	-1	35.42
609	0	0	0	0	-1	37.2225
610	0	0	0	0	-1	33.4
611	0	0	0	0	-1	33.8
612	0	0	0	0	-1	13.33
613	618	619	3	144.3	-3	12.53375
614	0	0	0	0	-1	14.416
615	0	0	0	0	-1	13.36
616	620	621	5	4.55	-3	24.1742857142857
617	0	0	0	0	-1	27.77
618	622	623	3	111.05	-3	12.3785714285714
619	0	0	0	0	-1	13.62
620	0	0	0	0	-1	21.54
621	624	625	1	210	-3	24.6133333333333
622	0	0	0	0	-1	12.342
623	0	0	0	0	-1	12.47
624	0	0	0	0	-1	24.85
625	0	0	0	0	-1	24.495
